-156.621689 692.365234 3399.531250
-146.505661 485.085999 3387.067627
16.766438 491.931519 3405.290771
70.460876 225.735840 3430.116455
64.290054 -67.765106 3358.222900
-309.777740 478.240479 3368.844482
-348.413055 222.647385 3381.880127
-298.483765 -51.581711 3306.812500
-136.966980 271.918945 3381.680908
-29.609539 62.853149 3387.211914
-93.294540 -341.893799 3505.322021
-116.598572 -730.560425 3491.533691
-225.247055 54.650635 3365.376465
-214.928513 -358.098480 3473.190430
-165.186340 -748.496033 3541.895508
-155.429062 688.918457 3399.736572
-144.609802 483.093384 3387.141113
19.097042 490.426300 3399.367920
71.457489 232.481110 3429.794189
64.665161 -61.628998 3359.350586
-308.316650 475.760468 3374.914307
-340.595459 224.214676 3375.951416
-292.500366 -51.539566 3304.545654
-134.590408 269.974548 3380.805664
-26.435528 61.251495 3381.799561
-89.029495 -345.959900 3492.414307
-110.533783 -744.193787 3506.797607
-222.706497 52.459930 3367.140869
-202.389206 -358.518036 3479.957520
-189.941589 -757.159485 3538.434814
-151.586716 688.146240 3399.334961
-141.033325 482.494263 3387.891846
22.778141 489.881714 3399.450439
72.051544 231.472687 3429.259521
64.520462 -61.928162 3355.509521
-304.844788 475.106812 3376.333252
-334.377686 218.825714 3368.126709
-288.845123 -58.974091 3303.041260
-130.990723 269.367432 3381.781250
-22.845669 60.664749 3382.592773
-83.018234 -346.024414 3496.941895
-113.032150 -749.398315 3509.906738
-219.050568 51.816422 3368.748535
-207.839630 -359.958923 3479.997070
-175.795593 -759.745056 3544.903809
-150.814240 689.339172 3396.632324
-139.350250 483.436890 3387.482910
24.526915 491.588379 3397.887695
72.370209 231.523315 3429.706543
64.625443 -61.783844 3355.291748
-303.227417 475.285400 3377.078125
-331.392059 218.693542 3362.853760
-290.491516 -60.781555 3301.796875
-128.457764 270.319336 3382.888184
-19.403265 62.084518 3384.525879
-86.131020 -345.325928 3492.466797
-106.868355 -751.724670 3512.567383
-215.727295 52.319077 3372.061035
-200.987350 -359.717285 3482.292725
-187.710831 -762.998169 3542.152344
-149.023254 683.491699 3382.314697
-137.965179 475.984863 3381.596191
26.087934 483.815125 3388.711670
72.512520 233.205887 3430.155518
67.988441 -59.997818 3354.984619
-302.018311 468.154602 3374.480713
-333.148712 221.172241 3365.986572
-293.411896 -58.207916 3303.344971
-127.875290 262.882416 3383.474609
-19.494131 54.471390 3389.616211
-84.262306 -351.259338 3504.923096
-110.113510 -759.072266 3510.632324
-216.076675 45.088516 3381.089844
-209.992706 -369.393677 3482.072510
-187.125641 -770.659668 3556.852295
-145.788879 684.292297 3373.643311
-135.796310 475.575684 3379.102539
28.351498 482.662659 3385.236816
72.420593 225.918488 3425.800537
75.528839 -67.603210 3352.099365
-299.944122 468.488708 3372.968262
-332.491547 214.278870 3369.104980
-292.871063 -64.331848 3302.938721
-126.827896 262.498840 3385.284180
-19.533413 53.667175 3395.140381
-82.618248 -355.036926 3500.233887
-112.243820 -763.355713 3510.959473
-216.185547 45.176819 3387.791260
-209.940918 -371.381409 3479.980957
-178.248001 -766.867004 3578.585449
-142.005219 683.964111 3385.327393
-134.661102 476.537872 3384.383301
29.595211 482.562592 3388.151123
72.322258 223.624237 3423.576416
75.135994 -71.407715 3356.185547
-298.917419 470.513153 3380.615479
-329.642242 209.586853 3366.013916
-288.817596 -69.842041 3304.171631
-126.882690 263.330994 3386.202637
-20.697315 53.733582 3390.279297
-83.479019 -351.298431 3508.509277
-118.298851 -735.705078 3486.855469
-217.511230 46.514648 3385.764648
-206.961563 -371.452240 3471.083984
-173.263351 -765.122559 3578.858154
-140.176178 685.106201 3391.151855
-132.772339 477.261169 3387.088623
31.505903 482.796387 3386.605957
72.030655 222.276550 3419.734375
72.553009 -73.560822 3355.730469
-297.050598 471.726013 3387.571289
-333.125549 215.540771 3370.037598
-291.445251 -63.754913 3308.003418
-125.586922 263.987610 3386.891113
-19.961958 54.030869 3386.404541
-81.277817 -351.594177 3503.947998
-119.792389 -721.602051 3481.473145
-216.841034 47.397202 3386.982666
-202.763428 -371.833679 3465.436035
-164.466797 -761.309326 3586.813477
-138.598099 684.105713 3396.082764
-130.958832 476.423431 3389.751221
33.363338 481.738068 3389.302734
72.901367 224.489655 3419.796143
80.000191 -71.238190 3355.789307
-295.281006 471.108795 3390.199707
-327.549744 214.372437 3369.452148
-291.099762 -67.132080 3315.276855
-124.065887 263.128510 3387.706055
-18.751558 53.016815 3385.392334
-85.459061 -345.606995 3521.112549
-117.506989 -712.974243 3476.649170
-215.594330 46.650360 3385.929443
-198.438049 -372.160492 3466.357910
-179.699890 -769.590332 3559.311523
-135.920929 681.238831 3397.995361
-128.532425 472.925476 3390.872559
35.809380 478.176697 3391.111572
73.149292 225.860901 3417.706055
77.438675 -69.310913 3350.796143
-292.874237 467.674225 3390.633545
-326.782837 220.337646 3373.845703
-296.100433 -63.108093 3327.093750
-121.713890 259.606018 3389.270020
-16.450598 49.432205 3387.810547
-85.350250 -345.849243 3532.450195
-106.095306 -711.567078 3479.223633
-213.340134 43.140945 3387.524414
-197.020294 -376.144470 3465.858643
-183.606964 -772.980225 3565.786621
-134.016205 679.978638 3397.459961
-127.573410 471.797180 3391.320068
36.774067 476.931091 3392.584229
76.502548 227.357849 3418.871826
77.902496 -65.941162 3344.358887
-291.920868 466.663269 3390.055908
-320.196625 212.692719 3377.215576
-297.274872 -71.295807 3329.216309
-120.903595 258.460480 3390.590332
-15.779354 48.199326 3390.617920
-90.919937 -351.309509 3519.117920
-104.529320 -707.726440 3481.754150
-212.688217 42.048264 3389.103271
-199.969284 -376.768555 3470.555908
-184.434204 -775.539307 3564.177734
-134.537430 687.290955 3397.219238
-127.184464 478.124939 3392.283691
37.158142 483.374329 3391.596924
78.198341 228.606644 3423.246338
79.575188 -61.334061 3337.145020
-291.527069 472.875610 3392.970459
-319.747345 205.615692 3382.320801
-296.433838 -77.454315 3328.988037
-120.374382 264.788330 3391.281250
-15.106009 54.596603 3389.867432
-84.883270 -347.211853 3514.941650
-104.426422 -695.851807 3475.253174
-212.022583 48.306808 3390.690186
-196.577438 -371.601746 3465.618652
-208.847382 -764.451904 3577.967041
-132.140381 681.368896 3397.594482
-125.791550 472.517822 3393.683105
38.478806 477.128479 3389.287109
82.455551 234.944077 3418.412598
79.614853 -54.980240 3331.835938
-290.061920 467.907166 3398.079102
-319.462616 212.970367 3391.436279
-297.343628 -69.174805 3332.791748
-119.778091 259.164429 3394.624512
-15.332054 48.573776 3392.931885
-77.420227 -345.798035 3541.452393
-110.768417 -705.647034 3479.555908
-212.197205 43.048264 3398.199951
-198.987915 -374.437683 3485.294434
-189.526581 -773.965576 3566.593018
-131.297516 682.518921 3398.266357
-126.046295 473.888977 3394.917480
38.281948 478.166443 3391.704590
87.960526 225.540100 3419.984131
80.908157 -61.862854 3325.729736
-290.374542 469.611511 3398.130371
-317.080475 208.011536 3395.131836
-300.703735 -74.620453 3336.896729
-120.462677 260.521729 3396.436035
-16.445026 49.716736 3396.030029
-82.387085 -351.421783 3522.712891
-113.795303 -735.994812 3486.554199
-213.313080 44.592224 3399.879150
-200.406647 -374.116394 3481.338867
-202.171082 -776.664246 3553.000732
-132.204742 680.827576 3397.610840
-126.223061 472.060333 3395.190918
38.125099 476.533447 3394.548584
83.777130 228.810440 3416.705322
79.252747 -59.143906 3323.657227
-290.571198 467.587219 3395.833252
-319.584839 207.086700 3394.590576
-298.802277 -76.485321 3342.936523
-120.406372 258.707275 3397.705322
-16.127846 48.034088 3399.834961
-84.755997 -354.639252 3521.872070
-103.703308 -751.571594 3488.468506
-213.051529 42.674347 3400.604492
-191.662506 -376.572296 3477.178223
-216.450867 -778.573730 3548.537109
-128.398621 685.339478 3412.298340
-125.118698 476.941132 3401.688477
39.205402 480.317444 3398.097168
84.286438 232.572021 3423.855957
79.121025 -52.919342 3323.629883
-289.442810 473.564819 3405.279785
-320.281982 204.040588 3397.147461
-298.315552 -80.214508 3349.598389
-120.812370 263.651794 3398.210449
-18.054302 52.385315 3392.580811
-83.084091 -355.528107 3497.704590
-113.946777 -745.564026 3551.492188
-214.957794 48.339600 3396.884033
-200.814362 -372.462067 3466.065674
-194.466614 -772.082275 3549.955811
-128.377258 687.519470 3420.642578
-125.326630 479.962769 3406.951172
39.033951 482.943481 3403.634766
86.910645 231.088120 3426.286621
80.805740 -52.897232 3321.790039
-289.687195 476.982117 3410.267578
-327.583099 213.899231 3399.746826
-300.122406 -70.164062 3353.926514
-121.582268 266.692505 3400.842773
-19.544640 55.204788 3392.751221
-107.801170 -355.535400 3468.605957
-147.201035 -761.129761 3518.021484
-216.131180 51.639664 3396.717529
-214.740387 -365.930359 3482.409180
-170.408096 -734.046753 3520.644531
-126.928162 681.422852 3410.293945
-124.830170 472.893311 3402.908203
39.536167 475.096497 3398.897949
79.633301 227.329880 3425.290039
73.422043 -58.271378 3325.238281
-289.196472 470.690125 3406.918457
-334.667053 225.055588 3404.691650
-299.609436 -57.263260 3354.069824
-121.985123 259.563690 3402.317383
-20.758801 47.552795 3399.326172
-79.884613 -365.794678 3502.495850
-133.177856 -757.910889 3588.444092
-217.521347 44.915344 3404.126953
-217.951309 -371.806396 3495.178223
-154.837006 -721.393188 3507.791016
-125.605217 679.535522 3403.625000
-124.421906 470.540802 3400.983887
39.905426 472.116699 3395.414062
75.779816 216.404037 3424.537109
68.607590 -70.209183 3327.394043
-288.749237 468.964905 3406.553711
-336.510620 220.964706 3410.833008
-298.421906 -59.756302 3353.849609
-122.306122 257.177246 3403.039551
-21.788559 44.757355 3401.760010
-71.424911 -363.638245 3520.187988
-158.026535 -748.920288 3525.368164
-218.592117 42.870026 3408.430420
-215.495468 -375.125793 3494.016846
-140.804657 -701.384888 3500.006592
-126.297913 678.079651 3401.777832
-124.548157 469.007507 3401.792236
39.767620 470.258575 3395.629883
73.919373 212.787415 3426.788574
66.193169 -76.242249 3337.396973
-288.863953 467.756470 3407.954590
-338.236389 221.554718 3410.612305
-299.650269 -60.340729 3360.001953
-122.794052 255.628677 3405.247070
-22.629766 42.999084 3405.011230
-72.220634 -361.731659 3533.040283
-159.355896 -734.316223 3490.220459
-219.450119 41.500565 3412.392578
-213.961655 -377.789856 3491.575439
-134.637512 -741.579285 3504.501953
-128.739090 676.286743 3400.840088
-126.483795 467.486298 3401.875488
37.842529 468.905762 3395.910889
73.044403 210.032318 3427.681641
64.762520 -79.370819 3339.322998
-290.810120 466.066833 3407.840088
-338.726501 222.750107 3411.008789
-300.487488 -59.741135 3363.125244
-124.461227 254.124695 3406.822510
-24.008780 41.613342 3408.196777
-69.251595 -364.685638 3531.840332
-161.653168 -710.666809 3478.189941
-220.868546 39.912842 3415.342285
-203.606140 -381.389618 3478.451172
-159.214447 -764.020752 3527.432373
-129.533478 680.233398 3414.902832
-127.166672 473.357635 3408.678223
37.209015 474.812408 3404.625244
72.462990 208.196625 3426.409912
64.243141 -81.167084 3337.791748
-291.542358 471.902863 3412.731201
-338.488281 218.926697 3415.494629
-299.098785 -62.970032 3364.913086
-125.316994 260.028442 3407.125244
-24.993362 47.570770 3403.144287
-71.286850 -359.704010 3522.717041
-153.616180 -698.180176 3462.484619
-221.941269 45.827728 3408.000244
-201.531784 -375.373413 3472.610352
-155.386597 -768.609375 3525.025635
-128.662750 681.075928 3405.971191
-127.697166 473.181519 3406.507812
36.609127 473.666138 3400.344238
72.454193 212.303894 3429.038086
64.094879 -78.847198 3346.685547
-292.003479 472.696899 3412.671387
-341.035400 226.341187 3422.668945
-300.112000 -53.516266 3363.365234
-126.970978 259.843445 3409.093262
-27.808270 46.795731 3407.986084
-79.358109 -351.312439 3551.061279
-147.162155 -705.327026 3468.605713
-224.681320 46.215042 3415.371338
-206.618179 -375.308472 3479.494873
-146.753342 -770.113831 3544.346436
-127.810272 676.486328 3401.982666
-129.292862 468.494232 3404.790039
34.967258 466.761230 3397.811279
71.992584 210.412170 3429.712158
64.206223 -82.270233 3352.966553
-293.552979 470.227234 3411.768799
-340.987183 227.410843 3422.217529
-302.849792 -53.061111 3363.610107
-131.329483 255.191208 3409.823486
-34.958630 40.849960 3410.676025
-82.887444 -362.283203 3540.725342
-150.349396 -711.710327 3461.064209
-231.773590 42.926407 3419.037842
-202.851501 -378.982239 3475.266113
-186.624695 -780.574707 3523.309326
-128.539505 674.601990 3400.472168
-130.567520 466.201050 3404.603271
33.602146 463.199951 3396.058838
72.104881 205.770081 3429.532959
63.952290 -88.625061 3359.847412
-294.737152 469.202148 3413.147705
-339.564789 221.419373 3420.039551
-297.029083 -58.615234 3362.294434
-134.147736 252.914642 3410.729004
-39.378056 37.830338 3411.736084
-87.560806 -365.583008 3541.829834
-127.034554 -696.402954 3463.239258
-236.077850 41.426102 3421.973389
-195.460464 -380.574951 3468.466309
-203.946411 -779.379272 3543.892578
-130.054138 678.084961 3414.720703
-132.694885 469.952759 3411.416992
31.581789 467.194214 3405.260986
71.911827 202.266022 3431.543213
64.132790 -92.173187 3361.703369
-296.971558 472.711304 3417.572998
-333.975922 216.920975 3419.039307
-297.866058 -63.774033 3360.286865
-136.247360 256.621216 3412.213867
-41.381847 41.637039 3409.322754
-86.621552 -360.721985 3544.040771
-121.329567 -700.886963 3455.667969
-238.217819 44.942322 3416.698730
-193.884521 -376.954468 3462.489258
-208.914200 -779.009888 3530.871338
-127.402428 676.118530 3422.337158
-130.845062 469.507019 3413.793213
33.479656 466.079712 3409.364502
72.231499 207.056427 3436.784424
64.517334 -87.779999 3368.499023
-295.169769 472.934326 3418.221924
-338.190186 224.272293 3418.424561
-299.756348 -56.088394 3359.311279
-135.358398 256.185669 3411.417480
-41.430164 40.811127 3406.388672
-82.336426 -360.421082 3545.908691
-117.746460 -707.153870 3458.099609
-238.313293 44.917511 3411.694824
-198.256424 -376.706970 3463.885742
-193.402084 -779.083130 3535.906250
-129.158676 677.767822 3409.674805
-130.776825 469.238861 3410.614746
33.605431 466.845703 3408.304932
72.526031 205.438385 3440.227783
64.332756 -90.212006 3375.637939
-295.159058 471.632019 3412.924561
-340.261292 226.649826 3419.281982
-297.732880 -52.448654 3357.143066
-133.840179 255.936066 3413.610352
-38.421867 41.199524 3415.222168
-85.764221 -361.520721 3548.176758
-112.363937 -704.768127 3468.852295
-235.385208 44.067017 3417.989746
-196.679688 -377.374023 3473.228760
-180.949219 -781.324463 3538.147461
-131.387741 683.824341 3419.329102
-131.145187 476.348877 3415.637939
33.265072 475.429474 3413.747559
72.890320 207.031281 3443.932617
64.482071 -88.011597 3376.609375
-295.555481 477.268280 3417.528320
-340.086426 225.657303 3419.589600
-295.668976 -52.596207 3354.929443
-132.348267 262.997284 3414.773926
-35.060040 49.094910 3412.777344
-89.015396 -352.035187 3548.083984
-98.784264 -690.698608 3456.571289
-232.042648 50.196472 3415.042480
-194.822891 -372.509583 3460.141846
-177.215408 -773.028687 3543.695801
-131.234772 681.754944 3410.135010
-130.787842 473.263000 3412.835938
33.589890 472.335846 3409.055664
72.828575 215.241943 3445.934326
64.723442 -79.635803 3377.783203
-295.165558 474.190155 3416.616211
-342.210327 232.808014 3423.676270
-297.869843 -45.960541 3361.119873
-131.912811 259.930542 3416.244629
-34.561333 46.042633 3417.388672
-91.412262 -353.351685 3556.716309
-105.580750 -701.844116 3464.100586
-231.514221 47.153534 3421.917969
-198.704269 -376.045685 3466.427246
-180.213318 -772.949097 3566.191406
-130.147598 681.601440 3420.564209
-130.335709 473.406372 3416.786865
34.072422 472.391724 3414.357910
73.015701 211.968384 3446.936523
64.195885 -83.287079 3380.516602
-294.743805 474.421082 3419.215820
-335.977875 226.312561 3421.066406
-298.696075 -53.002625 3356.708496
-131.655060 260.032227 3416.624756
-34.482914 46.050186 3415.007568
-86.505493 -353.048340 3557.093506
-112.483353 -705.876709 3458.370117
-231.465912 47.265945 3417.917725
-199.154678 -376.625366 3455.725342
-193.406448 -771.908508 3563.662842
-129.833481 678.495605 3408.783691
-130.402390 470.267761 3412.718750
34.016773 468.905884 3410.768799
73.152893 211.720703 3448.631104
64.123917 -80.134155 3369.640869
-294.821533 471.629669 3414.668701
-339.284607 228.922287 3421.296143
-297.622406 -50.890457 3362.101318
-132.106934 256.991302 3417.955322
-35.314434 42.898987 3422.023682
-85.212868 -354.247772 3570.185303
-120.130692 -709.586365 3469.884521
-232.308517 44.530701 3424.360107
-200.966019 -378.436981 3471.578857
-186.412979 -777.260193 3564.468018
-129.087097 675.505188 3420.863037
-130.005371 468.757141 3417.031738
34.421230 467.112793 3416.213867
73.285530 209.090942 3446.201416
64.011879 -83.273682 3368.599365
-294.431976 470.401550 3417.849609
-334.075958 223.106781 3417.864502
-296.294281 -56.735229 3356.111328
-132.134766 255.414093 3417.889160
-35.758648 41.085907 3418.256592
-87.493927 -350.102264 3580.341553
-115.589424 -709.034180 3454.673828
-232.769669 43.056168 3419.236572
-201.014023 -379.651123 3469.087158
-177.669617 -781.745911 3543.578369
-130.569214 682.390503 3425.925293
-130.956299 475.554718 3419.870850
33.471889 473.808868 3420.135986
73.060532 206.373138 3443.746338
64.035278 -87.170532 3370.536865
-295.384491 477.300568 3419.605713
-337.349854 223.026245 3417.784424
-295.733459 -57.446930 3361.769775
-133.219696 262.178619 3418.474609
-36.976803 47.756592 3417.237061
-95.336624 -336.803833 3592.080566
-107.304718 -682.432983 3463.196533
-233.989380 49.848450 3416.919678
-201.785049 -372.357666 3470.781982
-161.780579 -773.601868 3543.294189
-131.193359 675.891235 3411.985840
-130.374634 468.348572 3413.303955
33.687504 468.118225 3421.250000
72.691437 213.427338 3445.250244
67.023392 -82.126129 3380.693848
-294.436768 468.578857 3405.357910
-341.215424 233.895248 3420.375488
-298.184418 -46.009872 3362.332764
-130.910553 255.080933 3418.186279
-33.049458 41.675171 3427.834229
-88.817261 -347.073181 3594.351074
-93.124512 -685.129761 3479.694580
-229.843491 41.951447 3418.302979
-199.186417 -379.374756 3479.249268
-153.181488 -780.018188 3553.460693
-132.236084 676.802979 3422.464355
-130.676071 470.249207 3417.867676
33.565483 470.884583 3423.088379
77.779678 206.355103 3443.226318
63.297798 -89.361084 3381.000488
-294.917633 469.613892 3412.646973
-340.580841 224.886230 3422.516846
-300.562042 -54.478119 3359.950439
-129.853729 256.920959 3417.956299
-30.679008 43.973160 3421.171387
-87.620056 -349.786560 3574.883789
-90.898499 -678.294434 3457.871094
-227.383759 43.212234 3414.918457
-194.982361 -378.345642 3473.579590
-175.854507 -782.060303 3537.916504
-136.725266 680.980774 3426.726562
-132.663162 473.713379 3420.790771
31.600863 475.967041 3426.468994
75.516541 210.122742 3444.821289
63.929512 -84.699219 3377.634277
-296.927155 471.459717 3415.112549
-341.141632 224.586746 3424.920410
-300.872101 -54.076736 3359.329834
-129.688690 260.363068 3419.419922
-28.336847 48.362488 3421.449707
-88.230965 -340.852875 3585.382324
-86.348091 -674.923706 3466.040039
-225.091599 45.663025 3414.648438
-207.577896 -376.008514 3476.921875
-167.835587 -777.404358 3546.492432
-136.505005 676.129639 3428.355469
-133.432373 470.050812 3420.440430
30.898518 472.016632 3425.080566
74.040398 214.976868 3446.744629
64.561134 -79.409515 3377.050293
-297.763245 468.084991 3415.800293
-341.691345 225.424820 3424.294189
-305.442688 -54.696213 3362.828369
-130.818741 256.664948 3418.278809
-29.774937 44.456573 3418.896484
-98.639481 -346.624115 3574.662842
-87.779854 -684.553833 3462.312744
-226.635284 42.101608 3413.337891
-203.025238 -380.463745 3467.116211
-187.190613 -781.943115 3544.278076
-135.749329 669.848999 3413.156006
-133.252106 463.783539 3414.805176
31.045593 465.303833 3420.947021
73.565765 211.663101 3449.538574
64.430862 -82.683029 3379.402588
-297.549805 462.263245 3408.663330
-346.694672 217.968307 3433.616455
-303.202393 -57.407822 3358.730713
-131.484131 250.566101 3420.287842
-31.294365 38.259399 3429.449707
-99.936020 -357.248077 3573.707031
-88.697685 -689.525391 3473.957031
-228.137939 36.437927 3422.091309
-201.419037 -385.552216 3479.682617
-195.807663 -789.589355 3546.372070
-139.567596 673.498413 3422.564209
-135.174911 467.243347 3418.645752
29.117197 469.807159 3424.853760
72.678062 201.975220 3445.400146
64.307076 -93.076141 3378.142822
-299.467041 464.679504 3412.437744
-349.474365 211.604202 3443.559814
-304.295013 -61.135971 3360.126709
-131.885620 253.948593 3419.682861
-30.176996 42.189728 3424.438965
-90.883316 -358.085754 3558.627441
-91.434998 -675.749817 3460.197021
-227.015656 39.117981 3417.000977
-204.613770 -382.072021 3481.837891
-176.085846 -787.356689 3503.079590
-144.549652 674.883057 3428.264404
-138.595688 469.221100 3421.355225
25.715252 472.932770 3426.363525
72.832779 208.450867 3443.335205
64.223343 -86.651337 3376.237061
-302.906647 465.509399 3416.346924
-353.597107 215.038544 3443.053467
-306.057068 -59.410889 3366.482178
-133.732925 255.913696 3419.900879
-30.433521 44.829926 3421.447021
-94.844543 -352.943237 3561.636963
-89.033165 -643.697510 3470.596436
-227.306793 40.382675 3415.446045
-200.858276 -379.712219 3485.811523
-191.113388 -786.295532 3519.079346
-150.135773 677.289673 3429.126953
-142.603134 470.935089 3422.258057
21.596258 476.088562 3429.071289
73.223297 215.875122 3449.269287
66.377724 -78.848297 3380.329834
-306.802490 465.781616 3415.444824
-355.070953 215.182434 3441.024658
-313.828247 -61.527527 3368.947998
-135.831207 257.649170 3420.380859
-30.598646 47.453491 3422.589111
-125.189545 -354.866058 3529.557373
-100.470505 -747.638245 3412.852783
-227.519913 41.273026 3414.418213
-203.794952 -378.498413 3487.919189
-180.611359 -745.388123 3503.791260
-151.513702 681.846069 3428.541260
-145.070511 474.917175 3422.594727
19.163544 480.144226 3428.747803
73.147675 218.466797 3447.743164
55.902794 -78.532898 3394.942383
-309.304565 469.690063 3416.441650
-356.585907 214.997787 3447.021973
-326.045898 -62.000839 3371.198730
-138.215012 261.607117 3420.819336
-33.880928 51.399521 3422.696045
-136.109711 -356.788940 3494.683105
-98.202393 -751.130920 3387.172852
-228.838104 45.194626 3415.391846
-208.746445 -372.413879 3500.579834
-162.099731 -714.225647 3497.361816
-154.320435 673.801086 3413.296143
-147.360626 466.640259 3417.673584
16.509224 471.993195 3429.099121
73.305420 222.357834 3450.727783
37.608978 -73.913071 3405.637207
-311.230469 461.287323 3406.248047
-357.165009 217.850586 3444.734863
-330.841064 -57.203094 3360.627930
-140.816040 253.525146 3423.653809
-36.857849 43.592133 3436.426025
-133.200516 -369.971161 3480.405273
-85.811844 -766.101074 3383.780273
-231.685059 37.227936 3422.842041
-201.744492 -379.397461 3509.902588
-150.775360 -712.012817 3496.717529
-159.304245 674.690430 3421.120361
-151.807205 467.906433 3421.062256
12.231311 473.608948 3430.005615
67.067703 211.331390 3439.023438
25.130409 -85.927216 3406.448242
-315.845703 462.203918 3412.118896
-358.745056 209.512711 3446.106201
-326.865356 -67.428360 3370.637207
-144.548431 254.696793 3423.869629
-40.373127 44.856277 3431.960938
-124.794708 -372.912231 3456.314941
-71.250633 -770.873474 3371.104004
-234.206192 38.118011 3421.393066
-211.645920 -381.903229 3491.087402
-146.560379 -696.560913 3480.726562
-163.370056 672.859619 3427.039551
-156.471146 466.300476 3422.704590
7.423215 471.443481 3434.375244
57.344406 207.747223 3435.167725
11.818794 -90.041321 3410.689209
-320.365509 461.157410 3411.033936
-362.025238 210.583298 3443.871826
-329.271698 -66.674240 3369.276123
-149.767746 253.024292 3422.552979
-47.718464 42.740097 3429.190674
-118.703430 -378.062378 3440.897949
-61.780418 -777.783569 3366.845947
-238.410217 36.756149 3415.612061
-220.494537 -383.846252 3484.660400
-143.721466 -697.040649 3472.857422
-169.280838 674.673889 3431.525146
-161.074417 467.353638 3424.973877
2.876760 472.438110 3436.251465
49.758636 202.036957 3432.744141
4.256432 -95.965668 3407.533691
-325.025574 462.269165 3413.696289
-363.804077 207.901779 3444.362061
-335.999969 -68.058792 3363.330078
-154.329865 254.057892 3423.086182
-51.489803 43.742264 3427.808594
-109.764206 -379.150330 3431.884033
-51.656288 -780.492920 3368.255371
-243.680832 37.782013 3414.588379
-208.840500 -381.852112 3481.861328
-143.391525 -692.758789 3479.452637
-176.391098 676.299988 3436.247070
-166.529831 469.147583 3427.906006
-2.540025 475.375916 3438.093506
54.807846 201.724640 3444.755615
-0.520012 -91.863464 3401.295166
-330.519653 462.919312 3417.718506
-364.735657 207.131332 3447.406982
-340.801086 -70.598160 3371.214600
-158.226654 255.912811 3424.612549
-52.645622 46.372604 3427.362305
-99.824791 -377.920654 3427.129395
-42.185349 -780.712891 3372.934326
-247.201340 38.983429 3415.275879
-211.361954 -380.397064 3485.058838
-144.873657 -683.167480 3472.446045
-177.353455 674.882263 3433.106689
-168.620987 466.998779 3428.185791
-4.775608 472.851746 3440.602539
58.253136 211.271698 3465.891846
-1.602299 -75.432556 3396.125488
-332.466400 461.145782 3415.769043
-364.415863 205.722351 3445.858887
-345.758820 -73.523285 3373.825195
-160.871094 253.715164 3426.458496
-56.257793 43.891785 3432.071777
-94.152512 -381.324219 3429.618164
-38.170174 -785.384521 3383.767822
-249.984604 36.971359 3417.390625
-206.283768 -380.143433 3495.560791
-152.038986 -682.694946 3461.482178
-180.872955 672.732483 3431.543213
-171.845688 464.921753 3428.573486
-7.852329 471.443329 3438.260986
54.736271 206.599304 3457.445068
-4.266701 -81.032043 3387.111084
-335.839081 458.400208 3418.885986
-364.825012 205.837631 3446.560791
-347.628265 -73.274734 3373.341064
-163.326141 251.654556 3427.921387
-57.243839 42.267151 3433.032471
-101.029915 -364.467743 3460.638916
-104.819008 -708.932495 3376.020996
-252.369339 34.507538 3421.506104
-208.008377 -383.112488 3497.316895
-166.693512 -684.770996 3458.873047
-185.277161 673.826660 3431.273193
-175.940811 465.298676 3431.086182
-12.290848 471.828461 3445.023193
45.322292 212.733978 3456.229004
15.022657 -78.788910 3387.887451
-339.590759 458.768890 3417.149170
-364.641296 201.870239 3444.993652
-348.414368 -77.571503 3372.647217
-167.481689 252.024963 3431.681152
-61.322495 42.649582 3440.596680
-103.964027 -370.016907 3417.984619
-107.537422 -684.270142 3307.608643
-256.722656 34.852921 3423.955566
-205.273788 -383.762329 3488.086914
-183.477280 -687.309387 3465.335205
-187.575623 670.834473 3432.584229
-179.086304 462.931458 3433.250244
-15.444994 468.909882 3447.921631
36.080101 213.179977 3460.334961
45.155167 -76.730637 3386.758789
-342.727631 456.953064 3418.578857
-376.126251 203.406067 3439.173096
-349.640869 -78.457153 3383.991699
-171.367218 249.626129 3434.072266
-65.807457 39.895264 3443.666260
-101.067780 -365.773590 3357.302490
-105.697136 -664.587036 3229.590576
-261.488800 32.746307 3426.122314
-202.390793 -385.358063 3487.390625
-192.313461 -688.425537 3474.117432
-189.898407 670.955750 3447.791016
-180.962967 463.948853 3440.859131
-17.771761 469.310852 3459.759277
30.484148 209.916809 3465.096680
56.463799 -80.495361 3392.237305
-344.154205 458.586914 3421.958984
-386.322052 207.612930 3439.300781
-351.272736 -75.117630 3393.798584
-173.422241 250.751617 3436.233154
-68.179749 40.764542 3442.922607
-97.308907 -351.455750 3301.947510
-97.531433 -622.060669 3137.540039
-263.583282 34.344193 3420.291748
-198.833313 -383.554443 3477.509766
-192.370117 -687.549133 3468.141846
-195.428589 673.971924 3472.877686
-185.764755 468.442871 3453.562256
-22.550106 473.558411 3472.655762
27.983204 208.792511 3470.623047
67.106155 -81.881622 3401.410156
-348.979401 463.327362 3434.468750
-394.974213 209.767319 3439.366211
-358.737946 -72.671829 3391.094238
-177.237244 256.106049 3437.556641
-70.993042 46.831863 3432.982422
-95.007179 -320.031677 3234.758301
-89.932182 -581.366699 3042.706299
-266.426422 40.706543 3410.119629
-195.465759 -376.474487 3465.437988
-193.082779 -685.246765 3468.802490
-195.243607 667.465637 3467.835693
-187.659103 460.755920 3451.160645
-23.903442 465.295776 3463.606934
31.280037 211.895248 3487.429688
73.052887 -78.257370 3414.695557
-351.414734 456.216064 3438.714355
-399.644196 212.321960 3439.640381
-366.893646 -70.107391 3388.136963
-180.611420 248.138474 3435.987305
-75.410561 38.242142 3428.274170
-94.586884 -304.010620 3186.729248
-86.015434 -548.304688 2972.612061
-271.716919 32.799881 3413.353760
-201.123001 -384.222900 3470.773682
-192.885406 -703.213196 3483.717529
-190.547134 659.106445 3468.939697
-182.243729 451.932617 3452.678223
-19.846329 456.441101 3475.397705
30.181946 213.783600 3499.876465
74.277214 -74.673309 3420.824951
-344.641113 447.424133 3429.958740
-401.056946 207.216431 3439.806396
-379.911774 -73.732361 3377.245605
-174.152039 239.299713 3437.034424
-68.632858 29.371613 3435.020752
-82.894547 -271.207092 3144.593018
-64.957733 -496.714691 2909.381592
-263.487854 23.962036 3407.760498
-191.093719 -393.983948 3454.459717
-174.666962 -705.500488 3483.614502
-194.764328 661.877625 3465.837891
-182.553650 453.351807 3455.526123
-20.503792 461.250519 3480.733887
30.527046 206.977386 3506.127930
73.446487 -83.070343 3431.677490
-344.603516 445.453094 3430.318359
-404.412048 196.023911 3443.005859
-385.418610 -80.478409 3363.468262
-170.229340 240.736969 3442.919922
-60.915329 32.849640 3445.401123
-81.686646 -204.918152 3105.960205
-53.551537 -423.430359 2841.680908
-254.894714 23.394623 3415.226318
-201.365601 -396.688751 3464.932861
-176.981155 -697.408081 3494.520508
-196.512421 668.905823 3480.415283
-182.357208 460.249420 3465.674561
-21.235571 469.678802 3496.027100
30.942129 216.105087 3525.890869
70.663284 -71.585281 3441.427490
-343.478851 450.820038 3435.322021
-406.042633 192.947052 3450.475830
-392.279999 -84.121735 3370.522949
-166.813843 248.129791 3449.062500
-54.769180 41.657745 3450.629639
-80.203514 -139.535919 3077.307373
-47.124744 -356.157715 2776.341309
-247.771759 30.362579 3414.271240
-205.583267 -392.514648 3444.203857
-176.475388 -687.435303 3490.059326
-197.794510 673.289856 3504.785156
-182.604095 466.552185 3477.859375
-22.404848 474.854340 3513.172119
31.922014 220.196457 3533.285400
61.703411 -67.184250 3443.960693
-342.803345 458.250061 3442.546631
-406.703613 198.018677 3457.802246
-392.865356 -75.800934 3367.300781
-165.855835 255.697128 3451.452393
-53.152046 49.814850 3446.196777
-83.016487 -75.864471 3049.683838
-44.557026 -289.791260 2711.063477
-245.063110 39.869263 3403.894043
-218.047745 -384.030853 3438.550781
-179.171524 -677.228271 3473.584229
-201.811874 670.419067 3516.855713
-185.964935 465.598328 3481.887939
-25.469719 474.069336 3516.231689
32.353390 221.931213 3539.181641
52.596546 -69.229370 3460.718506
-346.460144 457.127319 3447.544189
-408.244354 204.389084 3462.506592
-393.751953 -69.033920 3370.244385
-167.545868 256.052032 3447.497559
-53.030586 51.577728 3433.670410
-86.792603 -27.705399 3023.428711
-39.631710 -234.148880 2663.712402
-245.223022 41.433746 3392.543945
-222.178223 -382.113129 3436.301514
-180.741364 -689.880249 3469.093750
-202.986252 673.065369 3523.422852
-187.388702 467.501160 3484.661133
-26.513403 475.499634 3517.505371
33.407150 221.993759 3547.204590
52.177238 -66.476120 3458.714844
-348.264008 459.502625 3451.816895
-409.346161 201.613220 3464.330322
-394.459869 -74.909485 3382.175049
-169.279572 258.383057 3446.886719
-54.816681 54.055557 3428.783936
-61.446640 -3.686562 3011.225098
-36.681999 -173.489838 2637.225830
-247.524200 44.474380 3389.440674
-224.451141 -379.206848 3434.218018
-183.522247 -687.665405 3477.135254
-206.150604 672.870911 3528.213623
-189.860901 467.728577 3487.332031
-28.850996 475.980652 3519.584961
33.235779 223.507401 3547.514648
52.881741 -69.871353 3479.406494
-350.870819 459.476440 3455.079102
-410.339447 203.108459 3468.766113
-396.165680 -76.968811 3400.371338
-171.143036 259.006836 3447.293457
-55.982330 55.228012 3426.573975
-54.239334 -2.697338 3013.402588
-36.596725 -117.815430 2613.835205
-248.868011 45.342209 3387.935791
-220.559204 -378.382751 3429.981445
-183.443939 -682.973694 3471.603760
-207.322922 669.384521 3529.598633
-190.102966 465.589844 3488.561279
-30.059387 474.173645 3525.043701
24.106461 225.335098 3545.312256
54.924454 -68.104080 3480.560791
-350.146545 457.006042 3452.078857
-410.538330 202.360062 3469.366699
-396.756104 -79.089737 3405.820801
-169.594513 257.166138 3447.632812
-53.181396 53.886200 3428.566162
-47.368572 6.689964 3014.772217
-33.408291 -69.831978 2599.492432
-244.990723 43.598663 3384.842529
-210.903275 -379.607300 3428.209717
-180.660339 -679.158813 3465.947998
-206.505890 662.097473 3512.758545
-190.531906 456.169006 3481.453369
-29.590878 466.272278 3513.070068
27.114639 213.703308 3553.797607
54.947666 -80.743469 3490.747559
-351.472931 446.065796 3449.836670
-410.347992 200.339813 3468.995850
-398.873169 -82.994415 3413.880859
-170.886169 246.381195 3448.487793
-54.796192 42.647751 3434.468506
-48.599190 5.687740 3018.359619
-38.196838 -46.469597 2593.139160
-247.684677 30.538986 3396.575928
-220.044312 -393.816223 3431.929443
-184.003235 -697.272705 3486.719971
-205.695358 661.269714 3503.864746
-194.018784 453.943970 3478.716553
-32.452667 461.902771 3507.783447
26.633923 194.164764 3560.128662
54.868034 -77.238739 3501.325195
-355.584900 445.985168 3449.649658
-407.898987 195.411163 3471.827148
-399.243591 -89.820709 3427.419434
-178.746460 242.996552 3451.585938
-66.696571 36.816422 3441.866211
-58.898514 10.170927 3021.958984
-48.809799 -24.399851 2589.022461
-260.251678 27.281845 3407.044434
-228.442184 -397.518677 3430.247803
-192.355682 -685.931885 3484.934570
-208.657928 662.412537 3498.893066
-198.232498 454.494232 3476.012695
-36.227470 462.007507 3502.838379
8.188908 190.323486 3548.988770
35.847862 -82.481506 3496.765625
-360.237549 446.980957 3449.187012
-409.414825 193.965469 3476.562012
-393.696472 -91.673203 3436.524902
-184.298920 243.088470 3451.075195
-73.327965 36.182983 3442.205811
-57.060898 10.620474 3020.396729
-39.153786 -19.394268 2583.598633
-267.402710 27.182434 3410.069580
-225.755371 -396.569641 3436.849854
-186.563507 -686.456848 3475.757324
-209.749298 664.754761 3497.388916
-198.161438 456.369446 3474.960449
-35.859612 464.287628 3499.935791
-2.428864 189.987030 3539.387207
24.254745 -83.975891 3493.049805
-360.463287 448.451263 3449.985107
-408.718536 199.101593 3482.474121
-384.532501 -85.221497 3437.688477
-184.060822 244.869263 3450.381836
-72.739265 38.112167 3440.763672
-51.884842 2.649982 3021.632812
-29.701563 -35.945549 2586.678223
-267.181122 28.625992 3410.842773
-219.713028 -394.907837 3431.563721
-183.994171 -680.242065 3469.145508
-215.074127 674.361023 3494.172852
-199.629288 465.573883 3475.884033
-37.948631 476.685669 3503.351318
-12.681297 200.672424 3536.413330
12.758186 -74.243439 3495.316650
-361.309937 454.462097 3448.416748
-408.032410 201.945618 3479.535889
-374.256653 -80.999451 3432.381348
-181.407944 254.101196 3454.178467
-66.308311 49.286652 3448.931152
-43.835705 -4.482754 3034.382080
-20.216854 -61.260368 2603.721680
-260.064911 35.970383 3416.014648
-216.326111 -387.294739 3447.135742
-173.490402 -680.501404 3477.372070
-219.812408 682.846191 3511.067139
-201.256470 475.524414 3484.393066
-39.778522 487.796112 3512.723145
-20.573109 210.670959 3540.067139
3.454493 -65.026794 3503.621338
-362.734406 463.252686 3456.062988
-409.416748 208.098251 3489.650146
-367.438049 -71.475784 3431.407227
-180.442963 265.010925 3456.946777
-62.907619 61.847931 3446.469727
-49.936367 12.513947 3026.932129
-17.376354 -104.655029 2608.809570
-256.351288 47.146942 3412.531250
-223.635391 -377.420135 3438.285156
-177.086151 -686.238708 3478.078613
-220.637604 680.293823 3520.566162
-200.396210 476.137085 3486.627930
-39.321556 488.848938 3517.026611
-24.632782 211.005737 3539.437988
-2.108337 -65.331879 3507.111084
-361.470856 463.425171 3456.229248
-409.988556 214.689377 3491.651123
-364.086945 -64.456680 3433.174316
-177.717773 266.541077 3454.108398
-58.545921 64.560287 3439.799561
-52.172142 -6.759995 3021.737305
-11.562126 -171.387894 2629.939453
-251.532745 49.329880 3403.378174
-225.072540 -375.368896 3434.703857
-177.565964 -687.029907 3470.129639
-222.140366 685.041931 3507.239746
-201.360199 478.917175 3481.028320
-40.267776 493.459564 3510.524902
-28.963686 215.154083 3528.778076
-7.976704 -61.706146 3500.093506
-362.452637 464.374786 3451.531738
-410.006409 215.224258 3492.453857
-361.906342 -63.549789 3433.317871
-177.620880 268.557251 3455.090332
-57.376015 66.909241 3446.822754
-65.704041 -35.704010 3035.437012
-11.817608 -230.184341 2674.809082
-250.387115 49.485413 3411.481934
-229.817307 -375.263062 3447.030762
-182.579117 -696.467285 3494.228271
-221.073990 680.650757 3501.585693
-201.498642 474.493896 3477.350098
-40.302250 488.099792 3506.796387
-31.552128 209.497406 3521.595947
-12.095337 -67.789032 3496.129883
-362.695038 460.887970 3447.903809
-409.119598 214.853409 3486.463623
-356.842621 -64.633560 3435.020020
-179.319489 263.660156 3453.353516
-60.577152 60.976913 3446.996338
-70.805695 -76.531128 3046.123291
-15.221653 -299.693604 2706.590576
-253.703506 44.675934 3411.717529
-234.458908 -380.472382 3443.968994
-186.696564 -700.134033 3486.291748
-221.167084 683.677612 3499.806885
-201.330872 476.382935 3475.853516
-39.830803 489.572021 3503.794678
-33.021805 210.779144 3515.755371
-15.058371 -66.854401 3493.132568
-362.830933 463.193909 3447.912354
-408.545135 212.624817 3486.580078
-355.520172 -65.731689 3429.764160
-180.182709 265.241821 3453.282227
-62.282806 62.001999 3447.449951
-76.067001 -109.435623 3060.081543
-17.234039 -349.363647 2755.175049
-255.786285 46.199387 3413.971924
-232.284058 -378.037842 3453.947021
-185.780823 -692.636230 3488.803955
-221.457306 685.891418 3496.354248
-202.785736 478.828064 3472.820801
-41.113350 492.186096 3499.691895
-35.790154 213.271149 3509.334961
-19.262943 -64.644806 3489.224365
-364.458099 465.469971 3445.949707
-408.592377 214.378525 3483.569336
-357.830536 -65.290848 3431.130371
-181.951904 267.403473 3452.575195
-64.264984 63.981308 3448.427246
-76.291351 -149.884033 3084.112793
-19.756763 -407.215210 2801.837158
-257.971161 47.976486 3416.231934
-232.807968 -376.046814 3458.109375
-189.552719 -688.306030 3484.549805
-222.024033 689.624146 3495.104248
-203.528000 482.190308 3471.138916
-41.785435 495.343811 3497.721436
-37.607105 216.350616 3505.482178
-22.445675 -61.794891 3487.591553
-365.270569 469.036865 3444.556396
-408.345459 216.007736 3478.869873
-358.541779 -64.617081 3430.628662
-183.091843 270.652466 3451.466797
-65.761154 66.994400 3447.719238
-78.930099 -186.965714 3110.983887
-24.395432 -456.582214 2854.233398
-259.550232 51.234818 3415.870117
-232.079773 -373.221191 3451.243896
-187.771011 -692.789368 3491.804199
-221.704575 688.823792 3496.024902
-203.368271 483.324280 3469.733643
-41.482651 496.050781 3495.652832
-38.191719 217.007538 3501.890381
-24.317587 -61.324463 3485.963135
-365.253876 470.597778 3443.814453
-407.961487 218.534378 3473.806152
-356.896912 -63.118759 3434.142334
-183.588150 271.710754 3450.095215
-66.825249 67.721481 3445.984375
-75.308235 -228.494736 3147.546631
-31.549965 -506.090393 2915.772705
-260.790802 52.473007 3414.929199
-231.995163 -371.471069 3455.247559
-187.876007 -689.282471 3482.712646
-223.042755 692.214722 3479.496338
-203.353409 485.245636 3460.945557
-41.015289 498.722992 3483.108887
-38.415882 219.647675 3488.116943
-25.746479 -58.835724 3473.927002
-365.691528 471.768280 3438.782227
-408.131897 219.302948 3473.988281
-356.718597 -62.699860 3436.757324
-183.912811 273.202881 3447.492188
-67.191994 69.236359 3447.320068
-78.656822 -261.972076 3188.626221
-38.138966 -552.909790 2989.569092
-261.752411 53.083893 3420.757568
-223.234192 -370.369720 3456.929932
-188.318970 -684.139038 3491.177002
-218.084808 699.731689 3456.322754
-202.792694 490.773010 3449.675049
-39.765717 503.067627 3466.140869
-37.707714 223.971710 3470.158691
-26.159283 -54.634552 3457.507324
-365.819672 478.478455 3433.209229
-408.178131 220.498993 3473.843750
-358.724396 -61.542023 3434.081787
-186.209534 278.253723 3444.168701
-71.911217 73.103561 3448.531738
-85.765121 -276.141418 3210.682129
-48.655220 -592.815796 3065.837402
-267.341522 58.365280 3428.792969
-228.101562 -364.714844 3469.087158
-191.362350 -679.634644 3493.204346
-219.207169 702.213379 3458.662109
-203.926392 494.224915 3448.144287
-40.681801 506.006134 3463.369629
-39.049286 226.897064 3466.591064
-28.538958 -51.808899 3455.303467
-367.170959 482.443695 3432.918945
-408.608795 226.035583 3472.443604
-372.289093 -56.269958 3424.147705
-187.841248 281.652008 3440.167969
-73.993408 76.134552 3441.309814
-87.289406 -292.946411 3234.589600
-50.156773 -624.250610 3134.531982
-269.518799 62.023651 3423.073486
-222.933136 -360.552094 3460.525391
-190.733734 -675.375977 3480.332520
-214.665741 698.632385 3461.313477
-201.008240 492.635742 3444.491455
-37.453815 502.975403 3457.391602
-36.156750 223.857971 3459.973389
-26.603947 -54.928741 3449.895752
-364.562683 482.296082 3431.591309
-407.860718 228.564133 3464.202637
-383.922974 -55.480362 3418.798096
-186.743103 279.999512 3434.061768
-74.501839 73.557175 3431.359863
-92.419365 -315.644897 3268.423828
-54.097820 -648.226562 3205.902832
-270.454102 61.169357 3415.904297
-216.150635 -359.756653 3460.181641
-188.649124 -681.859375 3481.349365
-212.705673 700.082092 3460.143799
-199.862930 493.411499 3440.717773
-36.065002 502.842957 3451.047852
-35.033073 223.720154 3453.116211
-26.360565 -55.132111 3444.113037
-363.660858 483.980042 3430.387695
-407.157104 227.914734 3458.225098
-387.134216 -58.072540 3424.916260
-186.907333 280.694916 3429.500732
-75.826271 73.628403 3424.472168
-97.145699 -329.735657 3300.250488
-58.596775 -665.759888 3269.520752
-272.077209 62.328293 3412.095215
-216.306366 -357.312744 3465.669434
-182.479492 -680.831787 3486.929199
-211.015503 694.200745 3429.059082
-198.103882 487.230865 3425.280029
-34.284657 496.883392 3435.473633
-33.462811 217.757141 3437.130127
-25.597509 -61.148315 3429.082031
-361.923096 477.578339 3415.086426
-406.986603 229.255692 3457.932617
-393.016327 -58.105392 3434.521484
-185.621582 274.508575 3426.110596
-75.012596 67.568085 3433.047119
-95.409859 -345.007812 3339.446289
-63.321484 -673.979126 3331.761230
-271.265961 56.004486 3420.835205
-216.324341 -363.322540 3478.243408
-183.116760 -686.313354 3498.101318
-207.993118 697.355591 3412.155029
-197.155899 488.345764 3417.687256
-33.129452 496.900146 3424.664062
-32.474365 217.771667 3425.990479
-25.347424 -61.176849 3418.791992
-361.182312 479.791321 3410.710449
-406.452545 225.213623 3454.992188
-383.033691 -59.986267 3418.679932
-186.339355 275.537109 3424.316406
-77.243484 67.853989 3435.125732
-97.648438 -349.839905 3360.647217
-73.817642 -676.172729 3373.177734
-273.802155 57.602951 3426.765381
-226.121826 -363.663757 3474.919678
-185.991714 -682.898682 3505.111084
-206.953186 698.854004 3420.511719
-194.198990 490.250092 3416.898193
-30.537308 499.383728 3428.788330
-30.014704 220.253906 3429.850098
-23.561800 -58.729523 3423.407959
-357.860687 481.116455 3405.008057
-403.198151 230.472229 3447.209229
-377.509216 -52.904144 3399.222900
-182.389221 277.336487 3417.895996
-72.501823 69.896393 3426.019287
-94.699982 -352.023376 3384.455811
-77.589119 -681.163086 3389.917969
-268.657074 58.949371 3411.768311
-208.173065 -361.518677 3449.603271
-194.984253 -722.843872 3502.008789
-204.477997 697.993958 3424.236816
-192.260727 491.963257 3413.979248
-28.740870 500.778687 3428.259766
-28.323698 221.647949 3429.109619
-22.485004 -57.363708 3423.341797
-355.780548 483.147827 3399.698730
-401.846344 234.571823 3443.084717
-370.471863 -46.529648 3385.567139
-180.454834 279.027435 3410.241211
-70.705299 71.371780 3415.056885
-96.639503 -351.150085 3418.444092
-94.931358 -693.090942 3403.032471
-266.592621 60.811417 3397.949463
-209.361176 -357.061401 3458.343994
-196.105728 -695.778198 3491.167725
-200.704590 692.728577 3427.093018
-188.605835 487.665161 3412.601562
-24.821695 496.650452 3423.159180
-24.488562 217.519135 3423.839355
-19.208691 -61.515472 3418.672607
-352.389984 478.679810 3402.043945
-397.551849 237.803467 3441.055664
-368.332550 -43.681366 3383.009277
-176.493073 274.761505 3405.888672
-66.254021 67.241135 3405.500977
-90.616661 -353.576782 3446.164551
-101.482185 -707.901306 3412.437012
-262.506622 56.474594 3392.850586
-206.345123 -359.488037 3467.139160
-193.498383 -671.671753 3495.887207
-196.649841 686.711426 3413.018555
-184.345139 482.050812 3404.768799
-20.637613 491.518219 3416.534668
-20.371529 212.386505 3417.079102
-15.599569 -66.666687 3412.448975
-348.052643 472.583405 3393.002930
-392.594696 232.483627 3434.004883
-367.581085 -48.455154 3371.217529
-171.952698 269.084869 3403.706055
-61.504791 61.789581 3409.690674
-86.219917 -357.070801 3474.221680
-115.167610 -716.349121 3434.182373
-257.615753 50.448273 3395.595947
-211.551117 -365.620605 3476.771729
-190.383179 -648.176758 3513.240479
-192.888824 686.245972 3405.472412
-179.598236 480.209717 3400.894043
-15.861756 490.041534 3412.238037
-15.649161 210.909576 3412.673584
-11.338297 -68.158691 3408.522705
-343.334747 470.377899 3389.550049
-381.806091 218.513962 3429.640625
-357.359436 -60.336197 3358.104004
-166.925003 267.219421 3402.569824
-56.171677 60.118500 3411.040771
-86.288681 -358.697968 3480.785400
-126.126526 -712.128845 3440.855957
-252.331863 48.339752 3397.450439
-210.028107 -369.382141 3473.002197
-183.528915 -710.774414 3533.970947
-188.125610 684.402710 3403.706055
-173.563538 477.599304 3396.154785
-10.495793 486.826416 3414.019287
-10.325924 207.694275 3414.367920
-6.433261 -71.386200 3410.645264
-336.631287 468.372131 3378.290283
-373.057190 216.443893 3424.110352
-352.185211 -63.803207 3356.756348
-161.350983 264.563538 3394.712402
-51.375050 57.059708 3403.980225
-80.699944 -354.542358 3505.761475
-131.437546 -713.784302 3438.210449
-246.901794 45.995865 3382.559814
-210.495377 -374.089661 3447.058838
-169.121124 -730.100220 3561.166260
-185.839996 682.863159 3400.311768
-170.886688 476.163757 3393.271484
-7.434886 486.397278 3406.501953
-7.299157 207.265076 3406.780762
-3.785282 -71.825226 3403.441162
-334.338470 465.930237 3380.041016
-366.401062 213.286163 3410.531006
-351.323578 -68.217499 3346.963867
-157.582703 263.167847 3393.659668
-46.358517 56.302597 3401.973877
-71.476578 -353.273010 3515.548340
-133.587357 -716.590942 3445.148926
-242.198914 44.041245 3386.121826
-214.503143 -373.976135 3465.478760
-178.654312 -744.833069 3591.115479
