-134.055405 679.264893 3400.609131
-125.418861 475.138733 3384.773682
36.619137 480.562500 3412.187744
36.622398 201.430054 3412.193115
37.111176 -77.700714 3411.382812
-287.456848 469.714905 3357.359619
-317.867188 211.778809 3350.577148
-294.880859 -64.693756 3321.027344
-117.080322 261.977814 3377.659912
-11.671931 52.066086 3386.968750
-93.217186 -341.736938 3528.460938
-97.502480 -715.957031 3426.541748
-205.811646 45.567734 3354.123535
-184.070190 -365.618530 3464.562500
-198.203995 -754.417847 3578.944824
-129.879074 682.873474 3399.786621
-123.241394 477.067871 3384.182373
39.033176 481.377441 3410.364258
39.035587 202.244995 3410.368652
39.475586 -76.886078 3409.639404
-285.515930 472.758240 3358.000488
-317.779114 206.890228 3351.747070
-295.181335 -69.841888 3323.231445
-116.449326 263.848511 3377.181641
-12.440403 53.210983 3385.866211
-86.103027 -343.366333 3524.512695
-110.553978 -709.423950 3435.070801
-206.874115 48.047348 3354.495605
-194.681000 -362.054932 3470.845215
-200.161118 -759.604858 3557.237305
-127.426064 686.125610 3399.887939
-121.821251 479.275574 3384.650879
40.635380 482.927124 3409.805664
40.637127 203.794678 3409.809082
41.033150 -75.336639 3409.152832
-284.277893 475.624084 3359.496094
-318.620117 213.142944 3351.091797
-300.400757 -64.408752 3328.308350
-115.868423 266.044556 3377.158691
-12.592047 55.001053 3384.736084
-89.701111 -341.463135 3522.373535
-106.061089 -713.502808 3428.442383
-207.239136 50.625992 3354.596924
-196.517700 -361.860046 3462.891846
-191.700500 -759.287476 3557.130615
-125.937309 683.441956 3401.417236
-120.330399 478.128510 3385.354248
42.317856 481.860748 3409.235107
42.319088 202.728302 3409.237793
42.675415 -76.403259 3408.647217
-282.978638 474.396271 3361.473389
-316.486389 217.986389 3354.417725
-301.268127 -59.674652 3330.110596
-114.359756 264.888916 3378.015381
-10.949454 53.885223 3384.983154
-86.866318 -343.587372 3520.659668
-103.331055 -718.271973 3431.003662
-205.828766 49.413422 3356.369873
-196.105698 -364.161591 3461.084961
-178.730560 -757.094482 3572.858398
-124.193069 683.785156 3399.651855
-118.922302 478.575378 3384.738770
43.825470 482.198120 3407.979248
43.826286 203.065674 3407.981445
44.146858 -76.066040 3407.449951
-281.670074 474.952637 3361.498291
-314.653412 219.482025 3355.048584
-301.916321 -58.377289 3331.151367
-113.251640 265.299194 3378.273926
-10.083448 54.193314 3385.731934
-85.059929 -341.659180 3526.628418
-109.118301 -722.768188 3430.113037
-205.078506 49.852737 3357.886230
-193.891495 -362.398926 3467.751465
-194.685028 -761.123596 3557.208984
-122.473610 682.092957 3399.823242
-117.908035 477.744720 3383.984863
44.812222 480.990204 3407.493408
44.812702 201.857758 3407.495117
45.101231 -77.274078 3407.016846
-280.628296 474.499237 3360.476318
-314.098083 221.899109 3356.802002
-300.275726 -55.864349 3332.092529
-112.704193 264.458435 3377.410400
-10.018581 53.116455 3384.919434
-86.416626 -342.816864 3524.951416
-107.441078 -726.618042 3422.389160
-204.982117 49.227844 3356.752441
-194.161819 -364.825287 3459.659668
-185.059113 -755.462036 3578.206787
-124.339890 681.425049 3399.389160
-119.240295 477.009399 3383.217529
43.336185 480.908905 3407.595459
43.336384 201.776459 3407.596924
43.595947 -77.355499 3407.166504
-281.816772 473.109894 3358.839600
-313.775757 221.731308 3360.287354
-299.575806 -55.548904 3331.022705
-113.145355 263.745911 3376.684082
-9.652126 52.818604 3384.755127
-82.831238 -344.952850 3521.232178
-109.983376 -716.614502 3428.946533
-204.448700 48.146240 3355.546143
-198.178680 -365.539215 3460.423096
-168.714630 -757.310120 3573.650146
-123.588371 682.360718 3398.668701
-119.574181 477.931519 3382.729492
43.177284 480.852539 3406.028564
43.177250 201.720093 3406.029785
43.410809 -77.411896 3405.642334
-282.325623 475.010498 3359.430420
-313.233093 218.835449 3359.085693
-298.987457 -58.463654 3329.762207
-114.863602 264.625305 3376.566895
-12.648630 53.069092 3384.362793
-84.376114 -345.040497 3520.702881
-117.143341 -714.393799 3432.179443
-207.657425 49.569092 3356.445801
-202.697098 -364.366089 3460.575928
-168.041702 -754.812988 3579.432129
-124.171623 681.766602 3398.301758
-120.717438 477.212860 3382.991455
42.194683 479.419800 3405.217773
42.194450 200.287354 3405.218750
42.404716 -78.844635 3404.870117
-283.629547 475.005920 3360.765137
-319.548126 221.144913 3357.165039
-297.714142 -55.394699 3326.281738
-117.079041 263.867859 3377.506836
-15.841793 51.845001 3385.337891
-82.267136 -344.143188 3529.966309
-117.787491 -713.055237 3434.751709
-211.039490 49.200714 3358.706543
-204.514648 -364.410431 3464.107910
-165.784836 -753.095276 3588.650391
-122.646385 676.891235 3383.135498
-120.840858 470.186462 3377.031738
42.348980 472.105621 3397.060791
42.348614 192.973175 3397.061523
42.538048 -86.158844 3396.747803
-284.030701 468.267273 3357.002686
-327.540039 224.675110 3358.775879
-300.931274 -49.975555 3317.893311
-118.517349 256.873230 3378.539795
-18.422672 44.709808 3392.047607
-81.105225 -359.151276 3512.455322
-121.899025 -719.557739 3445.594482
-213.965012 42.410172 3368.048096
-200.171844 -369.034851 3480.535400
-180.654419 -768.604126 3540.135986
-123.433334 681.549805 3389.565918
-120.712738 474.479706 3380.365479
42.593781 476.184845 3399.503662
42.593315 197.052399 3399.504150
42.764050 -82.079620 3399.221680
-284.019257 472.774567 3361.227295
-326.079315 211.844910 3357.703369
-300.658051 -62.735596 3314.736572
-118.349121 261.120117 3379.206055
-18.155146 48.782013 3389.511719
-83.711594 -356.390869 3505.254395
-108.933655 -713.117004 3428.901611
-213.815857 46.739044 3366.581543
-198.062714 -368.135284 3464.535156
-178.067169 -764.465088 3552.563232
-122.251907 679.318604 3378.268311
-119.942154 471.227661 3375.886963
43.685898 472.950867 3391.777344
43.685333 193.818420 3391.777832
43.839249 -85.313629 3391.523682
-283.570221 469.504456 3359.996582
-328.617462 216.580643 3358.236328
-294.288361 -57.164474 3316.605225
-118.041122 257.903564 3379.444824
-18.097128 45.612000 3392.523926
-90.594810 -355.511932 3517.981445
-107.542381 -721.268311 3433.707031
-214.183044 43.546936 3373.481445
-203.244934 -373.175354 3464.327637
-165.525848 -764.020752 3573.388184
-122.217651 674.556641 3373.116943
-121.606377 467.001526 3373.404785
42.216255 467.975250 3387.281494
42.215656 188.842804 3387.281982
42.354515 -90.289246 3387.053223
-285.429016 466.027771 3359.528076
-323.895874 211.000900 3356.543701
-292.250916 -62.779404 3312.494385
-120.838799 253.692810 3379.310547
-21.930445 40.967438 3393.529541
-91.415947 -362.340790 3514.154541
-114.663139 -728.671997 3428.354248
-218.212006 39.800781 3376.903076
-202.115509 -376.098389 3471.087646
-183.932617 -776.422852 3537.450928
-123.870819 677.382812 3385.541260
-123.042252 470.336151 3378.025146
40.895264 471.165710 3390.634766
40.894600 192.033264 3390.635010
41.019932 -87.098785 3390.429199
-286.979736 469.506592 3365.415527
-323.774475 203.934723 3353.192871
-289.362640 -70.636444 3317.326904
-121.985657 256.990051 3378.323242
-22.723221 44.140900 3386.175049
-84.920456 -360.877228 3505.240967
-107.237747 -718.835022 3419.814453
-219.134903 43.147003 3371.067627
-201.421097 -373.036377 3464.072510
-196.925613 -777.013428 3520.995850
-124.567825 682.654907 3392.768311
-123.955658 476.255127 3381.741699
40.003616 476.671753 3394.222168
40.002918 197.539307 3394.222412
40.116089 -81.592743 3394.037109
-287.914917 475.838501 3369.261230
-322.185974 207.740356 3354.593506
-289.214111 -67.244812 3319.823242
-123.169510 262.908295 3378.535156
-24.163666 49.811050 3382.804932
-81.602341 -352.041870 3513.968262
-108.646210 -718.343750 3424.704834
-220.603058 49.311905 3367.852295
-195.535309 -364.325012 3469.591064
-206.601059 -769.146484 3526.455811
-123.061829 680.756409 3394.868164
-123.057724 475.669037 3382.416016
41.036469 476.246704 3392.860596
41.035736 197.114258 3392.860840
41.138008 -82.017792 3392.694092
-287.151917 475.091370 3371.971436
-323.200562 214.455139 3357.996582
-292.148529 -60.264313 3319.402588
-122.044167 262.300598 3378.292480
-22.719849 49.278259 3380.426514
-80.194504 -349.972565 3519.515381
-110.161987 -725.540894 3421.642578
-219.341370 48.586060 3367.911377
-200.958740 -364.019989 3475.171631
-179.243973 -768.708679 3525.200439
-126.596275 679.476562 3397.430420
-125.055984 475.331482 3384.000244
38.980442 476.397339 3395.368652
38.979710 197.264893 3395.368896
39.072216 -81.867188 3395.218750
-289.092407 474.265564 3372.631836
-322.378662 215.317230 3353.140625
-291.490692 -59.982239 3318.682617
-123.344101 261.959900 3379.303955
-23.363773 49.226852 3381.417969
-81.907364 -351.751587 3515.237061
-110.431702 -723.056641 3421.986084
-219.900665 47.949814 3367.797363
-206.755661 -366.144287 3470.109131
-177.024628 -769.511658 3531.985107
-126.301872 681.838867 3398.207275
-126.144012 477.148590 3386.000488
38.082840 477.600739 3393.233887
38.082108 198.468292 3393.233887
38.165829 -80.663788 3393.098877
-290.370880 476.696442 3378.767090
-325.947174 216.070831 3356.318848
-289.726349 -58.399689 3320.607422
-125.349167 263.762268 3381.291504
-26.140259 50.646881 3380.917236
-84.289352 -352.599640 3507.978760
-108.157806 -728.072021 3418.493408
-222.968384 50.105011 3372.247803
-202.662796 -362.494141 3479.281982
-192.308502 -768.129883 3532.770264
-127.960037 680.910339 3400.094238
-126.828865 476.553589 3386.806396
37.309944 476.974304 3396.116455
37.309212 197.841858 3396.116455
37.385044 -81.290222 3395.994873
-290.967682 476.132812 3377.496338
-324.676758 217.324524 3357.111084
-289.394745 -57.458954 3322.556641
-125.943451 263.196198 3380.837891
-26.734505 50.090866 3380.446533
-87.476151 -354.379883 3502.396240
-100.256851 -714.301880 3429.510742
-223.381561 49.586777 3369.292236
-193.449646 -365.194031 3464.125732
-203.232910 -765.276489 3545.533936
-129.850723 674.995117 3398.493652
-128.871216 470.905518 3385.081055
35.331905 471.284149 3393.561523
35.331173 192.151703 3393.561523
35.399853 -86.980408 3393.452148
-293.074371 470.526886 3376.600586
-323.069519 216.212891 3356.836914
-289.140198 -58.572021 3320.824707
-128.126022 257.517670 3380.178223
-29.020412 44.356628 3380.355225
-86.953018 -358.386566 3509.150635
-104.148743 -725.102844 3427.897705
-225.741241 43.903015 3370.195557
-197.200638 -369.846954 3470.471924
-211.824875 -773.201050 3537.527344
-135.151123 681.573853 3401.241699
-132.934204 476.673523 3387.637939
31.315941 478.092285 3395.148682
31.315208 198.959839 3395.148682
31.377483 -80.172241 3395.050293
-297.184326 475.254761 3380.127197
-324.684692 210.533020 3361.786377
-287.947052 -62.491486 3317.206055
-130.802368 263.337433 3381.314941
-30.273727 50.851257 3379.491455
-89.675591 -347.668671 3519.842285
-101.697205 -704.689697 3422.146484
-227.067352 49.151428 3370.492432
-194.929550 -364.137787 3471.978027
-205.939041 -764.614563 3556.400635
-139.869797 682.837097 3397.635254
-134.517303 477.741455 3387.484131
29.214451 480.614563 3401.055176
29.213718 201.482117 3401.055176
29.270220 -77.649994 3400.966553
-298.249023 474.868286 3373.913086
-323.953186 214.588623 3363.057129
-291.751160 -58.495911 3315.274414
-130.451370 264.391418 3383.597900
-28.230495 52.763809 3387.847168
-86.845154 -341.787170 3539.189209
-101.155434 -709.173340 3437.339355
-224.540390 49.318985 3371.576172
-197.540573 -365.651611 3467.523926
-184.722290 -758.145508 3579.214355
-139.648041 688.918518 3397.803955
-133.194839 482.354004 3388.199951
30.418119 485.773682 3403.594238
30.417387 206.641235 3403.594238
30.468664 -72.490875 3403.514404
-296.807800 478.934326 3372.805664
-322.296753 217.174622 3364.836914
-299.118469 -56.892578 3317.923340
-128.372711 269.006104 3384.342285
-25.563696 57.706238 3389.704102
-83.931610 -340.919678 3529.998535
-114.318634 -715.616211 3423.329834
-221.537460 53.610168 3371.265137
-195.590302 -361.003204 3469.296143
-178.295273 -759.911438 3555.721680
-140.759018 691.708557 3397.885254
-135.143234 485.047333 3389.076416
28.214117 488.724640 3407.077881
28.213385 209.592194 3407.077881
28.260004 -69.539886 3407.006104
-298.500580 481.370026 3371.074951
-327.388245 219.609070 3371.471680
-301.116608 -54.095123 3323.545166
-129.986206 271.689789 3385.862305
-26.973562 60.535065 3393.431641
-96.598495 -336.485382 3533.141113
-106.459595 -714.947266 3426.466064
-222.684799 56.129425 3371.864746
-202.002487 -360.387360 3462.525635
-170.006821 -757.285400 3556.689453
-144.664719 693.113770 3398.435303
-137.733963 487.135345 3390.233398
25.150665 491.535187 3411.867920
25.149933 212.402740 3411.867920
25.192326 -66.729401 3411.803223
-300.618622 482.735504 3368.598877
-338.257385 222.703125 3384.344727
-311.535583 -47.754272 3322.194092
-131.621094 273.793488 3387.597412
-27.918266 63.087738 3397.923584
-92.852745 -335.951019 3534.438965
-107.457672 -720.336182 3424.870361
-223.098190 57.815521 3371.999268
-205.068741 -359.183380 3461.272461
-165.915115 -755.799805 3556.507568
-146.565155 690.599976 3398.194580
-137.921570 484.669006 3390.789795
24.685526 489.504791 3414.488525
24.684793 210.372345 3414.488525
24.723375 -68.759766 3414.430420
-300.528687 479.833221 3367.091064
-345.762817 225.558746 3389.902100
-325.530396 -45.054901 3325.406738
-131.305344 271.332184 3388.924805
-27.286425 60.892029 3401.255371
-96.147354 -342.990509 3519.250977
-102.756454 -739.554932 3445.574219
-222.091812 55.098694 3372.864258
-199.748657 -359.139618 3472.787109
-188.859451 -762.362488 3528.135254
-148.812347 684.771973 3400.574951
-140.802231 479.227112 3392.748047
22.252295 484.483948 3412.927734
22.251562 205.351501 3412.927734
22.286768 -73.780579 3412.875488
-303.856720 473.970215 3372.568359
-349.836853 222.725708 3392.959473
-332.957825 -47.304810 3324.697754
-133.676697 265.905762 3390.743652
-28.859297 55.734024 3400.829590
-104.269554 -348.394226 3514.633545
-100.776848 -739.837341 3429.706055
-224.243027 49.434830 3376.648926
-198.696106 -365.035339 3475.206055
-198.333923 -769.843994 3531.345947
-153.131592 686.157288 3399.227783
-145.901154 479.496521 3393.701660
17.142225 484.677917 3414.241211
17.141493 205.545471 3414.241211
17.173687 -73.586609 3414.194092
-308.944550 474.315125 3373.162109
-352.149933 215.525024 3396.931885
-337.031647 -51.792145 3318.700928
-138.998901 266.161255 3392.728271
-34.437981 55.929520 3404.057373
-105.183113 -349.454590 3516.923584
-113.162132 -724.143494 3429.794678
-229.755310 49.722488 3379.452393
-204.239410 -365.013611 3477.141846
-189.249344 -770.650391 3529.758545
-159.316528 692.389893 3399.715088
-150.102280 484.747925 3396.950928
11.860132 491.983154 3423.599854
11.859400 212.850708 3423.599854
11.888915 -66.281372 3423.557373
-312.064697 477.512634 3370.302002
-357.580627 219.675385 3400.579834
-338.732178 -47.554993 3322.421631
-140.419006 271.536804 3395.986816
-33.638763 62.663254 3410.998779
-110.480934 -345.143860 3509.512451
-96.526527 -705.939331 3432.784180
-227.832687 53.988144 3379.046631
-201.443436 -363.082092 3465.332764
-172.351303 -761.817200 3548.872803
-162.459824 692.357544 3399.839111
-152.704773 485.222778 3397.883301
8.978061 493.759949 3426.162598
8.977328 214.627502 3426.162598
9.004397 -64.504578 3426.124512
-314.387604 476.685547 3369.604004
-361.016296 224.438538 3406.229736
-339.941833 -42.229706 3326.476562
-141.478287 272.083435 3398.041992
-33.424885 64.056778 3415.136230
-111.165390 -347.023987 3497.472656
-103.869553 -716.434509 3422.520508
-227.078720 53.831436 3381.265137
-204.172684 -365.244690 3458.184326
-167.785812 -757.392578 3566.916992
-166.968964 686.506592 3415.903076
-154.964752 480.962097 3406.601074
6.623866 489.860107 3435.540283
22.265980 284.335999 3447.868896
36.867664 -29.567719 3428.915527
-316.553375 472.064087 3377.661865
-361.959656 223.486984 3409.307373
-343.269867 -44.205673 3332.356201
-142.494690 267.969788 3402.460938
-33.243328 60.306808 3415.653564
-110.296097 -354.125916 3478.472656
-111.413315 -730.662231 3409.707031
-226.805923 49.648117 3380.988037
-203.638199 -368.920349 3461.062012
-165.823471 -766.210815 3550.814209
-168.716492 682.043701 3406.526855
-162.926743 475.325409 3402.731689
-0.487367 480.384064 3426.915527
30.228861 246.793427 3447.618408
49.035217 -61.347900 3414.905029
-325.366119 470.266754 3378.547852
-362.734833 219.806335 3414.029297
-344.765808 -47.387939 3335.091797
-156.305389 262.125366 3402.853027
-52.313690 51.957611 3417.470703
-131.254913 -364.602844 3459.096191
-121.879562 -722.800415 3414.894531
-247.054382 45.893036 3388.478027
-233.237335 -375.697144 3450.511719
-177.945374 -753.530273 3588.624512
-176.028885 683.914673 3418.756104
-169.774155 478.484467 3409.679688
-7.087482 482.600861 3432.780762
35.168903 224.270020 3454.291016
52.996777 -76.974701 3402.204590
-332.460846 474.368073 3386.578613
-369.423859 218.727005 3414.307129
-346.335052 -49.452896 3340.461670
-163.823456 265.265259 3405.766113
-60.446400 54.511200 3415.686768
-111.984253 -366.868225 3438.899902
-117.532791 -712.638306 3411.654297
-255.299118 49.580902 3388.018311
-215.843552 -370.349457 3446.708008
-196.138000 -760.916443 3553.171631
-179.341980 678.704468 3423.886475
-172.953659 472.660461 3413.374023
-10.080063 476.199341 3435.470703
34.165195 223.353806 3454.342529
54.030312 -75.472122 3393.229492
-335.827271 469.121582 3391.277344
-373.849030 222.379395 3414.707031
-359.854919 -46.235565 3340.498047
-167.551865 259.416290 3407.709229
-64.594536 48.291779 3415.279541
-98.911446 -375.419647 3437.438721
-112.901840 -719.822876 3387.291260
-259.705597 44.052460 3388.809326
-214.023712 -375.104340 3451.738525
-176.399399 -768.332520 3551.573975
-182.082825 675.488403 3427.429932
-175.309570 469.772156 3416.348145
-12.711946 473.215576 3440.463867
32.940964 211.307343 3456.452148
54.372707 -86.828705 3392.141113
-337.907227 466.328735 3392.232422
-385.295990 215.204849 3420.391846
-362.117065 -48.811874 3334.227295
-169.887711 256.508423 3410.242920
-67.060799 45.307480 3418.584229
-97.514824 -379.179993 3416.487305
-102.345329 -706.791382 3339.623779
-261.870880 41.181870 3389.691162
-208.841125 -375.966980 3460.726318
-175.830139 -776.200317 3532.157471
-183.932953 675.229797 3428.189453
-176.801666 469.004700 3418.195801
-14.348894 472.914612 3443.286621
31.187578 204.885376 3458.590820
54.475037 -92.515625 3390.684814
-339.254456 465.094727 3393.104980
-393.798004 215.286560 3422.172607
-370.817780 -48.199585 3333.515625
-170.798737 255.728027 3412.564453
-67.480255 44.793594 3421.963623
-98.906822 -379.971375 3409.297607
-91.858208 -701.416077 3274.046143
-262.111359 40.109161 3391.902588
-210.570099 -378.188171 3458.285400
-171.341782 -769.326965 3565.551514
-188.141602 680.220093 3430.103271
-182.229034 473.016113 3422.753418
-19.345463 476.396454 3444.824951
30.984264 201.225006 3459.280029
53.403309 -93.186188 3378.880371
-345.112610 469.635773 3400.681885
-398.488251 216.492874 3426.828857
-378.645142 -44.202927 3329.636230
-177.191040 259.683929 3418.246582
-74.560600 48.377106 3426.964111
-107.866325 -374.306732 3388.591309
-86.288750 -684.858887 3208.364746
-269.745483 44.326385 3400.515381
-217.883881 -374.013245 3467.188965
-166.619720 -767.964966 3562.869385
-190.472519 677.680786 3430.027832
-184.500854 469.654541 3425.417725
-21.678289 473.287170 3448.028564
31.767973 203.402832 3464.495361
52.040382 -91.807159 3386.129639
-347.323425 466.021851 3402.806885
-400.811707 219.390503 3426.548584
-383.059814 -43.657684 3335.260986
-179.420410 256.292206 3423.111572
-76.805908 45.105911 3434.349854
-104.157120 -370.299805 3353.469238
-69.847321 -669.987671 3124.558105
-271.874023 40.753845 3407.260986
-204.441254 -376.133972 3466.931641
-174.312866 -775.672058 3547.537842
-193.522995 673.967590 3432.536133
-187.490936 466.308289 3430.430420
-24.889139 470.250427 3454.549561
27.992231 200.301788 3481.902100
55.689537 -87.166870 3382.937256
-350.092712 462.366180 3406.311279
-401.956635 215.301376 3427.203613
-384.427094 -49.645432 3341.351318
-182.033661 252.943146 3428.512695
-79.165573 41.939621 3441.044189
-104.752548 -359.108398 3310.946777
-58.173756 -637.524536 3052.808594
-273.987213 37.216354 3412.145752
-201.376251 -379.160278 3470.509521
-191.839096 -783.630127 3524.679688
-192.720993 677.624023 3431.174316
-192.613266 468.307343 3433.074463
-29.502407 468.977142 3453.265625
25.961571 201.147644 3493.724854
62.060207 -84.654602 3391.652344
-355.724121 467.637543 3412.883301
-402.664429 211.023376 3430.689209
-386.499298 -50.952545 3336.114746
-191.678925 254.914169 3432.604980
-92.984825 41.922440 3444.237061
-108.307617 -337.971252 3263.504639
-61.217350 -589.193420 2982.269287
-288.504364 41.119553 3420.033936
-217.076080 -375.723450 3477.363037
-204.373901 -737.144775 3502.275635
-194.569595 676.881714 3447.930664
-193.060089 468.358948 3441.885254
-30.240841 468.550232 3464.501709
25.192089 204.047516 3501.304443
64.890495 -81.460754 3398.900635
-355.879333 468.167725 3419.268799
-404.234100 210.705475 3431.908936
-387.745605 -49.009735 3331.218994
-191.796814 255.172745 3434.593262
-93.005753 42.101089 3440.848389
-89.844322 -310.054260 3212.156494
-36.199051 -536.900024 2909.090820
-288.061340 41.871964 3413.754150
-208.382202 -374.609009 3460.886475
-188.053909 -719.280212 3478.869141
-195.737778 682.119873 3472.635254
-194.123245 474.423950 3455.731934
-31.413670 474.214661 3479.320801
26.084614 207.950897 3513.989258
63.281342 -79.586456 3416.086426
-356.832825 474.633240 3432.143066
-405.554565 209.305115 3435.350586
-388.764404 -51.104614 3336.257812
-192.118988 261.797638 3440.020264
-92.654198 49.045959 3438.437988
-88.225494 -269.950684 3165.571533
-27.825001 -472.570526 2848.821045
-287.575256 49.296692 3410.179199
-216.328156 -368.177612 3461.984375
-186.275726 -695.613281 3478.988770
-197.296768 679.165710 3483.824707
-194.763107 471.490417 3463.751709
-32.552345 472.006409 3490.461914
27.146965 216.349609 3520.698486
58.208183 -73.160553 3426.490234
-356.973877 470.974426 3437.041504
-406.720612 214.244934 3441.230225
-389.332794 -43.729095 3336.119629
-190.893906 259.114838 3444.356689
-89.837646 47.048416 3440.964844
-81.139702 -237.347702 3131.554199
-21.306835 -421.742676 2801.139893
-284.211761 46.430130 3408.958496
-221.459076 -372.646729 3459.025146
-182.032700 -700.895691 3480.550537
-198.786682 671.335754 3489.378174
-192.636581 463.334930 3468.372559
-31.708843 465.777924 3501.327637
25.798962 210.598770 3527.427246
57.823208 -81.609360 3442.512207
-353.564331 460.891937 3435.417480
-407.236755 210.181442 3446.132080
-391.681213 -47.729294 3340.427979
-184.931808 251.277618 3446.468262
-80.752502 40.684860 3444.320068
-66.034012 -197.292587 3099.137939
-8.991486 -359.216003 2754.141113
-273.701569 37.755753 3404.807861
-213.253571 -381.624695 3455.991455
-172.736450 -700.205322 3469.210205
-199.325943 672.261841 3492.644775
-192.862350 463.740509 3472.734375
-32.106529 467.145477 3506.791016
26.951099 204.507568 3532.479980
50.686905 -86.912170 3442.401367
-353.618164 460.335541 3438.677734
-408.493896 202.034790 3455.484863
-389.713928 -53.831024 3345.484619
-183.773590 251.656219 3451.037354
-78.421165 41.610886 3449.734131
-70.716148 -146.616165 3075.230713
-13.190353 -289.964050 2712.239990
-270.948517 37.532974 3408.946533
-220.690582 -383.187744 3459.587158
-178.975555 -692.512329 3475.739258
-203.476395 677.806335 3509.294922
-194.564316 468.808105 3482.407959
-33.135345 473.439270 3512.954102
25.920368 201.127441 3533.590576
46.920792 -91.250610 3445.549805
-355.993286 464.176971 3451.861816
-409.329468 202.115387 3459.567383
-391.036255 -55.072906 3352.538574
-183.383621 257.485229 3455.359863
-75.492859 48.936813 3446.611572
-69.193428 -89.443192 3050.560303
-10.885826 -220.109146 2670.285645
-268.912994 43.387878 3410.011963
-221.981857 -377.825958 3460.395508
-179.725677 -684.297424 3471.370117
-207.737793 679.772034 3518.607178
-196.465393 471.607819 3488.829102
-34.955418 478.008118 3518.799316
19.210320 205.923767 3539.759033
53.041618 -86.613708 3457.243408
-357.975372 465.207520 3458.858887
-414.048584 209.642853 3467.250977
-395.302399 -52.592102 3374.478516
-182.467865 260.904205 3458.393555
-71.731171 54.034180 3445.909180
-53.683594 -48.304611 3037.546143
-11.058121 -164.145538 2647.012451
-265.209503 46.367004 3410.006836
-211.909851 -375.265533 3447.063965
-178.638840 -687.067810 3468.172119
-203.454163 666.122803 3490.243408
-195.705994 456.131653 3477.927246
-34.306313 462.049438 3508.712158
23.723469 194.277649 3562.056885
55.254166 -68.747070 3474.087158
-357.105682 450.213928 3447.142334
-416.295807 212.789825 3470.842529
-397.100586 -51.321075 3383.110352
-184.397858 244.191650 3459.381836
-76.478477 35.793900 3459.263672
-55.263069 -45.446045 3048.746582
-21.468479 -135.262070 2639.301270
-269.700958 28.709366 3422.409180
-218.789307 -393.366943 3459.464111
-186.128784 -707.677979 3480.502930
-200.917053 660.948425 3492.081543
-195.153091 451.131287 3479.117188
-33.484283 454.826508 3508.794434
12.614273 182.986511 3552.300781
41.829941 -83.067902 3473.077148
-356.821899 447.436096 3449.439941
-415.133423 204.406799 3471.939453
-404.467163 -61.121185 3391.796875
-186.895981 238.870071 3460.565430
-81.815483 28.821899 3459.787354
-55.975189 -24.441673 3039.910645
-23.236000 -82.499031 2611.985107
-275.462250 24.395782 3424.239990
-219.070984 -397.842255 3442.246338
-184.979156 -691.805786 3465.912109
-209.852249 665.780762 3510.464111
-201.301544 457.456116 3488.556885
-39.237289 463.340576 3515.478760
-2.602261 188.884186 3550.783691
24.360943 -79.634796 3479.471436
-363.365784 451.571716 3461.635010
-414.138489 197.248276 3470.979248
-424.792694 -68.773544 3391.912842
-189.422333 246.095673 3463.244629
-80.455894 38.260376 3454.060303
-50.834061 3.328979 3031.539795
-17.094715 -34.331287 2596.491699
-274.630341 31.210052 3421.804443
-213.136841 -390.407135 3442.825195
-177.804474 -680.925293 3461.100586
-210.963730 666.897827 3519.203125
-202.308060 459.477356 3492.348633
-40.369850 464.612976 3520.300537
-11.235891 188.476837 3548.847656
13.565557 -82.045380 3484.679932
-364.246246 454.341675 3464.396729
-412.554810 190.618469 3470.992188
-435.356567 -72.104156 3378.128662
-190.666931 248.431824 3463.682129
-82.032928 40.462311 3451.757324
-52.698227 6.390812 3031.105957
-20.723829 -29.709347 2595.815186
-276.018707 34.310303 3418.273926
-213.751373 -387.145050 3442.821289
-180.659515 -685.241943 3459.789795
-215.506454 671.306702 3525.072754
-205.526062 463.629944 3496.502197
-43.531120 468.752014 3524.220947
-20.344599 191.538696 3547.243896
2.404037 -80.610718 3489.519775
-367.520996 458.507874 3468.783447
-417.784546 187.803650 3460.544922
-440.589691 -74.426422 3368.725098
-193.698425 252.730103 3466.350586
-84.835457 44.898407 3452.802734
-54.349068 12.750454 3033.536865
-21.910069 -21.016319 2598.593750
-278.906128 38.762146 3419.595215
-216.139343 -382.915802 3439.742188
-184.013702 -682.220032 3468.965332
-216.633179 669.839478 3528.506104
-206.783936 461.959656 3498.589844
-45.156410 466.418945 3528.443848
-26.689091 188.515381 3546.976318
-5.873343 -84.955048 3495.058105
-368.411469 457.500366 3468.735840
-424.383087 189.404236 3459.257080
-444.769379 -76.231689 3375.842529
-195.299347 251.076691 3467.912598
-86.983780 42.865280 3455.120850
-70.461845 24.050991 3032.054932
-21.697968 -43.753376 2604.046143
-280.645752 37.522171 3419.349854
-222.217758 -384.351562 3446.615723
-185.794662 -679.568359 3465.039551
-216.259308 667.211853 3529.731934
-206.928726 459.882996 3499.436768
-45.442913 464.451782 3530.084961
-30.723791 186.106110 3544.981689
-11.715816 -88.436340 3498.291016
-368.414520 455.314209 3468.788574
-421.195618 186.199493 3462.562012
-447.245026 -74.818909 3368.423584
-195.227509 248.923462 3469.231201
-86.789101 40.700821 3457.385254
-67.996841 20.911057 3032.911133
-17.579170 -72.525581 2610.138428
-280.263489 35.227036 3420.666016
-221.563202 -386.858948 3444.752686
-181.658417 -691.457581 3473.945557
-216.491364 659.452576 3511.763916
-206.186951 450.786865 3492.941650
-44.669128 456.615143 3523.214111
-32.930130 177.986359 3535.175537
-15.603500 -97.425659 3493.188965
-367.704773 444.958588 3462.669189
-424.080170 188.092010 3459.250732
-448.516388 -76.187103 3375.525146
-194.388947 238.980865 3470.772217
-85.829178 30.666458 3466.738281
-66.103134 -7.020069 3043.116211
-12.427486 -119.714554 2626.838379
-279.352692 23.683273 3430.467285
-221.829773 -398.604919 3454.528076
-181.084412 -704.130249 3484.117188
-219.887085 664.927429 3501.867676
-204.575653 455.422638 3488.671143
-43.753693 466.725220 3520.543213
-34.386284 187.915222 3530.139893
-18.616299 -88.202057 3492.385010
-365.397614 444.120056 3456.799072
-433.050995 179.048828 3462.604736
-446.977081 -77.098358 3368.054199
-186.173767 243.739746 3470.885742
-71.370346 38.831955 3472.205566
-52.976646 -18.363804 3050.587402
5.751308 -145.170212 2634.731445
-264.173431 25.281754 3433.995117
-209.840302 -397.594604 3454.870361
-168.330643 -694.700806 3487.179932
-226.954391 670.277710 3514.877930
-207.839554 460.548279 3494.532227
-47.005234 473.801453 3525.795166
-39.526791 194.875427 3533.489990
-25.192530 -81.813568 3499.540771
-368.673889 447.295166 3463.269287
-428.546692 183.026184 3466.824707
-448.239594 -78.590820 3389.145508
-186.091980 249.591217 3472.080566
-68.014725 46.571945 3468.353271
-64.748863 -43.924500 3053.348145
-0.928074 -196.924149 2643.295898
-260.674072 30.696350 3430.904541
-223.615707 -393.602692 3453.795410
-181.287781 -690.231323 3480.180908
-229.973419 674.781433 3520.964355
-209.475372 465.458649 3496.796387
-48.567974 479.479553 3527.502197
-42.595364 200.479218 3533.668945
-29.580946 -76.673309 3503.141357
-370.382782 451.437744 3466.090576
-421.796234 188.997009 3468.444336
-442.575653 -75.970764 3397.934082
-186.567078 254.682205 3472.995605
-67.279099 52.303940 3467.586914
-65.032318 -90.612289 3070.286621
0.061287 -256.604187 2677.785156
-260.038483 35.507584 3430.802734
-226.816986 -389.050049 3457.401367
-187.193283 -684.003235 3478.561035
-229.737640 667.302490 3491.917969
-210.768875 458.129822 3483.395020
-49.334316 473.377075 3510.359375
-44.562725 194.329254 3515.299561
-32.758507 -83.198975 3487.848145
-372.203400 442.882538 3456.430664
-417.248505 191.910156 3470.702637
-426.085968 -78.136414 3421.275635
-188.724213 246.541779 3471.059570
-69.948410 44.089874 3474.881104
-68.170303 -137.153885 3093.175049
2.010071 -323.371033 2705.541504
-263.410706 25.817627 3442.567139
-232.411316 -398.556549 3475.133301
-192.259979 -692.598022 3484.084229
-232.224564 671.729797 3509.977051
-213.313629 463.782776 3487.774902
-51.450523 478.380676 3512.542480
-47.637421 199.302399 3516.499023
-36.940235 -78.530334 3491.812988
-375.176727 449.184875 3463.007324
-415.172089 191.985992 3477.845215
-427.964508 -80.235046 3430.451172
-191.320038 252.641724 3468.486572
-72.366318 50.245163 3464.034668
-66.417580 -160.567734 3096.854736
2.304726 -368.373383 2721.790771
-266.286591 32.756149 3434.361816
-232.972519 -391.943604 3459.793213
-191.472977 -681.093140 3467.926025
-235.042725 667.841797 3519.471924
-214.874008 463.170746 3489.000244
-52.964153 477.839905 3513.581299
-49.916382 198.742157 3516.749512
-40.229912 -79.337311 3494.549316
-376.783844 448.501587 3464.419189
-416.176575 195.854523 3479.235107
-415.322052 -77.111298 3429.141846
-192.121552 252.520142 3464.844971
-72.385437 50.656342 3455.413818
-66.266617 -201.988205 3117.312500
4.870293 -432.371094 2769.697266
-266.352783 33.082733 3425.965576
-238.017761 -389.783569 3471.985107
-188.801727 -688.659912 3468.165039
-237.980347 675.298462 3523.734619
-216.748901 471.492798 3488.935303
-54.797752 486.103943 3513.360107
-52.361313 206.993744 3515.896484
-43.595951 -71.285614 3495.931152
-378.700073 456.881714 3464.510498
-415.445465 193.419556 3476.712158
-409.231598 -80.992004 3431.149170
-193.725021 261.105530 3462.128906
-73.685539 59.470932 3449.954102
-67.018196 -233.035110 3146.990723
2.139641 -476.076508 2822.687988
-267.716705 41.965576 3420.690918
-234.594696 -379.712189 3475.332764
-189.218094 -681.606201 3469.999023
-235.228729 669.577820 3492.410400
-216.621994 463.906403 3473.518311
-53.913898 478.667114 3490.715088
-51.965855 199.548889 3492.745117
-44.038677 -78.892426 3474.788574
-379.330109 449.145691 3456.321533
-416.384308 201.057648 3477.378662
-406.625397 -74.557312 3437.942627
-195.759003 252.424286 3457.646973
-77.328186 49.793427 3452.087646
-70.498047 -282.906799 3196.740967
-7.919312 -547.620239 2889.684082
-272.463837 32.090912 3431.463623
-236.669540 -388.481201 3493.493896
-193.170898 -702.114563 3488.887695
-235.716248 674.048401 3476.711426
-215.629410 467.200195 3465.007568
-52.900070 482.827087 3482.005859
-51.342411 203.703796 3483.630615
-44.177017 -74.868744 3467.480225
-378.358734 451.573334 3448.009277
-415.300781 193.881927 3475.794434
-400.438782 -81.179077 3432.827148
-194.313034 255.296005 3455.748291
-75.555374 52.749069 3456.667480
-61.793488 -301.067749 3227.446777
-9.022049 -585.914551 2945.818359
-270.437958 34.034546 3436.310547
-231.468002 -388.011414 3483.949707
-187.012955 -689.319519 3484.853027
-234.770477 670.748230 3453.381104
-215.261032 462.886261 3452.827148
-52.532463 478.871674 3469.910645
-51.286789 199.745148 3471.210938
-44.812973 -78.933746 3456.684326
-377.989594 446.900848 3435.743652
-410.851959 199.637665 3475.157959
-388.435028 -75.436829 3435.349854
-194.420593 250.792511 3452.773438
-76.116882 48.272949 3462.951660
-69.210197 -325.330536 3265.433350
-21.058647 -631.918945 3021.406006
-271.043457 29.124588 3442.487793
-236.270111 -393.656982 3488.380615
-190.534851 -691.036621 3485.187012
-234.797104 668.149414 3442.308838
-214.060883 460.169586 3444.068359
-51.705364 476.582336 3464.016113
-50.709072 197.453705 3465.056641
-44.862556 -81.311340 3451.989746
-376.416382 443.756805 3424.120605
-407.933441 198.257690 3473.427246
-376.837128 -76.525665 3437.816650
-192.953690 247.970016 3446.871826
-74.578979 45.603378 3461.625977
-73.208176 -342.577576 3292.122559
-29.210629 -657.891907 3094.740967
-269.114044 25.937515 3437.724609
-226.275131 -396.509338 3479.911133
-188.031296 -689.249023 3476.738281
-234.647827 671.330566 3439.149414
-213.641708 463.450867 3438.529541
-51.298737 480.177155 3458.513428
-50.501930 201.047150 3459.345947
-45.223888 -77.787689 3447.591797
-375.984680 446.724579 3418.545654
-406.517120 197.949203 3472.560547
-368.273499 -75.988541 3436.900146
-191.942261 251.207733 3439.895508
-72.999199 48.983673 3453.231689
-81.478409 -350.279633 3310.318115
-35.754036 -678.237061 3165.651123
-267.486450 28.945526 3429.291260
-221.889481 -392.955292 3474.739746
-188.342590 -683.510986 3472.313477
-232.421509 672.196838 3437.072266
-212.760483 465.428223 3434.452881
-49.835487 480.945068 3449.527344
-49.198151 201.814270 3450.193604
-44.434845 -77.077057 3439.619873
-375.685486 449.911377 3419.378418
-401.998169 202.245346 3469.228516
-364.086975 -70.822647 3426.848145
-192.609238 252.986267 3435.334961
-74.812347 49.844009 3445.251465
-83.088882 -359.663452 3335.084229
-41.980190 -711.442993 3225.001221
-270.103638 31.244629 3427.182617
-224.168091 -387.982727 3490.503418
-194.070862 -677.962280 3480.227539
-227.098557 669.879639 3419.094727
-211.259827 463.016022 3423.366699
-47.761292 476.097229 3432.438232
-47.251484 196.965820 3432.971191
-42.953945 -81.971283 3423.458984
-374.758362 449.934814 3414.295166
-399.121155 204.823242 3463.246582
-365.795380 -69.882568 3428.611816
-194.678894 250.506577 3430.964844
-80.098434 45.837906 3444.000488
-88.515160 -371.137695 3366.417236
-61.317627 -710.155640 3298.216797
-276.097473 30.156372 3433.125488
-231.023468 -390.033508 3491.834961
-195.762756 -691.219421 3486.586182
-226.471039 682.384705 3425.059326
-207.639786 475.764404 3423.542236
-44.757595 489.955017 3439.014648
-44.349857 210.823242 3439.441162
-40.473534 -68.150970 3430.883545
-370.521973 461.573792 3408.069824
-397.372070 204.318878 3456.200684
-371.424255 -72.193298 3433.666992
-189.423569 263.247925 3426.686523
-73.601791 59.235046 3439.102539
-86.185928 -362.540710 3401.164062
-57.618217 -702.130066 3345.750000
-268.812927 42.227859 3420.559082
-217.064331 -378.405823 3469.478760
-179.752472 -685.566528 3473.219482
-222.869324 692.380798 3411.044189
-203.936768 484.049805 3416.715576
-41.330276 498.583221 3435.290283
-41.004162 219.451233 3435.631592
-37.508606 -59.553009 3427.932373
-366.543243 469.516388 3398.140869
-398.417328 216.514618 3448.085693
-374.878448 -60.907135 3436.818604
-185.793854 271.606750 3424.111328
-70.281952 67.866333 3442.629639
-88.683746 -354.329865 3451.315430
-72.326073 -718.098022 3375.810547
-265.019928 50.461060 3420.384521
-219.162323 -369.344238 3480.592529
-183.308792 -684.634338 3483.688477
-218.716095 687.357910 3406.988037
-198.885498 480.330902 3410.841309
-36.400684 495.473907 3430.527100
-36.139858 216.341797 3430.800049
-32.988182 -62.686737 3423.873047
-361.370300 465.187897 3391.155518
-400.868896 220.817917 3439.093018
-375.706909 -56.768051 3429.845947
-180.030640 267.910156 3418.616699
-63.871174 64.557861 3438.180908
-82.130478 -359.024261 3460.721436
-84.430046 -731.692993 3384.698486
-258.480377 46.420959 3414.603271
-200.999420 -372.502197 3470.769531
-200.559021 -733.799072 3490.903076
-213.174576 684.765137 3406.012939
-194.603561 477.809357 3407.137939
-32.110077 492.599426 3427.312500
-31.901409 213.467255 3427.531006
-29.060209 -65.580963 3421.298584
-357.097046 463.019287 3386.963379
-398.186523 219.560516 3432.866211
-370.114929 -57.291870 3414.887451
-176.074600 265.294403 3413.694580
-60.219063 61.638062 3432.334961
-87.872910 -359.837616 3478.987793
-87.268272 -723.603699 3403.247070
-254.872223 43.920837 3408.167480
-206.104370 -375.619690 3468.319092
-212.705826 -760.049866 3501.874756
-207.881378 680.349731 3402.009521
-187.670685 475.138580 3404.023438
-26.175865 491.075745 3429.852783
-26.008957 211.943481 3430.027588
-23.448116 -67.120728 3424.419922
-349.165527 459.201416 3378.194092
-398.203674 212.691681 3424.962646
-360.312897 -61.452942 3393.833740
-167.934067 262.758972 3411.665039
-51.397568 59.932098 3434.788574
-81.452133 -361.104156 3490.885498
-78.653946 -715.556152 3423.970459
-244.997314 40.826630 3403.824707
-207.017410 -379.882019 3463.612305
-200.973679 -766.869263 3544.435303
-197.217270 669.858215 3386.487305
-178.685272 464.791260 3395.165527
-17.263916 481.012451 3421.651855
-17.130365 201.880157 3421.791748
-14.822566 -77.197021 3416.746094
-340.106628 448.570068 3368.679199
-392.808136 211.319122 3411.679199
-359.155548 -63.750305 3381.308594
-159.583069 252.712540 3408.631836
-43.810875 50.348175 3437.959961
-81.176994 -369.399200 3501.880127
-88.569977 -725.008179 3434.924072
-237.150848 30.919495 3406.236328
-216.373123 -390.088928 3470.544189
-185.565826 -782.326782 3554.013428
-190.963211 668.867676 3392.225586
-173.283401 463.125000 3395.337646
-12.108877 478.537170 3423.839600
-12.002064 199.404846 3423.951416
-9.922715 -79.682861 3419.411377
-334.457947 447.712891 3366.835693
-386.832489 206.900681 3392.795654
-357.030334 -69.431107 3370.848877
-154.680267 250.782745 3404.961670
-39.529633 47.672714 3431.658936
-82.015701 -370.380981 3504.327637
-101.847168 -724.397217 3416.580322
-232.624619 29.208221 3397.512451
-225.154816 -392.821381 3458.147217
-165.023605 -772.652100 3579.723389
-184.342529 667.069214 3396.581787
-167.302887 461.545105 3394.437744
-6.611706 475.806458 3426.037354
-6.526289 196.674103 3426.126709
-4.653029 -82.422150 3422.041504
-327.994049 447.283752 3362.838135
-374.090393 198.605957 3383.255859
-354.394257 -78.488159 3359.845703
-149.841492 248.985123 3401.574219
-36.601635 44.925491 3427.545410
-71.754532 -372.940857 3505.775391
-113.655350 -719.100220 3427.328125
-228.158569 27.924789 3389.875977
-234.514755 -395.578064 3443.313721
-191.247986 -784.606934 3566.948486
-180.993240 678.594421 3397.777100
-164.785980 471.865570 3393.847900
-4.445833 485.323578 3427.575928
-4.377553 206.191193 3427.647461
-2.690235 -72.911926 3423.971436
-325.126129 458.407532 3360.119873
-365.260345 197.604218 3377.262695
-357.982727 -76.621979 3332.949707
-147.899261 259.175842 3398.436523
-35.197739 54.528259 3423.180176
-70.531380 -359.397675 3519.086914
-122.901169 -709.610352 3429.272461
-226.827347 38.443985 3382.870117
-230.502594 -384.398315 3455.508301
-162.868088 -764.255188 3589.060547
-176.101944 681.736450 3397.400391
-160.373489 474.823853 3393.031738
0.139089 487.384949 3426.378662
0.193643 208.252563 3426.436035
1.713304 -70.856171 3423.128174
-320.886078 462.262756 3359.684814
-362.055908 207.147491 3374.778809
-352.197968 -67.215057 3328.073975
-144.407578 262.022461 3396.339355
-32.405567 56.736481 3419.598633
-67.239716 -354.163879 3528.194336
-123.879623 -727.893188 3422.234863
-224.477768 41.705658 3379.695312
-225.821243 -378.125580 3462.141113
-182.192978 -764.957397 3585.996826
-170.577347 678.450806 3382.182617
-156.724808 471.398315 3385.192383
4.023901 483.665649 3417.541016
4.067492 204.533234 3417.586914
5.436016 -74.580048 3414.610352
-317.473511 459.130981 3352.843750
-359.509491 209.448547 3370.710449
-348.164734 -64.294739 3319.279785
-142.235840 258.699585 3393.853271
-31.507551 53.345245 3421.881104
-66.655190 -361.383362 3514.268311
-127.459671 -728.456177 3435.154785
-223.986191 38.656464 3383.147217
-223.269424 -379.599670 3470.791504
-193.459564 -769.103088 3592.810791
-166.704773 685.261169 3375.093750
-154.232361 476.995422 3382.778076
5.858895 488.948120 3418.238770
5.893635 209.815704 3418.275391
7.125848 -69.301239 3415.596680
-314.323608 465.042664 3347.317383
-354.869873 201.661713 3365.558838
-343.715454 -71.099304 3308.494629
-140.675171 264.284607 3393.270996
-31.225624 58.733322 3425.004395
-66.884216 -357.135071 3513.170166
-129.917053 -721.637695 3435.562256
-223.010330 44.414291 3382.523438
-219.248932 -371.726562 3478.276367
-198.108444 -769.985962 3565.189697
-161.764420 679.036438 3370.037598
-151.705658 471.442688 3378.720215
8.706287 482.025574 3413.202881
8.733922 202.893127 3413.232178
9.843366 -76.226746 3410.821777
-312.117615 460.859833 3344.237549
-352.476227 205.829407 3363.543457
-340.944305 -64.957458 3297.887207
-140.102692 258.643433 3390.052734
-32.418987 52.182907 3422.039062
-65.977249 -364.009888 3510.208496
-124.763306 -731.569336 3430.275635
-224.580475 39.505417 3380.731445
-221.619232 -373.969421 3486.664307
-202.871109 -777.134033 3550.812500
-158.265701 686.951233 3383.998779
-149.148468 478.763306 3382.853027
11.300668 487.117615 3417.764160
11.322613 207.985168 3417.787598
12.321450 -71.137085 3415.618408
-309.597595 470.408936 3347.941895
-350.915405 202.023926 3358.716797
-332.975616 -66.854553 3287.000977
-138.926117 265.741394 3386.848633
-32.586929 57.724167 3411.757568
-69.130043 -359.318542 3494.746338
-122.484940 -716.976074 3422.830322
-224.820587 47.714828 3369.930908
-217.800201 -363.564941 3483.678955
-198.617584 -770.027283 3523.050049
-155.127289 690.136169 3390.489502
-146.557861 482.399017 3384.522217
14.410698 489.890289 3417.145264
14.428118 210.757843 3417.164062
15.327363 -68.366302 3415.211914
-307.526428 474.907745 3351.899170
-350.576447 210.694366 3359.052490
-334.478271 -57.514587 3284.033936
-136.730316 269.276855 3384.970703
-30.469955 60.642548 3404.962891
-71.698532 -352.494202 3502.744141
-117.052032 -721.337952 3422.776855
-223.335571 51.666840 3365.875488
-211.224792 -357.605377 3486.173340
-203.236877 -764.724243 3529.363281
-153.816101 686.267029 3378.723145
-145.294800 478.992126 3378.446045
15.876363 486.908630 3410.016357
15.890156 207.776184 3410.031250
16.699707 -71.349518 3408.274414
-306.465973 471.075684 3346.875732
-350.020905 218.597641 3361.012207
-339.147430 -43.121872 3267.065674
-135.658234 265.884277 3382.688232
-29.475590 57.518600 3405.842041
-74.513779 -354.974121 3505.342041
-113.563812 -721.763062 3435.153320
-222.567749 48.034225 3368.018799
-205.358749 -359.564819 3493.316162
-199.071426 -715.956726 3519.840088
-154.608414 688.426819 3372.350342
-144.940964 479.408081 3375.129150
16.446457 488.031403 3405.402588
16.457338 208.898956 3405.414551
17.186131 -70.227966 3403.833740
-306.328369 470.784760 3344.855713
-348.824432 216.882309 3355.889893
-328.808624 -41.940384 3255.142578
-134.634949 266.330475 3380.882568
-27.647034 58.418823 3404.771729
-72.029846 -354.659790 3502.532715
-104.972511 -700.413208 3443.578613
-221.010834 48.086914 3368.500244
-212.252792 -356.881104 3502.520508
-195.366608 -682.615662 3510.345703
-153.784210 687.068787 3372.150635
-143.698883 479.131134 3373.866211
17.796608 488.569214 3403.334961
17.805143 209.436768 3403.344482
18.461246 -69.691223 3401.921875
-305.194366 469.693054 3344.397461
-348.403687 216.646683 3353.458496
-314.960510 -45.270645 3266.049316
-132.305710 266.088074 3379.661133
-24.165962 58.699066 3403.109863
-73.608597 -351.612946 3509.407715
-103.414940 -704.367920 3445.675049
-217.659119 47.390961 3367.802246
-202.391907 -360.549164 3491.662109
-206.842621 -727.238647 3515.958008
-154.507706 681.686096 3369.080322
-142.607864 473.963989 3372.886475
18.980061 484.100220 3401.624756
18.986698 204.967773 3401.632324
19.577250 -74.161133 3400.352051
-304.195770 463.827759 3344.148193
-347.932922 215.815247 3351.911621
-304.077087 -48.369934 3276.692871
-130.369492 260.971130 3379.197754
-21.328007 54.050613 3402.725342
-74.828049 -351.805847 3522.611084
-100.578682 -702.456543 3443.772949
-214.934235 41.905899 3368.292725
-209.267914 -369.451904 3480.711670
-201.732971 -754.398193 3530.099365
-151.124527 684.026367 3368.072266
-139.712753 475.402649 3371.792969
22.391621 485.435211 3397.321289
22.396812 206.302765 3397.327393
22.928301 -72.826782 3396.175049
-301.817108 465.370117 3346.264648
-347.414795 209.764023 3359.728760
-292.758484 -51.393021 3280.287354
-127.368774 262.383423 3377.124756
-17.893970 55.375580 3397.752930
-73.269882 -353.536682 3505.797607
-90.745850 -680.062012 3444.111084
-212.155624 43.352814 3367.160156
-210.406540 -369.036865 3476.587646
-209.162369 -764.967773 3528.185059
-149.548538 680.990662 3368.520996
-138.709015 472.134583 3371.943848
22.897331 482.259644 3400.379150
22.901340 203.127197 3400.384033
23.379704 -76.002869 3399.347168
-300.315369 462.009521 3343.508545
-344.816681 207.569687 3364.354004
-286.386780 -52.203232 3281.969238
-126.237617 259.109436 3376.917969
-16.945625 52.150345 3398.928223
-73.323311 -358.672913 3499.342773
-89.113403 -680.421509 3455.210938
-210.586792 40.018204 3364.855957
-215.275940 -373.701782 3469.218994
-189.016418 -768.377869 3547.676270
