-182.160034 676.974854 3426.474609
-168.274307 469.914246 3421.867676
-5.510682 479.198853 3443.007324
45.353596 191.485657 3442.312988
17.307941 -77.727173 3375.037354
-331.037933 460.629639 3400.728027
-363.598907 206.534302 3435.441406
-348.556000 -63.371613 3363.071289
-155.731949 256.937622 3418.838623
-45.671326 49.523758 3428.475098
-118.774925 -368.311279 3459.362549
-112.197525 -728.438477 3419.758789
-240.707855 38.398193 3403.144043
-221.973724 -385.734833 3444.576172
-160.970795 -769.070251 3556.313965
-182.682220 671.779846 3430.735596
-170.912613 465.862183 3425.048340
-7.928865 473.650513 3445.202637
43.572144 187.791016 3440.646240
14.860741 -80.351501 3369.178955
-333.896362 458.073853 3404.894043
-363.763153 205.005829 3437.921631
-348.703278 -63.595245 3360.872314
-160.178787 252.781006 3420.587891
-51.813385 44.365234 3428.200439
-119.060669 -375.773254 3441.163086
-113.562141 -725.726807 3418.716553
-247.076538 35.034424 3404.054443
-221.678162 -385.789795 3466.314209
-163.715805 -780.194397 3538.581299
-185.555344 671.640320 3432.874268
-174.391525 465.966675 3426.355957
-11.422847 473.330872 3446.925781
39.616158 185.341949 3452.005615
14.191208 -77.418060 3363.400391
-337.360168 458.602448 3405.786133
-363.173798 200.791199 3437.507080
-350.274689 -67.620056 3359.308594
-164.152924 252.841751 3421.539551
-56.292019 44.128204 3429.044922
-120.498505 -376.604218 3419.766357
-106.209259 -725.528809 3401.322998
-251.536636 35.305496 3404.401367
-224.460526 -385.513000 3468.472656
-146.979355 -781.395935 3521.898438
-187.174194 669.092346 3432.410889
-176.540436 462.133606 3428.203613
-13.731380 469.347961 3450.081543
36.808487 185.864075 3447.674805
16.060152 -79.384644 3364.729004
-339.349487 454.919250 3406.325684
-364.203156 200.936600 3438.962158
-351.847961 -69.679977 3369.110840
-166.583557 248.962967 3424.401367
-59.092350 40.114243 3433.705566
-117.991165 -381.703369 3417.535645
-104.706116 -721.677979 3379.892578
-254.161011 31.470413 3407.492676
-224.003403 -389.344910 3471.398926
-138.732025 -785.537231 3523.738770
-189.417831 674.223816 3432.129883
-176.330200 466.122528 3430.645752
-13.848391 475.224579 3454.109863
33.040535 185.695160 3452.953125
15.845644 -81.181091 3373.948730
-338.812012 457.020447 3407.181641
-364.744263 191.758514 3432.498779
-351.894348 -81.682373 3376.046875
-164.030243 253.063324 3428.121094
-54.382881 45.457428 3439.654541
-98.564621 -373.549805 3386.395508
-98.241196 -693.491638 3340.586426
-249.077698 34.550812 3411.538330
-209.160828 -386.167450 3470.234863
-143.619659 -780.342773 3552.561523
-191.470032 674.831116 3432.996826
-178.321060 467.536194 3433.720947
-15.988584 477.312805 3458.000732
38.105667 189.769653 3456.483643
15.114454 -77.526611 3380.190674
-340.653534 457.759552 3409.441162
-365.155243 198.892853 3434.578857
-351.364258 -75.591949 3382.789307
-165.313568 254.500092 3432.536133
-55.060551 47.320694 3445.896240
-104.872849 -371.122498 3385.526123
-94.631203 -702.550537 3260.561768
-249.551590 35.607300 3416.806396
-219.311127 -385.854126 3476.033447
-142.070587 -782.896729 3530.068115
-191.387466 670.958252 3433.929199
-181.237350 462.685242 3436.008545
-19.079937 470.747528 3461.966553
31.472725 189.904938 3462.084961
15.884480 -73.834595 3373.557861
-343.394745 454.622955 3410.050537
-365.353668 198.361786 3437.617188
-353.615479 -75.917664 3383.688232
-170.666321 249.520416 3436.178955
-62.943417 41.185867 3451.901367
-111.342651 -370.621948 3358.711426
-94.858002 -693.337769 3189.186035
-257.247192 31.525314 3420.797363
-226.879608 -391.729919 3463.198730
-150.684845 -788.356445 3528.527344
-193.016144 671.093079 3447.367188
-185.027771 463.366272 3442.591309
-22.309528 468.954102 3465.222656
27.865536 181.910889 3458.127441
18.978149 -82.514282 3370.199707
-347.746033 457.778442 3419.959961
-384.290741 201.484924 3439.881592
-355.017792 -72.224060 3393.178223
-176.919022 250.249847 3436.909668
-71.304054 40.481842 3444.789551
-112.358871 -361.794800 3316.241211
-88.840637 -661.812256 3084.496094
-266.316467 33.785004 3417.666504
-224.894135 -389.046844 3455.207031
-158.810486 -789.010376 3513.932129
-193.092255 675.425659 3457.164062
-187.155151 467.170044 3450.545410
-24.157207 470.895264 3471.598633
27.230694 177.098785 3467.124512
20.231842 -84.590149 3371.121582
-350.153107 463.444885 3429.492188
-395.247681 206.722748 3451.476807
-366.315491 -64.397705 3391.290283
-181.248932 254.026123 3442.532471
-77.701477 43.113693 3447.131104
-110.461021 -347.973938 3286.253174
-80.560730 -616.945679 3021.136230
-272.983948 38.650665 3421.907959
-224.774704 -384.263885 3449.329834
-151.485077 -775.579224 3541.117188
-195.245941 684.447388 3459.055420
-189.885773 473.521149 3454.651855
-27.020580 476.701965 3476.942139
26.065060 181.025330 3471.576904
18.465794 -76.724152 3365.635498
-352.750977 470.340332 3432.361572
-400.360779 212.195679 3451.831787
-378.999878 -61.523743 3400.454590
-184.642731 260.317261 3446.767578
-81.841194 49.018738 3452.235596
-105.493568 -319.650848 3247.148193
-73.237785 -568.391357 2954.984863
-276.958191 45.208008 3425.531006
-211.754852 -375.555573 3447.270508
-161.856216 -768.859741 3546.880615
-197.360565 679.051147 3460.483154
-191.807755 468.669861 3458.344238
-29.153120 472.319519 3482.112061
25.173075 188.716431 3481.842285
19.412767 -63.033340 3362.715576
-354.462372 465.020233 3434.576416
-404.129547 217.857330 3458.162842
-388.096558 -55.764130 3403.215088
-186.033005 255.425171 3451.569336
-82.818871 44.366806 3459.032715
-97.917046 -298.295288 3213.364990
-68.544121 -522.805237 2887.250244
-277.697632 39.994125 3430.556152
-204.319031 -379.910645 3441.527832
-160.409271 -772.285706 3550.139648
-199.752380 685.274780 3477.198730
-193.563629 474.721558 3467.427979
-30.938889 478.577698 3491.443848
25.160137 186.507690 3488.920166
22.284460 -60.748810 3360.470947
-356.188354 470.865417 3443.412109
-406.532715 209.448761 3457.779053
-393.094360 -65.826935 3410.643799
-186.614166 261.872955 3454.545898
-82.245003 51.334366 3456.050537
-97.713600 -240.994736 3157.548340
-65.700272 -451.108582 2823.759521
-277.084412 46.714371 3427.277100
-196.916794 -372.111877 3439.398193
-174.712173 -720.815735 3503.277100
-200.363098 672.864197 3486.566895
-194.070297 462.497498 3471.646240
-31.816221 466.247375 3497.996582
24.719389 191.022980 3493.661377
23.218023 -57.204483 3366.557861
-356.324341 458.747620 3445.295898
-409.140625 212.937408 3469.894287
-398.886536 -61.812225 3418.463135
-186.314789 250.008820 3454.130127
-81.348442 39.766800 3452.401123
-95.090302 -211.913818 3117.696777
-64.247757 -400.102844 2760.711914
-275.770142 35.273483 3420.826904
-202.267212 -384.650940 3438.325928
-177.847504 -723.210510 3481.822754
-200.551010 663.846130 3474.248047
-194.451294 453.340881 3466.701904
-32.369747 458.704468 3493.832764
25.418125 180.916656 3492.678711
27.933819 -73.597870 3379.491455
-356.532837 447.977356 3439.571045
-410.150024 201.724030 3474.625732
-401.997406 -73.093903 3422.665771
-185.082870 240.635559 3452.784668
-78.614441 31.143433 3455.121094
-87.936935 -160.312897 3084.665039
-63.861526 -327.375275 2715.893311
-272.814484 24.717010 3422.613770
-207.099396 -396.278290 3445.105225
-179.666611 -713.957031 3480.407959
-203.713089 671.032593 3500.582520
-196.758957 462.165619 3480.549561
-34.432358 466.986511 3506.306885
25.534782 174.262054 3503.058105
30.092089 -83.027313 3395.873291
-359.085571 457.344727 3454.792236
-410.734955 192.265350 3477.942139
-400.045135 -81.694702 3421.986084
-186.697937 250.560486 3456.749023
-79.391556 41.843414 3448.378906
-89.063034 -90.574081 3052.933105
-64.069489 -232.177109 2664.857422
-273.882263 36.067291 3417.518066
-216.236282 -386.241211 3437.948975
-184.362061 -685.348694 3470.212402
-204.822510 660.513062 3498.760254
-196.773117 452.370758 3479.495117
-34.824318 457.719849 3507.395752
34.183006 179.436646 3540.379150
27.596638 -67.110825 3412.631104
-358.721924 447.021667 3451.594482
-411.420563 199.302567 3481.583252
-402.451965 -74.688797 3425.262939
-185.661011 240.694656 3455.577637
-77.523666 32.223251 3448.375732
-75.681732 -69.176384 3044.617920
-56.240181 -176.576416 2636.303711
-271.574127 25.813858 3414.944580
-219.677856 -397.074890 3439.260010
-180.296021 -704.581177 3468.574951
-202.685852 655.914124 3496.839355
-194.741165 447.674988 3479.602295
-33.166035 452.895203 3509.603516
37.552959 176.204681 3550.694580
26.029591 -67.695908 3417.105957
-356.316284 442.454712 3449.601074
-411.837463 189.777069 3483.415039
-401.223999 -84.742828 3429.995605
-183.610306 235.838226 3456.515625
-75.680779 27.128906 3451.402588
-70.428482 -36.706966 3037.422852
-56.203121 -104.068466 2612.680908
-269.278107 20.874054 3415.455322
-222.048340 -402.852539 3434.395996
-181.005356 -702.104980 3470.070557
-202.378754 657.367737 3496.378418
-194.672485 448.034027 3480.067871
-33.293575 453.388489 3511.134033
38.862301 164.124603 3554.841553
26.591032 -80.225235 3421.303711
-356.051361 442.679565 3449.001709
-412.369568 185.319855 3487.393311
-400.781067 -88.259613 3429.602295
-183.256241 236.143692 3457.284912
-75.165535 27.460953 3453.112061
-69.391174 -5.692337 3028.865234
-59.004356 -40.657864 2590.547119
-268.514496 21.045761 3415.891846
-220.247986 -402.416565 3438.809570
-183.879578 -687.908081 3468.214111
-201.293045 660.551392 3496.650879
-194.316650 450.888092 3481.669922
-32.578506 455.991333 3510.835938
35.469238 170.402618 3551.914551
25.788990 -79.075958 3428.049805
-356.054779 445.784851 3452.503906
-412.948914 185.702698 3491.388672
-400.541992 -86.985382 3429.684570
-183.708160 238.830444 3459.945801
-76.202705 29.830139 3455.695068
-70.460976 20.167534 3024.261475
-62.298847 9.875374 2577.020020
-269.996643 23.715454 3420.748291
-224.503036 -400.398315 3432.034668
-182.287918 -691.871338 3474.238770
-202.792892 655.476807 3497.295654
-194.304489 447.451843 3480.778564
-32.490952 453.626892 3509.342285
17.845131 181.080536 3542.502930
11.624804 -74.188812 3429.747803
-356.118042 441.276794 3452.214844
-413.135529 188.455002 3492.290283
-401.435638 -85.668228 3437.454590
-182.143738 235.621338 3457.682617
-73.045685 27.490128 3451.698242
-66.687073 32.414864 3016.058105
-58.978745 37.415062 2563.717285
-266.920288 20.091568 3417.475098
-214.627014 -403.254578 3429.940430
-179.342957 -694.897400 3467.425537
-201.260284 658.485535 3496.059570
-192.691803 448.762451 3479.237305
-30.890759 454.734314 3507.954834
8.696178 179.835327 3535.852539
5.145751 -79.866333 3433.591553
-354.492859 442.790588 3450.519775
-412.665436 183.761780 3487.911133
-401.086456 -91.176300 3437.131348
-180.886932 236.831787 3456.797363
-72.153305 28.478622 3451.561035
-67.279472 42.426590 3015.670166
-61.663002 56.871716 2562.705811
-266.010834 21.323624 3417.153809
-220.051910 -402.836426 3427.792236
-181.281250 -684.906494 3470.526123
-199.295761 659.221985 3495.979492
-191.681992 449.044067 3479.359375
-29.839325 454.259155 3508.000977
1.348194 177.843689 3531.167480
-0.177406 -85.482819 3438.584229
-353.524658 443.828979 3450.717773
-411.918762 184.751556 3482.747559
-401.427063 -91.553009 3440.295898
-180.938324 237.018463 3457.257080
-73.238007 28.117096 3452.313477
-68.546295 42.076439 3016.154785
-63.393066 56.563770 2562.731201
-267.151306 21.868591 3417.996094
-222.762344 -402.492493 3429.724609
-182.259491 -684.521484 3469.310547
-199.486069 660.527466 3511.960693
-191.047165 453.343567 3484.745361
-29.834175 457.399017 3516.721924
-5.215624 180.008545 3535.782959
-5.229832 -86.277008 3452.075928
-352.260132 449.288116 3452.768799
-411.856323 185.501923 3482.657471
-401.234985 -90.766388 3439.440918
-179.699997 242.555450 3454.270996
-71.750801 34.197433 3442.957764
-66.402847 40.001987 3007.220459
-60.704056 46.023529 2554.144287
-264.954865 29.337234 3404.635498
-220.977051 -395.038086 3418.344238
-178.903641 -677.551147 3451.388184
-199.668213 654.246033 3504.434082
-191.629044 447.646637 3480.353760
-30.607576 452.409729 3513.268555
-11.136362 174.393402 3528.846924
-10.044987 -94.304047 3453.247070
-352.650543 442.883545 3447.438965
-412.217682 191.940125 3483.448730
-399.369507 -84.663330 3442.920410
-179.698059 236.452972 3452.548340
-71.310852 28.112518 3444.459717
-64.685959 13.807666 3017.133301
-57.727608 -1.076975 2572.759277
-264.223297 22.406097 3405.026123
-223.845764 -401.656586 3430.142334
-182.426270 -701.984741 3470.733643
-198.660446 649.129639 3469.194824
-191.620850 440.694946 3466.185791
-30.021584 447.315125 3495.577393
-14.593551 168.897552 3508.246826
-12.715234 -101.763519 3440.027100
-353.220123 434.074707 3436.794189
-411.466888 186.398956 3478.038818
-395.819275 -89.393829 3433.286621
-180.733429 228.501251 3454.120117
-73.012596 20.274536 3459.666504
-82.601379 0.031002 3033.342041
-54.797585 -47.836632 2597.347656
-266.679413 12.340607 3424.442383
-228.115311 -412.017181 3448.938232
-186.003983 -711.091309 3497.097900
-202.349579 660.090698 3483.559570
-194.964371 451.989868 3471.668213
-33.365757 458.049988 3501.349609
-21.121559 179.375305 3511.614990
-18.704468 -92.882782 3450.096191
-356.562988 445.929718 3441.986816
-410.804504 178.748688 3472.933350
-400.612671 -98.113190 3434.079834
-183.822052 239.922546 3454.302979
-75.885681 31.485138 3454.716309
-87.036087 11.315985 3028.431152
-51.084061 -88.215347 2599.150146
-269.473755 24.225342 3419.159180
-229.057404 -400.202087 3439.566406
-184.263947 -684.717163 3475.004395
-202.825699 671.505005 3489.266846
-195.237808 462.473389 3472.676270
-33.728001 468.260620 3502.970215
-23.996944 189.421295 3511.264648
-21.232727 -84.134705 3455.817871
-356.747620 456.686157 3442.382324
-411.041962 189.050720 3473.710449
-399.509033 -86.766357 3428.358154
-184.144379 250.319550 3454.061523
-76.301132 41.632446 3453.593750
-90.294846 -24.049614 3034.536865
-45.055305 -153.065277 2624.926270
-269.800751 34.698975 3417.299805
-234.814499 -388.693420 3454.849854
-182.537949 -682.327881 3475.784912
-202.193024 685.366089 3509.124268
-193.645782 478.418396 3480.276367
-31.969242 483.385742 3509.845703
-24.226326 204.440979 3516.532959
-21.261675 -70.169159 3466.579102
-355.322327 473.451050 3450.707031
-411.109650 199.146576 3473.848633
-399.093170 -76.018127 3424.522705
-182.372284 267.106812 3454.134277
-74.243500 58.771011 3445.706055
-86.018478 -55.052811 3038.740234
-38.766972 -211.467850 2652.120850
-267.954071 52.819473 3410.278320
-235.807770 -370.008850 3456.823486
-180.760925 -678.275818 3468.269531
-223.720459 676.914124 3479.321533
-203.267929 470.526062 3462.038330
-41.951614 485.439880 3488.199707
-35.784477 206.427551 3493.582520
-32.730217 -69.038269 3448.592041
-364.584259 455.612244 3435.876953
-410.226807 215.009262 3468.084473
-395.399902 -61.019608 3424.893555
-181.186432 259.453705 3446.205566
-62.559975 57.307007 3446.030029
-79.875938 -112.069641 3061.484131
-24.713821 -291.273743 2694.835205
-255.649887 39.455688 3414.715576
-224.488922 -382.746338 3457.942383
-173.554993 -704.435608 3477.178955
-209.696838 676.088928 3456.574219
-196.883331 466.861389 3452.534180
-35.476410 478.387451 3480.567139
-30.560320 199.331940 3484.894287
-27.499004 -76.828217 3444.383789
-358.290253 455.335327 3424.501221
-409.709503 196.321533 3465.491211
-395.414124 -77.467896 3410.634277
-180.653259 254.743652 3446.300049
-67.927910 49.516632 3456.825195
-94.472603 -166.306595 3097.081543
-42.822948 -364.688232 2748.290283
-260.918457 35.735199 3423.306641
-234.989319 -387.673004 3464.444336
-194.218140 -693.814697 3482.004639
-201.292648 676.959167 3443.275146
-193.675171 466.565613 3446.352783
-31.767601 475.150879 3472.959717
-27.846106 196.067749 3476.434570
-24.838064 -80.655609 3439.964844
-355.582733 457.980408 3419.745850
-408.880554 198.055084 3460.430420
-396.138336 -76.392822 3407.776367
-182.336258 253.865662 3445.985352
-74.112770 46.303055 3461.539307
-97.049095 -201.099716 3120.386719
-42.988548 -420.189392 2780.411621
-267.881927 36.028336 3429.696533
-239.048126 -387.942688 3466.191162
-193.729202 -692.207764 3481.699463
-197.878128 675.156860 3436.085693
-192.295319 465.749664 3441.566406
-30.488171 472.990082 3469.521484
-27.358309 193.889160 3472.309814
-24.446383 -83.290833 3439.482422
-354.102478 458.509247 3413.611328
-409.032806 200.082611 3460.156250
-395.088867 -71.414673 3395.075684
-183.192047 252.761322 3444.040039
-77.222656 44.107483 3463.249023
-99.311905 -238.592804 3150.654297
-42.040958 -480.168457 2840.504395
-270.954895 35.438492 3429.778320
-233.030182 -388.391418 3459.515137
-189.469849 -697.354370 3488.739258
-200.080795 679.482910 3449.540039
-192.676102 470.844696 3445.237061
-31.156322 477.928802 3475.014648
-28.657190 198.816559 3477.250732
-25.870811 -78.733765 3447.705078
-354.195892 463.760620 3415.459473
-408.711426 201.179810 3456.848145
-394.788483 -69.809601 3388.950439
-182.747055 257.850586 3442.051270
-76.089424 49.098907 3456.698242
-90.249130 -260.971680 3169.686035
-41.337791 -525.502075 2893.353516
-269.546600 40.614059 3421.032715
-221.462769 -381.409058 3459.758057
-187.269119 -679.197754 3480.104004
-214.782318 677.620667 3432.996338
-199.189789 469.794556 3433.336914
-38.353695 482.948822 3464.223877
-36.357433 203.829376 3466.016113
-33.715717 -74.021149 3439.426270
-360.025879 456.640259 3402.449951
-407.981995 204.839233 3450.410400
-390.911011 -63.250610 3372.817139
-181.994049 257.303833 3434.291016
-68.398514 52.697357 3453.757812
-87.838623 -294.026794 3217.164062
-36.577404 -576.635132 2951.005615
-261.198120 36.928879 3416.732422
-214.650131 -384.138000 3466.638672
-181.519745 -692.887939 3482.614746
-207.053146 687.295654 3447.471436
-193.534882 480.236053 3438.008789
-32.495041 490.509735 3469.170654
-30.899979 211.385620 3470.606689
-28.414074 -66.708160 3446.678223
-354.574738 469.962372 3406.846924
-406.821198 199.441895 3443.439453
-389.028473 -66.742126 3359.453369
-178.979797 267.576874 3432.901367
-67.979073 61.070526 3446.456543
-95.614227 -307.821838 3244.436035
-49.641323 -610.241272 3018.182617
-260.870361 48.764862 3409.131348
-218.129578 -371.796143 3466.827881
-189.649734 -674.266235 3478.297119
-200.529877 693.120483 3438.753174
-191.021912 485.170227 3432.583008
-29.163406 493.235718 3459.833008
-27.888618 214.108643 3460.983154
-25.563715 -64.182343 3439.450684
-352.880402 477.104797 3405.333008
-406.494965 211.238495 3438.695801
-390.960968 -57.003265 3360.939209
-180.025238 272.178894 3430.306641
-72.055115 64.019760 3444.356445
-102.515366 -325.665100 3287.107666
-61.170990 -644.361267 3095.153076
-266.002014 54.355331 3411.704102
-220.317749 -364.894836 3476.651611
-195.069031 -672.957153 3487.510498
-199.135529 694.235718 3433.868652
-191.442230 487.076294 3427.675293
-29.025414 493.781342 3451.943359
-28.006361 214.652374 3452.864502
-25.843042 -63.798340 3433.488525
-353.859039 480.371246 3403.407227
-405.722015 218.189819 3433.315918
-388.671722 -53.087128 3368.159424
-182.413910 273.912903 3426.147217
-76.098167 64.765839 3439.155762
-101.355652 -338.348907 3314.872070
-67.102943 -675.890869 3153.876953
-270.673035 56.733185 3410.082520
-218.577087 -361.631775 3476.239258
-192.698608 -675.416748 3485.314209
-198.049255 693.793945 3432.415527
-191.684494 487.441284 3424.878174
-29.098248 492.841766 3448.591553
-28.283539 213.711548 3449.329102
-26.279259 -64.868622 3431.893799
-354.270721 482.040802 3401.164795
-403.863190 223.005951 3425.731445
-387.975067 -50.977570 3373.279541
-184.327789 274.176331 3423.007324
-79.591194 64.145966 3435.339355
-98.746254 -348.558624 3342.587891
-75.050240 -688.436279 3216.197754
-274.351013 57.676788 3406.933594
-220.139801 -359.729218 3477.594482
-193.185669 -677.955933 3479.310303
-195.078949 695.269043 3431.693604
-189.569336 489.577606 3421.725342
-26.722044 493.816803 3443.933105
-26.070665 214.685791 3444.523438
-24.220383 -63.999207 3428.834717
-352.416626 485.338409 3399.517578
-403.428955 212.012787 3426.385742
-381.561157 -62.161987 3374.306152
-183.610931 276.262146 3418.752197
-80.101479 65.486115 3429.082275
-93.271591 -353.829803 3368.697754
-78.325203 -692.578918 3273.236328
-275.203583 60.407257 3402.475830
-211.708511 -354.258759 3480.441162
-190.112183 -677.708923 3475.771484
-195.271729 694.442383 3430.381592
-187.844955 489.458954 3419.193359
-24.990162 493.756714 3441.469238
-24.469389 214.625183 3441.941650
-22.766516 -64.144775 3427.824463
-350.699768 485.161194 3396.917480
-400.643585 216.624390 3429.546875
-372.740112 -57.368225 3378.002930
-181.715729 276.142700 3415.539551
-78.033264 65.400879 3425.229492
-93.234787 -357.312103 3404.833008
-80.339233 -703.550293 3323.377197
-273.139709 60.252014 3398.541992
-212.003693 -353.864319 3481.566162
-185.573318 -686.868530 3475.171143
-191.179825 684.547485 3414.660889
-184.046692 479.846405 3410.282471
-20.959087 484.517151 3430.685547
-20.542747 205.385315 3431.063721
-18.979713 -73.453491 3418.360596
-347.134277 475.175659 3389.879395
-394.193604 220.849045 3423.702148
-367.781311 -53.244247 3370.900391
-178.220398 266.573914 3412.534180
-74.689285 56.099640 3427.009277
-96.609543 -366.408234 3444.609131
-79.851646 -722.529053 3365.835693
-270.098938 50.503204 3402.562500
-215.719589 -364.618073 3485.371582
-175.755249 -704.106750 3488.009033
-188.476517 679.040833 3405.803711
-180.652222 475.044983 3404.586182
-18.076025 480.323486 3428.414062
-17.743090 201.191467 3428.716553
-16.311741 -77.703064 3417.285889
-343.228424 469.766541 3380.758301
-389.739777 212.365662 3421.286377
-365.523224 -62.865906 3373.317383
-174.504257 261.811829 3409.875488
-70.942833 51.741440 3429.442139
-95.527893 -371.823181 3455.597168
-83.879539 -725.457886 3388.467773
-265.769745 45.415878 3400.887451
-217.472626 -371.822510 3476.239014
-169.108887 -699.784058 3490.320801
-186.275482 675.865356 3401.880615
-176.666534 471.888977 3400.081299
-14.163167 478.531616 3424.188232
-13.896899 199.399475 3424.430420
-12.588736 -79.540222 3414.144775
-339.169922 465.246338 3375.974365
-384.726166 209.049255 3417.129395
-362.822723 -68.242065 3384.412354
-168.689301 258.683594 3405.055664
-63.369175 49.457260 3424.470459
-84.253799 -373.338135 3468.569580
-97.191856 -735.846558 3390.054932
-258.054962 41.499115 3395.589600
-215.424988 -375.780853 3474.274658
-159.986984 -694.750916 3498.193359
-183.358505 677.451416 3400.422607
-173.359360 472.766541 3398.468506
-11.253206 479.861755 3424.975586
-11.040278 200.729523 3425.169434
-9.846682 -78.246704 3415.913818
-335.465515 465.671265 3371.961426
-372.640625 200.674866 3419.194824
-353.090942 -75.672272 3377.422852
-164.745438 259.554321 3402.860596
-59.013649 50.592880 3423.133057
-86.908363 -370.927429 3478.447754
-98.357948 -757.362976 3438.153564
-253.249390 42.091354 3391.372314
-204.893951 -374.392334 3471.118896
-197.658630 -733.746338 3525.007080
-179.393524 679.644409 3401.191895
-168.864288 473.405090 3397.331055
-6.397285 480.240509 3421.611084
-6.227032 201.108246 3421.766113
-5.139566 -77.897644 3413.437500
-331.331329 466.569641 3373.051025
-366.295807 199.016144 3414.281494
-348.219574 -77.126801 3369.374756
-160.289322 260.158478 3399.986816
-54.383209 51.006866 3417.188232
-73.650276 -363.911743 3506.923584
-105.221519 -748.331543 3420.800049
-249.045486 42.816864 3388.096924
-208.791153 -372.873016 3475.609863
-190.902512 -753.039795 3544.092773
-174.345245 674.819702 3399.072021
-165.196808 467.584229 3394.803467
-2.239375 474.232300 3415.391602
-2.103263 195.099976 3415.515625
-1.113876 -83.929993 3408.020996
-328.154236 460.936127 3374.215332
-363.006134 199.115601 3410.839844
-345.929871 -76.562500 3362.285156
-156.861038 254.322205 3397.688965
-50.884106 45.043625 3412.910400
-71.545990 -361.950500 3532.790771
-114.416168 -743.341370 3421.082764
-246.166428 37.076782 3388.238525
-219.645798 -378.105438 3482.324219
-161.772217 -764.661255 3550.177002
-166.195358 675.103516 3400.496826
-156.262604 467.560242 3394.982910
5.848038 473.371704 3421.180664
5.956814 194.239349 3421.280029
6.855876 -84.810028 3414.535645
-318.373230 461.748840 3368.785156
-358.947357 193.400787 3411.964600
-346.410248 -80.271240 3352.832275
-148.781021 254.254669 3396.004395
-44.139297 44.432114 3412.727295
-72.041870 -365.913269 3522.343506
-103.481552 -760.682861 3447.024414
-238.459579 37.466034 3381.324463
-209.883728 -376.748718 3479.697510
-168.377136 -771.382568 3551.346924
-163.344147 678.793945 3384.694824
-151.610626 470.370728 3389.832764
10.977558 478.921570 3411.937012
11.064473 199.789185 3412.016357
11.880596 -79.275940 3405.947266
-314.198822 461.819855 3367.728516
-356.002472 199.337830 3417.693848
-343.800995 -71.844910 3348.162354
-141.589600 257.486633 3398.475586
-34.158108 49.725571 3420.361572
-58.432571 -359.194336 3537.964355
-106.132011 -746.728516 3443.260498
-228.979034 39.479538 3393.875244
-220.430588 -371.904358 3504.712646
-160.452148 -769.104980 3565.699951
-160.259048 683.581665 3390.833740
-146.878738 475.746521 3391.595703
15.416233 484.765564 3415.947510
15.485645 205.633179 3416.010986
16.225834 -73.444733 3410.549561
-309.173676 466.727478 3367.243896
-353.642242 200.384430 3413.555176
-339.899109 -71.401428 3346.015625
-135.778351 262.752350 3396.501465
-27.480503 55.159653 3415.991455
-58.854321 -350.452515 3543.570801
-116.492668 -737.038086 3425.002686
-221.875427 44.356735 3386.822998
-208.386505 -368.325623 3493.551758
-177.978622 -772.151611 3521.307129
-157.107040 688.131104 3394.893066
-144.866867 480.528656 3392.192383
17.789238 489.833740 3414.062012
17.844624 210.701324 3414.112793
18.515402 -68.386902 3409.197998
-307.522949 471.223572 3370.322754
-353.324432 205.013184 3410.843506
-327.812561 -64.872070 3339.924561
-132.965485 267.494080 3394.317383
-23.633163 60.033234 3409.542236
-54.119286 -340.015717 3553.574707
-119.797096 -739.853760 3409.218018
-218.495041 48.885773 3383.342529
-212.423477 -359.211670 3506.396484
-198.008438 -766.152710 3510.885254
-152.662674 684.518494 3395.931152
-141.136993 478.802246 3391.442383
22.013176 487.589569 3409.352539
22.057333 208.457153 3409.393311
22.664822 -70.639435 3404.970459
-304.287170 470.014923 3373.532227
-353.087738 208.390198 3408.578369
-310.706085 -59.208527 3338.389404
-129.709717 265.700378 3391.901855
-20.530655 57.863434 3403.092285
-53.686371 -342.324524 3547.055420
-126.194344 -743.041748 3401.879883
-216.034210 47.333588 3381.630371
-221.688293 -362.255646 3500.080566
-180.407639 -765.853760 3532.543945
-148.629669 685.032349 3397.441650
-137.029404 479.288513 3392.345215
25.796387 487.672546 3413.259033
25.831541 208.540100 3413.291504
26.381380 -70.563263 3409.311279
-299.855194 470.904419 3371.431396
-348.828003 203.636414 3403.965332
-299.290710 -62.152313 3330.703613
-125.983109 266.146851 3391.789062
-17.397133 58.027634 3403.761230
-62.523117 -346.030640 3531.833984
-107.608414 -749.219238 3429.125488
-212.476501 47.982773 3378.704590
-215.656464 -362.407227 3495.315430
-177.322693 -767.815430 3530.402344
-143.250977 681.138550 3397.698486
-131.759918 474.957336 3392.114258
31.478220 482.985626 3409.679932
31.506187 203.853180 3409.706055
32.003536 -75.255737 3406.124023
-294.998077 466.929047 3374.548584
-342.684357 199.655945 3401.164062
-291.347198 -65.787567 3327.032471
-121.273514 261.775421 3392.097168
-12.992891 53.403168 3402.603516
-52.356102 -350.627655 3533.541016
-112.990295 -751.313721 3425.074707
-208.581314 43.783844 3381.556641
-218.770706 -366.340118 3498.962158
-164.783890 -768.711365 3548.844727
-142.755615 683.010864 3397.328857
-131.846207 477.028503 3392.686035
31.655983 484.975128 3407.816895
31.678162 205.842682 3407.837646
32.127674 -73.270721 3404.614258
-295.348419 469.081909 3377.555176
-336.241699 195.080231 3402.947021
-288.191956 -69.125275 3322.377197
-121.458054 263.835114 3392.400391
-13.127610 55.401978 3401.178711
-61.248890 -345.751068 3538.048340
-122.834496 -732.343323 3417.183105
-209.012177 45.881470 3383.050781
-218.698044 -367.572662 3487.734863
-171.407120 -770.869751 3542.074219
-140.585800 683.148621 3399.154785
-130.806137 476.847412 3392.946289
32.891052 484.112549 3406.393799
32.908623 204.980103 3406.410400
33.314747 -74.136871 3403.509521
-294.503326 469.582275 3379.498779
-329.295685 192.985352 3384.619873
-287.710297 -77.204071 3326.865723
-121.183060 263.631042 3390.996094
-13.500818 54.766678 3397.101318
-60.754601 -351.243530 3518.656494
-118.230957 -726.807617 3421.217285
-209.619141 46.062637 3380.990479
-215.858780 -367.074097 3487.699463
-190.584152 -773.728882 3524.617432
-139.481369 675.364990 3400.556396
-130.157700 470.041077 3392.787842
33.735767 476.998657 3403.774902
33.749660 197.866211 3403.788330
34.116470 -81.253693 3401.177734
-294.051178 463.083496 3381.800781
-325.924927 192.244110 3375.380859
-286.988922 -79.620209 3321.080078
-120.937759 256.808014 3390.284668
-13.531063 47.743164 3394.363770
-65.125450 -355.739838 3522.884766
-103.459450 -725.115479 3428.891602
-209.904572 39.406738 3381.199219
-214.799942 -373.766144 3488.164307
-196.537796 -780.735352 3531.594727
-136.674927 679.080750 3397.763672
-129.592911 473.191101 3390.901123
34.487488 478.911926 3399.495361
34.498470 199.779480 3399.506104
34.829590 -79.342804 3397.156738
-293.673340 467.470276 3382.306885
-322.225281 183.429169 3370.869141
-285.987000 -88.804138 3315.044434
-122.062164 259.888947 3389.110840
-16.230782 50.014130 3392.469482
-69.515556 -350.251617 3530.182373
-98.406441 -708.276978 3437.409180
-212.832047 43.159454 3382.171631
-222.174042 -372.831116 3476.458984
-169.988937 -759.745117 3579.569824
-135.618881 681.911377 3399.375977
-129.673828 475.220459 3391.039307
34.452248 480.114136 3399.623779
34.460865 200.981689 3399.632324
34.759659 -78.142578 3397.517822
-293.799896 470.326782 3382.454834
-326.489136 193.850067 3367.603271
-286.569641 -79.009216 3317.159424
-123.180130 261.889923 3388.498047
-18.371658 51.490768 3391.099121
-62.286324 -350.726929 3526.484375
-116.502914 -720.297119 3432.766113
-215.001221 45.627975 3380.814453
-222.357178 -370.671265 3474.486816
-164.915253 -764.360229 3558.440186
-133.107056 673.953979 3398.663574
-128.790146 468.043579 3389.863281
35.440868 472.028015 3396.734375
35.447605 192.895569 3396.741211
35.717117 -86.230194 3394.838379
-293.021179 464.059143 3382.992188
-328.978027 199.997955 3363.773438
-286.972992 -73.590881 3318.985352
-123.531174 254.672668 3387.895020
-19.883396 43.688797 3390.043213
-62.171436 -349.421448 3548.756592
-129.233612 -736.703491 3416.491211
-216.661011 38.914749 3381.810303
-216.015778 -378.175659 3472.094238
-168.475571 -774.099976 3560.312988
-131.906021 670.327271 3397.812012
-128.552902 464.782104 3389.600830
35.768974 468.220947 3393.812500
35.774216 189.088501 3393.817871
36.017273 -90.038513 3392.105225
-292.874786 461.343201 3385.389160
-328.627350 194.319183 3363.997070
-287.628143 -78.839813 3315.405762
-124.038277 251.390427 3387.694336
-21.073898 40.059082 3388.311279
-66.393021 -358.395203 3532.590820
-126.056801 -733.582458 3419.532227
-217.973389 35.938446 3383.264404
-214.763168 -382.067657 3469.399902
-179.102310 -778.727417 3563.540527
-132.927551 679.425293 3398.395752
-128.575287 472.376282 3390.591797
35.786358 475.705627 3393.722412
35.790417 196.573181 3393.726807
36.009567 -82.554810 3392.185547
-292.936951 469.046936 3387.461182
-328.600586 191.134735 3364.575439
-286.533447 -82.744293 3321.171387
-124.204544 258.986206 3388.056152
-21.374889 47.590530 3387.395752
-65.657997 -348.639343 3538.813477
-125.230774 -730.945374 3413.205322
-218.292709 43.601761 3383.645264
-211.365311 -373.613647 3473.424561
-188.234344 -776.474854 3536.746826
-133.951675 678.529907 3399.174316
-129.052307 472.096741 3391.274414
35.326794 475.757690 3393.065430
35.329857 196.625244 3393.068848
35.527393 -82.503632 3391.681885
-293.431427 468.435791 3389.483398
-331.167847 201.537415 3367.231689
-287.584686 -72.023529 3323.000244
-124.270355 258.716431 3388.548828
-21.013706 47.529282 3386.896240
-78.455246 -348.781677 3533.562500
-107.615662 -721.801758 3425.035889
-217.963104 43.142929 3384.750244
-208.951569 -375.430664 3467.668945
-176.095886 -774.772705 3549.360596
-133.331100 675.988281 3400.070557
-129.358505 469.520813 3390.859131
35.039520 472.180176 3390.469238
35.041782 193.047729 3390.471924
35.219738 -86.081879 3389.223633
-293.756531 466.861450 3391.249023
-331.227020 201.750153 3369.401855
-287.537109 -71.323578 3322.264893
-125.913826 256.122772 3387.777588
-23.974688 44.318039 3384.462402
-73.226692 -356.789551 3520.656738
-113.941833 -721.078674 3426.822021
-220.963623 41.131470 3384.929688
-215.406128 -377.390564 3468.604980
-184.492905 -776.210083 3556.940674
-132.771057 677.121582 3401.555664
-128.582611 470.530640 3391.605957
35.828022 473.125732 3390.927979
35.829685 193.993286 3390.930176
35.989857 -85.136871 3389.806641
-292.993256 467.935547 3392.283936
-331.427155 199.870270 3375.218506
-287.296509 -71.563446 3320.223145
-125.230843 257.144592 3387.640625
-23.390331 45.313110 3383.269043
-64.498215 -356.491333 3520.570312
-120.402847 -722.942017 3426.418945
-220.367828 42.203979 3384.081543
-215.641083 -375.798431 3470.482910
-168.656311 -774.663757 3551.375977
-132.937073 675.230957 3400.729980
-129.544250 469.210510 3390.214111
34.866394 472.012146 3389.082520
34.867577 192.879700 3389.084229
35.011726 -86.250916 3388.073242
-293.954895 466.408875 3391.345703
-331.965881 202.339722 3372.718018
-287.553345 -70.103333 3323.128906
-125.934006 255.823059 3386.441406
-23.831041 44.113998 3381.990723
-62.495544 -359.774963 3514.132080
-124.948906 -724.169128 3424.473633
-220.816483 40.757263 3383.346680
-221.187790 -377.800354 3467.060547
-155.223206 -772.501343 3554.322266
-130.598312 677.391174 3398.847168
-127.787834 470.955322 3389.121826
36.632866 472.961670 3387.621582
36.633682 193.829224 3387.623047
36.763340 -85.301727 3386.713135
-292.208527 468.948975 3390.622070
-331.714020 197.774353 3378.266357
-290.765289 -75.246460 3328.649658
-125.219467 257.556274 3385.217529
-24.149651 45.359207 3380.414551
-57.821701 -357.013855 3518.495117
-130.045685 -731.726318 3421.291504
-221.152557 42.955276 3382.211914
-212.863495 -374.338989 3471.190186
-176.913910 -775.994873 3534.204834
-131.168777 677.142151 3398.386719
-127.858543 471.202332 3389.438232
36.566048 473.407440 3388.768799
36.566528 194.274994 3388.770020
36.683109 -84.856232 3387.951172
-292.283142 468.997192 3390.107666
-332.818512 201.587128 3382.531006
-293.135376 -71.651367 3332.864990
-125.010956 257.799072 3385.904785
-23.659342 45.716858 3381.970459
-55.422234 -352.592773 3531.523926
-130.909286 -730.645386 3417.476562
-220.667404 43.074768 3382.772217
-205.887802 -373.921112 3472.431641
-184.736282 -778.252930 3530.421143
-129.555038 679.265808 3399.177979
-127.022385 472.643982 3391.123291
37.397945 473.917297 3389.231445
37.398144 194.784851 3389.232422
37.502975 -84.346649 3388.495361
-291.442719 471.370667 3393.015137
-332.406952 200.440582 3382.126953
-290.346252 -72.178894 3330.993164
-125.411392 259.231720 3387.497559
-25.295607 46.582321 3382.738281
-61.124741 -356.783081 3516.360840
-128.325531 -728.632080 3425.258301
-222.305191 45.056625 3385.005371
-210.199814 -371.876465 3475.608887
-199.832718 -776.756714 3536.730469
-129.621292 673.550354 3399.626221
-127.040787 468.126526 3389.281982
37.385822 469.288269 3387.460205
37.385788 190.155823 3387.460938
37.479958 -88.975830 3386.797607
-291.467377 466.964783 3391.103760
-325.690399 198.910706 3384.059570
-295.401489 -75.585114 3336.124512
-125.580994 254.724976 3384.952637
-25.618183 42.019409 3379.531982
-57.251862 -356.774933 3527.098877
-126.178131 -739.818115 3417.525146
-222.624222 40.627472 3381.714600
-210.272415 -376.819550 3470.029541
-189.420593 -781.254150 3533.423096
-125.925987 677.573853 3401.301025
-124.627174 471.321228 3390.885742
39.694511 471.606323 3385.646484
39.694279 192.473877 3385.646973
39.778896 -86.657928 3385.050049
-288.948853 471.036133 3396.125000
-330.665466 198.598022 3388.718750
-297.954163 -74.640564 3335.096436
-124.403183 257.922363 3386.299316
-25.715059 44.694321 3378.573486
-60.803154 -355.312561 3522.691895
-124.543030 -732.957397 3419.345703
-222.643326 44.352646 3384.852295
-212.575058 -371.225037 3481.534668
-185.920914 -777.834290 3522.494141
-128.366776 680.089233 3401.623047
-125.686157 473.051331 3391.366455
38.665409 474.360565 3386.760498
38.665043 195.228119 3386.760986
38.741058 -83.903778 3386.223633
-290.037720 471.742096 3395.972412
-329.157104 199.948456 3390.647705
-296.533752 -73.303680 3336.481445
-124.109421 259.655579 3386.971680
-24.081333 47.044098 3379.817871
-47.250542 -344.739502 3545.426270
-129.567047 -731.468262 3422.378418
-220.984039 45.475555 3385.335938
-203.315811 -370.587463 3478.676270
-191.666870 -778.377075 3516.716797
-128.599701 679.822754 3400.786865
-125.511337 473.275696 3390.961914
38.876389 475.201599 3388.238770
38.875923 196.069153 3388.239258
38.944202 -83.062836 3387.755615
-289.899078 471.349731 3393.685059
-323.841766 197.007721 3388.835938
-296.455627 -76.997223 3335.563721
-123.073868 259.875397 3387.179443
-22.154030 47.628891 3381.765625
-51.422287 -348.322449 3536.861816
-128.167297 -723.812683 3429.523926
-219.118774 45.321335 3385.028320
-202.700195 -372.731262 3469.065918
-170.393570 -769.288757 3553.698730
-127.562798 677.030273 3401.427002
-125.572395 470.752991 3391.126709
38.830711 472.409424 3388.435791
38.830147 193.276978 3388.436035
38.891472 -85.855103 3388.000977
-289.975494 469.096588 3393.817627
-329.157562 202.014709 3393.350830
-297.242249 -69.719574 3332.120850
-123.487091 257.349304 3387.167969
-22.105871 44.946030 3381.583984
-46.461830 -354.245605 3529.703125
-140.485474 -727.380493 3429.613037
-220.697693 42.945175 3384.834473
-224.372147 -377.245544 3460.179932
-203.496338 -778.492188 3544.241455
-129.182907 672.027100 3402.694824
-126.655731 466.990356 3390.856445
37.766407 468.392303 3389.663574
37.765808 189.259857 3389.663818
37.820927 -89.872223 3389.272217
-291.077881 465.588409 3392.049316
-331.065338 201.176544 3392.894531
-296.038086 -70.241425 3331.558594
-124.872528 253.606934 3385.865723
-24.182184 41.066849 3380.157471
-49.544453 -360.946838 3520.669189
-146.658356 -724.774963 3435.904053
-221.996460 39.380173 3381.592529
-214.383530 -378.622253 3465.676270
-165.900635 -775.295044 3550.351074
-128.900726 678.939880 3399.811768
-126.989525 472.165497 3390.580322
37.432178 473.785797 3388.894531
37.431515 194.653351 3388.894775
37.481129 -84.478729 3388.542236
-291.411224 470.545197 3392.266113
-331.673248 195.510620 3395.896973
-294.989990 -75.094971 3331.809082
-124.936096 258.778320 3385.764648
-24.182552 46.363770 3379.937012
-54.283424 -359.482758 3507.637695
-131.296967 -705.650208 3449.948975
-221.582764 44.418518 3381.960938
-214.644958 -372.409851 3472.590332
-191.605957 -774.953125 3535.503174
-128.584091 680.368774 3398.354980
-126.533142 473.403748 3391.231201
37.892075 474.874512 3389.415039
37.891376 195.742065 3389.415283
37.936165 -83.390015 3389.098145
-290.958374 471.932983 3393.047363
-333.791199 203.588165 3399.253418
-295.741547 -66.726959 3334.579346
-124.660660 259.990204 3387.929199
-24.184858 47.458633 3383.538086
-73.534042 -355.604797 3513.192383
-104.465096 -732.386108 3460.365234
-221.391495 45.694656 3385.716309
-199.177704 -370.612061 3475.662354
-218.008499 -773.406433 3531.464111
-130.307404 676.635193 3398.642822
-126.954979 470.098114 3390.351562
37.461113 471.972260 3388.065674
37.460381 192.839813 3388.065918
37.500908 -86.292267 3387.780518
-291.371063 468.223999 3392.637451
-330.020264 200.746857 3393.532471
-295.345642 -71.439301 3335.510254
-124.566879 256.685516 3387.149414
-23.629646 44.396240 3382.577148
-74.856644 -361.432587 3503.264404
-96.289635 -754.790283 3468.010986
-220.727921 42.149582 3385.317383
-206.492386 -376.517151 3465.460938
-203.160934 -779.368896 3530.494873
-127.217278 675.250854 3400.808105
-125.286499 468.277649 3391.016602
39.108921 469.304779 3387.461914
39.108189 190.172333 3387.461914
39.144924 -88.959747 3387.205078
-289.681915 467.250549 3394.571289
-331.137207 198.334778 3391.107422
-294.788971 -73.691254 3333.073975
-124.042633 254.874390 3386.880371
-24.283146 42.086624 3380.613770
-77.472672 -362.989807 3503.668945
-100.472679 -763.296143 3463.454590
-221.314392 40.855606 3384.874512
-212.536682 -377.893982 3466.235352
-192.734283 -778.536865 3544.675293
-128.053329 674.084229 3400.380615
-125.995918 467.007904 3390.854492
38.417152 468.128723 3390.039307
38.416420 188.996277 3390.039307
38.449795 -90.135803 3389.808105
-290.408997 465.887085 3391.669678
-323.941345 193.450256 3387.168701
-295.459167 -79.873535 3331.301025
-124.561340 253.601440 3386.774902
-24.605696 40.866608 3382.206787
-71.192940 -364.153198 3508.264893
-115.236061 -742.719482 3452.282471
-221.647812 39.523346 3383.183838
-214.765366 -378.877563 3467.044434
-164.339600 -773.481689 3558.583496
-127.709900 669.259338 3399.649170
-126.025383 462.808228 3391.140869
38.394108 463.876038 3389.560059
38.393375 184.743591 3389.560059
38.423771 -94.388489 3389.352051
-290.444855 461.740479 3392.721680
-327.681488 193.022766 3386.892822
-294.533936 -79.573914 3329.877441
-124.674088 249.391449 3387.535889
-24.821989 36.614334 3382.983887
-63.733360 -371.011963 3502.987061
-136.162613 -735.001770 3452.626465
-221.823593 35.334976 3384.877930
-215.465042 -382.716858 3470.800049
-148.189850 -775.974976 3560.810547
-127.240242 673.826111 3399.785889
-125.391632 466.244324 3391.581299
39.017651 467.439514 3388.950439
39.016918 188.307068 3388.950439
39.044670 -90.825012 3388.763184
-289.800934 465.049133 3394.212158
-321.084137 186.492767 3384.379883
-295.393768 -87.161163 3328.820068
-123.887253 252.818359 3388.636719
-23.886784 40.108414 3384.115967
-49.791473 -366.859314 3509.304199
-149.554840 -727.381714 3444.057373
-220.878952 38.676376 3387.268311
-215.809097 -379.132324 3474.601074
-164.668961 -778.393677 3547.157227
-129.918121 673.715210 3402.876953
-126.823105 466.278381 3392.347656
37.590557 468.176605 3391.827393
37.589825 189.044159 3391.827393
37.615196 -90.087921 3391.658691
-291.236786 464.380188 3392.867920
-317.205414 191.638367 3385.340332
-296.990509 -82.871002 3331.662598
-124.372101 252.882278 3388.332031
-23.415936 40.623428 3384.004639
-47.242287 -359.957031 3527.822998
-148.272339 -731.920349 3432.852295
-220.426254 38.348892 3384.628174
-218.924423 -381.389099 3461.622803
-147.541809 -770.074585 3563.358643
-131.091721 670.488159 3399.908203
-128.394318 463.892914 3391.227295
36.026093 465.318481 3392.115967
36.025360 186.186035 3392.115967
36.048618 -92.946045 3391.964355
-292.814728 462.467346 3390.338623
-324.394318 192.745880 3386.048584
-297.285339 -80.805939 3330.652588
-126.524406 250.482117 3387.605469
-26.153709 37.925354 3384.516113
-52.504604 -365.437073 3520.580811
-150.104477 -726.410156 3439.487305
-223.155273 36.217285 3383.451172
-217.934021 -382.219818 3467.137207
-173.265411 -779.149292 3549.679688
-133.542831 672.829590 3398.921143
-130.073822 465.690308 3391.068604
34.336433 467.224060 3389.753662
34.335701 188.091614 3389.753662
34.357048 -91.040466 3389.617188
-294.484100 464.156555 3392.383545
-327.398438 189.388550 3387.090576
-295.257355 -83.165161 3329.385986
-128.100723 252.263916 3388.830078
-27.627403 39.756409 3385.803711
-59.277092 -360.927002 3528.799316
-143.167175 -728.529053 3433.792236
-224.627838 37.918610 3387.379395
-212.822769 -380.210022 3472.056152
-179.129715 -780.582886 3548.388916
-132.341492 672.787842 3398.947754
-131.348846 466.053101 3390.956543
33.077522 466.384827 3390.005127
33.076790 187.252380 3390.005127
33.096474 -91.879700 3389.882324
-295.775238 465.721313 3391.907959
-321.616364 195.007996 3383.715576
-298.898438 -79.272522 3330.526611
-130.936523 252.633789 3387.800781
-32.022385 39.413239 3384.075195
-67.768890 -363.872498 3518.656738
-140.745667 -729.518677 3429.525391
-229.026001 39.015747 3385.214844
-208.305634 -379.079315 3468.164307
-203.153992 -782.940247 3528.806885
-135.682831 677.779602 3414.937500
-134.995575 472.254822 3398.315674
29.270193 473.541931 3392.669189
29.269461 194.409485 3392.669189
29.287695 -84.722595 3392.558594
-299.261353 470.967712 3403.962158
-326.994598 196.063477 3385.671875
-296.606873 -76.566040 3328.060791
-133.668121 259.153687 3388.357422
-33.894215 46.823929 3375.015137
-64.187302 -349.342224 3529.306641
-135.575012 -724.685913 3419.561035
-230.787125 45.281143 3381.783203
-201.074387 -372.695007 3462.462402
-213.832977 -774.789856 3535.496094
-136.453644 672.551697 3406.930908
-136.633987 465.924683 3395.235107
27.707470 466.169769 3390.945068
27.706738 187.037323 3390.945068
27.723658 -92.094757 3390.845459
-300.975464 465.679565 3399.525146
-332.540344 201.683990 3401.306152
-298.126190 -66.141907 3327.591309
-136.479950 252.656036 3388.952148
-37.888905 39.534210 3380.099365
-66.078552 -358.904205 3529.703857
-134.709000 -736.381470 3436.891357
-234.762924 39.240601 3385.239014
-199.291183 -376.538696 3474.313232
-226.962082 -781.384277 3522.587402
-139.510239 671.893311 3402.444336
-137.928314 465.305634 3393.178955
26.461246 466.205505 3391.349609
26.460514 187.073059 3391.349609
26.476204 -92.059021 3391.260010
-302.317871 464.405762 3395.008301
-340.638550 199.434387 3414.643066
-298.468933 -62.681183 3326.576172
-136.810791 251.958557 3388.658447
-37.212376 39.150558 3383.041992
-68.768417 -366.550476 3509.060059
-110.704346 -703.438599 3449.856934
-234.174164 38.072403 3385.233887
-203.671021 -378.370605 3473.418945
-218.047775 -784.282715 3524.334473
-141.372787 676.982361 3400.709473
-138.442307 469.898193 3392.783447
25.941320 471.894348 3393.665283
25.940588 192.761902 3393.665283
25.955212 -86.370178 3393.584717
-302.825928 467.902039 3391.901611
-344.912781 200.354126 3423.956299
-297.594513 -58.278442 3327.788818
-135.832077 256.525696 3389.206055
-34.739326 44.349106 3386.156982
-67.872238 -364.609741 3501.899658
-96.195129 -692.833252 3459.076416
-231.704376 41.957306 3385.100342
-207.896179 -372.324097 3484.227295
-196.577026 -776.098694 3547.824463
-144.652039 684.084106 3400.834961
-140.583206 476.001282 3393.859863
23.801435 478.990173 3395.297363
23.800703 199.857727 3395.297363
23.814346 -79.274353 3395.224854
-304.967834 473.012390 3392.422363
-347.316742 203.131134 3427.398193
-299.846924 -55.274109 3329.811279
-136.672928 262.633942 3390.340332
-34.293938 51.056961 3387.681885
-74.698303 -358.426636 3500.030029
-96.372902 -688.809143 3455.002686
-231.231354 47.476212 3385.959717
-209.295898 -367.736816 3482.084229
-194.677750 -773.046021 3539.661865
