-134.749161 677.963989 3415.398926
-131.535965 470.809753 3415.083740
32.880077 472.262817 3412.768555
74.811134 202.509155 3433.529053
19.786049 -70.043915 3413.357666
-295.952026 469.356689 3417.398926
-325.832794 202.780853 3421.451904
-298.298950 -70.046539 3370.556885
-129.619476 257.476868 3417.294434
-30.288952 45.004883 3418.133301
-82.896591 -378.632446 3414.321533
-58.205074 -781.523438 3339.687988
-225.117020 43.283081 3420.876953
-219.543274 -378.162476 3487.997803
-130.468002 -674.632019 3481.906494
-137.919006 677.437378 3422.676514
-134.899979 470.910156 3417.407715
29.493736 473.145020 3414.291260
73.665306 206.735016 3438.251953
19.215084 -65.905151 3415.595215
-299.293701 468.675323 3420.524170
-334.364685 215.735046 3425.692627
-303.056946 -56.969208 3375.833740
-132.026016 257.563110 3416.016602
-31.827049 45.539139 3412.780518
-73.930031 -379.248108 3406.968506
-46.294674 -783.357483 3340.388428
-226.477066 42.892960 3416.470459
-213.069153 -375.574402 3497.906006
-131.844879 -678.187988 3482.636963
-140.043808 676.753845 3409.834473
-136.769821 468.611145 3412.090820
27.642422 470.676910 3409.967041
73.018898 207.870331 3435.171387
20.549335 -65.200958 3411.988281
-301.182098 466.545380 3414.214600
-337.288422 215.739792 3427.024170
-304.289276 -55.744949 3371.812012
-134.042572 255.307068 3415.743896
-34.468159 43.219849 3418.145996
-68.019180 -382.319580 3411.728271
-38.785454 -787.489380 3352.704590
-228.162491 40.786148 3420.647949
-217.572174 -378.197510 3500.767822
-132.799683 -686.991089 3490.687744
-144.608658 674.117310 3403.945312
-139.895279 465.200928 3409.920654
24.499123 468.590729 3408.493896
72.639343 205.414673 3438.198486
20.657139 -66.705200 3405.805176
-304.289703 461.811127 3411.347412
-343.447571 210.336975 3435.937500
-304.225403 -54.759430 3361.109131
-135.440430 251.978546 3416.629883
-32.884369 40.779007 3422.487549
-59.568340 -385.248535 3416.227783
-29.772593 -791.327393 3364.139648
-229.086777 36.733322 3424.190674
-220.042923 -384.669128 3489.598145
-129.896851 -687.474609 3488.291260
-146.952988 684.376648 3416.446777
-140.764465 475.995422 3416.142578
23.607855 480.218658 3416.631104
72.710777 204.396851 3440.079102
18.998978 -67.561127 3408.325684
-305.136780 471.772186 3415.654053
-346.653412 206.062622 3435.937988
-305.358887 -59.561615 3362.477539
-135.288330 262.730408 3417.252930
-30.951864 52.005432 3418.657227
-52.161583 -374.337219 3412.934326
-22.577480 -781.186157 3367.112061
-228.672531 46.925354 3418.069336
-224.433685 -374.989441 3481.618164
-132.002716 -668.019165 3479.754395
-151.636993 681.700684 3424.196777
-145.681305 474.355774 3419.563232
18.685127 478.933167 3418.854004
73.046837 218.033295 3445.586182
15.568329 -52.401764 3408.202637
-310.047729 469.778320 3420.272461
-352.076843 216.602692 3434.850586
-306.289185 -49.775177 3366.389160
-139.746765 261.059875 3418.288574
-37.894379 50.435196 3416.600098
-54.755333 -376.110291 3411.567871
-25.941111 -783.605713 3371.341309
-229.730072 45.092789 3417.427734
-224.565338 -376.682190 3482.509033
-134.377686 -681.968018 3486.294189
-152.458267 679.991333 3411.596924
-146.436996 472.356445 3414.573730
17.856451 476.631714 3418.036865
72.925781 216.034302 3449.152100
20.895256 -54.034973 3403.051514
-310.730408 468.081116 3411.110596
-354.895599 216.149475 3440.839600
-309.803711 -47.680695 3362.804443
-140.962494 259.093658 3418.136963
-38.394928 48.357498 3423.746826
-51.805756 -378.318298 3419.432617
-24.147726 -786.352600 3384.161621
-232.581070 43.304276 3419.653564
-219.306854 -378.464172 3483.460449
-133.755951 -685.776367 3486.182373
-157.958633 682.194946 3421.803711
-151.514328 474.077637 3419.146484
12.759678 478.827454 3423.858887
68.093987 205.284821 3439.687744
19.260780 -66.565918 3401.164307
-315.788300 469.327820 3414.434082
-356.555328 216.177582 3446.643311
-316.163239 -45.123657 3358.437744
-145.303345 260.828674 3417.573730
-42.945324 50.359711 3418.759033
-53.619236 -376.399628 3415.124512
-27.369617 -784.880493 3384.215820
-235.239395 44.799713 3413.242920
-214.642075 -377.466492 3471.327148
-136.493439 -685.469116 3476.109619
-161.724884 681.232239 3426.362061
-156.223663 473.357086 3419.748291
7.783593 477.805634 3429.423828
60.714092 204.248657 3431.892578
9.092434 -67.754669 3397.751953
-320.230927 468.908539 3410.072754
-357.367035 213.779709 3441.778320
-330.133881 -51.262283 3360.686523
-150.220367 260.084961 3416.044434
-49.044998 49.394287 3417.955322
-57.546623 -377.418610 3414.931396
-32.855148 -786.267883 3387.846436
-239.389130 44.231384 3406.725830
-209.322327 -375.328491 3477.363037
-138.985352 -688.511841 3471.291260
-170.883133 680.707397 3427.194824
-162.205765 472.838898 3421.194824
1.352141 478.844391 3435.788574
58.752506 197.505219 3430.285156
0.466137 -72.521088 3391.732910
-325.763672 466.833405 3406.601074
-361.846008 214.052338 3441.994873
-336.974884 -51.483826 3360.717773
-154.067215 259.611755 3417.728271
-49.225395 49.935364 3422.890381
-56.001434 -376.911835 3420.396973
-32.941006 -786.063965 3396.653809
-242.631927 42.833862 3405.633057
-210.316696 -375.882996 3481.068604
-140.743530 -692.333862 3470.960693
-175.057724 680.813599 3428.557617
-164.926468 473.022095 3422.448975
-1.090896 480.070618 3433.052490
57.480709 196.554443 3427.870850
-7.204922 -71.554993 3386.215088
-328.762024 465.973633 3411.845459
-362.996552 211.426529 3438.770508
-340.654755 -55.895004 3362.411377
-155.570129 259.818390 3419.606934
-48.641861 50.812393 3423.079834
-54.045883 -376.056763 3421.037842
-32.632996 -785.457153 3400.210205
-243.785721 42.416946 3410.449951
-208.943466 -374.290833 3495.282715
-145.658524 -687.878662 3463.834473
-180.345352 674.263062 3429.754150
-169.778763 468.267517 3423.767578
-5.982788 476.506561 3434.927979
49.173428 201.350555 3431.596436
-13.045055 -65.475220 3379.816650
-333.574738 460.028503 3412.607178
-363.653107 209.107605 3437.538574
-345.344391 -60.363831 3368.002441
-158.902847 255.122101 3421.498779
-51.331772 46.840515 3425.818359
-55.643894 -380.042725 3424.154785
-35.854660 -789.646179 3405.868164
-244.722092 37.112869 3412.641602
-194.612289 -379.160400 3490.605713
-151.756546 -693.037048 3445.695801
-188.123047 685.086304 3445.861816
-174.188217 478.877930 3432.730469
-10.533355 488.419861 3445.165527
46.179909 197.841370 3428.433594
-16.153072 -69.008759 3376.118652
-337.843048 469.336060 3420.295410
-363.226257 202.871002 3435.867920
-347.421082 -66.835205 3366.207764
-161.068054 266.181274 3423.269287
-49.794579 59.207443 3421.266113
-94.340836 -349.291565 3458.219238
-122.235840 -740.433655 3374.766602
-246.101212 47.761765 3406.350098
-198.236008 -367.479980 3491.698730
-166.135147 -678.661316 3438.038086
-188.975006 686.587280 3439.417480
-176.081223 479.449829 3432.303955
-12.520046 488.850647 3446.187256
38.852211 218.922821 3434.222900
13.318989 -49.400665 3372.718506
-339.642395 470.048950 3418.420654
-364.239227 211.109436 3436.375000
-348.807922 -59.873596 3371.700684
-163.407013 266.550537 3427.148438
-52.736713 59.283676 3430.311035
-98.788040 -354.512573 3415.811523
-110.528633 -699.768921 3311.737549
-248.728897 48.018845 3413.674805
-205.018188 -367.398193 3500.983643
-180.858459 -696.454956 3464.934570
-190.932358 680.946533 3434.180420
-177.196228 474.123657 3431.781006
-14.253240 484.061096 3450.799805
38.988331 226.352173 3441.987305
27.439100 -39.422607 3364.810547
-340.139221 464.186279 3412.762207
-365.197754 212.389206 3436.531982
-349.621887 -59.396439 3375.197510
-163.932892 261.172333 3429.415771
-53.024403 54.176071 3438.447754
-95.019089 -352.850708 3359.424805
-97.607864 -655.540771 3232.484131
-248.314697 42.265915 3415.653320
-202.263336 -375.198608 3490.606445
-182.136780 -703.596313 3467.291504
-193.130554 681.670349 3448.614014
-182.492203 475.809570 3438.575195
-19.254608 483.304138 3456.359619
33.872509 222.930145 3443.973389
35.289154 -41.426697 3359.094727
-345.729797 468.315002 3420.790771
-364.633209 206.251709 3434.200195
-350.123383 -67.283295 3381.438721
-171.747360 262.967834 3429.645508
-63.242096 54.614487 3431.366699
-103.697784 -337.205078 3293.240723
-101.809296 -617.293274 3131.090820
-258.762939 45.637741 3410.064941
-206.975967 -371.978271 3480.754150
-196.204498 -695.028809 3461.553955
-197.250854 677.556580 3454.280273
-185.836929 471.537170 3442.213379
-22.263449 479.315002 3456.382812
28.633791 221.372406 3448.773682
47.111473 -43.443115 3366.706543
-349.410431 463.759399 3428.043945
-381.666046 208.729599 3444.390137
-348.484070 -60.721451 3383.345703
-174.813538 258.706268 3431.783936
-65.807068 50.534378 3429.842285
-95.764595 -325.520203 3246.692383
-86.886902 -589.458130 3053.567383
-261.773193 41.216324 3412.866699
-197.348846 -373.571106 3488.837891
-187.816269 -704.106323 3468.346680
-201.242706 682.526123 3460.629639
-190.485199 476.164062 3446.082764
-26.919443 483.020264 3461.165039
29.012400 219.868134 3459.212158
55.606010 -44.503235 3376.188965
-354.050964 469.307861 3431.000488
-392.350433 209.620667 3441.856445
-357.565247 -60.924255 3384.862305
-180.325958 263.443298 3432.606934
-74.532829 54.731247 3427.949463
-94.205635 -282.234375 3205.268066
-86.078201 -570.674744 2975.933838
-265.800598 46.713852 3410.312744
-203.613708 -369.994446 3477.480225
-186.919281 -698.336426 3472.221924
-204.371109 683.123169 3461.844238
-193.184433 475.519684 3448.187500
-29.560081 483.114166 3462.453369
26.961590 225.556122 3465.697021
55.298458 -38.903625 3382.280029
-356.808807 467.925201 3433.921631
-399.023926 213.370636 3446.821533
-372.839691 -51.604309 3367.543701
-182.142334 262.808228 3434.776123
-74.281212 54.590546 3429.805908
-91.658180 -250.601532 3154.707764
-72.785973 -522.672363 2908.054932
-267.919250 45.602997 3412.923584
-203.309525 -372.267639 3469.791748
-183.723862 -698.432434 3473.208008
-208.031631 685.192200 3462.815918
-196.528168 475.524536 3451.391113
-32.904091 484.615967 3464.799316
24.836281 224.966614 3478.102051
58.447247 -34.402039 3382.204590
-360.152252 466.433105 3437.982910
-403.852325 209.238373 3451.677734
-382.754852 -54.024506 3363.951172
-183.605377 262.918701 3437.848145
-73.257034 55.726089 3432.288818
-90.520233 -207.848862 3112.605713
-63.013809 -461.632019 2839.083496
-268.108124 44.899612 3416.321533
-199.856827 -373.235107 3467.252930
-185.454926 -693.861572 3471.201172
-213.109848 689.736023 3462.353271
-200.828842 479.218994 3454.344238
-37.053551 489.929016 3463.195801
24.320065 227.120331 3478.513428
58.638832 -35.122345 3390.561279
-364.604126 468.509033 3445.492676
-406.361267 206.894684 3455.624756
-387.483582 -53.233734 3357.929443
-186.253021 266.651978 3441.853027
-73.821388 60.484177 3434.650635
-89.940384 -164.155365 3082.754150
-56.071682 -388.127228 2768.668213
-269.533020 47.685715 3424.072998
-210.086700 -372.897522 3463.050781
-185.053375 -689.290588 3480.157227
-216.859436 680.705139 3462.152100
-201.992630 471.159241 3454.506592
-38.422630 484.149902 3464.434326
22.811707 229.262421 3483.312500
58.773712 -35.174835 3402.566406
-365.562622 458.168518 3444.578857
-408.091888 207.049393 3459.824219
-390.557251 -53.512802 3362.156006
-184.298828 258.927002 3440.693848
-68.770401 54.464798 3432.819092
-83.989250 -128.207581 3055.470947
-47.676891 -326.957977 2711.856689
-264.439667 38.924774 3420.943115
-211.719513 -383.559692 3443.254883
-178.773849 -697.807495 3472.085693
-218.442749 672.986694 3480.036133
-203.270554 464.698181 3460.780029
-39.648567 478.178131 3469.551758
26.382690 228.839554 3490.164551
58.899269 -35.614059 3407.585449
-366.892578 451.218262 3452.008301
-409.175262 198.076965 3463.324219
-393.112030 -66.762512 3378.164551
-184.635681 253.548691 3437.661377
-68.063400 50.467712 3419.793213
-86.952782 -74.087433 3020.567871
-48.184483 -254.465637 2658.301270
-263.938202 34.330643 3409.292236
-219.368332 -389.077026 3435.175049
-182.403107 -692.616455 3461.952637
-218.103012 672.717041 3487.483643
-203.868317 464.560608 3463.618896
-40.265442 477.388000 3473.803955
29.002426 225.491821 3488.206299
59.693901 -41.350800 3413.020020
-367.471222 451.733215 3453.433838
-409.697052 191.965668 3464.624268
-393.924103 -75.125458 3386.234131
-185.670914 253.721939 3436.850830
-69.502693 50.564743 3416.181885
-86.590187 -24.593636 3003.641357
-46.356831 -185.150330 2636.048096
-265.444305 35.201797 3403.983643
-224.608826 -387.401550 3444.126709
-181.918457 -688.121277 3465.502197
-218.226807 670.729126 3490.208740
-203.310089 463.465576 3465.337402
-39.810379 476.200317 3477.214111
26.355583 222.140778 3484.408691
61.538364 -47.305145 3422.680176
-366.809784 450.730835 3453.460693
-410.436920 191.893341 3468.652344
-395.510284 -78.091705 3400.936768
-184.811096 252.864960 3436.488037
-68.381615 49.891998 3414.752441
-66.519669 3.101761 2995.480957
-41.353477 -135.290680 2614.904053
-264.242584 34.636688 3400.524902
-223.752045 -388.058075 3442.338379
-179.021927 -690.069702 3460.942627
-219.259644 672.774475 3493.063232
-205.115662 465.168579 3467.903076
-41.511925 477.243561 3479.129883
28.690216 223.588287 3482.230957
57.552578 -44.851257 3413.005859
-368.719391 453.093597 3456.676270
-410.675568 190.624481 3470.336670
-386.573639 -81.313019 3415.314209
-187.608887 254.384277 3439.493164
-72.103004 50.832916 3417.808105
-60.862106 25.605778 2994.975342
-42.468674 -84.863083 2603.719238
-268.101227 36.367020 3404.358398
-220.009735 -385.600647 3445.913574
-183.480652 -689.526733 3471.025879
-217.597412 670.046753 3496.982178
-205.160400 462.984436 3469.829346
-41.577209 473.125214 3482.897949
29.087791 225.402740 3480.415527
56.202225 -43.011139 3409.611572
-368.743591 452.843689 3456.760742
-410.657135 191.444427 3470.181152
-389.785522 -83.270416 3430.405029
-189.712921 252.226257 3440.009766
-76.260422 47.543549 3418.019775
-59.171043 21.011961 2999.282715
-38.046646 -48.697205 2588.041504
-272.270477 35.392593 3402.360596
-217.791412 -386.564697 3434.393555
-182.989670 -690.099854 3463.607422
-214.148849 659.312134 3497.473877
-201.565506 453.176300 3469.674316
-38.488792 463.450134 3487.444092
30.753212 223.412949 3479.640381
54.443901 -41.594315 3396.622314
-364.642242 442.902466 3451.904541
-411.646149 192.132584 3476.235107
-394.322205 -82.588211 3432.628418
-185.024353 242.511429 3439.671631
-70.756271 38.003357 3420.317871
-48.384140 14.381233 3003.302734
-23.441406 -31.243938 2581.729736
-266.210114 25.689758 3399.020020
-208.744217 -396.357574 3424.989746
-171.372406 -704.270081 3463.967041
-214.428223 661.855591 3496.188232
-202.620926 454.727478 3469.960449
-39.439407 464.721497 3487.295166
22.993130 192.708374 3482.203369
45.811096 -75.263428 3407.468506
-365.802429 444.733398 3452.625732
-409.639069 187.073486 3475.652588
-393.766388 -88.919495 3439.436279
-186.608490 243.898239 3440.776611
-72.861244 39.054779 3421.975098
-49.836327 18.799736 3005.713135
-25.052549 -12.794588 2578.862061
-268.330872 27.083252 3401.210449
-219.015686 -395.939026 3428.181885
-181.866302 -695.891602 3470.324463
-216.055588 668.430786 3496.070312
-206.028702 460.505585 3471.753906
-42.538292 468.658142 3486.984131
7.691441 194.097229 3484.126221
29.404255 -75.968414 3416.984863
-369.519104 452.352997 3456.523682
-409.578979 190.921967 3483.123291
-381.214325 -83.160309 3441.733154
-192.975464 249.210068 3444.737305
-81.975990 42.798721 3426.845215
-54.809376 14.504581 3011.943359
-26.137175 -20.185860 2583.476074
-277.868469 33.030380 3408.596191
-231.592346 -390.098938 3439.775146
-190.880142 -683.193115 3471.473633
-214.208832 662.335449 3480.494141
-206.142914 454.032898 3464.103516
-42.523209 460.658173 3478.836182
-2.200176 184.457733 3477.332275
18.286596 -87.313049 3417.034668
-369.762604 447.407623 3449.370850
-410.048920 201.366608 3489.916992
-372.170410 -71.532806 3447.780518
-195.783310 241.904465 3444.444824
-87.410324 33.744781 3433.611328
-51.746559 -11.658642 3021.073242
-14.446789 -61.510468 2593.549072
-283.437103 25.807281 3415.960938
-229.529861 -396.946655 3435.424072
-187.769409 -696.799133 3474.900635
-213.960052 661.229065 3471.206787
-206.793915 453.132538 3461.129883
-43.348858 459.467896 3477.833496
-11.023113 182.214508 3477.132812
8.174297 -90.943512 3422.993652
-370.238953 446.797180 3444.426270
-411.759064 196.753448 3492.564697
-371.319061 -74.053986 3440.441162
-196.990509 240.582520 3445.819336
-89.271439 31.827835 3440.515381
-71.831093 15.829492 3020.897949
-6.883896 -93.140877 2605.277100
-285.102783 24.237167 3420.502197
-224.613556 -397.815674 3437.564209
-183.765747 -691.862915 3476.825684
-218.014221 670.918457 3483.570557
-209.547882 463.241516 3465.616943
-46.114227 470.388428 3482.217773
-20.221769 192.459595 3481.979492
-2.334036 -81.825958 3433.375488
-372.981537 456.094604 3449.016113
-412.311768 195.812012 3490.706055
-381.548889 -77.696350 3447.478516
-198.297974 251.079605 3446.201660
-89.144066 43.199020 3436.730957
-77.859230 20.568621 3013.985352
-1.854744 -128.252029 2613.406494
-284.952057 34.636368 3416.841797
-227.038132 -388.038879 3426.740234
-178.876129 -685.234009 3480.487793
-221.881226 681.350830 3487.769043
-211.304642 474.067963 3467.016357
-47.859451 482.624725 3482.815674
-27.130951 204.263031 3482.831299
-10.541565 -70.938385 3439.198486
-374.749817 465.511200 3451.217041
-412.525085 199.665131 3487.067627
-384.497375 -74.696228 3445.882080
-198.260147 262.027405 3446.909180
-87.297699 55.113098 3436.267090
-71.085587 -11.095345 3018.890137
1.853210 -182.897156 2640.123047
-283.133606 44.860596 3417.336914
-226.815033 -377.901672 3432.944824
-181.686157 -675.091370 3478.072021
-221.894272 674.567566 3477.858154
-209.197037 467.808289 3460.519775
-45.983101 478.729736 3477.115723
-29.393915 200.090790 3477.260498
-14.069118 -75.854218 3438.089844
-372.410950 456.886841 3443.923828
-416.337067 210.541763 3483.086670
-388.171082 -64.798904 3448.700195
-193.346680 255.651154 3444.254883
-79.710381 50.037354 3437.933105
-58.007866 -70.271477 3034.891602
7.603691 -258.977997 2674.458252
-275.282288 36.950668 3418.046875
-221.534668 -386.201965 3433.645020
-175.895477 -703.569946 3486.504150
-222.817886 677.286316 3470.405762
-208.780731 469.534424 3456.518311
-45.806038 481.497925 3474.695068
-32.532104 202.681458 3474.895508
-18.422617 -73.867035 3439.728516
-371.755402 457.570923 3438.341553
-417.378571 204.647949 3480.629150
-390.570953 -71.639313 3453.329102
-191.854446 257.179382 3444.522461
-77.293579 51.991425 3443.415771
-61.702332 -106.423615 3052.461426
1.939671 -314.498108 2717.389404
-272.562775 37.657272 3421.637451
-227.515045 -386.400269 3438.607422
-180.650146 -695.120056 3490.972656
-224.367188 682.948914 3464.678467
-208.853668 474.365021 3453.650635
-45.944717 487.094482 3471.989990
-35.324615 208.164307 3472.204346
-22.370926 -68.873688 3440.628906
-371.762634 461.635559 3435.311279
-419.133606 207.997284 3485.714600
-390.150146 -63.482605 3433.888428
-191.310516 261.873352 3445.306152
-76.176956 57.007233 3447.947754
-65.830261 -146.340057 3078.845947
-4.106525 -372.717346 2767.990234
-271.357788 41.756119 3425.975586
-231.081772 -382.946167 3438.645264
-180.954529 -692.803528 3492.021240
-225.766785 676.806335 3447.817627
-210.134583 467.958466 3444.275146
-47.543915 481.160767 3464.878906
-39.047684 202.157837 3465.085205
-27.183922 -75.277161 3436.731445
-372.725250 454.756165 3423.671387
-419.034332 211.453873 3482.214111
-389.964844 -62.588028 3444.520996
-192.589905 255.364716 3442.048584
-77.633614 50.680756 3452.166260
-69.657921 -193.626251 3108.836914
-13.071980 -441.193481 2823.456055
-272.456848 34.861176 3427.477783
-230.508118 -389.616486 3443.263184
-188.170593 -688.845520 3477.845459
-226.536224 674.151855 3439.884277
-210.809631 466.883484 3438.348145
-48.200790 480.107361 3458.889160
-41.403870 201.057861 3459.076172
-30.561123 -76.699036 3433.612305
-373.418457 453.659576 3417.807129
-417.461639 204.683670 3475.729492
-394.920898 -71.464371 3449.248535
-193.628250 254.210464 3439.250000
-79.037086 49.459137 3452.456787
-69.805428 -237.198578 3144.874756
-18.659557 -485.169983 2884.917480
-273.856628 33.615768 3427.846924
-227.651459 -390.093811 3450.098633
-191.903152 -678.198364 3472.036377
-226.051834 674.155396 3434.414795
-210.309158 466.187164 3432.930420
-47.383896 479.517181 3450.515869
-41.946419 200.437897 3450.679688
-32.054642 -77.579926 3427.808105
-373.234436 452.857147 3415.344971
-416.622589 203.754440 3472.222168
-396.187012 -72.401169 3440.865234
-193.176025 253.485870 3435.426514
-78.424126 48.771423 3448.459229
-70.983589 -275.354675 3181.235107
-23.026390 -537.162354 2948.320557
-273.661652 32.797729 3427.385986
-228.835876 -390.659149 3456.269287
-187.048035 -685.293945 3480.380127
-226.330536 681.771667 3416.718506
-210.134094 473.042297 3425.062256
-46.790855 486.679626 3436.601562
-42.440941 207.581207 3436.741699
-33.430908 -70.648102 3416.196045
-373.477325 459.404968 3413.522949
-413.521179 199.387177 3472.445312
-395.902252 -77.384796 3443.060059
-193.073944 260.627106 3434.604980
-78.100044 56.386642 3451.064941
-74.751686 -297.033691 3222.875244
-32.994461 -572.115112 3032.766113
-273.927521 40.037231 3437.230469
-228.831314 -383.161560 3469.794922
-187.417252 -671.507324 3494.266113
-226.652313 686.634033 3407.907471
-210.571442 477.537903 3419.462402
-46.963242 490.621094 3428.020264
-43.483425 211.510437 3428.138184
-35.287735 -66.890289 3409.679199
-374.179657 464.454712 3410.904541
-410.947113 202.124786 3464.598633
-395.307861 -74.153473 3429.466064
-194.241394 265.168091 3431.936035
-79.917412 60.634521 3449.535400
-87.129761 -317.723206 3266.000244
-41.060390 -606.063477 3107.557617
-275.905273 44.962036 3439.283936
-233.167877 -379.068420 3460.869385
-189.228485 -680.522583 3491.261719
-227.547119 693.241821 3402.406250
-210.668076 484.222839 3415.119873
-47.402267 497.558655 3428.254150
-44.618515 218.440186 3428.352295
-37.172546 -60.099396 3411.766113
-373.933899 470.887024 3401.985596
-409.907745 205.532593 3462.455078
-396.709259 -69.967407 3420.768555
-194.450546 271.898102 3429.110596
-80.411789 67.563583 3450.970703
-90.475555 -328.168396 3305.754395
-47.693954 -631.720459 3182.967529
-276.054260 51.583176 3435.231934
-225.311981 -371.384705 3460.125000
-191.250778 -671.112610 3480.554199
-224.511536 696.668945 3400.183838
-208.700516 487.780945 3411.131836
-45.198856 499.977356 3422.947754
-42.971916 220.853912 3423.028564
-36.214146 -57.798248 3408.123291
-372.202179 475.584534 3399.315918
-408.769440 210.997009 3454.885498
-391.057892 -64.140564 3412.135986
-193.840652 275.315796 3424.817139
-81.056427 70.155334 3445.579346
-92.341682 -337.085266 3331.912109
-55.701157 -653.739014 3241.379883
-276.905151 55.545959 3431.425537
-224.992844 -366.625854 3465.525146
-192.902985 -676.394165 3483.996338
-222.141479 696.462891 3400.557617
-206.512482 488.408752 3408.155029
-43.221809 500.054077 3423.067871
-41.440258 220.927399 3423.134033
-35.312717 -57.815948 3409.737549
-369.803162 476.763428 3393.242188
-406.675415 219.042908 3447.546387
-385.988556 -55.929993 3404.750977
-192.415924 275.768372 3419.851807
-80.495308 70.104477 3440.482422
-95.070747 -346.287781 3369.125000
-59.003834 -669.222168 3303.276611
-276.143433 56.151535 3422.614746
-216.913055 -364.221497 3465.245117
-189.236343 -681.067749 3476.588623
-219.294601 697.416748 3399.241455
-203.720428 488.956055 3404.375732
-40.960228 500.169373 3424.156982
-39.535004 221.040680 3424.210938
-33.983540 -57.776581 3412.169189
-366.480621 477.742737 3384.594482
-405.081543 222.383911 3441.756836
-379.594421 -51.835022 3396.830322
-190.307617 276.189911 3414.625000
-79.362183 70.143234 3436.728027
-97.467194 -351.166870 3406.352539
-65.657211 -672.538757 3355.441406
-274.427429 56.704269 3413.020508
-213.695770 -362.494995 3464.470703
-184.313965 -688.293701 3475.106689
-214.687469 695.178528 3399.094971
-200.990982 487.735138 3402.087402
-38.303421 497.900421 3423.332520
-37.163280 218.770386 3423.376221
-32.137348 -60.106720 3412.551270
-363.678528 477.569855 3380.842285
-403.830139 224.719788 3434.353760
-376.054169 -49.183075 3388.645996
-188.781586 274.816833 3410.468750
-79.133476 67.986847 3431.574463
-97.913368 -355.763458 3424.031982
-70.163597 -681.934814 3396.458252
-274.010925 55.810211 3406.125732
-211.927673 -362.190735 3465.400391
-189.145203 -678.329041 3475.459717
-211.970596 686.315308 3398.520264
-197.698944 480.846436 3398.516113
-34.717815 490.866028 3417.598877
-33.805809 211.735138 3417.634277
-29.258524 -67.190491 3407.902100
-360.680084 470.826843 3379.433350
-400.051636 228.626068 3426.391846
-373.292023 -43.865295 3372.846436
-185.455505 267.881012 3405.767578
-75.582115 60.917587 3424.450195
-96.357422 -363.733337 3433.308350
-75.694778 -697.459595 3440.681641
-270.842010 48.913620 3401.587891
-206.064301 -367.184143 3470.407715
-189.084808 -676.614014 3478.639648
-209.512512 685.290039 3399.234619
-195.948868 479.856934 3397.404541
-32.643608 489.751770 3413.509521
-31.914083 210.620361 3413.538086
-27.802221 -68.344513 3404.787354
-359.254089 469.962097 3381.299561
-396.490295 223.479553 3412.121338
-366.424316 -49.431885 3362.484863
-183.529175 266.841431 3402.344238
-73.272743 59.753952 3416.932617
-100.804207 -360.376404 3467.033203
-79.302925 -692.361816 3455.880371
-268.946228 47.897873 3397.635254
-204.261871 -367.407593 3471.596924
-191.226791 -670.370483 3479.135742
-206.432617 682.670532 3399.096680
-193.121399 478.119629 3394.712158
-29.872646 487.614075 3411.819092
-29.289034 208.482361 3411.842041
-25.572714 -70.514313 3403.973389
-356.370117 468.625183 3377.605225
-394.108612 222.750412 3396.896973
-358.290466 -51.063370 3358.683105
-181.037094 265.047729 3397.649902
-71.165375 57.663071 3410.834961
-97.188820 -360.988403 3479.522217
-79.669327 -695.697876 3466.100342
-266.740234 46.288559 3390.340332
-210.926346 -369.740112 3467.211426
-188.342438 -677.776001 3481.249023
-200.605316 686.389465 3398.024902
-188.957199 481.007385 3392.427246
-25.757767 489.669312 3410.508301
-25.290815 210.537384 3410.526855
-21.933451 -68.485077 3403.450684
-352.156616 472.345398 3374.346191
-391.650391 219.662064 3383.275391
-348.201904 -53.757034 3350.352783
-177.842941 267.865540 3394.218262
-68.963570 59.912674 3406.840820
-91.728951 -359.617310 3476.985352
-76.708534 -696.053284 3480.099609
-264.493805 49.534744 3385.177734
-223.798431 -364.958374 3476.202393
-187.020493 -670.338379 3481.100586
-198.167953 684.967407 3398.494629
-187.203461 480.303589 3392.432617
-23.829128 488.522095 3409.115234
-23.455597 209.389984 3409.130127
-20.423714 -69.653320 3402.766113
-350.577789 472.085022 3375.750000
-387.241302 220.543976 3382.427734
-343.751862 -51.054169 3337.504639
-176.511230 267.130951 3392.740479
-67.945396 58.881851 3403.042480
-92.974342 -359.440186 3481.478027
-80.945488 -704.183838 3493.249023
-263.692596 49.034805 3383.054199
-221.732971 -364.651062 3478.350098
-191.841461 -677.291260 3482.499756
-190.512802 678.985596 3381.727539
-179.382736 471.820496 3384.777832
-15.829914 480.386780 3399.342773
-15.531054 201.254608 3399.354736
-12.794038 -77.805603 3393.630859
-342.935577 463.254242 3370.212891
-381.366364 215.272522 3379.966309
-339.336639 -55.373535 3327.780762
-168.781921 258.810486 3391.019531
-60.195171 50.932602 3405.987305
-83.235855 -367.792358 3484.382080
-72.725647 -706.529175 3503.958496
-256.167023 40.668335 3388.535156
-218.435608 -373.134491 3485.677246
-181.792480 -686.757935 3489.787109
-184.155197 675.756592 3391.823975
-172.434464 468.892731 3386.556396
-9.270331 476.476807 3405.052002
-9.031182 197.344574 3405.061523
-6.561100 -81.729309 3399.913086
-335.598602 461.308655 3368.060791
-368.835754 204.108032 3375.967041
-329.918213 -66.459320 3320.426270
-162.574402 255.793091 3386.954346
-54.941498 47.238068 3398.435547
-87.049072 -367.301788 3492.778809
-80.519165 -679.968384 3488.460205
-250.487167 38.148834 3376.269043
-216.670090 -377.354706 3467.551514
-181.520721 -683.734985 3477.387451
-179.561905 674.896729 3395.885986
-167.467529 467.783173 3386.913330
-4.498932 474.971985 3407.354004
14.038221 223.540298 3416.750488
19.549614 -49.827103 3390.203857
-330.436127 460.594360 3366.472656
-359.735199 205.888397 3384.048340
-320.568207 -62.483032 3319.157227
-157.774902 254.642426 3384.596191
-50.460999 45.807922 3394.523438
-87.815155 -361.170563 3513.982422
-83.956985 -675.037537 3483.612793
-245.703552 37.195450 3370.034668
-213.756042 -374.827759 3475.756348
-181.905823 -687.596619 3491.588379
-174.566696 677.116028 3397.420654
-162.897629 469.614960 3387.204346
-0.122955 476.531555 3409.317139
32.672718 213.901520 3423.801514
38.471546 -59.572784 3380.815918
-325.672302 462.698364 3365.091553
-355.675293 208.938873 3390.707031
-307.879089 -55.857513 3317.967529
-153.341507 256.451172 3383.535645
-46.276703 47.430725 3393.113281
-88.582275 -361.706573 3504.931396
-82.074257 -681.175537 3487.350098
-241.294067 39.144058 3366.620605
-216.104691 -368.909729 3487.721436
-180.928040 -677.379517 3495.994629
-171.481674 677.438232 3398.184570
-158.206711 470.922302 3387.903076
4.630593 478.946198 3409.237549
46.594662 219.878601 3426.732178
51.003262 -52.763123 3372.632324
-321.044037 462.898407 3366.568604
-353.491394 210.305862 3396.324951
-298.784088 -48.704239 3309.965820
-147.111023 257.834961 3383.356445
-38.467285 49.554352 3391.590332
-76.407600 -359.993439 3504.634277
-85.829872 -690.773193 3485.856445
-233.563370 39.940887 3366.029297
-212.368866 -367.163788 3491.757324
-178.442719 -665.369751 3496.605469
-166.181259 676.344360 3401.584717
-150.926727 471.268738 3389.469482
11.458552 481.184265 3413.179932
58.653824 221.143646 3431.053955
61.594116 -50.284363 3368.534668
-313.312012 461.353210 3365.759033
-351.944183 209.644913 3396.000732
-293.306488 -48.371567 3308.269287
-137.101074 258.373413 3383.813232
-25.981655 51.418991 3392.363037
-66.431320 -359.921448 3498.196045
-83.824799 -702.080688 3496.456543
-220.569183 39.537155 3363.950928
-207.527954 -369.808533 3483.434570
-174.080139 -664.988892 3499.022949
-161.795059 677.903564 3401.259033
-145.478668 471.937805 3390.516846
16.979771 483.241821 3413.150635
67.341766 218.314026 3433.450195
68.605148 -51.645325 3358.111328
-307.937103 460.633789 3367.883057
-350.741852 208.172241 3393.226807
-292.256714 -51.695526 3310.581543
-129.964966 259.133850 3385.445312
-17.130543 53.101578 3393.932617
-73.067078 -354.745239 3505.260986
-86.795273 -696.282593 3498.390381
-211.771988 39.558243 3366.814941
-200.628403 -368.936890 3489.784912
-181.258133 -661.278198 3502.394287
-157.055939 680.205811 3400.116211
-143.746445 474.136047 3390.084229
19.018063 483.946167 3411.163818
70.157341 228.891647 3433.759277
70.309090 -40.695358 3350.998535
-306.510956 464.325897 3369.004639
-350.616730 208.203339 3395.409424
-288.677124 -50.544128 3311.464111
-130.180588 261.210968 3384.428711
-19.104778 54.163010 3391.401611
-79.405968 -352.279114 3506.255127
-98.803871 -696.917725 3494.384277
-214.124680 42.408783 3366.144775
-218.238632 -367.924011 3482.381104
-193.863724 -667.302002 3492.106689
-155.115097 676.574646 3399.540283
-142.171249 471.251404 3390.266113
20.895460 480.532410 3409.117920
74.621300 229.145447 3439.163574
71.066460 -37.730804 3345.452881
-305.237976 461.970398 3371.414307
-350.946472 211.360245 3396.040283
-290.753906 -48.194870 3313.109619
-129.420441 258.260834 3384.830811
-18.977446 50.830460 3390.689453
-73.230255 -356.814697 3504.619141
-102.786919 -697.324829 3498.733154
-214.361816 39.710098 3368.101562
-216.711639 -370.757935 3484.647705
-193.998566 -680.771851 3487.335938
-154.677292 685.116333 3398.248291
-140.090866 478.330078 3391.643799
22.913776 488.743958 3410.540039
73.363358 224.506561 3435.442627
72.642166 -46.768890 3354.777832
-303.095490 467.916168 3372.747559
-350.776184 208.417084 3399.000244
-291.235443 -50.388214 3313.222656
-125.972321 265.403015 3387.199219
-14.206630 58.714371 3394.074219
-79.073441 -345.481812 3514.195557
-93.188484 -698.111877 3503.099121
-209.500931 46.237564 3371.435059
-205.039093 -365.331299 3484.084961
-189.524872 -668.009277 3487.521484
-152.543930 680.345764 3401.108154
-138.025497 473.930542 3393.879883
25.344524 484.525757 3408.735107
75.839943 237.966110 3438.565674
75.920334 -34.965042 3362.265869
-301.395538 463.335327 3379.024658
-343.432526 215.519958 3386.169678
-294.829315 -49.438995 3315.922119
-123.718933 261.036682 3388.386230
-11.515399 54.491837 3391.794434
-77.079964 -349.682983 3512.104492
-96.785004 -706.714600 3494.086182
-207.309341 41.793823 3373.990723
-207.320465 -370.192200 3485.438965
-191.482010 -676.716431 3485.657471
-148.779266 679.101562 3399.063965
-135.649338 472.061768 3394.100342
28.040220 481.588318 3405.764893
77.888672 237.454941 3438.119873
81.370125 -35.732529 3362.040771
-299.338898 462.535217 3382.435791
-329.543274 203.911560 3375.400146
-297.032166 -65.692261 3315.614014
-122.933098 259.046997 3389.623535
-12.149664 51.739639 3392.135010
-82.915497 -352.076355 3510.817871
-95.831291 -705.501343 3499.525391
-208.284042 40.324844 3378.158447
-205.115555 -372.004028 3488.454590
-197.826462 -681.100159 3479.719482
-144.669083 682.069336 3398.070557
-134.824265 474.202026 3393.225586
29.147284 481.832153 3401.807373
76.374207 233.498489 3438.120361
82.892166 -38.725998 3358.550049
-298.795776 466.571838 3384.643799
-323.355042 200.023956 3373.088135
-293.102631 -71.322052 3317.926270
-124.695465 261.049072 3389.212402
-16.328825 52.467484 3390.340576
-94.681908 -352.041870 3501.343506
-96.298676 -699.143127 3497.279053
-212.804520 43.324783 3380.057861
-202.026352 -370.323364 3484.487061
-200.948822 -676.819824 3478.165527
-141.850525 675.358093 3398.508057
-134.130035 469.399109 3392.130127
30.019436 475.239502 3398.789795
74.452400 230.180099 3434.427490
78.411980 -43.501938 3359.751465
-298.279510 463.558716 3385.470459
-320.652496 200.342468 3368.889893
-291.204254 -72.602661 3320.573486
-126.381165 256.147736 3388.150879
-20.301556 46.394928 3388.160889
-96.687531 -356.115936 3507.502686
-94.536743 -705.006104 3501.830566
-216.963028 39.397781 3380.182373
-205.521378 -373.425964 3487.986328
-198.883301 -680.838379 3473.738037
-140.315872 676.895874 3413.724121
-133.603287 471.796570 3398.493164
30.600214 476.663300 3405.237305
73.064590 220.582642 3428.159668
76.807449 -54.696838 3359.596436
-297.806793 466.929810 3391.749023
-322.717926 197.227509 3372.178955
-288.951019 -74.991852 3321.774170
-126.856140 258.830627 3387.898193
-21.752207 48.779816 3381.343018
-86.164177 -356.212372 3499.036133
-94.249176 -686.583618 3499.170898
-218.465775 42.949539 3373.263428
-207.144516 -370.566406 3478.538818
-188.359024 -675.401611 3467.877441
-138.563889 671.847534 3406.834961
-132.274033 466.450012 3396.507568
31.927233 471.157471 3403.762939
72.692688 220.549988 3431.394775
75.267456 -51.985077 3352.998535
-296.475311 461.742523 3389.252197
-325.752747 204.388947 3371.644775
-291.965332 -68.881317 3326.949951
-125.868584 253.291718 3389.844238
-21.101229 42.953354 3387.527100
-86.306694 -357.129517 3520.083740
-93.762413 -693.309937 3514.684570
-217.825058 37.313507 3378.834717
-202.810684 -374.705322 3489.292480
-189.278946 -683.112122 3478.958008
-136.719986 678.592163 3404.907227
-131.382996 470.899170 3396.248047
32.925541 474.809814 3400.065918
72.496506 214.397369 3430.126953
74.367325 -55.312988 3342.596680
-295.691498 466.988464 3392.430176
-329.522308 203.723816 3374.975098
-289.954498 -68.380585 3327.875488
-126.181351 257.632019 3390.838867
-22.526997 46.708145 3387.717285
-88.547760 -358.949951 3500.554443
-91.127953 -674.489990 3498.445557
-219.432419 42.021622 3383.142090
-202.787445 -370.822754 3490.317871
-189.060272 -680.526855 3485.006836
-138.163986 674.091736 3401.922119
-132.487396 466.280823 3395.230957
31.864262 469.977478 3398.208252
72.133514 215.164825 3432.355469
74.294357 -52.339844 3338.133057
-296.839050 462.584198 3392.253662
-326.104370 212.187164 3376.106934
-290.784088 -60.561432 3329.074463
-127.642464 252.943863 3392.665039
-24.349064 41.821213 3391.882568
-91.313004 -363.039368 3508.243408
-87.665405 -696.002930 3501.778809
-221.246017 37.392563 3388.315674
-208.373871 -376.921326 3490.101318
-185.576248 -687.252686 3488.515625
-136.363785 674.661377 3400.416504
-131.315216 466.446167 3394.442871
33.058598 469.682556 3397.398438
72.194542 211.546417 3428.980713
74.178825 -57.864349 3340.164551
-295.689026 463.209717 3391.487305
-319.468536 205.288879 3376.031982
-291.670868 -68.509735 3330.368652
-127.083450 253.066803 3392.750000
-24.384731 41.626205 3392.827637
-92.250397 -362.739868 3511.028076
-85.486732 -691.750732 3490.755127
-221.318649 37.748703 3389.286621
-202.629135 -378.166992 3482.984863
-183.940643 -681.458435 3484.650391
-136.019211 673.297668 3400.179199
-131.453247 465.080322 3394.341553
32.943806 468.082458 3396.226562
71.814438 210.253998 3430.185791
71.995155 -57.444489 3336.224609
-295.850281 462.078217 3392.456543
-316.325745 204.244720 3376.584473
-295.838684 -71.143768 3337.750977
-127.542503 251.679428 3393.145020
-25.145466 40.077026 3393.077881
-93.950150 -361.839935 3518.908447
-83.000458 -683.833130 3484.672852
-222.118073 36.480011 3390.819092
-205.192322 -379.969299 3482.796143
-186.745728 -685.670288 3487.391602
-136.839050 670.924683 3400.559082
-132.424683 463.048828 3395.239502
31.983759 465.826294 3395.489502
71.838966 207.737061 3426.415527
70.388962 -60.013733 3332.410156
-296.833160 460.271332 3394.989502
-314.793976 202.116058 3380.318848
-297.734711 -73.504028 3340.685059
-128.819626 249.637085 3395.421387
-26.717722 37.889343 3395.752930
-91.039429 -364.397186 3522.968750
-83.695206 -689.330322 3485.884033
-223.711411 34.561371 3395.453613
-211.427658 -381.336609 3490.634033
-183.073181 -692.618652 3489.074707
-136.831299 670.474182 3399.262207
-134.106216 462.295471 3395.804688
30.171267 464.549774 3391.052246
72.065376 206.043701 3425.293457
67.446358 -62.592468 3333.932129
-298.383698 460.041199 3400.557129
-316.617493 201.889069 3379.030029
-294.606079 -73.031464 3336.904297
-131.117691 248.887802 3397.880127
-29.670527 36.831207 3397.107178
-95.437431 -369.026367 3510.967773
-83.019493 -693.626587 3489.458252
-226.587799 34.129028 3402.803955
-213.954590 -384.151917 3486.185303
-181.626831 -692.784973 3498.077881
-139.751022 670.929565 3400.113281
-136.708679 462.107178 3396.504150
27.591417 464.694244 3391.304688
72.070183 204.874298 3423.374268
65.785210 -63.484741 3331.211914
-301.008759 459.520081 3401.703613
-315.046661 202.111725 3380.391602
-293.838226 -72.628876 3336.334717
-133.288712 248.697021 3398.386719
-31.463274 36.836380 3397.155029
-96.749413 -367.512695 3516.875732
-82.814575 -681.765808 3483.587646
-228.274216 33.737381 3403.383545
-205.970627 -384.682922 3483.920166
-182.631592 -685.081787 3490.939453
-132.396820 677.466797 3400.031738
-131.811905 468.428528 3397.853271
32.537170 469.085022 3393.370361
72.119659 205.643524 3422.189941
64.908760 -63.734833 3333.119873
-296.161011 467.772003 3402.336182
-313.846069 200.930847 3382.584473
-293.591919 -73.493744 3336.026123
-130.912079 255.002457 3399.585938
-31.558157 41.969681 3398.633057
-92.201492 -363.867004 3515.942139
-81.130608 -680.242798 3484.227295
-228.466354 41.183121 3404.004150
-200.788910 -376.551392 3486.783447
-182.596954 -677.407959 3492.803467
-135.498886 672.871033 3399.504395
-132.519623 464.583374 3396.865967
31.852861 466.404633 3395.995605
72.071594 209.044922 3425.822510
64.532768 -59.058136 3333.032227
-296.892120 462.762146 3397.736328
-315.847107 209.802475 3383.208740
-293.193146 -64.313644 3335.864258
-130.144470 251.166595 3398.846680
-29.279970 38.841064 3400.305908
-87.545174 -367.203522 3518.303223
-78.240936 -702.819702 3498.053955
-226.258667 36.658539 3401.348877
-199.460907 -381.421417 3483.046875
-180.010239 -692.948120 3490.939209
-136.682465 674.106079 3399.214111
-132.863754 465.144043 3396.966064
31.532906 467.481079 3396.538574
72.150940 206.287506 3424.934814
64.485596 -64.344238 3340.147217
-297.260437 462.807037 3397.393555
-314.090668 202.786682 3381.865234
-293.071716 -71.481995 3334.570312
-129.822784 251.740005 3399.763184
-28.311287 39.735779 3402.304199
-86.729263 -368.767792 3511.126953
-83.767921 -695.951294 3494.675537
-225.252335 36.936127 3402.816406
-202.202591 -381.519501 3483.847656
-182.616898 -690.433716 3488.246582
-136.915588 672.637207 3400.085205
-131.526611 464.556244 3398.301025
32.836170 467.457916 3400.653320
72.195229 208.346100 3425.985840
64.510826 -62.756348 3342.476562
-295.889404 461.654572 3395.948730
-313.880829 201.694763 3387.010010
-293.282593 -71.323853 3333.156738
-127.805214 251.165298 3401.503418
-25.611086 39.512802 3406.115234
-85.365707 -369.425415 3512.805664
-83.181564 -687.641296 3491.667236
-222.556564 36.035904 3403.296387
-203.342834 -383.483521 3479.602539
-179.578384 -691.759644 3488.377197
-136.366501 674.562622 3414.017578
-131.404068 466.654053 3404.542236
32.983883 469.733521 3405.835693
72.129593 206.672241 3425.635498
64.545898 -64.484711 3342.162598
-295.792053 463.574585 3403.248779
-316.113678 197.577789 3390.004639
-291.842407 -74.937286 3335.043701
-127.382477 253.366882 3401.225098
-24.888218 41.924408 3398.682861
-87.037270 -363.075836 3517.667236
-95.095016 -723.621338 3468.829834
-221.833542 38.235046 3397.133057
-200.136871 -381.651276 3470.829346
-179.423141 -684.729492 3487.277100
-135.853043 672.865112 3406.975830
-130.802826 464.752930 3400.595215
33.602634 467.646912 3401.387451
72.256958 209.019287 3424.918213
64.469154 -61.146057 3338.306885
-295.208282 461.858948 3399.802979
-315.225189 201.938934 3391.441650
-292.596100 -70.467133 3335.113525
-127.046021 251.405670 3400.327881
-24.802641 39.792053 3400.535156
-89.767685 -366.733826 3512.825195
-100.614868 -751.967834 3496.751221
-221.775787 36.324768 3399.585938
-199.122772 -382.949799 3476.479980
-196.707657 -736.467773 3520.294434
-139.450012 680.151489 3417.463135
-133.244522 472.117310 3405.272461
31.150589 475.790588 3405.868652
71.928741 206.293488 3424.544678
66.850708 -63.506653 3336.594482
-297.639648 468.444031 3404.676270
-316.705322 198.015625 3390.684082
-291.451385 -74.510681 3336.055664
-128.459961 258.895935 3399.682129
-25.191093 47.875107 3394.448975
-87.591095 -356.966553 3514.104492
-111.464905 -753.739380 3495.809814
-222.159714 43.473984 3393.734619
-199.049072 -377.195374 3462.002197
-184.263245 -749.841431 3543.651611
-138.186783 678.396790 3423.712891
-131.555344 472.520172 3408.977783
32.812149 476.672180 3411.103516
72.216553 215.948029 3427.677979
66.028343 -54.377228 3341.394043
-295.922821 468.368164 3406.852051
-319.792175 205.153473 3391.734375
-291.040680 -66.628052 3335.205566
-126.072647 259.332642 3401.442627
-22.117434 48.632568 3395.181152
-70.128677 -353.032471 3529.720703
-113.459923 -732.654480 3493.671631
-219.062469 43.657654 3392.633789
-212.401855 -376.021332 3468.163818
-146.164993 -757.314697 3534.468506
-139.053101 685.619385 3426.333496
-132.883240 479.915894 3412.516357
31.490713 484.284241 3413.906738
72.450027 216.441101 3429.580811
68.626808 -51.947906 3337.514893
-297.257172 475.547546 3411.125977
-318.041565 208.191010 3390.999023
-291.782684 -63.953186 3334.940918
-127.152313 266.707947 3404.861816
-22.949644 56.116943 3398.040283
-67.062523 -347.687469 3528.244629
-128.102753 -704.216248 3491.321777
-219.893127 50.883057 3396.374268
-204.391037 -369.068420 3469.740967
-177.153793 -761.040588 3542.373535
-139.493240 683.795593 3427.154297
-133.713516 478.501221 3411.481201
30.661797 482.720337 3413.413086
72.597984 224.088135 3430.652832
68.859291 -45.608551 3342.439941
-298.088867 474.282104 3409.549316
-318.961792 216.901855 3394.868652
-292.400085 -54.211060 3334.247070
-128.144623 265.294128 3403.282715
-24.102394 54.614609 3396.241699
-74.003784 -351.224365 3517.887207
-121.284882 -700.348999 3488.918213
-221.049057 49.559433 3393.926758
-202.959732 -371.126465 3463.121582
-190.455215 -769.582336 3533.053223
-139.632721 675.487549 3414.047607
-133.524780 469.430603 3405.569580
30.839041 473.751343 3408.199463
72.514709 223.929916 3431.782227
70.876518 -48.199051 3351.657715
-297.888611 465.109833 3402.939697
-317.891785 216.017395 3394.326660
-294.248352 -55.379303 3333.704834
-127.881531 256.153351 3403.278320
-23.770567 45.464615 3402.562500
-84.624428 -358.674683 3524.901367
-101.740768 -697.575073 3493.172363
-220.705994 40.287628 3399.411621
-201.529175 -379.491577 3473.964355
-202.391098 -782.687378 3530.650635
-142.381073 680.073792 3421.993164
-135.574005 474.286499 3408.875488
28.777941 479.226929 3409.214111
72.312912 214.082489 3429.119873
67.665237 -58.822479 3351.596436
-299.925934 469.346130 3408.536865
-317.413452 203.124176 3393.520752
-294.105042 -67.590515 3329.782959
-129.153503 261.066864 3403.468018
-24.262880 50.807205 3398.263428
-82.950409 -358.023254 3504.309814
-102.685295 -731.790039 3472.474365
-221.203125 44.887222 3397.857666
-205.029480 -374.976257 3472.953125
-200.382202 -780.692627 3522.154785
-143.679443 674.731445 3411.974121
-135.786179 468.557800 3405.480225
28.479389 474.028442 3409.240723
72.561539 219.909973 3432.851562
66.312256 -54.172485 3359.653076
-300.051758 463.087097 3401.719727
-322.967865 207.238113 3403.626221
-291.670532 -59.982803 3330.467285
-128.684372 255.325897 3405.465332
-23.157146 45.371964 3407.703613
-80.521431 -365.930664 3505.169189
-94.935150 -757.542297 3503.069580
-220.007996 38.816055 3403.197266
-198.276642 -381.077026 3476.699707
-214.418762 -786.727783 3526.979980
-144.873566 671.711121 3404.457764
-136.521957 464.431824 3401.968018
27.740845 470.372223 3406.079590
72.402374 215.174469 3429.165527
67.758110 -59.598907 3358.348145
-300.784760 458.491425 3397.856445
-331.374542 200.107941 3417.512207
-291.711884 -62.355316 3332.984863
-128.916382 251.247253 3406.124512
-22.916252 41.621017 3412.743896
-78.579170 -372.348267 3499.401611
-104.869301 -772.508545 3497.757080
-219.705368 34.504349 3407.818115
-199.130173 -386.623840 3474.077393
-205.155838 -791.264893 3536.520508
-148.328110 677.969055 3403.204834
-139.283432 469.243408 3402.799316
24.922758 475.953003 3408.071777
72.848373 212.166016 3430.830811
68.152901 -62.628052 3359.969238
-303.489655 462.533875 3397.526855
-340.760437 202.044678 3426.618408
-294.666229 -57.541107 3336.248779
-130.718597 256.059204 3407.346680
-23.783689 46.894455 3415.052734
-77.335976 -363.287231 3518.482178
-115.549652 -766.922058 3509.768311
-220.523834 38.855515 3408.735352
-209.173340 -382.004517 3478.432129
-191.045242 -787.823364 3525.986816
