-145.691238 677.517700 3365.322510
-133.149551 469.572723 3365.876953
30.092194 479.387756 3382.916504
30.095970 200.255310 3382.921143
30.521210 -78.876038 3382.305908
-296.391296 459.757690 3348.837402
-322.240906 191.180115 3349.940430
-287.848297 -78.982208 3289.500000
-120.808548 256.553558 3370.350098
-10.677559 49.414093 3385.030762
-85.833908 -349.409180 3517.058594
-84.573753 -703.468628 3415.627686
-206.257538 37.654694 3364.615723
-197.106689 -374.069519 3476.698242
-210.773041 -779.655273 3533.767578
-144.176056 677.151001 3367.192383
-132.214905 469.808472 3366.656006
30.971684 479.684387 3384.283691
30.974562 200.551941 3384.287354
31.357510 -78.579559 3383.733887
-295.401489 459.932617 3349.028320
-323.454773 196.420410 3349.491943
-286.214294 -74.925079 3296.711182
-119.719467 256.769531 3370.335449
-9.467578 49.646713 3384.574707
-79.575768 -350.632080 3515.062012
-89.455376 -713.572388 3418.216309
-204.980484 37.814453 3363.455078
-199.306320 -373.956421 3475.737061
-205.201767 -777.843872 3545.324219
-138.473938 668.283264 3367.067139
-128.901962 461.988983 3366.592285
34.391846 470.412262 3383.979004
34.393974 191.279816 3383.981934
34.738705 -87.851929 3383.483887
-292.195770 453.565735 3349.205566
-323.685181 198.066559 3350.247070
-289.070648 -74.733521 3303.387451
-118.395523 248.862457 3371.169434
-10.061913 40.782196 3386.162842
-90.316956 -352.552032 3530.116943
-94.925934 -731.264648 3419.900635
-205.716248 30.689667 3365.330322
-209.985870 -381.812714 3474.590332
-175.661926 -784.355896 3531.653564
-140.280731 670.571777 3366.510010
-129.665070 463.639923 3367.032959
33.521301 472.603577 3385.178955
33.522816 193.471130 3385.181396
33.833057 -85.660736 3384.733154
-292.851471 454.676270 3348.886963
-325.194397 195.072083 3358.178467
-289.685394 -76.890381 3306.995117
-118.512833 250.546814 3372.003418
-9.600142 42.823578 3387.844727
-81.009804 -358.401978 3512.166016
-98.727478 -709.170898 3427.344727
-205.121048 32.083832 3366.103027
-204.731308 -380.122528 3476.757324
-200.724899 -785.505493 3522.339355
-138.787109 665.350830 3368.239258
-127.456711 458.700775 3367.215088
34.990723 468.009399 3390.423828
34.991821 188.876953 3390.425781
35.271034 -90.255005 3390.022461
-289.904144 449.392151 3344.006348
-328.379700 195.065048 3361.170410
-292.075012 -76.114578 3306.321289
-115.951828 245.620575 3372.150391
-7.081896 38.119614 3390.996094
-77.077774 -363.182495 3517.270508
-97.054047 -725.294800 3427.516357
-201.811996 26.961136 3363.175293
-198.268005 -386.518127 3468.966309
-198.309952 -787.246033 3545.633545
-140.597473 671.548828 3367.095459
-127.729172 464.518829 3367.355713
35.054840 474.459595 3387.938477
35.055557 195.327148 3387.939941
35.306835 -83.804932 3387.576904
-290.513184 454.578064 3346.772949
-329.735565 193.282440 3362.223145
-293.910675 -79.232910 3314.358154
-115.441238 251.501358 3373.053223
-5.643538 44.438522 3391.080078
-80.509491 -357.581726 3512.729980
-98.302742 -716.472778 3422.771973
-200.663071 32.529236 3366.421387
-204.112747 -380.148132 3475.219238
-176.078949 -780.203857 3551.781006
-141.140076 677.647400 3382.528076
-127.963280 471.609009 3373.343506
34.928486 481.719177 3393.223877
34.928917 202.586731 3393.225098
35.154938 -76.545380 3392.898438
-290.855072 461.498840 3353.463135
-327.921783 198.077057 3363.555664
-303.140533 -75.283295 3314.436279
-114.625313 258.685669 3372.339600
-3.719205 51.818069 3383.243652
-79.852242 -350.211243 3504.535400
-95.482124 -719.513550 3413.505859
-198.855484 39.706604 3359.427734
-215.808350 -374.521973 3459.789307
-148.080078 -767.910034 3541.106934
-143.122070 674.524414 3375.259277
-128.604172 468.099915 3370.241211
33.710938 479.903625 3393.419434
33.711086 200.771179 3393.420410
33.914398 -78.360992 3393.126465
-290.919281 456.296173 3347.062988
-327.518280 205.413376 3366.289795
-307.426636 -67.984390 3314.753662
-113.448135 255.284927 3372.482910
-1.036089 49.542511 3388.612549
-81.632881 -349.761139 3515.856689
-92.015938 -732.228088 3425.529541
-195.548111 35.397385 3360.836670
-213.533234 -377.992798 3465.077637
-162.837585 -768.887024 3569.987793
-142.075790 679.012939 3387.119385
-128.286331 473.815674 3376.603516
34.250168 485.039673 3398.667725
34.250134 205.907227 3398.668457
34.433014 -73.225006 3398.403809
-290.822815 462.591675 3354.539307
-322.142029 200.665375 3360.347168
-315.416138 -75.051239 3322.673096
-113.266190 260.999054 3374.216553
-0.887300 54.905563 3385.045898
-88.822372 -344.533020 3506.794434
-94.641235 -718.620483 3419.515625
-195.604797 41.459274 3358.613281
-213.995651 -370.733582 3467.698730
-165.933350 -767.744995 3551.476807
-142.467102 676.485168 3377.538330
-129.616516 470.945099 3372.745850
33.255402 482.247375 3392.088867
33.255169 203.114929 3392.089600
33.419716 -76.017273 3391.851562
-292.488464 459.642822 3353.402832
-324.635559 207.196976 3367.471191
-314.482574 -68.124252 3325.470459
-115.096451 258.091431 3374.856201
-2.998787 52.009033 3388.555176
-92.682091 -344.511292 3518.292236
-97.013268 -725.896240 3428.536865
-198.153976 38.466492 3365.377930
-219.220886 -374.059326 3472.917236
-168.729034 -771.774353 3556.528076
-144.530411 683.330933 3387.760254
-131.923111 477.342285 3377.210693
31.056450 487.794922 3396.272461
31.056084 208.662476 3396.272949
31.204241 -70.469757 3396.058594
-294.902649 466.889648 3358.148926
-326.599213 203.383057 3376.345215
-316.252167 -70.459229 3325.253418
-118.067520 264.428589 3375.497070
-6.583472 57.776276 3385.201904
-92.787331 -342.353333 3505.753174
-99.564034 -718.716919 3420.663086
-201.840393 45.253510 3362.364990
-209.475021 -368.356476 3466.745850
-195.266174 -768.361328 3547.834717
-144.545959 683.849243 3377.366943
-134.305527 477.212463 3372.873535
28.954453 486.354919 3390.078857
28.953987 207.222473 3390.079346
29.087387 -71.909729 3389.886475
-297.565521 468.070007 3355.668213
-339.045288 212.480530 3383.660156
-316.366425 -58.857574 3324.882324
-122.565994 264.170502 3374.682861
-13.016831 56.605820 3386.800049
-91.404388 -342.606384 3515.324463
-108.434784 -723.916260 3427.592773
-208.636093 45.651291 3366.184326
-205.535858 -365.784729 3478.714844
-216.250839 -767.595825 3552.137207
-145.315094 678.590332 3388.172363
-134.733017 473.741333 3377.424316
28.605040 482.225708 3394.337158
28.604473 203.093262 3394.337402
28.724663 -76.038940 3394.163818
-298.071075 465.256897 3360.511475
-345.941986 215.554214 3394.378906
-317.717957 -52.090378 3322.846436
-123.411812 260.685852 3374.968506
-14.244040 52.712906 3382.644043
-88.554543 -348.731262 3506.830566
-101.245018 -730.259033 3420.330078
-209.937164 42.547852 3362.381348
-193.890869 -370.207184 3468.528320
-223.381378 -772.107605 3539.061768
-145.979843 678.182617 3378.056152
-134.936600 473.245667 3373.287598
28.403259 482.344849 3389.921387
28.402660 203.212402 3389.921631
28.510988 -75.919800 3389.765381
-298.276428 464.146515 3356.653809
-348.420227 214.562729 3392.109375
-324.407349 -53.576706 3319.742676
-123.310913 260.218384 3375.657959
-13.834145 52.642075 3387.992920
-87.773056 -350.766663 3506.012451
-99.105354 -715.256592 3436.580078
-209.536301 41.740097 3368.063721
-196.614899 -370.646118 3476.806885
-202.940430 -774.633179 3540.890381
-147.916931 678.775513 3372.496582
-135.413605 472.062012 3371.658691
27.784039 481.664734 3389.371582
27.783373 202.532288 3389.371826
27.881102 -76.599884 3389.231201
-298.611237 462.459229 3353.945801
-349.773102 214.555817 3393.718018
-331.575165 -53.565674 3319.187500
-123.352661 259.051758 3376.015137
-13.522251 51.794388 3390.983154
-84.723404 -354.249329 3501.337891
-92.449776 -712.437622 3440.122070
-209.061188 40.288635 3369.760010
-207.325119 -372.853363 3476.213379
-170.794937 -768.658142 3562.907715
-147.667511 682.279968 3368.739990
-136.110107 474.449951 3370.405029
27.294338 483.297729 3386.478271
27.293640 204.165283 3386.478516
27.381853 -74.966858 3386.352051
-299.514557 465.602173 3354.331787
-350.512970 213.488647 3395.189209
-335.330994 -55.365997 3322.254150
-125.124115 261.388062 3376.001953
-16.241451 53.626938 3391.228516
-88.513199 -350.450989 3508.004395
-98.588493 -715.460571 3434.839111
-212.034790 43.025436 3371.969238
-205.967758 -372.140991 3470.180176
-181.686676 -767.281311 3569.974121
-149.778961 682.603210 3368.356934
-139.135895 474.999420 3371.385498
23.872211 484.356384 3390.631348
23.871479 205.223938 3390.631592
23.951139 -73.908203 3390.517822
-302.143982 465.642456 3352.139648
-351.554382 216.381989 3398.436279
-335.676086 -54.644775 3334.571533
-127.772659 261.999084 3378.698242
-18.738857 54.605225 3397.542480
-83.909378 -351.268372 3512.242920
-99.943306 -720.169189 3437.106689
-214.080002 43.392273 3374.479492
-210.902161 -372.709900 3469.219238
-188.185013 -771.716064 3557.022705
-152.530823 677.266357 3367.135742
-140.633911 470.690369 3371.579590
22.327610 480.785339 3390.997314
22.326878 201.652893 3390.997314
22.398851 -77.479248 3390.894775
-303.595398 460.595398 3352.161865
-352.059784 215.453537 3397.770020
-334.170044 -55.374496 3333.132080
-128.433884 257.764160 3379.888672
-18.616268 50.885086 3399.829346
-86.824036 -356.775269 3505.985107
-89.070183 -725.798096 3430.693359
-213.851456 38.790863 3376.566162
-207.521210 -377.553619 3470.347656
-186.331451 -780.445862 3539.968750
-154.108490 677.485901 3384.547363
-141.499451 470.821777 3379.189941
21.344475 480.473969 3399.826416
21.343742 201.341522 3399.826416
21.408913 -77.790588 3399.734131
-304.343353 461.169586 3358.553467
-351.826172 213.208649 3402.463379
-334.149750 -55.854034 3330.895264
-129.049240 257.856781 3380.553467
-19.044556 50.674103 3394.279541
-91.450378 -358.717499 3490.254150
-84.012558 -704.231201 3429.192139
-214.153519 39.109467 3369.554443
-200.743469 -377.104828 3463.095215
-208.419128 -781.398132 3523.292480
-159.065277 678.083557 3389.774658
-145.266052 471.498108 3382.001221
17.533186 481.734863 3402.761475
17.532454 202.602417 3402.761475
17.591516 -76.529694 3402.678467
-308.065277 461.261353 3361.240967
-351.803192 212.186707 3398.319092
-335.240448 -56.491791 3324.804443
-131.734467 258.554138 3380.889648
-20.675970 51.742615 3392.214600
-92.180466 -355.264069 3498.397949
-84.448151 -704.931885 3435.302002
-215.729797 39.477707 3367.341553
-198.770538 -375.233582 3466.764160
-222.231216 -777.930420 3535.847656
-163.397690 677.268799 3395.378662
-148.596878 471.798187 3384.980225
14.272759 482.832184 3404.752930
14.272027 203.699738 3404.752930
14.325583 -75.432373 3404.678223
-311.466553 460.764191 3365.207520
-353.156403 208.353683 3398.636719
-334.001282 -57.158493 3315.466797
-133.771942 258.940338 3381.649414
-21.373695 52.692810 3390.164307
-90.679977 -351.844482 3506.676025
-83.600754 -713.545654 3430.110596
-216.520309 39.472153 3366.472900
-203.076675 -373.678162 3472.634033
-216.591934 -778.568909 3533.492432
-165.987686 675.011230 3397.164307
-151.487869 468.795990 3386.421143
11.322469 479.959900 3406.639648
11.321736 200.827454 3406.639648
11.370418 -78.304657 3406.572510
-314.298187 457.632080 3366.202637
-353.986786 205.951431 3398.606445
-330.412323 -60.228226 3318.538574
-136.480164 255.923691 3383.111328
-23.937443 49.739365 3391.913818
-88.845490 -351.280701 3521.899658
-93.996017 -711.698914 3436.810303
-219.007477 36.363403 3367.689209
-209.253906 -376.490234 3475.566406
-196.735901 -778.982788 3547.647217
-172.415146 678.987366 3400.546875
-157.000534 472.996704 3388.117920
6.087307 485.378479 3404.741943
22.822826 224.567261 3422.541992
35.513046 -71.746124 3403.833984
-320.088379 460.614929 3371.493896
-356.622040 205.833572 3395.478760
-329.832245 -60.492111 3316.691162
-140.354477 260.274841 3383.251953
-25.980564 54.972565 3388.347656
-86.611252 -350.196625 3507.037598
-96.735069 -706.622314 3428.518066
-221.436279 40.133392 3368.424316
-212.136566 -374.156891 3470.693848
-182.489594 -775.810242 3544.353760
-175.788498 672.291626 3400.249756
-159.709885 467.544861 3387.606934
3.087065 479.905334 3406.894287
32.884529 224.275543 3430.395996
50.465546 -72.401733 3396.609619
-322.506836 455.184387 3368.319580
-357.479980 207.585159 3390.636475
-324.319031 -59.749374 3318.288330
-143.013382 254.808228 3383.012695
-28.787947 49.476578 3389.973145
-92.337334 -356.508606 3504.873535
-96.105339 -712.926758 3433.177002
-223.845810 34.666656 3366.863770
-202.261703 -380.092987 3464.604492
-199.535339 -780.580566 3547.417236
-180.511581 666.806702 3400.560303
-163.802155 461.988708 3389.534424
-0.980129 474.429260 3408.748535
38.790878 212.984100 3431.155029
55.730949 -82.683197 3383.985352
-326.624176 449.548157 3370.320312
-358.013947 199.820877 3389.349609
-326.592621 -67.368423 3315.355713
-147.173981 249.218567 3386.388184
-33.014507 43.900391 3394.751221
-102.311981 -360.895538 3510.768311
-97.386826 -712.792969 3439.061279
-228.077118 28.996475 3371.732666
-206.814484 -386.734497 3465.800781
-180.243484 -781.730347 3566.885010
-186.922928 662.337708 3401.208008
-169.475433 458.627747 3391.747314
-6.643120 471.446594 3410.714844
41.797405 189.143036 3429.338623
50.069870 -107.813171 3369.611816
-332.307739 445.808960 3372.779785
-358.214661 194.196625 3391.297119
-332.267578 -72.690643 3314.212646
-152.478790 245.871063 3389.622070
-37.937767 40.793442 3398.859375
-104.456329 -367.165405 3504.739746
-100.518784 -714.715210 3437.790039
-233.026550 25.435287 3376.134277
-208.036697 -391.938232 3461.416016
-187.080841 -783.083496 3579.539062
-191.614929 677.122803 3415.093018
-173.633301 473.146912 3400.142090
-10.983765 485.604370 3420.812988
43.868145 183.515106 3432.259033
44.518467 -113.605133 3363.363037
-336.282837 460.689453 3379.471191
-362.371948 192.299591 3394.911865
-333.922058 -73.996033 3316.500732
-156.483704 260.547882 3393.324219
-41.890945 55.412109 3398.890137
-109.401962 -354.198181 3497.715332
-102.232536 -694.171997 3439.917725
-236.777267 40.485611 3374.122559
-207.586945 -378.045166 3452.110352
-180.161407 -767.513306 3576.306641
-196.854431 676.597290 3422.538086
-178.130447 474.112183 3404.780518
-15.448200 487.320831 3424.750000
40.344742 198.086517 3430.025635
36.695683 -98.635986 3355.369141
-340.812714 460.903503 3384.811035
-366.491302 206.712738 3396.662598
-336.393951 -62.127472 3328.920166
-159.720276 261.713806 3395.290771
-43.851864 57.228363 3397.764160
-109.420624 -351.907684 3500.086914
-97.120918 -709.570007 3428.311035
-238.768356 41.402496 3373.837891
-209.587402 -377.188690 3451.980469
-168.484879 -769.466614 3562.570801
-199.753830 674.366455 3426.748047
-179.718826 472.140442 3408.985840
-17.391882 485.965454 3431.208740
49.382904 201.691040 3421.968994
40.791855 -92.524628 3336.641357
-342.045807 458.315491 3386.762939
-371.501740 207.132095 3399.694092
-339.510864 -62.338089 3334.949707
-160.404419 259.778534 3400.015625
-43.835335 55.699539 3404.359863
-100.897591 -359.057434 3483.697021
-98.052574 -708.719971 3432.293945
-238.344681 39.133682 3377.730957
-199.383331 -375.412781 3470.101318
-204.837372 -775.085144 3530.202148
-205.726837 673.870605 3428.296387
-186.143814 471.039307 3411.589355
-23.883974 485.170593 3434.183838
43.804092 200.879608 3428.792725
43.107685 -90.441956 3333.605713
-348.403687 456.907959 3388.994873
-370.695465 204.983002 3408.935791
-341.926605 -62.345764 3334.916504
-166.507599 258.663544 3403.400879
-49.669830 54.753159 3408.747559
-110.430847 -362.893066 3466.062500
-98.853096 -713.038696 3408.745117
-244.072952 37.822449 3381.677246
-207.617828 -376.203674 3478.139404
-204.355927 -730.719849 3505.587891
-209.665863 682.516052 3428.599609
-190.997360 477.204773 3414.904297
-28.773573 490.941284 3438.028076
36.036453 203.692261 3432.650391
37.733299 -89.739532 3343.478271
-353.221130 463.468323 3391.780518
-380.095795 199.268433 3411.990479
-343.746490 -66.483521 3335.621826
-172.046326 264.714111 3408.182617
-55.911865 60.452560 3415.313721
-108.625938 -360.618530 3447.802002
-94.740929 -698.334473 3385.814453
-250.278702 43.994308 3387.608154
-210.308121 -369.690979 3484.588379
-197.483261 -704.543823 3504.292236
-212.371765 687.017578 3428.744141
-194.600708 480.753662 3417.239502
-32.331242 494.141663 3440.270020
30.482655 207.771515 3437.399902
35.687000 -87.725128 3355.202881
-356.870178 467.365662 3394.208984
-390.637360 207.444855 3421.683105
-347.250610 -57.755676 3346.984375
-176.283813 268.169495 3411.760010
-60.755329 63.605759 3420.077393
-105.786255 -359.516541 3440.885010
-87.104340 -707.870850 3317.923584
-255.178497 47.564926 3392.483643
-216.229874 -368.040466 3481.237061
-193.049942 -699.782959 3502.580811
-215.709763 674.972412 3413.875732
-199.167603 468.061401 3412.724121
-36.573868 481.021729 3433.499756
26.245144 203.603882 3439.137695
29.576591 -93.509399 3362.559326
-361.761322 455.101074 3391.948486
-397.044983 213.023651 3428.558594
-350.893433 -51.482971 3352.722412
-182.572723 255.445404 3415.484619
-68.561638 50.594452 3430.692627
-111.839294 -373.320435 3434.973145
-82.457855 -718.532471 3256.733643
-263.394043 35.064377 3405.797607
-219.409607 -381.404175 3487.863525
-192.812256 -700.672729 3512.210205
-218.804413 672.114136 3425.411621
-200.651016 465.580200 3420.670654
-39.117722 477.923218 3448.040283
25.169571 190.604828 3446.438721
25.553480 -102.652039 3356.871338
-362.184296 453.237183 3393.301025
-400.753632 201.342697 3431.059814
-369.586334 -64.079727 3352.163330
-184.319519 252.864014 3420.213379
-71.140572 47.548111 3436.165527
-105.835648 -370.838623 3385.588135
-64.954720 -692.782471 3180.021484
-264.835480 32.747574 3403.346680
-209.894135 -384.997375 3468.510010
-190.306061 -675.432739 3492.997803
-222.269882 682.603943 3427.188721
-202.813004 473.382629 3426.962891
-41.114460 487.215088 3452.972412
24.743778 189.387054 3449.675049
20.796535 -103.961365 3359.887451
-364.511566 459.550232 3400.953369
-403.833344 197.884735 3434.632324
-381.081696 -69.082489 3357.731934
-184.774963 260.761353 3427.898926
-69.900940 56.423843 3444.411377
-99.153763 -354.713928 3351.009766
-49.945885 -648.962708 3109.040527
-263.572876 39.856277 3413.258545
-213.147522 -378.508545 3479.733154
-186.802704 -672.488525 3502.122314
-220.476791 684.889709 3428.944336
-202.769424 475.230591 3432.398438
-41.851181 488.207520 3463.091064
24.290749 192.409180 3460.785645
16.999668 -92.420288 3349.152832
-363.687683 462.253632 3401.705811
-405.666351 201.835175 3441.640869
-391.377655 -68.842133 3377.732422
-186.027908 262.486938 3434.573242
-72.866081 57.518936 3455.138672
-99.580872 -338.844238 3313.495605
-41.623978 -613.820618 3041.126465
-265.706696 41.967667 3418.357422
-212.147491 -375.487915 3488.762207
-192.085831 -673.189209 3492.737793
-219.752533 687.860657 3428.923096
-203.843628 477.585114 3437.371094
-42.511925 490.396942 3466.142822
24.266266 194.695831 3477.223389
13.715382 -79.420624 3342.818115
-365.175323 464.773254 3408.599365
-406.814972 197.406555 3448.322021
-395.163635 -73.350128 3381.578369
-187.809601 264.828003 3442.202881
-75.150261 59.744202 3464.266602
-92.135002 -310.158081 3266.711182
-28.563461 -557.237793 2959.856201
-268.400909 44.397583 3429.802734
-222.126877 -376.050049 3483.909180
-191.689087 -685.210938 3496.277588
-223.563736 677.613159 3445.407471
-207.585663 468.286072 3447.436768
-46.426231 480.708374 3477.480713
23.547897 199.571594 3495.422607
19.604992 -68.000763 3347.389648
-368.745087 455.863831 3417.392822
-407.596741 201.775558 3452.483398
-397.961761 -69.532333 3386.288574
-191.001465 255.579895 3446.424805
-77.885635 50.314407 3463.408447
-84.576706 -284.540344 3212.682129
-14.428001 -502.657837 2874.001953
-270.948883 35.432983 3427.417236
-227.077927 -387.175873 3459.508545
-190.530106 -701.789917 3481.550293
-227.742142 680.029175 3468.449707
-210.479492 469.724701 3460.361084
-49.411217 481.827637 3491.113770
24.385902 196.893890 3504.713867
28.811861 -72.782104 3359.547607
-371.547760 457.621765 3429.608398
-410.010590 195.289490 3457.215576
-397.087463 -75.320862 3388.204834
-192.819916 257.390564 3451.434082
-78.676971 52.306335 3460.928711
-69.106033 -235.434753 3159.723389
-2.164719 -426.113892 2810.942139
-271.643707 37.806503 3424.085449
-226.152954 -385.463989 3448.975098
-184.702332 -694.550537 3482.121338
-228.673279 669.357727 3482.304199
-211.251144 461.915131 3468.857910
-50.970509 474.217407 3503.260498
19.054928 196.176758 3511.662842
44.647560 -83.490082 3393.833008
-371.531799 449.612854 3434.455322
-412.265137 198.581223 3461.859375
-399.429443 -74.028732 3401.364990
-191.882294 250.014771 3454.394043
-76.472885 45.485962 3460.544189
-54.993645 -203.475845 3124.901611
9.997337 -365.366364 2760.821533
-268.553986 30.742859 3419.316162
-223.666092 -393.056396 3439.429688
-178.427109 -702.033936 3483.444824
-226.182632 665.777100 3489.131104
-209.021454 458.175171 3475.699219
-49.314789 470.908936 3512.558594
23.088966 192.477814 3524.829346
58.101913 -98.216583 3448.119873
-368.728119 445.441406 3438.839844
-413.022308 191.400543 3464.720215
-400.002106 -81.896423 3406.936035
-188.348679 246.464813 3459.266357
-72.001701 42.382751 3464.914551
-54.030075 -149.098740 3094.556152
17.328041 -295.847717 2723.955078
-263.350128 27.126129 3420.752441
-218.149780 -395.970062 3451.804932
-176.636688 -691.637451 3485.013916
-227.848404 664.006958 3490.521729
-211.032135 455.731720 3477.717285
-50.787628 469.407104 3511.781982
5.325623 196.213501 3523.245605
35.691429 -73.936768 3459.908203
-371.276642 442.056335 3443.652588
-418.455688 192.207886 3468.626221
-398.560242 -81.739685 3416.529297
-189.362061 244.116119 3460.732422
-71.689377 40.693451 3464.155762
-55.917389 -92.808304 3068.998779
16.715698 -226.053223 2680.018066
-263.694611 24.307587 3423.339355
-219.048508 -399.443451 3445.688721
-181.759674 -686.335938 3479.857422
-229.685776 666.240479 3509.733643
-212.400970 458.750824 3488.711670
-52.181786 471.796173 3523.251953
-7.390812 196.477600 3533.659424
20.981993 -75.358826 3476.960205
-372.620178 445.705444 3454.171387
-419.845245 189.609314 3465.665771
-396.536346 -83.774658 3411.645752
-190.144684 247.911133 3465.104492
-71.916832 44.885635 3462.187012
-45.377048 -81.484665 3060.500244
21.488697 -148.989502 2645.919678
-263.859955 29.257248 3420.807617
-211.762512 -393.970032 3434.550537
-183.370010 -678.807861 3471.116699
-229.295807 665.626465 3519.346191
-211.278046 457.989014 3494.684814
-51.028984 471.113312 3529.120605
-15.299320 194.427094 3538.230957
11.070835 -78.782135 3487.474854
-371.527100 444.864716 3460.249023
-413.927856 176.801910 3472.351074
-395.629364 -97.488342 3425.778809
-188.262024 247.588837 3467.767090
-69.250740 45.050613 3461.477783
-30.958527 -34.328537 3051.509033
28.497566 -84.922714 2626.728516
-261.241272 29.326706 3420.220947
-207.324066 -393.814636 3433.577393
-178.977325 -687.311401 3474.725586
-231.884781 663.790527 3523.673584
-212.631714 456.092468 3498.693115
-52.428612 469.320099 3533.334229
-23.931025 191.755432 3541.120361
0.469856 -82.570343 3495.680176
-372.834778 442.864807 3464.052002
-419.201447 184.369904 3480.153564
-396.750214 -88.395508 3426.719482
-189.203842 245.843414 3470.630859
-69.804260 43.518555 3463.320801
-23.495388 -8.423126 3046.972412
27.366390 -38.073036 2615.043945
-261.747711 27.670166 3421.816406
-217.572540 -396.076385 3444.231689
-182.798386 -689.843384 3473.235352
-228.290756 657.895020 3526.297363
-210.031052 451.009521 3500.398682
-49.577187 462.906738 3534.339111
-26.844456 184.778625 3540.884277
-4.349176 -90.454620 3500.196533
-370.484894 439.112305 3466.458252
-421.366333 185.847382 3479.343994
-397.805267 -88.381409 3434.598877
-188.408081 240.604416 3471.929688
-70.657410 37.326920 3463.794434
-23.633499 11.364979 3041.098633
26.621632 -3.450717 2602.031982
-262.912842 23.071701 3423.126953
-214.752380 -400.649292 3432.486084
-182.793640 -698.686157 3472.078369
-230.345718 651.315674 3528.072510
-210.859802 445.510254 3502.371094
-50.801018 457.194275 3538.171875
-32.661858 178.704987 3543.609131
-11.988077 -97.265320 3507.169189
-370.918610 433.826294 3466.570312
-424.040131 187.191757 3488.879883
-398.244293 -85.663040 3437.235352
-189.214447 235.039307 3474.288574
-71.676636 31.568314 3467.654541
-24.765934 23.204365 3042.018066
24.696316 20.598215 2599.624512
-263.461548 17.568375 3424.757568
-215.749359 -406.405823 3432.900635
-180.897125 -700.536072 3474.511230
-232.805969 655.477173 3528.487793
-212.090759 448.375275 3503.597656
-52.106964 461.151459 3539.382080
-37.628456 182.430786 3543.859863
-18.678980 -94.137787 3511.216064
-372.074554 435.599091 3467.813232
-424.069855 182.972427 3490.649658
-397.340118 -86.357010 3424.522705
-189.017242 238.049622 3475.534668
-70.102257 35.377792 3468.909180
-22.700729 36.388515 3039.796143
26.934418 40.485844 2593.653076
-261.785187 20.070145 3426.034180
-207.658234 -403.202087 3432.322754
-179.995377 -685.512329 3476.209473
-230.871216 654.090881 3529.162598
-211.039032 447.024017 3504.985352
-50.923500 459.157837 3540.421631
-39.363056 180.289032 3544.085205
-22.033365 -96.764984 3514.834473
-371.154572 434.890198 3469.549072
-425.078125 184.987366 3497.759521
-397.859467 -83.122101 3426.234619
-189.043060 236.479065 3477.691895
-71.126419 33.203140 3471.627197
-23.993366 31.223755 3041.834473
25.193779 30.688286 2594.917236
-262.967743 18.665085 3429.169678
-211.547531 -404.995361 3436.202148
-180.968781 -688.926758 3476.104980
-229.866577 655.752808 3530.000488
-211.252808 448.175049 3506.636719
-51.085670 459.714325 3542.050293
-41.852360 180.750641 3545.033203
-26.034809 -96.697205 3518.815430
-371.419922 436.635803 3471.223145
-421.744598 180.895569 3501.109619
-393.618744 -89.338104 3438.453369
-190.342117 237.343109 3480.760986
-73.478889 33.424072 3476.100830
-25.382839 23.594433 3045.931885
24.721424 14.133152 2598.589844
-265.384003 19.598236 3433.669678
-216.292450 -404.400879 3436.606201
-185.847504 -682.822021 3472.518066
-231.417282 655.515808 3529.460693
-212.427551 447.339661 3506.342041
-52.625717 459.717834 3543.073730
-45.249027 180.693512 3545.493164
-30.835920 -97.073700 3521.987549
-372.229370 434.961517 3469.610352
-424.283936 185.659561 3504.421875
-387.266541 -83.279404 3440.791504
-190.289917 236.558502 3481.062988
-72.414055 33.193161 3477.790039
-9.188835 -73.288269 3079.097168
30.081806 -19.786339 2602.772949
-263.890503 18.361496 3433.777832
-209.107788 -404.939392 3435.673828
-181.743088 -692.612488 3472.645752
-230.299774 655.506226 3529.184814
-210.347778 447.247986 3504.515625
-49.778664 460.884705 3536.946289
-43.883801 181.821442 3538.903076
-30.769590 -96.204712 3517.822998
-370.916901 433.611267 3472.084961
-422.249390 186.641312 3503.189941
-385.392029 -81.299332 3434.939941
-187.265289 236.618515 3478.798340
-67.954330 34.161499 3472.516602
-26.364162 -50.559143 3062.286133
32.988110 -63.300663 2608.284912
-260.411285 17.816620 3433.645508
-206.880066 -405.665131 3437.215576
-179.120392 -693.237549 3474.628418
-229.566513 658.275391 3529.097412
-206.538177 450.474060 3505.438965
-47.413414 465.715942 3543.422852
-42.701752 186.627808 3545.001709
-30.784431 -91.608215 3526.092041
-365.662964 435.232147 3467.455078
-420.794830 188.088730 3509.675049
-380.619965 -80.150162 3444.280518
-180.442154 240.119293 3480.525635
-58.973579 38.899872 3478.378174
-29.798779 -52.494637 3065.686279
37.786327 -124.896088 2640.154053
-249.718674 20.629211 3432.846436
-199.831284 -403.096771 3444.137451
-173.132767 -688.034180 3475.092529
-229.538086 661.405762 3512.010742
-208.567917 453.237427 3498.905029
-48.689102 468.768738 3533.622314
-44.922585 189.664673 3534.894043
-34.104843 -88.741425 3517.926758
-368.446747 437.706177 3464.187744
-415.203461 192.012390 3514.697266
-379.024475 -76.419281 3447.648682
-184.553284 241.958832 3482.832520
-64.778580 39.982742 3487.554199
-47.674747 -75.823387 3079.611816
24.639545 -197.723663 2676.283691
-256.298706 21.377701 3445.965820
-225.738876 -403.525024 3463.661377
-189.501755 -691.668945 3493.006836
-228.630859 670.290405 3520.999512
-207.830963 461.778870 3503.355957
-48.054512 476.683472 3539.036377
-45.043159 197.569214 3540.059326
-35.232941 -80.974762 3524.831299
-367.607391 446.874298 3467.675537
-416.735840 196.453629 3507.866455
-374.196411 -66.652328 3426.716064
-184.048340 250.558929 3485.089844
-64.574097 48.265488 3488.193115
-47.832127 -94.690033 3088.615967
25.788036 -260.591492 2701.168213
-255.957336 30.412476 3445.454346
-219.405136 -394.387054 3450.010498
-184.663712 -680.222290 3477.424072
-228.719086 672.193665 3525.015625
-207.986908 464.764465 3503.032959
-47.786331 479.477051 3536.930664
-45.378490 200.356232 3537.752441
-36.489578 -78.299469 3524.082275
-368.187500 450.051880 3469.135254
-412.864227 202.249039 3504.144043
-375.063049 -63.298599 3428.201416
-184.554840 253.518402 3483.980225
-65.159325 51.085495 3485.232910
-55.319107 -140.440460 3108.953857
22.678535 -331.618103 2736.288330
-257.086212 33.459213 3444.622070
-228.031708 -392.091675 3450.522461
-185.121002 -690.578369 3483.114014
-225.500580 678.291931 3526.978760
-206.299332 470.349426 3503.272217
-45.956238 483.520386 3537.188721
-44.030769 204.395416 3537.848389
-35.982655 -74.350800 3525.573975
-366.642426 457.178467 3469.355713
-411.931549 204.758453 3508.857910
-376.377594 -61.301971 3432.991211
-185.019638 258.804230 3484.821289
-67.687531 55.148987 3486.687744
-64.429138 -183.616196 3140.085693
13.610260 -395.156677 2794.560059
-259.792358 39.369064 3446.052979
-231.424255 -386.089966 3460.698242
-185.207596 -686.898682 3485.404297
-225.765732 680.766541 3527.467041
-205.699951 474.234436 3501.050293
-45.094131 486.845367 3533.965576
-43.554291 207.717743 3534.494873
-36.272236 -71.101776 3523.471436
-366.305756 461.623505 3468.135010
-417.261719 214.709930 3508.789795
-379.931000 -52.888885 3439.429443
-185.289825 262.588745 3482.550537
-68.668129 58.497681 3483.768799
-68.192444 -223.387604 3172.069092
7.062469 -468.275452 2849.139893
-261.091278 43.388428 3444.332764
-233.484894 -382.273743 3458.149170
-186.574982 -687.376343 3479.277588
-223.181671 679.646729 3510.707520
-204.842026 473.220947 3491.835938
-44.099873 486.143555 3523.987793
-42.868275 207.014252 3524.412109
-36.283070 -71.864655 3514.510254
-365.584198 460.298279 3459.684082
-418.551544 219.057358 3506.271973
-378.666595 -49.497086 3442.103760
-185.452698 261.094788 3480.158691
-69.768570 56.710129 3487.742432
-71.739540 -263.662659 3216.295654
-6.099617 -536.109802 2920.483398
-262.358154 41.227158 3449.220459
-231.210968 -383.935852 3469.431885
-189.429764 -690.351685 3488.399414
-219.157455 685.303040 3487.383301
-203.366501 477.026428 3480.565186
-41.606834 489.921265 3506.391602
-40.621674 210.790894 3506.731689
-34.669628 -68.136108 3497.835938
-365.126160 464.131653 3454.738770
-417.797668 218.766190 3498.547607
-375.657349 -50.229965 3437.536133
-186.002426 264.559753 3477.890137
-71.659767 59.823776 3490.698730
-76.562180 -284.411255 3246.931641
-25.410831 -583.541382 3003.218750
-265.616943 44.362350 3459.731445
-228.246246 -380.248657 3481.285400
-193.355743 -677.969238 3492.270508
-220.702301 689.109070 3490.676758
-204.729385 481.489258 3478.909180
-42.390579 493.892548 3501.286621
-41.602474 214.761505 3501.559082
-36.225140 -64.204498 3493.565674
-367.068176 469.085968 3456.531738
-419.053955 219.130951 3491.905273
-374.999329 -51.334991 3439.877930
-187.675659 268.957031 3472.993408
-73.383125 63.854218 3480.481445
-82.570869 -307.983521 3283.570312
-40.592461 -619.721985 3077.885742
-267.860748 48.995392 3453.673828
-222.878876 -375.071198 3469.779785
-192.534225 -678.520813 3478.779785
-213.123993 679.803589 3477.872314
-201.548584 473.156738 3470.177246
-38.517487 482.867615 3488.220459
-37.887005 203.736084 3488.438721
-33.030842 -75.261475 3481.255127
-364.579712 463.445862 3452.134033
-413.806488 218.482147 3486.476318
-381.224030 -53.135071 3432.774170
-188.671463 260.259521 3468.406250
-78.107399 53.180969 3477.446533
-86.763580 -338.332489 3321.745361
-56.675529 -665.565552 3167.499268
-273.481262 41.543625 3455.823975
-221.859009 -380.804749 3485.822510
-196.682098 -687.004944 3489.569824
-210.862701 682.134521 3471.936768
-200.989853 474.811920 3464.827881
-37.514179 483.259460 3479.347168
-37.009743 204.127686 3479.521973
-32.625854 -74.895538 3473.065430
-364.465546 466.364380 3450.308594
-415.511444 215.527985 3481.820557
-386.323608 -56.053253 3425.335205
-189.859711 261.741119 3463.479004
-80.806976 53.730438 3470.827393
-88.866074 -349.152191 3341.521729
-66.206589 -668.870117 3238.079590
-276.652130 43.610199 3453.432861
-218.755554 -378.374023 3478.040283
-194.784744 -677.241211 3489.283447
-207.539505 686.333496 3467.468994
-199.450104 480.231140 3459.859131
-35.665859 487.027039 3471.849365
-35.262299 207.895020 3471.989258
-31.306097 -71.148987 3466.185303
-363.234344 473.435242 3447.868896
-413.090485 210.382111 3475.857910
-392.872498 -63.335571 3427.043457
-190.472046 267.029877 3458.060059
-83.388931 57.899277 3463.443115
-94.690208 -356.236389 3382.331299
-73.365898 -684.540405 3298.439697
-279.599060 49.757919 3449.078857
-215.609726 -371.558289 3471.311279
-195.240631 -672.505859 3488.973389
-200.806137 692.954834 3448.238281
-195.845535 486.514771 3449.753174
-31.985912 491.322205 3462.068115
-31.663094 212.190063 3462.180176
-28.093916 -66.870728 3456.962402
-359.705139 481.707397 3437.438232
-410.630920 216.129486 3470.169189
-395.695068 -58.858856 3426.379639
-189.906738 273.318848 3453.958496
-85.819077 63.002457 3465.540283
-102.049294 -357.255493 3424.132324
-82.835701 -691.755615 3366.485596
-282.116821 57.243362 3450.787354
-215.108124 -363.444763 3476.872803
-197.660782 -664.835754 3490.859619
-197.091324 684.436462 3440.587158
-192.725098 478.528168 3442.673340
-28.830997 481.824341 3455.285156
-28.572716 202.692139 3455.374756
-25.353542 -76.382263 3450.683350
-356.619202 475.231995 3430.061523
-408.467590 223.470749 3458.952148
-395.858887 -52.715866 3422.336914
-188.882660 265.270996 3448.475098
-86.865158 53.988281 3461.831543
-107.517410 -369.035522 3450.143799
-97.254898 -722.447876 3392.478271
-283.215271 50.039368 3446.722168
-210.089569 -369.788055 3470.232422
-195.660126 -664.359863 3489.538574
-193.445938 688.982178 3436.316162
-186.315689 482.310791 3437.865967
-22.711826 487.955933 3452.938232
-22.505154 208.823669 3453.010010
-19.602310 -70.261780 3448.791504
-349.919586 476.665649 3422.793701
-406.612152 217.896637 3448.949463
-395.721039 -58.031830 3409.213867
-179.409607 269.090393 3442.761719
-74.479820 59.252274 3456.687988
-91.549370 -364.593811 3471.613770
-82.182503 -746.450562 3438.247314
-270.527191 52.487686 3438.626953
-196.437958 -367.029968 3465.235840
-190.373871 -717.140991 3506.288086
-185.834747 674.773193 3434.129395
-179.520355 469.947083 3431.666504
-15.789831 474.857910 3445.833008
-15.624454 195.725616 3445.890381
-13.007345 -83.368713 3442.096924
-343.250885 465.036255 3417.500000
-402.672821 219.781052 3442.425781
-391.957581 -54.344101 3392.373047
-173.537659 256.665802 3436.454346
-69.479263 46.326141 3449.728027
-106.373222 -370.962494 3508.018311
-88.765129 -757.775146 3432.711182
-265.630646 40.442917 3432.756348
-206.287109 -380.932861 3462.903564
-188.678574 -755.586365 3528.964600
-180.948303 670.480347 3418.044189
-175.727921 464.861328 3422.161377
-11.944622 469.495758 3435.971924
-11.812320 190.363434 3436.017822
-9.453293 -88.738129 3432.606201
-339.511200 460.226929 3408.350830
-395.169952 212.086426 3438.238770
-387.749481 -60.101196 3378.345703
-170.476593 251.737503 3431.402100
-67.113365 41.389847 3448.915771
-106.633995 -365.655212 3553.927246
-96.559532 -742.374146 3430.000977
-263.337189 35.837479 3432.369873
-214.434906 -386.299805 3469.398193
-175.553574 -769.247559 3556.770508
-174.816162 672.622925 3424.500977
-170.316528 466.187958 3422.250488
-6.671135 469.557281 3437.863037
-6.565370 190.424896 3437.899658
-4.439286 -88.682495 3434.831055
-333.961914 462.818604 3406.637939
-384.929260 212.050873 3427.238281
-382.815979 -60.448425 3367.800781
-166.331223 252.908447 3426.505127
-64.304039 41.647552 3440.113525
-109.549194 -364.063690 3556.124756
-95.162422 -727.958862 3426.614014
-260.387817 37.610321 3421.406006
-222.562012 -386.032684 3453.918213
-158.593567 -767.453125 3561.344971
-168.208618 675.880615 3411.221680
-165.592072 467.923492 3414.785156
-2.372072 470.470734 3434.181152
-2.287553 191.338348 3434.210449
-0.371602 -87.773773 3431.450439
-328.812103 465.376221 3395.389160
-373.883911 210.734650 3419.846436
-374.251831 -60.458618 3354.533936
-163.237930 254.729950 3422.972656
-63.080124 43.062744 3442.782471
-106.721329 -353.900391 3587.062012
-96.783966 -723.682373 3440.386230
-258.687439 40.010056 3419.537842
-219.486954 -382.947205 3459.726318
-173.641724 -768.150085 3577.515625
-162.237946 685.247131 3404.177002
-159.128113 476.975250 3411.467773
2.616450 480.830078 3439.397461
2.683982 201.697693 3439.420898
4.410281 -77.418335 3436.938232
-320.872681 473.120422 3383.538086
-367.183197 212.029999 3410.544922
-361.618134 -60.174286 3349.888184
-155.685455 263.812195 3420.951172
-55.222996 52.961395 3447.187744
-106.247574 -347.132599 3583.062988
-90.584991 -704.170410 3441.288818
-249.262604 48.336884 3413.681396
-209.329529 -374.951263 3450.687012
-163.829422 -752.216309 3596.270264
-158.191376 678.448914 3402.066406
-154.477493 470.733765 3407.841553
6.725027 475.569092 3439.104004
6.778965 196.436676 3439.122803
8.334130 -82.682465 3436.889404
-315.679993 465.898438 3376.579102
-360.938812 214.218979 3406.404541
-354.944611 -57.984390 3345.337646
-149.975555 257.579742 3417.595703
-48.954273 47.320862 3446.068115
-99.466385 -347.462311 3597.764160
-97.807007 -717.185791 3439.317871
-241.992966 41.530594 3408.631592
-201.513046 -382.008850 3442.697998
-207.194168 -748.187500 3614.455811
-156.369080 676.251831 3399.539795
-151.747604 467.983459 3405.373291
8.986607 473.580597 3439.148438
9.029581 194.448181 3439.163574
10.430432 -84.673431 3437.154541
-312.481781 462.386292 3371.598145
-357.066925 207.156921 3398.161133
-345.113556 -62.782776 3329.080566
-146.255493 254.816238 3414.562012
-44.506344 45.000946 3443.977295
-95.593491 -350.795563 3594.195312
-110.200302 -709.594482 3442.600830
-237.020432 38.297134 3403.524170
-203.303482 -383.118713 3458.366455
-189.333923 -768.761780 3572.787354
-154.925446 680.002014 3399.788574
-147.455811 471.342529 3404.957275
12.847001 478.591248 3440.581543
12.881274 199.458801 3440.593506
14.143019 -79.664886 3438.786133
-307.758636 464.093811 3369.333008
-354.080658 207.266388 3394.171875
-339.032013 -62.935547 3326.334473
-139.668671 258.216705 3413.282715
-35.865868 49.432602 3442.945801
-88.293762 -351.484436 3578.248047
-100.693802 -710.701233 3439.807129
-227.897186 40.749146 3400.270508
-196.240128 -377.619446 3474.816406
-180.515366 -774.848999 3548.343750
-148.186386 673.456726 3398.396240
-140.943665 464.901794 3400.871826
19.686810 471.653107 3435.235596
19.714062 192.520660 3435.245117
20.850359 -86.604675 3433.618896
-301.574158 458.150513 3366.508057
-352.299194 209.998352 3385.333008
-318.681732 -58.389862 3319.283936
-133.418640 251.704437 3407.582520
-29.679729 42.550949 3434.876221
-87.363022 -354.651306 3579.105713
-98.976822 -726.440063 3425.333496
-222.107498 34.463211 3393.710205
-206.558823 -383.242737 3476.604492
-188.456833 -786.732422 3520.197021
-145.228088 674.007446 3397.692383
-137.599548 466.103943 3400.179199
22.407021 473.042786 3437.291260
22.428633 193.910339 3437.299072
23.451927 -85.216339 3435.835938
-297.606110 459.165161 3363.067139
-350.945557 207.155853 3384.311768
-301.644073 -57.449249 3313.658936
-129.890564 252.901825 3406.804443
-26.321922 43.856735 3435.663574
-93.811890 -356.515076 3565.723145
-90.726578 -708.979797 3435.459473
-218.041245 35.542664 3391.195801
-198.978790 -380.448517 3482.932373
-205.646698 -784.832397 3533.287109
-143.356735 673.845093 3398.355957
-134.167953 465.609924 3400.027588
25.362186 472.873688 3439.118164
25.379324 193.741241 3439.124268
26.300779 -85.386536 3437.807861
-293.698090 458.346191 3360.937012
-345.358521 208.471146 3373.266602
-288.929321 -55.989914 3306.270508
-125.706543 252.396469 3405.115234
-21.678318 43.534363 3433.620117
-84.247833 -360.866455 3553.678223
-90.889610 -716.463379 3432.800537
-212.811951 34.831635 3386.785645
-198.186111 -381.476532 3478.942383
-198.353165 -788.370117 3518.696289
-140.531311 673.645569 3400.179932
-130.734421 465.373108 3400.225586
29.485041 472.706268 3436.324463
29.498550 193.573822 3436.329346
30.328217 -85.554810 3435.145020
-290.953888 458.039948 3364.126709
-340.523285 200.723297 3375.515381
-274.897125 -54.754745 3288.266846
-121.607719 252.152496 3403.031738
-16.489367 43.325378 3427.465576
-87.662300 -355.297211 3560.910645
-86.090721 -716.773865 3425.758057
-208.472656 34.538406 3384.210205
-196.787781 -379.969666 3484.708984
-207.260254 -788.362183 3508.407227
-138.690521 670.771790 3400.073242
-128.337570 464.277893 3398.247314
32.401806 471.708801 3431.958740
32.412453 192.576355 3431.962646
33.159462 -86.552979 3430.896973
-289.076965 456.846985 3364.535889
-324.785492 199.315186 3360.718262
-268.575165 -59.482086 3275.201172
-118.912140 251.053833 3400.306152
-13.192790 42.281403 3422.560303
-82.891090 -354.121460 3563.808105
-88.309517 -701.334534 3439.047119
-205.780624 33.378143 3382.169678
-196.886826 -383.139496 3474.396729
-199.228485 -785.453979 3539.781250
-138.542542 671.657776 3399.069824
-126.970406 464.958862 3397.977783
33.725777 472.929688 3431.867188
33.734112 193.797241 3431.870361
34.406654 -85.332672 3430.911377
-287.666595 456.988098 3364.088379
-316.801239 198.110413 3358.068604
-269.805389 -61.277618 3268.144287
-116.684059 251.766174 3399.345215
-10.138244 43.348099 3421.012939
-84.672699 -355.630859 3552.267822
-90.245636 -689.580383 3455.916748
-202.657181 33.798843 3380.412354
-199.586807 -381.490479 3478.479248
-204.933533 -787.656372 3520.074951
-138.208618 668.618225 3399.522949
-127.149620 463.449890 3395.845215
34.377235 471.471008 3425.212646
34.383739 192.338562 3425.215088
34.989197 -86.791840 3424.352295
-288.676483 455.428772 3366.477783
-312.952393 198.623566 3354.614258
-270.557556 -62.772614 3267.507324
-116.548325 250.269485 3395.761719
-9.146933 41.895981 3413.277588
-83.089378 -358.570679 3540.758057
-89.627121 -692.757202 3451.963867
-202.747116 32.282181 3378.078857
-198.845367 -384.635132 3469.088867
-199.432755 -789.468140 3527.540283
-138.343597 669.879211 3398.744629
-126.681114 464.412201 3393.763672
35.600578 472.357391 3418.441895
35.605621 193.224945 3418.443848
36.150669 -85.905823 3417.667480
-288.962799 456.467010 3369.085449
-311.266449 196.129852 3355.356445
-267.983429 -67.370148 3274.997803
-116.162064 251.224182 3393.227539
-8.403718 42.796921 3407.478516
-85.509590 -358.321899 3531.192871
-89.506897 -692.257568 3456.554199
-202.882324 33.275406 3377.904297
-202.187073 -383.785889 3468.642578
-201.210281 -788.302612 3533.632324
-137.200439 670.197021 3400.864746
-126.797134 464.754395 3393.054199
35.835693 472.219543 3415.759277
35.839603 193.087097 3415.760986
36.330231 -86.044006 3415.062256
-289.429962 457.289307 3370.349121
-310.457916 195.985962 3354.669434
-276.066406 -68.679779 3273.875488
-116.742722 251.554321 3391.133301
-9.280901 42.825394 3402.811279
-88.861038 -354.133118 3537.516357
-89.992584 -687.052795 3461.503418
-204.095718 33.883072 3375.613525
-198.693558 -382.774597 3468.102539
-208.096405 -787.807251 3530.764160
-134.727219 672.274780 3414.919434
-125.579102 468.129639 3398.435059
37.501011 474.601868 3418.018555
37.503990 195.469421 3418.019775
37.945618 -83.661896 3417.391113
-288.659210 461.657410 3378.851562
-309.978210 195.770020 3352.544434
-279.686493 -73.217682 3286.995117
-116.126587 255.149490 3390.108398
-8.974628 46.046768 3393.513916
-78.746155 -355.572327 3519.158936
-89.778427 -678.825562 3458.263428
-204.373520 38.291916 3370.049561
-200.897385 -377.166260 3467.864502
-192.476669 -781.447449 3534.465576
-131.238602 677.869202 3406.438232
-124.381683 472.322327 3395.382568
38.952999 478.439209 3413.043701
38.955227 199.306763 3413.044678
39.352734 -79.824768 3412.478760
-287.716370 466.205383 3377.721436
-310.555664 202.561127 3357.629150
-282.146790 -65.535309 3286.734131
-115.892517 259.172729 3390.696533
-9.564397 49.687241 3396.589600
-76.837959 -344.286499 3544.272705
-91.559944 -681.906982 3467.851318
-205.242310 42.359070 3375.431396
-206.034668 -371.238159 3480.681885
-192.186035 -776.172241 3544.101562
-130.598038 677.561401 3402.216553
-123.624779 471.628937 3393.900146
40.137459 477.480469 3406.365967
40.139122 198.348022 3406.366699
40.496929 -80.783661 3405.857422
-287.387024 465.777405 3381.434326
-311.360992 207.801727 3360.550049
-286.722626 -61.573303 3292.598877
-115.769646 258.391174 3390.802734
-9.770699 48.660278 3395.176270
-71.217117 -348.458466 3537.840088
-97.228081 -692.292664 3461.472900
-206.058319 41.646545 3380.234375
-204.265823 -373.493286 3479.247314
-207.670395 -780.622070 3522.453857
-126.491928 677.586182 3402.099121
-121.534096 472.359009 3393.535400
42.447849 476.884460 3403.952637
42.449032 197.752014 3403.953369
42.771168 -81.379730 3403.495117
-285.516022 467.833618 3383.118164
-311.141815 206.389618 3364.471191
-289.426300 -64.087372 3299.646973
-115.454041 259.045654 3390.492920
-11.155231 48.442825 3393.689941
-77.482941 -350.208008 3530.278320
-98.379265 -694.337524 3459.948242
-207.592728 43.021744 3381.210938
-197.125992 -373.607849 3472.730957
-208.743942 -780.247314 3522.395508
-129.788254 679.601562 3415.525635
-123.736519 474.153198 3398.560791
40.343559 479.403198 3407.378418
40.344376 200.270752 3407.378906
40.634384 -78.861145 3406.966553
-287.816620 468.903229 3389.743164
-312.026093 210.569733 3366.684814
-293.620697 -61.916748 3310.091064
-116.456894 261.089539 3389.957031
-10.894537 51.170578 3386.635010
-80.696846 -345.411438 3527.799805
-92.286186 -683.837402 3458.641602
-207.459991 44.881149 3376.071533
-204.143250 -371.334778 3470.164795
-192.445206 -741.946045 3501.070068
-126.516403 679.821533 3423.255615
-122.781128 475.221985 3401.197754
41.409058 478.596008 3408.976074
41.409538 199.463562 3408.976562
41.670532 -79.668457 3408.605469
-286.971344 471.847961 3393.419434
-312.889587 209.162018 3366.848145
-292.922974 -64.344879 3315.713867
-117.800278 262.309326 3388.413574
-14.460205 51.417923 3380.289062
-88.017609 -341.367310 3529.867432
-92.814354 -687.545471 3458.991699
-211.178650 47.375443 3370.969727
-209.037170 -366.464783 3474.907959
-189.473846 -709.894531 3491.507080
