-274.469574 693.834839 2774.759277
-288.168549 453.996521 2713.773682
-116.032104 449.877747 2761.818604
-116.033203 131.305237 2761.818604
-116.026917 -187.266815 2761.818604
-460.304993 458.115356 2665.728760
-460.304810 139.542969 2665.728760
-460.311096 -179.029083 2665.728760
-279.908752 227.127258 2664.731445
-163.389862 -2.332397 2645.905273
-233.242523 -470.678589 2760.230957
-249.200104 -931.145447 2675.519043
-379.908051 2.848358 2585.473145
-432.614716 -467.011841 2702.897949
-432.521423 -935.394287 2697.103760
-272.903961 695.107544 2773.852783
-288.175079 455.168457 2713.880371
-116.090485 450.295837 2762.049561
-116.091583 131.723328 2762.049561
-116.085297 -186.848724 2762.049561
-460.259674 460.041077 2665.711182
-460.259491 141.468689 2665.711182
-460.265778 -177.103363 2665.711182
-281.032562 228.138519 2665.398438
-165.665466 -1.955826 2647.210205
-230.973450 -471.788208 2758.127197
-249.602112 -932.806274 2677.099854
-382.114624 4.172989 2586.622803
-428.587128 -465.486023 2707.346680
-435.833496 -933.799683 2706.426758
-273.561523 694.691711 2773.517822
-289.746704 455.040955 2713.453125
-118.021271 448.914856 2762.738281
-118.022369 130.342346 2762.738281
-118.016083 -188.229706 2762.738281
-461.472137 461.167114 2664.167969
-461.471954 142.594727 2664.167969
-461.478241 -175.977325 2664.167969
-283.953247 227.958160 2665.040771
-170.155182 -2.977600 2647.625732
-236.101227 -474.421692 2750.980469
-251.187042 -937.131104 2680.133789
-386.164398 4.728302 2585.631104
-426.490509 -467.531342 2697.788086
-435.924225 -935.767090 2703.939209
-273.751648 693.727783 2773.264648
-290.010040 453.562439 2712.211914
-118.244621 446.823486 2761.287354
-118.245720 128.250977 2761.287354
-118.239433 -190.321075 2761.287354
-461.775452 460.301453 2663.136475
-461.775269 141.729065 2663.136475
-461.781555 -176.842987 2663.136475
-285.034912 226.495956 2663.618652
-172.033508 -4.808807 2645.889648
-235.214615 -476.959167 2747.935303
-247.779251 -940.145874 2679.359131
-388.086090 3.667725 2584.161133
-423.237396 -468.776703 2697.499023
-433.521698 -937.055298 2697.711426
-274.051514 694.440125 2773.077148
-290.591003 454.519165 2711.643066
-118.649261 447.638367 2760.085205
-118.650360 129.065857 2760.085205
-118.644073 -189.506195 2760.085205
-462.532715 461.399963 2663.200928
-462.532532 142.827576 2663.200928
-462.538818 -175.744476 2663.200928
-285.934082 227.484161 2662.865723
-173.137970 -3.878357 2644.555176
-236.292755 -474.796234 2752.151123
-246.948471 -937.453125 2679.640381
-389.416382 4.776703 2583.621582
-427.301910 -466.874268 2699.524902
-429.960175 -935.243042 2698.734863
-272.629608 691.285645 2763.056641
-288.504883 449.779968 2707.812256
-116.628052 445.299835 2756.732422
-116.629150 126.727325 2756.732422
-116.622864 -191.844727 2756.732422
-460.381714 454.260132 2658.892090
-460.381531 135.687744 2658.892090
-460.387817 -182.884308 2658.892090
-281.862854 221.890060 2663.605957
-167.115677 -8.817734 2650.168945
-226.052597 -479.831177 2759.764404
-240.615372 -942.400696 2687.277588
-383.325989 -3.181992 2588.630371
-421.027954 -475.831177 2700.530762
-424.150513 -944.076172 2709.237305
-272.981110 694.654419 2769.076660
-290.210480 453.408936 2710.827148
-118.492844 447.229126 2760.129883
-118.493942 128.656616 2760.129883
-118.487656 -189.915436 2760.129883
-461.928101 459.588745 2661.524414
-461.927917 141.016357 2661.524414
-461.934204 -177.555695 2661.524414
-285.153015 225.852295 2664.689941
-172.100845 -5.590897 2649.559814
-238.968216 -477.563416 2749.447998
-253.262619 -940.798706 2681.264160
-388.090271 2.182175 2587.545654
-434.532440 -470.209778 2696.963623
-436.213837 -938.571045 2699.693115
-274.162262 692.783691 2771.174316
-290.515717 452.033173 2710.232910
-119.082863 445.209045 2760.451904
-119.083961 126.636536 2760.451904
-119.077675 -191.935516 2760.451904
-461.948578 458.857300 2660.013916
-461.948395 140.284912 2660.013916
-461.954681 -178.287140 2660.013916
-285.583679 224.789566 2662.517090
-172.838470 -6.745682 2646.383789
-235.165161 -479.098328 2747.747559
-247.776138 -941.839966 2675.941895
-388.464813 1.837601 2583.218750
-431.053558 -471.159668 2691.759766
-428.726318 -939.550110 2690.637695
-275.804688 691.874817 2772.611328
-291.834290 452.154449 2709.769287
-120.268387 444.971069 2759.482666
-120.269485 126.398560 2759.482666
-120.263199 -192.173492 2759.482666
-463.400177 459.337830 2660.055908
-463.399994 140.765442 2660.055908
-463.406281 -177.806610 2660.055908
-287.292908 225.060745 2661.282715
-174.851685 -6.550674 2644.061523
-238.799149 -480.529480 2736.252686
-248.060272 -946.068237 2695.149170
-390.651367 2.484756 2581.530762
-432.330841 -468.977051 2696.830811
-429.804474 -937.408447 2694.863281
-277.320038 691.235962 2772.392578
-294.330383 450.952881 2708.712402
-122.855530 443.434601 2758.693115
-122.856628 124.862091 2758.693115
-122.850342 -193.709961 2758.693115
-465.805237 458.471191 2658.731689
-465.805054 139.898804 2658.731689
-465.811340 -178.673248 2658.731689
-290.107697 223.882996 2660.068848
-178.039795 -7.915359 2642.859619
-239.901581 -481.662598 2737.948242
-249.903656 -946.783081 2688.163330
-393.730225 1.541550 2579.990967
-435.127075 -468.858887 2699.733154
-431.148102 -937.258179 2694.154541
-277.300385 691.482666 2763.005127
-297.060303 449.468384 2705.019287
-124.963188 440.920349 2752.646729
-124.964287 122.347839 2752.646729
-124.958000 -196.224213 2752.646729
-469.157410 458.016479 2657.391846
-469.157227 139.444092 2657.391846
-469.163513 -179.127960 2657.391846
-295.736328 221.752182 2659.365479
-186.174866 -11.340195 2643.666016
-242.927124 -483.140015 2750.293457
-254.849960 -945.982544 2683.062500
-402.649841 -0.587875 2583.757324
-440.452057 -470.572266 2706.331787
-435.295227 -938.947937 2698.856445
-278.604156 690.242554 2757.075195
-299.515198 447.677612 2702.518066
-126.583473 439.349182 2747.030762
-126.584572 120.776672 2747.030762
-126.578285 -197.795380 2747.030762
-472.446930 456.006042 2658.005371
-472.446747 137.433655 2658.005371
-472.453033 -181.138397 2658.005371
-299.112610 219.668396 2658.292969
-189.953491 -13.578583 2642.061768
-239.194656 -486.966003 2745.497070
-249.401169 -949.953735 2676.818848
-407.466553 -3.103088 2586.073975
-435.626282 -476.154877 2698.250977
-429.492065 -944.521606 2698.760986
-282.368347 693.836609 2764.373291
-301.401550 451.131958 2704.902100
-128.619019 443.097809 2750.068115
-128.620117 124.525299 2750.068115
-128.613831 -194.046753 2750.068115
-474.184082 459.166138 2659.736084
-474.183899 140.593750 2659.736084
-474.190186 -177.978302 2659.736084
-299.572815 223.786621 2657.466064
-189.096329 -8.610703 2638.430908
-233.351334 -485.088135 2728.438721
-245.321320 -950.693970 2690.239502
-406.391815 1.493240 2581.629150
-433.818207 -473.094971 2687.678223
-422.424927 -941.238281 2695.925293
-283.877350 697.124146 2768.024902
-301.819519 454.976807 2706.672363
-129.110962 447.447968 2752.212646
-129.112061 128.875458 2752.212646
-129.105774 -189.696594 2752.212646
-474.528076 462.505646 2661.132080
-474.527893 143.933258 2661.132080
-474.534180 -174.638794 2661.132080
-298.945496 227.851456 2658.224121
-187.459839 -4.008575 2638.415039
-230.274048 -477.759338 2742.189453
-246.171997 -941.714111 2686.470703
-404.683105 5.460785 2581.136719
-433.546692 -468.534485 2689.756592
-420.540833 -936.736450 2693.697021
-286.755432 696.577881 2772.486084
-303.023926 455.794617 2708.467529
-130.661026 448.530762 2755.346436
-130.662125 129.958252 2755.346436
-130.655838 -188.613800 2755.346436
-475.386841 463.058472 2661.588623
-475.386658 144.486084 2661.588623
-475.392944 -174.085968 2661.588623
-298.962891 229.036194 2658.400391
-186.502625 -2.290466 2637.815430
-235.213379 -475.349915 2742.800781
-245.560226 -939.565063 2684.440674
-403.301086 6.846039 2578.851074
-435.319580 -466.589111 2689.159912
-421.042542 -934.802002 2689.849854
-292.151550 698.381836 2782.694336
-305.282959 459.141174 2712.191162
-133.003220 452.756683 2759.496582
-133.004318 134.184174 2759.496582
-132.998032 -184.387878 2759.496582
-477.562683 465.525635 2664.885742
-477.562500 146.953247 2664.885742
-477.568787 -171.618805 2664.885742
-298.901367 233.292877 2658.469238
-184.171738 3.429352 2634.498047
-234.024979 -470.948425 2733.099854
-245.531876 -936.376831 2684.128418
-400.867828 11.459839 2574.996582
-433.866821 -462.874084 2681.118652
-421.525757 -930.953247 2691.469238
-294.430481 699.612793 2777.761230
-306.818329 459.659668 2710.865967
-134.493271 454.778015 2758.178223
-134.494370 136.205505 2758.178223
-134.488083 -182.366547 2758.178223
-479.143402 464.541321 2663.553711
-479.143219 145.968933 2663.553711
-479.149506 -172.603119 2663.553711
-299.144684 233.287125 2659.559570
-183.091507 3.844391 2638.009033
-238.380722 -471.875397 2726.412109
-244.693756 -938.830139 2700.705078
-399.850555 9.984772 2578.497314
-437.840302 -462.091156 2692.416748
-422.053833 -930.177185 2697.172363
-295.178253 697.207275 2775.352295
-307.448578 457.349304 2709.417480
-135.235672 452.862610 2757.181152
-135.236771 134.290100 2757.181152
-135.230484 -184.281952 2757.181152
-479.661499 461.835999 2661.653809
-479.661316 143.263611 2661.653809
-479.667603 -175.308441 2661.653809
-299.201538 230.919495 2658.413086
-182.647812 1.667953 2637.447754
-238.515793 -475.367493 2718.342285
-244.506821 -943.042603 2701.779785
-399.261169 7.311417 2577.369629
-438.744202 -466.058716 2685.334717
-424.333496 -934.254639 2687.063232
-299.062378 696.529724 2775.119629
-308.705627 456.803528 2709.061523
-136.456482 455.004639 2756.823242
-136.457581 136.432129 2756.823242
-136.451294 -182.139923 2756.823242
-480.954773 458.602417 2661.299805
-480.954590 140.030029 2661.299805
-480.960876 -178.542023 2661.299805
-296.758179 230.688080 2657.458008
-176.470917 3.441193 2635.895264
-234.878998 -473.644989 2715.127197
-237.903458 -941.642212 2700.544434
-393.150543 5.704102 2575.813721
-436.080780 -467.385345 2683.862061
-419.102814 -935.521484 2683.719482
-304.546478 698.194702 2783.513672
-311.282745 459.469788 2712.917480
-139.030533 458.762573 2760.710693
-139.031631 140.190063 2760.710693
-139.025345 -178.381989 2760.710693
-483.534943 460.177032 2665.124268
-483.534760 141.604645 2665.124268
-483.541046 -176.967407 2665.124268
-297.195618 234.066101 2658.810547
-174.779297 8.217621 2634.760742
-237.214554 -468.962860 2710.373291
-242.715393 -937.166504 2701.478516
-391.437683 9.107178 2574.646484
-438.079102 -463.919617 2681.493652
-425.518188 -932.179749 2684.235596
-306.578491 698.467529 2778.284912
-314.319916 458.739868 2711.654785
-142.265533 458.223816 2760.166260
-142.266632 139.651306 2760.166260
-142.260345 -178.920746 2760.166260
-486.374298 459.255920 2663.143311
-486.374115 140.683533 2663.143311
-486.380402 -177.888519 2663.143311
-300.302673 232.857224 2659.537598
-178.076920 6.650040 2637.930176
-242.638397 -471.512573 2704.738281
-247.275116 -939.818115 2704.221680
-394.493927 7.299149 2576.910645
-442.384796 -466.934570 2677.591064
-431.237061 -935.218933 2683.263184
-312.071381 702.186890 2785.775391
-318.507202 463.389160 2716.349854
-146.804718 462.665039 2766.103271
-146.805817 144.092529 2766.103271
-146.799530 -174.479523 2766.103271
-490.209686 464.113312 2666.596436
-490.209503 145.540924 2666.596436
-490.215790 -173.031128 2666.596436
-304.088562 237.737488 2663.306152
-181.681488 11.630371 2641.553711
-240.054565 -469.530914 2682.976562
-247.126358 -936.640137 2706.782959
-397.658356 12.541229 2578.971191
-442.345062 -464.478302 2666.248779
-427.746552 -931.799744 2689.490967
-317.889893 702.491516 2790.298340
-325.538666 463.678406 2718.294922
-153.471771 462.057007 2766.739258
-153.472870 143.484497 2766.739258
-153.466583 -175.087555 2766.739258
-497.605591 465.299774 2669.850586
-497.605408 146.727386 2669.850586
-497.611694 -171.844666 2669.850586
-312.412445 238.215317 2664.126953
-191.066757 11.732498 2640.427490
-239.920090 -471.479126 2651.582275
-253.958466 -936.275452 2699.365479
-407.505676 13.771988 2579.490479
-450.150513 -465.308777 2655.707031
-437.107269 -932.215332 2688.157227
-324.178162 697.586670 2781.455811
-332.089813 457.601318 2714.869629
-159.589508 456.709137 2761.795166
-159.590607 138.136627 2761.795166
-159.584320 -180.435425 2761.795166
-504.590149 458.493500 2667.944092
-504.589966 139.921112 2667.944092
-504.596252 -178.650940 2667.944092
-319.410065 231.356628 2663.957031
-198.244431 4.550842 2642.556152
-226.936234 -479.991455 2630.483398
-253.523666 -943.483398 2687.287109
-415.216187 5.673035 2583.532715
-449.268555 -474.888214 2654.727539
-437.411560 -942.013672 2686.420654
-330.772186 695.036438 2776.977539
-339.535858 454.196838 2713.184082
-166.694077 453.433777 2758.839600
-166.695175 134.861267 2758.839600
-166.688889 -183.710785 2758.839600
-512.377686 454.959961 2667.528564
-512.377502 136.387573 2667.528564
-512.383789 -182.184479 2667.528564
-327.413574 227.642395 2663.505371
-206.592346 0.608032 2642.539062
-214.081161 -481.856934 2596.405518
-256.924683 -940.999084 2672.642578
-423.990234 1.567841 2585.114258
-452.567139 -479.726074 2654.282959
-440.149658 -947.368835 2676.035156
-335.192566 690.075684 2775.304199
-346.192322 449.818542 2712.358398
-173.345963 447.851318 2757.948242
-173.347061 129.278809 2757.948242
-173.340775 -189.293243 2757.948242
-519.038696 451.785706 2666.768555
-519.038513 133.213318 2666.768555
-519.044800 -185.358734 2666.768555
-336.072449 222.844421 2664.196777
-217.247330 -5.366882 2644.707031
-207.140976 -483.477844 2566.462402
-255.055771 -939.188049 2659.622803
-434.657806 -2.892487 2587.363281
-462.446838 -484.132843 2657.729980
-437.917450 -951.439453 2673.017578
-339.390930 687.715698 2773.460938
-352.255646 446.857697 2712.979736
-179.404541 443.842316 2758.491455
-179.405640 125.269806 2758.491455
-179.399353 -193.302246 2758.491455
-525.106689 449.873077 2667.468018
-525.106506 131.300690 2667.468018
-525.112793 -187.271362 2667.468018
-343.867310 219.553375 2666.061523
-226.769119 -9.647385 2647.766602
-199.054855 -481.664551 2541.093018
-257.582520 -934.809570 2641.707764
-444.188843 -5.854507 2590.520020
-462.821014 -488.671875 2651.508789
-430.601257 -955.050049 2676.797119
-344.451050 687.890930 2763.640625
-358.366638 444.940796 2712.482910
-185.782944 442.567566 2758.986084
-185.784042 123.995056 2758.986084
-185.777756 -194.576996 2758.986084
-530.950317 447.314026 2665.979736
-530.950134 128.741638 2665.979736
-530.956421 -189.830414 2665.979736
-350.675568 216.386292 2672.275879
-234.433838 -13.660934 2661.318115
-192.113235 -477.754456 2527.266113
-262.582581 -928.583618 2631.253174
-451.535187 -10.675522 2602.819580
-464.069458 -494.593323 2656.266113
-430.986877 -960.534424 2689.129639
-350.122070 688.137329 2767.730225
-364.442291 445.260986 2715.983398
-191.955597 442.746765 2762.869629
-191.956696 124.174255 2762.869629
-191.950409 -194.397797 2762.869629
-536.928955 447.775208 2669.097168
-536.928772 129.202820 2669.097168
-536.935059 -189.369232 2669.097168
-356.748779 216.734604 2675.426025
-240.570663 -13.373108 2664.357666
-199.954102 -471.572815 2508.877197
-241.248627 -880.429688 2560.709229
-457.539886 -10.210480 2605.379639
-463.760345 -495.585754 2641.918213
-432.254791 -961.308105 2680.101318
-354.679504 684.122314 2762.085693
-371.946533 440.790955 2715.367676
-199.078033 437.143921 2760.770996
-199.079132 118.571411 2760.770996
-199.072845 -200.000641 2760.770996
-544.815063 444.437927 2669.964355
-544.814880 125.865540 2669.964355
-544.821167 -192.706512 2669.964355
-367.069336 211.581711 2678.387207
-253.468567 -19.921249 2669.962646
-210.584549 -473.890015 2501.270996
-237.144180 -837.320740 2515.939941
-470.915710 -15.333786 2612.850830
-473.898010 -501.345764 2643.000244
-438.640137 -966.817505 2681.644775
-358.593018 683.381653 2757.141357
-378.325348 439.652344 2715.422119
-205.018585 435.541870 2759.100830
-205.019684 116.969360 2759.100830
-205.013397 -201.602692 2759.100830
-551.632141 443.762817 2671.743408
-551.631958 125.190430 2671.743408
-551.638245 -193.381622 2671.743408
-375.278137 209.899719 2681.710449
-263.239410 -22.437973 2675.468018
-209.300873 -468.898682 2490.513916
-225.949738 -787.802368 2469.968994
-481.222443 -17.267868 2620.529541
-471.566437 -503.550476 2641.935791
-432.211609 -968.691772 2680.908447
-363.517303 681.490845 2755.707275
-384.723999 437.737061 2716.632812
-211.302505 433.373962 2759.828613
-211.303604 114.801453 2759.828613
-211.297318 -203.770599 2759.828613
-558.145447 442.100159 2673.437012
-558.145264 123.527771 2673.437012
-558.151550 -195.044281 2673.437012
-382.589661 207.693817 2684.828125
-271.393585 -25.093307 2680.188477
-207.762634 -462.536255 2477.635254
-216.288986 -743.681213 2422.181641
-489.517059 -19.605545 2625.858398
-472.258301 -506.031677 2634.151367
-429.618469 -970.079956 2681.228271
-367.207245 676.916809 2755.588867
-388.481567 433.016388 2718.391357
-215.231781 428.304688 2762.219482
-215.232880 109.732178 2762.219482
-215.226593 -208.839874 2762.219482
-561.731384 437.728088 2674.563232
-561.731201 119.155701 2674.563232
-561.737488 -199.416351 2674.563232
-387.124573 202.738373 2688.271729
-276.807251 -30.502930 2685.716553
-202.192780 -457.463165 2465.474854
-202.517700 -696.295410 2369.983887
-494.727905 -24.576355 2630.587646
-471.696289 -510.951630 2631.187988
-426.034088 -974.005249 2684.780518
-372.001160 679.571960 2763.896729
-392.998108 435.953064 2723.479004
-219.543137 430.897278 2766.437988
-219.544235 112.324768 2766.437988
-219.537949 -206.247284 2766.437988
-566.453064 441.008881 2680.520020
-566.452881 122.436493 2680.520020
-566.459167 -196.135559 2680.520020
-391.789185 205.920868 2691.525635
-281.487610 -27.291138 2686.590820
-200.500000 -439.049652 2441.838623
-188.241608 -641.098450 2302.796143
-499.672913 -20.931549 2632.553711
-471.845215 -507.129547 2638.118164
-425.022766 -971.345093 2677.196289
-374.532745 679.400757 2757.923096
-396.547363 435.115479 2723.946289
-222.721558 430.706726 2765.485596
-222.722656 112.134216 2765.485596
-222.716370 -206.437836 2765.485596
-570.373169 439.524292 2682.406982
-570.372986 120.951904 2682.406982
-570.379272 -197.620148 2682.406982
-395.772522 204.538696 2696.231689
-285.676208 -28.810837 2694.641602
-194.575073 -413.472351 2414.710205
-168.490158 -595.060120 2245.838623
-504.319153 -23.265366 2642.392578
-471.653137 -509.248047 2643.238281
-423.949341 -972.568604 2691.429688
-375.143311 676.518921 2755.101807
-398.783447 431.074158 2724.378418
-225.137054 426.371063 2766.609863
-225.138153 107.798553 2766.609863
-225.131866 -210.773499 2766.609863
-572.429871 435.777252 2682.146973
-572.429688 117.204865 2682.146973
-572.435974 -201.367188 2682.146973
-398.732300 200.283539 2698.466309
-289.472351 -33.464920 2699.114258
-182.251343 -370.911926 2373.444824
-150.972275 -543.792847 2179.438477
-507.889954 -27.549240 2645.994141
-467.971893 -512.680237 2633.768799
-425.460388 -976.056519 2686.672852
-378.003510 676.841309 2763.604736
-402.888947 432.370056 2727.814453
-229.206757 425.801086 2769.620361
-229.207855 107.228577 2769.620361
-229.201569 -211.343475 2769.620361
-576.571167 438.939087 2686.008545
-576.570984 120.366699 2686.008545
-576.577271 -198.205353 2686.008545
-404.678040 201.932617 2699.038574
-297.229889 -32.636414 2696.556641
-170.827881 -312.419952 2329.479492
-135.827682 -480.096252 2113.012451
-515.704346 -24.373260 2643.968750
-470.328308 -508.865845 2624.699219
-432.139801 -971.829041 2684.250977
-381.348938 678.247131 2767.244385
-407.860870 433.767609 2730.041504
-233.953629 425.719238 2770.619385
-233.954727 107.146729 2770.619385
-233.948441 -211.425323 2770.619385
-581.768188 441.815979 2689.463623
-581.768005 123.243591 2689.463623
-581.774292 -195.328461 2689.463623
-411.441467 203.546295 2699.724365
-305.645233 -31.736923 2694.928223
-157.985855 -251.028870 2297.123047
-115.855637 -424.449585 2054.436035
-524.398865 -21.613113 2643.886230
-473.820953 -505.830444 2629.777344
-430.529175 -969.412048 2679.912109
-384.113373 679.383911 2769.242920
-410.588623 434.761169 2731.666016
-236.942215 425.843201 2773.186523
-236.943314 107.270691 2773.186523
-236.937027 -211.301361 2773.186523
-584.235046 443.679138 2690.145508
-584.234863 125.106750 2690.145508
-584.241150 -193.465302 2690.145508
-415.028809 204.618652 2700.804688
-310.261047 -31.132477 2696.056152
-138.081619 -191.871475 2280.209717
-90.199997 -370.950989 1995.935547
-528.676941 -19.915253 2643.830566
-471.321167 -503.518372 2636.785889
-426.380615 -967.935974 2676.432373
-386.858826 677.884033 2771.319092
-412.761383 433.435852 2733.067871
-239.378159 424.543762 2775.693848
-239.379257 105.971252 2775.693848
-239.372971 -212.600800 2775.693848
-586.144592 442.328003 2690.441895
-586.144409 123.755615 2690.441895
-586.150696 -194.816437 2690.441895
-416.839722 203.355240 2701.660156
-311.875366 -32.317749 2697.060547
-107.524933 -138.402649 2277.711182
-65.782181 -311.838196 1937.178101
-529.960754 -21.133026 2643.444336
-464.502014 -503.487244 2628.545410
-424.803345 -967.780029 2675.026367
-387.236572 676.270020 2762.380127
-414.426819 431.406799 2731.202393
-241.244583 423.025177 2774.715088
-241.245682 104.452667 2774.715088
-241.239395 -214.119385 2774.715088
-587.609070 439.788391 2687.689697
-587.608887 121.216003 2687.689697
-587.615173 -197.356049 2687.689697
-418.764282 200.813751 2704.048096
-314.180054 -35.050827 2704.260742
-104.362000 -116.397186 2277.884277
-49.800236 -253.434753 1897.567139
-532.023438 -24.507736 2649.526855
-467.975281 -507.273865 2640.763672
-425.698822 -971.914673 2681.718506
-389.310883 677.837158 2766.946289
-415.376923 433.669800 2733.455811
-242.335922 425.522675 2777.596680
-242.337021 106.950165 2777.596680
-242.330734 -211.621887 2777.596680
-588.417969 441.816895 2689.314941
-588.417786 123.244507 2689.314941
-588.424072 -195.327545 2689.314941
-418.892517 203.244385 2704.708008
-313.577850 -32.304962 2703.721680
-99.091217 -97.718224 2274.365723
-36.024155 -200.973434 1862.205933
-531.238342 -22.057068 2648.198730
-464.789368 -504.411194 2634.032715
-420.109436 -968.176941 2681.881836
-386.839874 676.597351 2759.781982
-413.718506 431.866669 2731.579590
-240.909363 423.824219 2776.616211
-240.910461 105.251709 2776.616211
-240.904175 -213.320343 2776.616211
-586.527649 439.909119 2686.542969
-586.527466 121.336731 2686.542969
-586.533752 -197.235321 2686.542969
-417.966553 201.022736 2706.656738
-313.525055 -34.879547 2710.060059
-99.296066 -90.274628 2277.696289
-32.698921 -182.306534 1857.451172
-530.904175 -24.762848 2653.407715
-467.224731 -507.637299 2644.674072
-421.234558 -971.936340 2685.739746
-388.920288 677.464600 2766.338379
-414.809784 433.189575 2734.583008
-242.411087 424.922485 2781.153564
-242.412186 106.349976 2781.153564
-242.405899 -212.222076 2781.153564
-587.208496 441.456726 2688.012451
-587.208313 122.884338 2688.012451
-587.214600 -195.687714 2688.012451
-418.467041 202.602966 2707.188477
-313.696930 -33.183136 2709.083740
-97.345306 -73.894402 2275.541016
-36.915295 -179.030579 1854.095947
-530.551636 -22.784180 2650.504150
-465.969055 -505.221069 2632.176514
-420.780365 -969.325989 2676.679688
-391.574127 676.258850 2779.041504
-419.238037 432.999512 2738.023438
-247.058960 421.940186 2784.791748
-247.060059 103.367676 2784.791748
-247.053772 -215.204376 2784.791748
-591.417114 444.058807 2691.255127
-591.416931 125.486420 2691.255127
-591.423218 -193.085632 2691.255127
-425.235046 203.118622 2705.741699
-322.940125 -33.718002 2702.874756
-97.796371 -63.285400 2272.605225
-54.548820 -204.271927 1866.554688
-539.523987 -19.806503 2644.045166
-474.481812 -502.145874 2623.221924
-432.833313 -965.230286 2679.112549
-390.774658 673.867126 2775.714111
-421.909454 431.231750 2735.707031
-249.533447 417.133484 2780.856201
-249.534546 98.560974 2780.856201
-249.528259 -220.011078 2780.856201
-594.285522 445.330017 2690.557861
-594.285339 126.757629 2690.557861
-594.291626 -191.814423 2690.557861
-432.193054 201.529205 2703.242188
-334.063568 -37.040207 2699.173096
-115.445358 -77.876953 2266.269531
-68.576324 -248.119476 1900.106567
-550.889709 -19.306473 2642.381592
-476.334229 -500.357666 2625.820557
-438.056213 -963.484680 2684.332031
-388.672882 677.103577 2784.162354
-420.764557 434.738953 2738.709717
-248.657608 418.310333 2784.116455
-248.658707 99.737823 2784.116455
-248.652420 -218.834229 2784.116455
-592.871521 451.167542 2693.302979
-592.871338 132.595154 2693.302979
-592.877625 -185.976898 2693.302979
-433.198090 205.629944 2702.943359
-337.402649 -33.810135 2695.730957
-120.704834 -100.927200 2265.656250
-77.200623 -290.071167 1942.240479
-553.860596 -13.147964 2638.623047
-466.908813 -492.057861 2623.044434
-432.071289 -954.959229 2685.569336
-387.300537 680.563904 2788.522217
-418.810516 438.947266 2740.052979
-247.063004 422.006287 2786.663086
-247.064102 103.433777 2786.663086
-247.057816 -215.138275 2786.663086
-590.558044 455.888245 2693.442871
-590.557861 137.315857 2693.442871
-590.564148 -181.256195 2693.442871
-430.966217 210.225098 2701.712402
-335.121429 -29.150116 2692.681885
-127.581543 -139.383118 2268.766602
-89.812134 -339.918274 1993.255005
-551.122375 -7.844025 2634.061768
-461.615356 -486.514099 2624.010742
-425.598389 -949.553223 2685.127930
-385.930511 680.544312 2791.665039
-416.609741 439.485901 2740.289551
-244.933258 422.484558 2787.156738
-244.934357 103.912048 2787.156738
-244.928070 -214.660004 2787.156738
-588.286255 456.487213 2693.422363
-588.286072 137.914825 2693.422363
-588.292358 -180.657227 2693.422363
-428.214478 211.074280 2699.940674
-331.857635 -28.028885 2689.064941
-139.901123 -202.679489 2284.020508
-110.009384 -391.589417 2050.033936
-547.780762 -6.645767 2630.118652
-463.243195 -486.244324 2631.299316
-422.822723 -950.433655 2677.119629
-382.774841 679.000305 2781.996094
-413.016510 436.538818 2736.777100
-241.885742 421.428436 2786.129883
-241.886841 102.855927 2786.129883
-241.880554 -215.716125 2786.129883
-584.147217 451.649170 2687.424316
-584.147034 133.076782 2687.424316
-584.153320 -185.495270 2687.424316
-422.571960 207.485947 2699.781494
-324.487244 -31.071228 2693.828369
-146.105957 -265.266479 2315.275391
-123.501083 -439.323212 2108.624268
-539.767639 -12.062592 2631.743408
-455.338684 -491.746796 2637.393311
-418.528076 -956.740967 2679.082275
-383.013031 684.322021 2788.837891
-409.981903 442.389282 2739.050781
-239.452087 428.829712 2790.917236
-239.453186 110.257202 2790.917236
-239.446899 -208.314850 2790.917236
-580.511658 455.948792 2687.184326
-580.511475 137.376404 2687.184326
-580.517761 -181.195648 2687.184326
-415.915161 213.763214 2698.788574
-312.615601 -23.548401 2691.749512
-145.776917 -184.431854 2346.677490
-152.332260 -499.437775 2192.580811
-531.081238 -6.177277 2625.303223
-454.593872 -487.210480 2627.815674
-416.204468 -951.932129 2671.958252
-382.837585 684.828003 2791.355713
-407.912384 443.136810 2739.422119
-238.039444 430.096832 2793.534912
-238.040543 111.524323 2793.534912
-238.034256 -207.047729 2793.534912
-577.785339 456.176788 2685.309326
-577.785156 137.604401 2685.309326
-577.791443 -180.967651 2685.309326
-412.448975 214.565247 2698.583008
-309.211456 -22.279388 2692.075195
-152.393890 -123.303123 2336.835449
-167.171570 -520.306091 2243.787109
-524.759644 -5.733246 2623.412598
-459.080261 -487.395935 2645.733398
-421.538269 -953.239197 2672.252441
-380.735260 683.508179 2782.081299
-406.513977 441.313782 2735.488037
-236.895935 428.916870 2790.542480
-236.897034 110.344360 2790.542480
-236.890747 -208.227692 2790.542480
-576.132019 453.710693 2680.433594
-576.131836 135.138306 2680.433594
-576.138123 -183.433746 2680.433594
-411.033813 212.204559 2697.823730
-308.429657 -24.734039 2694.929688
-155.093414 -110.144440 2335.110352
-179.982254 -543.145874 2303.586182
-522.677673 -9.075256 2625.389160
-460.669189 -491.635651 2644.555908
-426.393738 -957.562866 2676.211914
-377.760986 682.269226 2778.483398
-404.232605 439.476807 2733.529297
-234.901749 426.699707 2789.383057
-234.902847 108.127197 2789.383057
-234.896561 -210.444855 2789.383057
-573.563477 452.253906 2677.675537
-573.563293 133.681519 2677.675537
-573.569580 -184.890533 2677.675537
-409.647339 210.122040 2697.478027
-308.343567 -27.285339 2696.627930
-158.258881 -121.786743 2336.165771
-188.203308 -572.287476 2352.903809
-521.780579 -11.180145 2626.225586
-463.820953 -494.444031 2643.878906
-424.472656 -960.107300 2674.809082
-375.830200 681.085205 2776.308594
-402.731476 438.331726 2731.279297
-234.000000 424.348663 2788.633545
-234.001099 105.776154 2788.633545
-233.994812 -212.795898 2788.633545
-571.463013 452.314789 2673.925049
-571.462830 133.742401 2673.925049
-571.469116 -184.829651 2673.925049
-409.365662 209.054626 2694.898682
-309.768036 -29.026077 2694.627686
-162.441818 -147.746292 2335.576904
-196.914032 -610.996643 2392.945801
-522.231628 -11.418869 2622.408447
-463.041138 -494.749756 2635.334717
-422.901581 -959.516479 2676.445557
-375.703003 686.001099 2784.777832
-401.614716 443.694519 2733.120117
-233.278366 429.480042 2791.601562
-233.279465 110.907532 2791.601562
-233.273178 -207.664520 2791.601562
-569.951050 457.908936 2674.638672
-569.950867 139.336548 2674.638672
-569.957153 -179.235504 2674.638672
-406.759583 215.126236 2692.374023
-305.987885 -22.385712 2688.424316
-160.034851 -175.758774 2341.491211
-198.770950 -643.883972 2428.675537
-517.821045 -4.498352 2614.831543
-457.625549 -487.191254 2639.106201
-417.753723 -952.724121 2670.598633
-371.896973 678.810059 2768.977051
-399.711823 435.016235 2726.255127
-231.463974 421.670776 2785.176758
-231.465073 103.098267 2785.176758
-231.458786 -215.473785 2785.176758
-567.959656 448.361694 2667.333496
-567.959473 129.789307 2667.333496
-567.965759 -188.782745 2667.333496
-405.562286 205.581421 2690.995117
-305.572601 -32.248642 2692.801270
-167.425797 -227.510071 2369.317383
-207.293839 -701.072632 2471.409424
-517.252869 -15.458115 2618.668945
-463.131897 -498.254578 2652.545898
-420.827301 -963.923645 2679.534668
-372.665955 685.606018 2782.183105
-396.978760 443.218842 2730.496582
-229.062225 429.790222 2790.363037
-229.063324 111.217712 2790.363037
-229.057037 -207.354340 2790.363037
-564.895264 456.647461 2670.630127
-564.895081 138.075073 2670.630127
-564.901367 -180.496979 2670.630127
-400.650391 214.698059 2689.535645
-298.705933 -22.269043 2686.229492
-164.392838 -245.244110 2378.627686
-203.326859 -718.525391 2489.673584
-509.938110 -5.376404 2610.919922
-454.054626 -488.223053 2642.681641
-413.556122 -954.275940 2666.441650
-371.088135 690.488159 2779.190430
-394.421387 447.869019 2728.588623
-226.345779 435.237579 2788.178467
-226.346878 116.665070 2788.178467
-226.340591 -201.906982 2788.178467
-562.496948 460.500488 2668.998779
-562.496765 141.928101 2668.998779
-562.503052 -176.643951 2668.998779
-397.508881 219.103638 2688.804932
-294.885193 -17.606323 2686.500244
-173.290176 -282.420410 2407.499023
-210.257187 -760.561096 2518.021973
-506.307556 -1.717194 2611.542236
-456.748535 -484.315979 2654.161621
-419.610138 -950.879272 2672.804932
-369.821594 691.319153 2776.411377
-390.110352 448.251160 2726.748535
-222.521622 438.093719 2788.106934
-222.522720 119.521210 2788.106934
-222.516434 -199.050842 2788.106934
-557.699097 458.408569 2665.390137
-557.698914 139.836182 2665.390137
-557.705200 -178.735870 2665.390137
-389.975342 219.210190 2688.463867
-284.427856 -16.219742 2688.773193
-170.539642 -315.554443 2431.832275
-207.899658 -770.246094 2576.656494
-495.252808 -3.441788 2611.585205
-447.508728 -486.417053 2653.223389
-414.011353 -953.148682 2674.739014
-365.649658 694.128113 2775.888916
-385.653595 450.185516 2726.178223
-217.917679 440.650085 2787.254883
-217.918777 122.077576 2787.254883
-217.912491 -196.494476 2787.254883
-553.389526 459.720947 2665.101562
-553.389343 141.148560 2665.101562
-553.395630 -177.423492 2665.101562
-384.713623 221.141113 2687.837891
-278.288513 -13.899902 2687.907227
-182.421219 -346.551483 2455.304443
-216.005005 -796.190796 2600.062500
-489.258789 -1.906677 2611.087891
-452.544098 -485.298096 2657.703369
-420.335724 -952.331177 2674.035645
-364.529053 696.531616 2775.489746
-383.550323 451.811615 2724.737793
-215.287704 443.167114 2784.479248
-215.288803 124.594604 2784.479248
-215.282516 -193.977448 2784.479248
-551.812988 460.456116 2664.996338
-551.812805 141.883728 2664.996338
-551.819092 -176.688324 2664.996338
-381.610596 222.811462 2686.138672
-273.846497 -11.625427 2685.112305
-189.896484 -360.057404 2484.225342
-220.365845 -810.571228 2617.804443
-485.495239 -0.751953 2609.966797
-452.405762 -484.109222 2660.302246
-424.127258 -951.286499 2679.641357
-361.973572 692.242249 2775.169189
-382.233826 448.730530 2722.844971
-213.402115 439.265411 2780.816895
-213.403214 120.692902 2780.816895
-213.396927 -197.879150 2780.816895
-551.065552 458.195648 2664.873047
-551.065369 139.623260 2664.873047
-551.071655 -178.948792 2664.873047
-381.289124 219.983322 2682.746094
-274.159790 -14.716858 2679.107910
-208.074799 -426.579742 2530.805176
-229.417725 -883.219604 2633.581787
-486.529053 -2.810913 2606.186523
-459.328247 -485.281891 2666.756836
-427.578491 -952.449585 2675.371094
-360.472778 691.667114 2774.409912
-380.240051 449.039795 2720.392578
-210.855438 438.862000 2776.600098
-210.856537 120.289490 2776.600098
-210.850250 -198.282562 2776.600098
-549.624695 459.217590 2664.185059
-549.624512 140.645203 2664.185059
-549.630798 -177.926849 2664.185059
-380.287964 220.492325 2679.152832
-273.805115 -14.456253 2673.263428
-213.384186 -460.671875 2569.755371
-239.016724 -920.580261 2652.976807
-486.866638 -1.654037 2602.562744
-457.656769 -482.980591 2671.064453
-429.434113 -950.483093 2675.319336
-357.800873 693.077637 2774.535645
-378.528503 449.789978 2718.611816
-208.885895 439.223816 2773.980469
-208.886993 120.651306 2773.980469
-208.880707 -197.920746 2773.980469
-548.171082 460.356201 2663.243164
-548.170898 141.783813 2663.243164
-548.177185 -176.788239 2663.243164
-378.968811 221.421112 2676.380859
-272.720184 -13.592896 2668.971436
-214.431885 -478.228394 2602.255371
-245.191010 -940.701172 2665.856934
-486.098053 -0.302643 2599.328369
-457.615784 -480.121124 2677.851318
-428.564606 -947.638550 2679.178467
-355.091248 693.516541 2775.530762
-376.037781 451.131470 2717.674561
-206.107834 439.930664 2772.025391
-206.108932 121.358154 2772.025391
-206.102646 -197.213898 2772.025391
-545.967712 462.332245 2663.323730
-545.967529 143.759857 2663.323730
-545.973816 -174.812195 2663.323730
-376.772888 223.233856 2673.007324
-270.633240 -11.708313 2662.523193
-216.024048 -486.055298 2618.155273
-247.436966 -948.640076 2682.990723
-484.382751 2.380829 2594.156982
-454.816650 -476.726898 2676.974121
-427.621582 -944.377808 2679.716309
-351.138794 693.859253 2776.005127
-369.786316 452.179047 2715.908203
-199.561996 441.975891 2769.527344
-199.563095 123.403381 2769.527344
-199.556808 -195.168671 2769.527344
-540.010620 462.382202 2662.289062
-540.010437 143.809814 2662.289062
-540.016724 -174.762238 2662.289062
-368.801575 224.637360 2669.483398
-260.755188 -9.321548 2656.781982
-217.157898 -489.517517 2639.337646
-237.233887 -954.140625 2691.958252
-474.878479 3.512894 2589.335205
-444.016113 -472.942627 2685.213135
-421.283325 -940.685364 2678.236572
-346.644653 693.827881 2765.209717
-365.937317 450.731628 2712.135254
-195.465515 441.920105 2765.234619
-195.466614 123.347595 2765.234619
-195.460327 -195.224457 2765.234619
-536.409058 459.543152 2659.035889
-536.408875 140.970764 2659.035889
-536.415161 -177.601288 2659.035889
-364.727325 222.307129 2670.345215
-256.303558 -11.659134 2661.950684
-226.720963 -494.572998 2671.331787
-242.891098 -960.941406 2704.727539
-470.731110 -0.575577 2595.159668
-454.376434 -473.766113 2707.437744
-423.574371 -940.450073 2686.891357
-342.946350 691.541260 2768.652100
-361.608795 449.365692 2712.590576
-190.626907 440.210693 2763.931152
-190.628006 121.638184 2763.931152
-190.621719 -196.933868 2763.931152
-532.590637 458.520691 2661.250000
-532.590454 139.948303 2661.250000
-532.596741 -178.623749 2661.250000
-360.547607 221.390045 2668.404297
-251.947098 -12.343658 2656.508789
-231.184677 -497.083466 2672.409668
-242.663040 -964.351807 2697.081543
-467.025757 -0.827545 2591.927246
-453.305634 -475.072021 2701.357422
-424.036896 -941.825378 2677.039307
-340.643951 695.224121 2780.909912
-356.319092 454.814026 2716.505859
-185.129257 446.119751 2767.209717
-185.130356 127.547241 2767.209717
-185.124069 -191.024811 2767.209717
-527.508911 463.508301 2665.802002
-527.508728 144.935913 2665.802002
-527.515015 -173.636139 2665.802002
-352.815796 228.268188 2665.832031
-241.641373 -3.745956 2647.048828
-224.483505 -488.292175 2680.544678
-237.973404 -956.021606 2689.757812
-456.983643 7.190689 2583.267578
-448.346802 -465.397522 2700.436279
-418.210815 -932.165771 2675.687744
-336.969910 695.977173 2776.822510
-349.926697 453.605652 2716.110107
-179.343460 446.686890 2769.049316
-179.344559 128.114380 2769.049316
-179.338272 -190.457672 2769.049316
-520.509949 460.524445 2663.170898
-520.509766 141.952057 2663.170898
-520.516052 -176.619995 2663.170898
-344.236572 226.506912 2668.095215
-231.247665 -4.943832 2653.379639
-226.959015 -488.503601 2703.447510
-240.711227 -956.507324 2708.604248
-445.845215 3.760147 2586.781006
-446.386169 -465.759827 2715.578857
-417.507294 -932.781982 2693.561768
-335.879974 699.332520 2785.848389
-346.350189 458.410339 2719.850586
-176.263702 451.529236 2774.427490
-176.264801 132.956726 2774.427490
-176.258514 -185.615326 2774.427490
-516.436646 465.291412 2665.273682
-516.436462 146.719025 2665.273682
-516.442749 -171.853027 2665.273682
-339.225342 231.925064 2669.091309
-225.136139 1.112411 2652.654541
-235.968979 -482.603882 2703.109619
-244.307968 -950.844849 2706.251221
-439.064850 9.767197 2584.009521
-446.326447 -459.507019 2713.998779
-424.300293 -926.558838 2686.509766
-330.395905 695.062683 2779.170654
-342.582336 453.493347 2716.869629
-172.223267 446.993530 2770.660645
-172.224365 128.421021 2770.660645
-172.218079 -190.151031 2770.660645
-512.941406 459.993164 2663.078613
-512.941223 141.420776 2663.078613
-512.947510 -177.151276 2663.078613
-335.770325 226.594177 2667.878418
-221.823181 -4.392578 2652.715088
-240.587448 -485.183044 2723.560791
-249.875214 -950.451538 2687.517822
-436.093445 3.782623 2585.059326
-449.191315 -465.504303 2714.843750
-424.711853 -932.733459 2692.621582
-327.564178 694.321899 2775.899414
-339.105621 452.765564 2716.324463
-168.767517 447.872925 2770.346680
-168.768616 129.300415 2770.346680
-168.762329 -189.271637 2770.346680
-509.443726 457.658173 2662.302246
-509.443542 139.085785 2662.302246
-509.449829 -179.486267 2662.302246
-330.590790 225.588318 2668.901855
-214.947784 -4.665955 2655.454590
-240.537094 -483.934113 2735.876465
-246.482590 -948.651794 2686.137207
-429.204132 1.488129 2587.503906
-440.006531 -468.979553 2713.360840
-422.846466 -936.705933 2696.098633
-325.612885 695.943237 2775.296875
-335.818085 454.380463 2716.747314
-165.572983 450.737976 2771.161133
-165.574081 132.165466 2771.161133
-165.567795 -186.406586 2771.161133
-506.063202 458.022949 2662.333496
-506.063019 139.450562 2662.333496
-506.069305 -179.121490 2662.333496
-325.866516 227.037354 2670.393555
-208.845856 -2.596558 2658.261230
-242.517609 -478.757996 2752.940430
-248.816589 -940.650085 2681.445801
-422.984039 1.985046 2589.818359
-442.237335 -468.019745 2716.296631
-426.816620 -935.861084 2698.840332
-322.404327 697.924988 2784.403320
-333.092590 457.264709 2721.327393
-162.664551 452.971771 2775.113525
-162.665649 134.399261 2775.113525
-162.659363 -184.172791 2775.113525
-503.520630 461.557648 2667.541260
-503.520447 142.985260 2667.541260
-503.526733 -175.586792 2667.541260
-323.212646 230.568237 2671.927979
-206.146484 1.171829 2656.355957
-245.814758 -473.269653 2758.102783
-251.911774 -933.429321 2674.159424
-420.518921 6.571701 2588.701172
-449.192505 -463.395569 2713.394287
-430.175018 -931.099609 2695.290771
-320.392853 701.364868 2789.432617
-331.704193 461.009399 2723.681641
-161.120346 456.075348 2776.921387
-161.121445 137.502838 2776.921387
-161.115158 -181.069214 2776.921387
-502.288025 465.943420 2670.441895
-502.287842 147.371033 2670.441895
-502.294128 -171.201019 2670.441895
-322.314392 234.656204 2672.618896
-205.639236 5.199860 2655.040283
-248.988876 -467.248871 2764.758545
-254.366882 -925.662537 2670.550049
-420.209961 11.406189 2588.072021
-451.639313 -456.067871 2721.156494
-432.512115 -923.010803 2690.972900
-318.839355 700.101990 2792.369141
-330.995636 461.228119 2724.012695
-160.161301 455.017761 2776.297852
-160.162399 136.445251 2776.297852
-160.156113 -182.126801 2776.297852
-501.829956 467.438477 2671.727539
-501.829773 148.866089 2671.727539
-501.836060 -169.705963 2671.727539
-323.093750 235.185974 2671.345703
-207.746002 5.237839 2651.563477
-250.606018 -467.233765 2761.976807
-256.469330 -926.108154 2668.903320
-422.637726 13.049820 2585.793945
-455.195404 -452.922363 2723.967285
-431.105194 -918.457397 2680.486084
-317.673645 700.108215 2792.839355
-330.242188 460.681946 2723.994141
-159.270676 454.255859 2775.814453
-159.271774 135.683350 2775.814453
-159.265488 -182.888702 2775.814453
-501.213715 467.108032 2672.173828
-501.213531 148.535645 2672.173828
-501.219818 -170.036407 2672.173828
-322.762329 234.628586 2671.283691
-207.754898 4.533707 2651.164062
-248.503647 -469.843384 2753.945557
-253.689468 -930.893066 2672.465576
-422.810028 12.616714 2585.982422
-450.416840 -455.507507 2717.755371
-429.715057 -922.247925 2688.792969
-315.027649 701.760498 2795.573730
-326.736267 463.375977 2726.128174
-155.664474 457.680603 2777.705566
-155.665573 139.108093 2777.705566
-155.659286 -179.463959 2777.705566
-497.808044 469.071350 2674.550781
-497.807861 150.498962 2674.550781
-497.814148 -168.073090 2674.550781
-318.256348 237.441605 2673.053711
-202.183701 7.925232 2652.417969
-240.752731 -467.019745 2753.695801
-247.714264 -927.725464 2669.734375
-417.369141 15.089233 2587.540527
-444.760132 -454.515076 2714.115234
-424.082855 -921.864319 2695.438965
-314.443268 701.804932 2794.842529
-327.091370 462.774902 2726.127686
-155.740067 456.570190 2776.712158
-155.741165 137.997681 2776.712158
-155.734879 -180.574371 2776.712158
-498.442657 468.979614 2675.543213
-498.442474 150.407227 2675.543213
-498.448761 -168.164825 2675.543213
-319.626160 236.788025 2673.120361
-204.392166 6.898804 2651.927490
-246.505463 -467.001587 2756.682617
-256.320679 -927.451782 2671.279297
-419.929749 14.703522 2588.298584
-453.822266 -453.877258 2717.064697
-432.129822 -921.141724 2694.409668
-313.077484 700.027405 2795.645264
-326.342712 460.759583 2725.969238
-155.343033 453.359131 2777.563232
-155.344131 134.786621 2777.563232
-155.337845 -183.785431 2777.563232
-497.342407 468.160034 2674.375244
-497.342224 149.587646 2674.375244
-497.348511 -168.984406 2674.375244
-320.055481 234.794434 2672.719727
-206.219772 4.174866 2651.919678
-248.120422 -469.283142 2758.863037
-255.923126 -929.478394 2671.711670
-421.316711 13.483734 2587.020752
-447.203522 -456.793823 2711.219971
-434.534454 -924.551758 2692.661865
-312.104950 699.040527 2794.464111
-326.156403 459.613281 2724.853027
-155.103256 451.721039 2776.208496
-155.104355 133.148529 2776.208496
-155.098068 -185.423523 2776.208496
-497.209564 467.505554 2673.497559
-497.209381 148.933167 2673.497559
-497.215668 -169.638885 2673.497559
-320.739868 233.517197 2672.065674
-207.745911 2.457565 2651.576416
-246.210754 -472.993042 2750.359131
-255.347061 -934.170166 2668.765869
-422.900757 12.384628 2586.980225
-449.567383 -456.548706 2716.158936
-434.038666 -924.232666 2695.873291
-310.884583 696.738159 2795.887207
-325.838989 457.928101 2724.457764
-154.813751 449.455078 2775.817383
-154.814850 130.882568 2775.817383
-154.808563 -187.689484 2775.817383
-496.864227 466.401093 2673.098145
-496.864044 147.828705 2673.098145
-496.870331 -170.743347 2673.098145
-320.982941 231.973755 2671.010986
-208.565140 0.690552 2649.865479
-243.995255 -474.984772 2748.908447
-255.249039 -936.234192 2667.846436
-423.688660 11.348297 2585.262939
-444.576660 -459.145081 2709.703369
-434.169434 -927.209106 2697.692627
-311.973907 696.998413 2794.512207
-327.053131 458.327271 2724.198730
-155.795776 449.999695 2774.805420
-155.796875 131.427185 2774.805420
-155.790588 -187.144867 2774.805420
-498.310486 466.654846 2673.592041
-498.310303 148.082458 2673.592041
-498.316589 -170.489594 2673.592041
-322.407288 232.244598 2671.273926
-210.052826 0.924469 2650.177002
-244.984222 -474.808716 2749.268799
-255.369110 -936.374146 2669.825684
-425.470062 11.399353 2586.521240
-450.772064 -458.677765 2711.842529
-435.430817 -926.669434 2700.313477
-312.929871 695.423645 2794.330566
-327.529144 457.956268 2723.423828
-156.168808 449.618835 2773.678223
-156.169907 131.046326 2773.678223
-156.163620 -187.525726 2773.678223
-498.889496 466.293701 2673.169434
-498.889313 147.721313 2673.169434
-498.895599 -170.850739 2673.169434
-322.656250 232.153503 2669.346191
-210.009705 1.107071 2646.875000
-243.384094 -475.529480 2742.067871
-253.074417 -937.962524 2667.874023
-425.556976 11.594406 2583.662109
-446.501892 -458.852356 2708.468018
-434.262543 -926.911072 2694.697021
-312.843658 695.646057 2794.248535
-326.753113 458.028931 2723.933838
-155.351303 450.109131 2774.116943
-155.352402 131.536621 2774.116943
-155.346115 -187.035431 2774.116943
-498.154907 465.948792 2673.750732
-498.154724 147.376404 2673.750732
-498.161011 -171.195648 2673.750732
-321.640320 232.007355 2670.800781
-208.727371 1.004730 2649.229492
-243.745132 -474.481079 2749.394043
-251.508606 -936.592407 2672.933105
-424.327698 10.966797 2586.105957
-443.620544 -458.253662 2715.705566
-434.373383 -926.412476 2702.181396
-309.984222 693.659668 2784.656006
-325.582977 454.453217 2720.160400
-154.034409 446.796600 2769.887939
-154.035507 128.224091 2769.887939
-154.029221 -190.347961 2769.887939
-497.131561 462.109833 2670.432861
-497.131378 143.537445 2670.432861
-497.137665 -175.034607 2670.432861
-321.468018 227.525421 2671.024658
-209.461426 -4.217834 2653.164062
-242.900864 -479.374329 2755.485107
-254.466705 -940.506714 2673.940918
-425.244690 5.413086 2590.613770
-445.715515 -464.204041 2718.678467
-433.817566 -932.310181 2704.916504
-311.323395 694.496460 2788.894287
-325.610168 454.842072 2720.945312
-154.052979 447.567993 2770.694336
-154.054077 128.995483 2770.694336
-154.047791 -189.576569 2770.694336
-497.167358 462.116150 2671.196289
-497.167175 143.543762 2671.196289
-497.173462 -175.028290 2671.196289
-320.232849 228.497681 2669.307129
-206.957443 -2.421631 2648.957764
-241.920151 -478.375427 2746.938721
-250.551117 -938.753052 2660.900635
-422.753632 6.728210 2586.380127
-442.455627 -464.434235 2708.679443
-430.274170 -932.491821 2693.226807
-309.123535 694.886536 2781.455811
-325.635345 454.882446 2718.237793
-153.961105 447.230621 2767.527100
-153.962204 128.658112 2767.527100
-153.955917 -189.913940 2767.527100
-497.309601 462.534241 2668.948486
-497.309418 143.961853 2668.948486
-497.315704 -174.610199 2668.948486
-321.499573 228.057083 2668.620117
-209.392319 -3.580734 2650.001953
-245.319611 -478.454834 2752.726074
-256.189545 -939.115112 2668.350586
-425.335297 6.044205 2588.002930
-446.378510 -464.635254 2712.012695
-437.450592 -932.846802 2699.718994
