-283.909790 698.968018 2791.971436
-298.526306 460.392426 2718.618652
-124.620567 454.809998 2759.690430
-124.621666 136.237488 2759.690430
-124.615379 -182.334564 2759.690430
-472.432037 465.974854 2677.546875
-472.431854 147.402466 2677.546875
-472.438141 -171.169586 2677.546875
-292.125427 235.568130 2660.958496
-176.354950 7.233032 2629.128418
-240.355362 -464.300171 2733.491699
-245.203918 -932.506714 2720.749756
-395.094147 14.254639 2577.468262
-418.755096 -463.801300 2667.623047
-434.652435 -931.290161 2692.007080
-286.602448 698.175537 2792.560059
-299.708038 460.131958 2717.925049
-125.805290 454.987976 2759.068848
-125.806389 136.415466 2759.068848
-125.800102 -182.156586 2759.068848
-473.610779 465.275879 2676.781250
-473.610596 146.703491 2676.781250
-473.616882 -171.868561 2676.781250
-292.545105 235.508316 2659.566406
-176.013260 7.649612 2627.083496
-237.623428 -463.585083 2734.272949
-243.958450 -931.765015 2719.944336
-394.751099 14.119766 2575.332031
-423.054108 -465.352722 2655.947266
-426.310822 -931.895996 2693.695312
-288.833588 698.237915 2792.789307
-302.076721 460.239624 2718.596191
-128.045547 455.213165 2759.211426
-128.046646 136.640656 2759.211426
-128.040359 -181.931396 2759.211426
-476.107910 465.266113 2677.980957
-476.107727 146.693726 2677.980957
-476.114014 -171.878326 2677.980957
-295.007874 235.542969 2660.499268
-178.488907 7.685104 2627.945801
-239.489227 -462.375732 2740.467041
-246.273361 -930.500671 2724.083740
-397.389160 14.007492 2576.858887
-427.289001 -467.010620 2646.879883
-427.043365 -931.706787 2701.941895
-290.425842 699.003174 2792.379150
-303.968262 460.444641 2718.624023
-129.823120 455.535522 2758.764160
-129.824219 136.963013 2758.764160
-129.817932 -181.609039 2758.764160
-478.113403 465.353760 2678.483887
-478.113220 146.781372 2678.483887
-478.119507 -171.790680 2678.483887
-296.974640 235.675964 2660.793945
-180.459198 7.819885 2628.208496
-239.992981 -464.020416 2733.723145
-246.527008 -932.282959 2722.226318
-399.502838 13.994690 2577.719238
-428.663300 -467.491058 2645.534424
-426.850006 -932.928833 2696.233887
-292.070892 698.971741 2792.653320
-306.083344 460.428589 2718.489014
-131.840103 455.512817 2758.203613
-131.841202 136.940308 2758.203613
-131.834915 -181.631744 2758.203613
-480.326569 465.344421 2678.774414
-480.326385 146.772034 2678.774414
-480.332672 -171.800018 2678.774414
-299.218719 235.683731 2660.553223
-182.770798 7.847260 2627.594238
-240.890930 -465.108185 2728.913086
-247.130844 -933.457581 2721.301270
-401.937408 14.030457 2577.640625
-427.122925 -468.395721 2640.263428
-428.126495 -933.712646 2693.270996
-294.712097 698.858887 2792.754395
-308.572784 460.546631 2718.250977
-134.207535 455.834106 2757.447021
-134.208633 137.261597 2757.447021
-134.202347 -181.310455 2757.447021
-482.938049 465.259216 2679.054932
-482.937866 146.686829 2679.054932
-482.944153 -171.885223 2679.054932
-301.533630 235.907562 2659.928711
-184.833603 8.304688 2626.257324
-240.542953 -465.550934 2724.764404
-247.437820 -933.937256 2722.017090
-404.155334 14.232269 2576.955566
-428.079834 -468.593048 2637.300293
-426.780457 -934.335388 2687.021973
-298.621033 697.434631 2794.142334
-310.997955 460.189301 2718.339355
-136.255035 457.217346 2755.931152
-136.256134 138.644836 2755.931152
-136.249847 -179.927216 2755.931152
-485.740875 463.161255 2680.747559
-485.740692 144.588867 2680.747559
-485.746979 -173.983185 2680.747559
-302.068665 235.867920 2659.097900
-183.233002 9.677307 2623.500244
-236.618271 -465.454926 2716.966064
-243.701691 -933.828125 2719.709229
-403.045746 13.415771 2576.212646
-427.454926 -470.202515 2629.393066
-421.788177 -934.597107 2689.498047
-301.734253 694.586609 2793.451172
-312.883087 457.593445 2717.100830
-138.154236 455.349457 2754.827881
-138.155334 136.776947 2754.827881
-138.149048 -181.795105 2754.827881
-487.611938 459.837402 2679.373779
-487.611755 141.265015 2679.373779
-487.618042 -177.307037 2679.373779
-302.908600 233.388123 2657.569824
-183.048538 7.771591 2621.765137
-238.183197 -466.095459 2720.466797
-245.313232 -934.486633 2719.441406
-402.819702 10.594040 2574.312500
-431.039276 -472.140198 2633.251709
-423.554230 -937.561768 2684.640137
-303.655914 692.586243 2792.570557
-314.079376 455.985840 2716.114014
-139.292435 454.515991 2753.620850
-139.293533 135.943481 2753.620850
-139.287247 -182.628571 2753.620850
-488.866333 457.455688 2678.607178
-488.866150 138.883301 2678.607178
-488.872437 -179.688751 2678.607178
-303.254333 231.738968 2656.880371
-182.504379 6.567673 2621.235107
-238.918030 -468.402039 2713.650146
-244.498749 -936.523804 2725.176025
-402.354187 8.416489 2574.058350
-432.194031 -473.850220 2636.204834
-421.944092 -939.139099 2689.018555
-306.554199 693.023193 2792.814941
-315.161316 456.463989 2716.462158
-140.677811 456.243591 2755.385986
-140.678909 137.671082 2755.385986
-140.672623 -180.900970 2755.385986
-489.644775 456.684448 2677.538330
-489.644592 138.112061 2677.538330
-489.650879 -180.459991 2677.538330
-301.890839 232.762482 2655.708496
-178.884720 8.922333 2619.434814
-235.703323 -466.608643 2708.808105
-241.528076 -934.831543 2719.986572
-398.356018 9.199585 2570.474854
-429.516052 -473.015411 2632.592773
-416.921570 -938.782043 2680.647949
-309.018463 696.303772 2792.468506
-316.119934 459.298767 2717.316162
-141.877151 459.991852 2757.291504
-141.878250 141.419342 2757.291504
-141.871964 -177.152710 2757.291504
-490.362732 458.605682 2677.340820
-490.362549 140.033295 2677.340820
-490.368835 -178.538757 2677.340820
-301.536743 235.390900 2657.634033
-177.372513 11.918915 2623.092285
-239.056671 -461.613007 2719.303711
-243.457977 -929.902344 2719.516357
-396.534546 11.047150 2572.811523
-432.574890 -469.554962 2643.513672
-420.706573 -935.868347 2686.245605
-313.486511 697.759644 2793.790039
-320.039856 460.353424 2718.000732
-145.906479 460.797302 2758.474854
-145.907578 142.224792 2758.474854
-145.901291 -176.347260 2758.474854
-494.173218 459.909546 2677.526611
-494.173035 141.337158 2677.526611
-494.179321 -177.234894 2677.526611
-305.609192 236.419098 2658.371582
-181.668549 12.763916 2624.196045
-243.967712 -463.655457 2702.708008
-252.322906 -931.454346 2718.250488
-400.688507 12.205627 2573.288818
-437.039124 -468.736877 2641.859131
-430.677155 -935.638977 2678.499268
-318.625000 695.917603 2793.302246
-324.811890 459.085571 2717.037842
-150.430984 459.581055 2756.431396
-150.432083 141.008545 2756.431396
-150.425797 -177.563507 2756.431396
-499.192780 458.590088 2677.644287
-499.192596 140.017700 2677.644287
-499.198883 -178.554352 2677.644287
-310.609863 235.249023 2656.986572
-186.738968 11.724106 2621.710205
-244.025681 -467.689697 2682.995850
-253.931915 -934.822388 2711.740234
-406.076721 11.100876 2572.160400
-441.424042 -470.003723 2640.336670
-433.533844 -936.722290 2679.502441
-322.450836 695.454346 2792.603271
-330.696198 457.942200 2716.508789
-156.285080 457.237854 2755.768311
-156.286179 138.665344 2755.768311
-156.279892 -179.906708 2755.768311
-505.107330 458.646484 2677.249268
-505.107147 140.074097 2677.249268
-505.113434 -178.497955 2677.249268
-318.189209 233.883011 2656.927246
-195.994644 9.380890 2622.036133
-244.001129 -472.541687 2670.127197
-260.863159 -938.423096 2712.037354
-415.369781 10.266785 2572.655273
-450.814972 -471.746948 2633.731201
-439.863007 -936.766479 2687.297852
-328.423737 694.353149 2794.143311
-336.737640 457.198303 2716.654785
-162.097336 456.474976 2754.879639
-162.098434 137.902466 2754.879639
-162.092148 -180.669586 2754.879639
-511.377930 457.921600 2678.429932
-511.377747 139.349213 2678.429932
-511.384033 -179.222839 2678.429932
-324.489777 233.287506 2656.460449
-202.410309 8.921829 2620.305664
-238.336975 -475.310120 2639.342285
-262.675659 -936.267456 2711.540039
-422.073517 9.831619 2572.226562
-452.154114 -471.903259 2638.051758
-435.803894 -938.068176 2677.382568
-333.756897 694.964966 2792.863281
-343.908600 458.138702 2717.005615
-169.068771 456.439636 2754.279297
-169.069870 137.867126 2754.279297
-169.063583 -180.704926 2754.279297
-518.748413 459.837769 2679.731934
-518.748230 141.265381 2679.731934
-518.754517 -177.306671 2679.731934
-333.396606 233.963470 2657.478516
-212.927643 8.719681 2621.392822
-239.422440 -476.624756 2620.187744
-264.721344 -937.593384 2695.941162
-432.841583 10.856796 2574.510010
-460.835114 -471.120728 2639.764648
-439.654083 -937.137573 2680.474609
-338.801605 692.806885 2792.376221
-348.272644 455.935608 2717.420166
-173.615189 455.040863 2755.559082
-173.616287 136.468353 2755.559082
-173.610001 -182.103699 2755.559082
-522.930115 456.830322 2679.281250
-522.929932 138.257935 2679.281250
-522.936218 -180.314117 2679.281250
-336.505859 231.720596 2658.274414
-214.896957 6.942902 2623.114258
-223.070221 -477.539886 2593.360840
-254.932877 -935.242065 2684.840576
-434.581177 8.068298 2575.143066
-451.970001 -473.970673 2642.857666
-434.314758 -940.387695 2681.677734
-344.169647 691.610718 2793.249023
-352.832672 455.092163 2718.320312
-178.498428 454.308655 2757.902100
-178.499527 135.736145 2757.902100
-178.493240 -182.835907 2757.902100
-527.166870 455.875671 2678.738525
-527.166687 137.303284 2678.738525
-527.172974 -181.268768 2678.738525
-340.564880 230.727936 2659.847168
-218.656525 5.870941 2626.267334
-217.624435 -473.546448 2555.990479
-256.508545 -923.124634 2676.717773
-437.937653 6.856445 2576.480713
-459.970337 -474.534943 2647.638428
-433.610840 -941.015747 2679.175537
-347.411499 690.144165 2783.222900
-357.518524 451.010162 2716.034424
-183.449341 450.453033 2756.724854
-183.450439 131.880524 2756.724854
-183.444153 -186.691528 2756.724854
-531.587769 451.567291 2675.343994
-531.587585 132.994904 2675.343994
-531.593872 -185.577148 2675.343994
-345.882080 225.272339 2663.164551
-224.766724 -0.815887 2635.886475
-215.076965 -474.542206 2533.670166
-259.117737 -921.966980 2662.581055
-443.724548 -0.115082 2584.702881
-464.528076 -480.943115 2660.137939
-437.226318 -947.802795 2685.553467
-354.530640 696.288391 2787.903320
-364.132904 456.504150 2720.226562
-190.592667 455.770172 2763.107422
-190.593765 137.197662 2763.107422
-190.587479 -181.374390 2763.107422
-537.673096 457.238129 2677.345703
-537.672913 138.665741 2677.345703
-537.679199 -179.906311 2677.345703
-352.219910 230.576447 2668.147705
-231.158859 4.187103 2643.038818
-211.752457 -460.409546 2506.647217
-261.961243 -905.026855 2643.744629
-449.454987 5.110382 2589.098877
-465.496979 -476.812225 2658.274902
-434.740509 -943.524719 2683.513672
-358.409943 697.973022 2790.544189
-369.295044 458.221130 2723.059814
-195.593323 456.450317 2765.284912
-195.594421 137.877808 2765.284912
-195.588135 -180.694244 2765.284912
-542.996765 459.991974 2680.834717
-542.996582 141.419586 2680.834717
-543.002869 -177.152466 2680.834717
-358.855835 232.288727 2670.641357
-239.177887 5.242661 2644.777832
-219.218994 -457.671448 2498.742188
-247.091904 -868.894043 2579.798584
-457.655396 7.469955 2591.667969
-469.806458 -474.695190 2660.188965
-436.572479 -941.432495 2682.021729
-362.166046 698.168335 2792.859619
-373.983490 458.366394 2725.165283
-200.196152 455.880402 2767.029297
-200.197250 137.307892 2767.029297
-200.190964 -181.264160 2767.029297
-547.770874 460.852386 2683.301270
-547.770691 142.279999 2683.301270
-547.776978 -176.292053 2683.301270
-364.673279 232.299561 2673.092285
-246.071487 4.669327 2647.346680
-220.697205 -454.451904 2489.006836
-238.157684 -827.489075 2538.393066
-464.654633 7.796127 2594.691895
-470.345276 -475.084961 2658.637207
-433.730499 -941.664001 2678.687012
-364.092560 696.728638 2781.903564
-378.727936 455.064911 2722.406006
-204.665878 451.674011 2763.069336
-204.666977 133.101501 2763.069336
-204.660690 -185.470551 2763.069336
-552.790039 458.455811 2681.742676
-552.789856 139.883423 2681.742676
-552.796143 -178.688629 2681.742676
-372.176910 227.818390 2675.414062
-256.161560 -1.560623 2653.994385
-228.043976 -460.966980 2495.573730
-235.429123 -791.621948 2506.331787
-475.090210 2.704361 2602.849854
-471.715210 -480.270142 2665.975586
-437.538025 -947.107056 2684.615234
-369.672211 694.854065 2786.938965
-383.742462 454.033447 2725.397461
-209.576477 450.677795 2765.611084
-209.577576 132.105286 2765.611084
-209.571289 -186.466766 2765.611084
-557.908508 457.389160 2685.183838
-557.908325 138.816772 2685.183838
-557.914612 -179.755280 2685.183838
-376.998901 227.018951 2677.247803
-260.726288 -2.105865 2654.387451
-224.374237 -457.189026 2485.429199
-224.337402 -745.152527 2465.743652
-479.784393 2.114746 2603.808838
-462.150787 -481.196686 2660.164062
-434.839691 -948.616638 2672.524170
-372.506805 695.185669 2789.364014
-387.768616 454.616058 2727.593262
-213.372818 451.227905 2766.788574
-213.373917 132.655396 2766.788574
-213.367630 -185.916656 2766.788574
-562.164429 458.004211 2688.397949
-562.164246 139.431824 2688.397949
-562.170532 -179.140228 2688.397949
-381.233154 227.702744 2678.899902
-265.020264 -1.341370 2654.856445
-229.495117 -452.332642 2474.893799
-215.352371 -707.457214 2424.353516
-484.375122 2.920227 2605.556641
-466.556274 -481.359650 2653.742920
-430.912903 -947.385010 2680.332031
-375.695068 694.010498 2790.899658
-391.347839 453.712219 2729.197754
-216.513641 450.505005 2766.382080
-216.514740 131.932495 2766.382080
-216.508453 -186.639557 2766.382080
-566.182007 456.919434 2692.013428
-566.181824 138.347046 2692.013428
-566.188110 -180.225006 2692.013428
-385.164978 226.773239 2680.553711
-269.026093 -2.182785 2655.295654
-230.743683 -449.838684 2467.479736
-202.187836 -670.868225 2377.090820
-488.938141 1.851334 2608.523682
-466.775970 -482.563721 2654.410645
-432.494659 -949.081299 2676.364014
-378.623688 691.967163 2791.722168
-394.809814 451.798187 2730.777344
-219.856110 448.467896 2767.408203
-219.857208 129.895386 2767.408203
-219.850922 -188.676666 2767.408203
-569.763489 455.128479 2694.146484
-569.763306 136.556091 2694.146484
-569.769592 -182.015961 2694.146484
-388.958923 224.834900 2682.198975
-273.085327 -4.222687 2656.656738
-224.629364 -436.523041 2440.161133
-186.788635 -635.464844 2323.381836
-493.130737 -0.034088 2610.584473
-467.014099 -484.998718 2647.339600
-429.917023 -950.657776 2679.816650
-380.241516 693.088623 2791.661133
-397.558624 452.119446 2733.033447
-222.610886 448.464661 2769.668457
-222.611984 129.892151 2769.668457
-222.605698 -188.679901 2769.668457
-572.506409 455.774231 2696.398438
-572.506226 137.201843 2696.398438
-572.512512 -181.370209 2696.398438
-392.418518 224.853699 2685.814941
-277.256226 -4.710495 2661.635742
-216.132904 -413.494080 2408.892334
-168.680908 -592.111450 2265.179443
-497.300598 -0.113602 2615.557129
-468.093933 -485.562134 2641.316650
-428.932373 -950.745483 2678.937988
-382.767517 691.387939 2792.006836
-400.769135 450.658264 2734.690430
-225.597153 447.140564 2770.251465
-225.598251 128.568054 2770.251465
-225.591965 -190.003998 2770.251465
-575.941101 454.176025 2699.129395
-575.940918 135.603638 2699.129395
-575.947205 -182.968414 2699.129395
-395.836914 223.296310 2687.904297
-280.739044 -6.277954 2663.482666
-202.774994 -377.324371 2365.859619
-154.847839 -545.279053 2202.577393
-501.070343 -1.853363 2618.753662
-467.369049 -487.437958 2630.218018
-429.763214 -951.203125 2682.260498
-384.312225 689.009827 2792.131104
-403.149384 448.171478 2735.946777
-227.798294 444.024841 2770.549805
-227.799393 125.452332 2770.549805
-227.793106 -193.119720 2770.549805
-578.500427 452.318115 2701.343750
-578.500244 133.745728 2701.343750
-578.506531 -184.826324 2701.343750
-399.443176 220.637085 2689.899414
-285.460022 -9.505112 2665.613525
-188.876434 -330.444031 2322.656494
-139.519485 -492.482208 2137.136475
-506.013916 -4.289505 2622.090576
-467.311951 -489.679260 2623.718994
-432.738586 -952.144897 2687.860352
-386.371216 688.099182 2792.065186
-407.519318 446.585144 2736.905273
-231.902359 441.114990 2769.912598
-231.903458 122.542480 2769.912598
-231.897171 -196.029572 2769.912598
-583.136292 452.055359 2703.897949
-583.136108 133.482971 2703.897949
-583.142395 -185.089081 2703.897949
-405.968475 219.013657 2690.939453
-293.970886 -11.998093 2665.732178
-179.453049 -273.255798 2282.584717
-129.475021 -439.515015 2072.733154
-514.864380 -5.117599 2624.215088
-471.272552 -490.123108 2618.261475
-436.147034 -952.276855 2685.372070
-388.089417 688.472839 2792.020508
-410.645538 445.921814 2738.747314
-234.918213 438.985474 2770.878418
-234.919312 120.412964 2770.878418
-234.913025 -198.159088 2770.878418
-586.372864 452.858154 2706.616211
-586.372681 134.285767 2706.616211
-586.378967 -184.286285 2706.616211
-411.352051 218.214508 2693.454834
-301.547760 -13.854874 2668.368896
-167.952255 -209.621826 2254.809814
-113.540176 -386.265442 2012.064453
-522.569336 -5.130692 2627.955811
-471.290802 -489.456482 2624.469238
-435.416199 -952.011902 2688.891357
-389.921021 687.599548 2791.673828
-411.067627 444.089600 2740.056152
-235.503601 438.572601 2773.309814
-235.504700 120.000092 2773.309814
-235.498413 -198.571960 2773.309814
-586.631653 449.606628 2706.802490
-586.631470 131.034241 2706.802490
-586.637756 -187.537811 2706.802490
-409.946960 216.084930 2696.312256
-298.415588 -15.389359 2673.481201
-126.626251 -158.562241 2251.588867
-83.281189 -333.132080 1948.417603
-519.237000 -8.450150 2631.655518
-460.117004 -491.792847 2622.219727
-423.791504 -954.416138 2686.235107
-391.165588 685.592896 2791.886719
-413.183899 441.867157 2741.309082
-237.548569 435.855896 2774.131592
-237.549667 117.283386 2774.131592
-237.543381 -201.288666 2774.131592
-588.819214 447.878418 2708.486572
-588.819031 129.306030 2708.486572
-588.825317 -189.266022 2708.486572
-413.005188 213.667740 2698.559570
-302.375610 -18.311951 2676.450928
-129.964203 -112.719841 2238.917236
-73.233681 -269.104126 1885.160400
-523.277344 -10.751404 2635.169189
-468.290833 -494.551300 2621.784180
-430.588989 -956.998779 2686.424072
-393.281128 687.473267 2802.543457
-416.084167 445.391785 2746.174561
-240.533997 438.109283 2779.203125
-240.535095 119.536774 2779.203125
-240.528809 -199.035278 2779.203125
-591.634338 452.674286 2713.145996
-591.634155 134.101898 2713.145996
-591.640442 -184.470154 2713.145996
-416.830261 217.876740 2699.975342
-307.175446 -14.218155 2674.547363
-122.552689 -86.518646 2234.348633
-62.425648 -205.873627 1838.718994
-527.977295 -5.058456 2633.004883
-468.670593 -488.405701 2620.072021
-431.171448 -951.122681 2682.946533
-396.258514 685.054199 2807.292236
-419.139221 444.671326 2748.909668
-243.482193 437.211700 2781.314209
-243.483292 118.639191 2781.314209
-243.477005 -199.932861 2781.314209
-594.796265 452.130920 2716.505127
-594.796082 133.558533 2716.505127
-594.802368 -185.013519 2716.505127
-419.718689 217.766663 2699.817139
-309.828735 -13.829285 2671.103516
-133.921921 -64.513428 2222.644043
-57.428879 -169.522614 1814.093506
-530.767578 -4.446686 2630.345703
-468.067322 -487.480133 2622.799561
-426.145020 -950.675415 2678.427246
-393.920502 683.273376 2799.783936
-416.693390 440.466248 2747.660400
-241.164276 433.587463 2780.853760
-241.165375 115.014954 2780.853760
-241.159088 -203.557098 2780.853760
-592.222534 447.345032 2714.467041
-592.222351 128.772644 2714.467041
-592.228638 -189.799408 2714.467041
-417.117920 212.718994 2702.708496
-307.148621 -19.354462 2678.632568
-146.426071 -50.229591 2221.976562
-54.694641 -164.915588 1819.075073
-527.936218 -10.702057 2636.880615
-457.719421 -492.691162 2629.904053
-424.454742 -956.363403 2687.050537
-394.650879 683.410278 2806.443604
-416.557922 440.901428 2750.537842
-240.931030 434.370728 2783.297607
-240.932129 115.798218 2783.297607
-240.925842 -202.773834 2783.297607
-592.184814 447.432129 2717.778076
-592.184631 128.859741 2717.778076
-592.190918 -189.712311 2717.778076
-416.342773 213.451447 2704.041992
-305.673950 -18.105789 2678.148926
-140.808197 -51.385719 2222.030273
-61.697601 -169.834991 1819.795654
-526.581299 -9.891312 2636.943359
-461.362488 -492.173096 2618.564941
-422.454895 -954.277466 2683.891602
-393.780945 676.610779 2810.410889
-414.136292 435.581238 2751.129883
-238.674088 429.301392 2784.827881
-238.675186 110.728882 2784.827881
-238.668900 -207.843170 2784.827881
-589.598511 441.861053 2717.431885
-589.598328 123.288666 2717.431885
-589.604614 -195.283386 2717.431885
-413.057800 208.426071 2703.182617
-301.630310 -22.678497 2676.428223
-123.375732 -67.850784 2226.215820
-68.561386 -206.021072 1842.100098
-522.328308 -14.779663 2634.042480
-460.559998 -497.669159 2617.421875
-415.774719 -960.082520 2676.556641
-394.596558 675.044739 2811.941895
-413.789246 434.124878 2751.901123
-238.477432 428.453400 2786.481201
-238.478531 109.880890 2786.481201
-238.472244 -208.691162 2786.481201
-589.101013 439.796356 2717.321045
-589.100830 121.223969 2717.321045
-589.107117 -197.348083 2717.321045
-411.498169 207.164337 2703.062500
-298.953522 -23.362991 2675.971191
-137.707169 -75.870880 2220.102539
-83.674820 -246.821609 1879.665771
-519.460632 -16.229416 2632.476562
-458.803741 -499.402222 2618.781738
-416.566803 -961.804321 2680.369629
-394.928650 676.405579 2812.405762
-413.142944 434.546448 2753.063477
-238.252228 429.695435 2789.792725
-238.253326 111.122925 2789.792725
-238.247040 -207.449127 2789.792725
-588.033630 439.397461 2716.334229
-588.033447 120.825073 2716.334229
-588.039734 -197.746979 2716.334229
-409.286194 207.503693 2704.712646
-295.436432 -22.589966 2679.461670
-147.426300 -110.648331 2225.724121
-100.244781 -298.209717 1932.272339
-515.422485 -16.488159 2633.261963
-454.040161 -499.589905 2619.076660
-417.898193 -962.320679 2682.099609
-394.284515 677.818115 2813.138428
-412.068481 435.543701 2754.361084
-237.405792 430.867218 2792.196777
-237.406891 112.294708 2792.196777
-237.400604 -206.277344 2792.196777
-586.731140 440.220215 2716.525391
-586.730957 121.647827 2716.525391
-586.737244 -196.924225 2716.525391
-407.697327 208.484344 2706.118164
-293.486206 -21.515930 2681.668945
-160.516510 -159.539001 2237.921875
-121.053360 -346.321594 1985.770752
-513.166138 -15.634125 2634.081543
-450.687622 -498.563477 2618.395752
-417.161346 -960.000610 2691.120361
-391.029724 680.665100 2817.033447
-408.544189 439.172607 2756.956055
-234.063965 433.943298 2795.575928
-234.065063 115.370789 2795.575928
-234.058777 -203.201263 2795.575928
-583.024414 444.401917 2718.336182
-583.024231 125.829529 2718.336182
-583.030518 -192.742523 2718.336182
-404.358398 212.405563 2707.340332
-290.447052 -17.650024 2682.011475
-174.686951 -212.367554 2257.362793
-139.088928 -384.736328 2039.808960
-509.898193 -11.072937 2633.437744
-450.889801 -494.453644 2618.288818
-414.079407 -956.760559 2683.554688
-389.585815 682.514832 2815.126221
-407.076538 440.528320 2756.837402
-232.990021 435.052429 2797.134766
-232.991119 116.479919 2797.134766
-232.984833 -202.092133 2797.134766
-581.163025 446.004272 2716.540039
-581.162842 127.431885 2716.540039
-581.169128 -191.140167 2716.540039
-403.001221 213.512177 2708.383545
-289.441895 -16.947815 2685.272949
-192.947968 -273.086212 2292.267090
-158.162308 -425.520020 2092.750000
-508.409912 -10.060150 2634.586426
-452.187164 -493.889618 2625.388184
-413.268188 -957.060425 2682.871582
-389.010193 685.043823 2814.659424
-408.639679 442.972717 2756.512939
-234.768463 436.126648 2797.532715
-234.769562 117.554138 2797.532715
-234.763275 -201.017914 2797.532715
-582.510925 449.818726 2715.493164
-582.510742 131.246338 2715.493164
-582.517029 -187.325714 2715.493164
-406.029175 216.040100 2707.573730
-296.825897 -15.089508 2683.781982
-204.298523 -160.098480 2309.854980
-185.786713 -470.229095 2197.705566
-510.011444 -6.695496 2633.487061
-455.205994 -490.708984 2624.041260
-417.894775 -953.956543 2682.521973
-386.094635 685.728516 2814.787109
-407.250183 444.617920 2756.786377
-233.289764 435.444824 2796.938721
-233.290863 116.872314 2796.938721
-233.284576 -201.699738 2796.938721
-581.210632 453.791016 2716.634033
-581.210449 135.218628 2716.634033
-581.216736 -183.353424 2716.634033
-407.764465 217.821381 2707.201172
-300.255646 -14.671310 2682.549072
-203.671463 -94.364182 2298.512695
-199.415558 -480.429504 2251.937988
-516.301819 -3.279007 2632.682861
-457.944397 -486.917664 2626.050293
-424.056580 -950.624268 2683.147949
-383.090088 683.140015 2803.303955
-406.922699 441.083313 2751.668457
-232.793411 431.378540 2790.993896
-232.794510 112.806030 2790.993896
-232.788223 -205.766022 2790.993896
-581.052002 450.788116 2712.343018
-581.051819 132.215729 2712.343018
-581.058105 -186.356323 2712.343018
-409.274078 213.503723 2705.917969
-302.819275 -20.139999 2684.740479
-202.593842 -79.264191 2298.803711
-206.965897 -499.296844 2311.016113
-520.431641 -8.011765 2635.594482
-455.385376 -490.778992 2629.944092
-426.159973 -955.050293 2684.978760
-382.158234 686.153381 2808.891357
-404.611023 444.259796 2753.155762
-231.004547 434.901947 2794.823975
-231.005646 116.329437 2794.823975
-230.999359 -202.242615 2794.823975
-578.217529 453.617645 2711.487549
-578.217346 135.045258 2711.487549
-578.223633 -183.526794 2711.487549
-405.198425 217.238251 2704.618652
-296.957581 -15.649429 2682.201904
-195.568771 -73.794083 2295.290527
-204.254791 -509.810364 2353.896729
-514.614075 -3.917160 2629.961182
-446.885437 -486.338867 2624.129883
-417.760803 -951.021484 2675.766113
-379.112549 687.946167 2811.125732
-401.431549 446.790161 2753.596924
-228.036392 436.858673 2796.010742
-228.037491 118.286163 2796.010742
-228.031204 -200.285889 2796.010742
-574.826721 456.721619 2711.183105
-574.826538 138.149231 2711.183105
-574.832825 -180.422821 2711.183105
-402.412903 219.888367 2704.478516
-294.532837 -13.248611 2681.988525
-197.327759 -94.168388 2300.945312
-210.670761 -533.676514 2396.748535
-512.255676 -0.778214 2628.731689
-453.477600 -484.190552 2633.915771
-419.221069 -949.442871 2675.064209
-378.651367 688.934875 2812.255615
-400.463104 447.772400 2752.936523
-227.197739 437.512573 2795.804688
-227.198837 118.940063 2795.804688
-227.192551 -199.631989 2795.804688
-573.728455 458.032166 2710.068359
-573.728271 139.459778 2710.068359
-573.734558 -179.112274 2710.068359
-401.505341 221.070282 2702.891602
-293.676392 -12.078552 2679.782715
-197.998260 -120.523811 2304.096680
-214.669769 -562.777893 2431.498291
-511.418762 0.814911 2625.910645
-452.451233 -482.466461 2639.198486
-420.740234 -948.514954 2672.879150
-378.775208 688.288330 2813.881348
-400.490631 448.153198 2752.749756
-227.408646 437.960419 2796.366211
-227.409744 119.387909 2796.366211
-227.403458 -199.184143 2796.366211
-573.572571 458.346008 2709.133301
-573.572388 139.773621 2709.133301
-573.578674 -178.798431 2709.133301
-401.032410 221.613037 2701.959229
-292.770905 -11.334564 2678.586914
-195.997696 -150.519424 2317.209473
-215.333450 -589.646484 2459.910156
-510.377472 1.480286 2623.750488
-452.608276 -481.920258 2640.391113
-420.589722 -948.093384 2673.068115
-377.782928 686.248352 2816.112549
-396.386810 447.094543 2753.084717
-224.275925 438.380981 2800.596191
-224.277023 119.808472 2800.596191
-224.270737 -198.763580 2800.596191
-568.497620 455.808105 2705.573242
-568.497437 137.235718 2705.573242
-568.503723 -181.336334 2705.573242
-393.734619 220.654785 2701.948486
-282.852692 -11.264404 2680.689209
-184.532318 -180.980743 2331.572998
-208.700195 -623.544189 2488.423340
-499.312164 -0.305573 2620.935303
-445.001648 -483.935333 2642.350342
-411.421570 -950.119873 2673.755615
-376.022858 685.134521 2805.631104
-395.248840 444.633911 2748.703125
-223.468536 436.745728 2797.532959
-223.469635 118.173218 2797.532959
-223.463348 -200.398834 2797.532959
-567.029114 452.522034 2699.873291
-567.028931 133.949646 2699.873291
-567.035217 -184.622406 2699.873291
-392.365356 217.299637 2701.835205
-281.477966 -14.994156 2685.668213
-194.466461 -216.676926 2348.953125
-218.050400 -665.458679 2511.878174
-497.485779 -5.075089 2624.266357
-454.041138 -489.118774 2655.166504
-423.022339 -955.902832 2678.360596
-374.409302 686.025146 2799.991455
-393.683411 444.341980 2746.377441
-222.342041 436.490051 2796.735840
-222.343140 117.917542 2796.735840
-222.336853 -200.654510 2796.735840
-565.024841 452.193909 2696.019043
-565.024658 133.621521 2696.019043
-565.030945 -184.950531 2696.019043
-391.143768 216.463226 2702.205566
-280.859528 -16.353043 2689.700439
-190.892242 -247.724594 2361.564209
-220.184219 -700.115479 2527.526611
-496.348724 -6.478012 2626.366943
-452.894379 -490.647339 2657.312988
-422.798309 -957.790039 2673.185303
-374.729279 686.848389 2807.712891
-392.454712 446.347748 2748.280029
-221.413239 438.234192 2799.659180
-221.414337 119.661682 2799.659180
-221.408051 -198.910370 2799.659180
-563.496155 454.461304 2696.900879
-563.495972 135.888916 2696.900879
-563.502258 -182.683136 2696.900879
-388.957062 219.150787 2700.758789
-277.903717 -13.148209 2685.546387
-192.841705 -269.853882 2379.637451
-220.487701 -727.549316 2533.618652
-493.015106 -2.944138 2620.928711
-452.272308 -487.346497 2652.784180
-418.949921 -954.292847 2669.239746
-372.109070 690.529785 2811.511963
-389.728180 450.475159 2749.750000
-218.706345 441.781128 2801.114746
-218.707443 123.208618 2801.114746
-218.701157 -195.363434 2801.114746
-560.750061 459.169220 2698.385254
-560.749878 140.596832 2698.385254
-560.756165 -177.975220 2698.385254
-386.409790 223.677216 2700.313477
-275.544067 -8.587997 2683.177734
-196.161697 -293.895874 2401.774414
-222.484695 -759.243591 2547.264893
-490.638733 2.346512 2618.576172
-456.335022 -481.851196 2658.823730
-419.520233 -948.692017 2669.005859
-372.138763 689.782532 2813.688232
-389.927460 450.579254 2748.319580
-218.345169 441.812744 2797.733887
-218.346268 123.240234 2797.733887
-218.339981 -195.331818 2797.733887
-561.509705 459.345764 2698.905273
-561.509521 140.773376 2698.905273
-561.515808 -177.798676 2698.905273
-386.769531 224.156311 2697.185303
-275.701447 -7.779984 2677.128418
-201.998169 -317.840515 2425.785645
-231.720947 -768.040894 2583.844238
-491.521759 3.246719 2614.973633
-460.285004 -480.306885 2664.235840
-423.775177 -947.262085 2667.266357
-370.208313 692.224609 2815.295166
-388.062195 453.026978 2748.139893
-216.262360 443.784546 2796.721436
-216.263458 125.212036 2796.721436
-216.257172 -193.360016 2796.721436
-559.862000 462.269409 2699.558350
-559.861816 143.697021 2699.558350
-559.868103 -174.875031 2699.558350
-385.396790 226.894226 2695.693604
-274.691254 -5.050827 2673.798828
-206.467789 -344.022644 2456.390869
-233.262848 -788.382812 2616.986572
-490.771515 6.573776 2612.695801
-457.478760 -476.354065 2667.019043
-423.716675 -943.519653 2672.993164
-367.528503 692.707825 2816.289307
-384.900970 453.746460 2746.924805
-213.486786 444.005798 2796.767822
-213.487885 125.433289 2796.767822
-213.481598 -193.138763 2796.767822
-556.315186 463.487091 2697.081787
-556.315002 144.914703 2697.081787
-556.321289 -173.657349 2697.081787
-382.222107 227.822571 2693.560547
-271.744476 -4.226990 2671.541504
-210.300354 -407.994812 2501.905273
-235.617065 -855.428833 2645.361572
-487.342010 8.024384 2608.851074
-454.865570 -474.202423 2669.635742
-424.170013 -941.617920 2673.997803
-365.472443 695.104858 2815.122803
-383.171814 455.531433 2745.914551
-211.504150 446.087616 2794.937500
-211.505249 127.515106 2794.937500
-211.498962 -191.056946 2794.937500
-554.839539 464.975220 2696.891602
-554.839355 146.402832 2696.891602
-554.845642 -172.169220 2696.891602
-380.204865 229.734009 2692.027344
-269.280182 -2.002396 2668.969482
-214.205017 -442.432495 2541.133789
-240.815445 -894.213379 2664.463135
-485.195648 9.875595 2607.310791
-453.786072 -471.684143 2673.803467
-423.220459 -939.131470 2678.150635
-360.632111 697.166199 2815.429199
-380.489655 458.185394 2745.722412
-208.494629 447.794922 2793.378662
-208.495728 129.222412 2793.378662
-208.489441 -189.349640 2793.378662
-552.484619 468.575867 2698.066162
-552.484436 150.003479 2698.066162
-552.490723 -168.568573 2698.066162
-378.872253 232.649902 2690.711914
-269.087799 0.579880 2665.672363
-223.992905 -461.759277 2581.371338
-249.021576 -919.901245 2671.182373
-485.421906 13.648941 2605.730469
-458.610504 -467.153015 2679.150391
-426.354095 -934.381470 2673.720215
-358.019928 696.747314 2815.062500
-376.470734 458.854736 2744.445068
-204.220322 448.800323 2791.246826
-204.221420 130.227814 2791.246826
-204.215134 -188.344238 2791.246826
-548.721130 468.909149 2697.643311
-548.720947 150.336761 2697.643311
-548.727234 -168.235291 2697.643311
-374.451660 233.524872 2688.606689
-264.108002 1.872009 2662.200928
-222.152756 -471.539917 2603.025391
-252.063263 -931.355530 2684.327881
-480.757172 14.518005 2603.335693
-453.712555 -465.946777 2679.176025
-422.545990 -933.322083 2676.267334
-355.195892 693.294800 2817.484375
-371.847717 456.638763 2743.200195
-199.729370 446.454865 2790.475586
-199.730469 127.882355 2790.475586
-199.724182 -190.689697 2790.475586
-543.966064 466.822662 2695.924805
-543.965881 148.250275 2695.924805
-543.972168 -170.321777 2695.924805
-369.066467 232.002594 2684.684326
-258.044525 0.962036 2655.898682
-224.302795 -479.020538 2625.119629
-255.932526 -941.002319 2692.864990
-474.525909 13.770813 2596.438232
-453.203705 -464.521545 2685.490234
-423.096649 -931.874634 2676.293213
-351.454590 691.043518 2818.923584
-368.064392 455.506592 2742.274170
-195.388977 445.468597 2787.455811
-195.390076 126.896088 2787.455811
-195.383789 -191.675964 2787.455811
-540.739807 465.544586 2697.092529
-540.739624 146.972198 2697.092529
-540.745911 -171.599854 2697.092529
-365.292480 231.372650 2681.884766
-253.919830 0.925507 2649.911377
-228.738007 -482.266113 2646.026855
-261.356232 -946.057617 2699.698975
-471.121307 13.551910 2593.079346
-454.624786 -460.537048 2701.759277
-430.159271 -927.568115 2679.063721
-348.082184 693.498901 2818.402344
-365.373901 457.215576 2741.316162
-191.902191 447.607666 2783.376465
-191.903290 129.035156 2783.376465
-191.897003 -189.536896 2783.376465
-538.845642 466.823486 2699.255859
-538.845459 148.251099 2699.255859
-538.851746 -170.320953 2699.255859
-362.858673 233.382507 2679.812012
-251.239639 3.506607 2644.761475
-229.919800 -480.334106 2667.090088
-262.217133 -945.503235 2708.009033
-469.447235 15.592270 2591.854248
-459.680939 -457.363647 2706.950684
-430.342651 -924.395752 2688.685059
-344.574493 694.248840 2817.166992
-361.889374 458.513000 2739.838379
-188.073395 449.052612 2780.534668
-188.074493 130.480103 2780.534668
-188.068207 -188.091949 2780.534668
-535.705322 467.973389 2699.142578
-535.705139 149.401001 2699.142578
-535.711426 -169.171051 2699.142578
-359.536133 234.823547 2677.787842
-247.882446 5.185120 2641.328125
-227.351532 -478.944824 2676.677246
-261.073425 -944.422119 2715.097656
-466.483337 17.083069 2590.146484
-458.369446 -455.813019 2706.379395
-428.217712 -922.981689 2691.153564
-340.384949 694.361694 2817.596680
-356.422333 458.446838 2738.680420
-182.510422 449.415710 2779.094727
-182.511520 130.843201 2779.094727
-182.505234 -187.728851 2779.094727
-530.334229 467.477966 2698.266113
-530.334045 148.905579 2698.266113
-530.340332 -169.666473 2698.266113
-353.180939 235.268539 2674.859863
-240.575134 6.411011 2636.453857
-225.166779 -476.939514 2687.335693
-257.599152 -943.371338 2710.473877
-459.303955 17.769470 2585.624756
-452.459961 -452.867371 2710.791016
-423.784698 -919.813538 2688.085938
-336.921600 694.091187 2816.384277
-352.224548 458.232819 2737.126953
-178.394058 449.820007 2778.037109
-178.395157 131.247498 2778.037109
-178.388870 -187.324554 2778.037109
-526.055054 466.645630 2696.216797
-526.054871 148.073242 2696.216797
-526.061157 -170.498810 2696.216797
-347.934387 235.148773 2673.022705
-234.326141 6.774094 2634.645996
-230.335800 -474.480530 2704.084717
-257.708374 -941.627747 2710.947754
-452.962311 17.355362 2583.190918
-452.511017 -453.402039 2708.284180
-424.198700 -920.668945 2692.982666
-333.133667 696.238586 2817.252930
-347.666687 460.498230 2737.832031
-173.824005 452.384308 2778.758789
-173.825104 133.811798 2778.758789
-173.818817 -184.760254 2778.758789
-521.509399 468.612152 2696.905273
-521.509216 150.039764 2696.905273
-521.515503 -168.532288 2696.905273
-342.905457 237.514633 2673.400879
-228.816742 9.428299 2634.708008
-233.375824 -470.979309 2711.974609
-258.777649 -938.495361 2713.380859
-447.471710 19.633774 2583.231445
-450.250397 -450.593018 2710.471191
-424.490753 -918.132446 2697.942871
-328.393066 696.014099 2817.702393
-343.145142 459.909424 2737.093506
-169.315079 452.292480 2778.171387
-169.316177 133.719971 2778.171387
-169.309891 -184.852081 2778.171387
-516.975159 467.526306 2696.015625
-516.974976 148.953918 2696.015625
-516.981262 -169.618134 2696.015625
-337.640198 236.998871 2672.464844
-222.813675 9.298065 2633.669922
-237.809998 -470.606079 2713.895508
-252.398911 -938.595520 2716.193604
-441.456848 18.878601 2582.002441
-446.565674 -451.716888 2707.929688
-426.104431 -919.574219 2697.672119
-323.809875 693.416565 2816.027100
-340.383118 457.140625 2736.984863
-165.823685 449.092407 2774.673828
-165.824783 130.519897 2774.673828
-165.818497 -188.052155 2774.673828
-514.942566 465.188843 2699.295898
-514.942383 146.616455 2699.295898
-514.948669 -171.955597 2699.295898
-336.575256 234.370575 2671.777588
-222.975769 6.538483 2630.275391
-245.200745 -470.577301 2724.094238
-260.318542 -938.282471 2711.509277
-442.559021 16.662567 2582.865234
-449.767212 -452.180908 2714.985107
-433.369781 -920.130005 2701.680664
-330.137024 693.219482 2811.790527
-337.302795 461.736938 2736.827148
-152.315536 453.109924 2775.683105
-128.087158 140.652344 2778.008789
-95.167053 -426.242432 2588.128662
-522.289978 470.363953 2697.971191
-522.289795 151.791565 2697.971191
-522.296082 -166.780487 2697.971191
-333.936981 233.706573 2670.174805
-220.671249 0.550949 2626.606689
-236.740067 -472.756531 2738.446289
-259.518677 -939.341125 2710.368164
-440.471100 10.801468 2580.438232
-441.795929 -459.028809 2709.151855
-432.686981 -927.192871 2697.508789
-332.411194 692.970337 2808.741455
-334.600037 464.131989 2736.787842
-143.815689 456.423187 2773.876465
-103.114265 118.631470 2771.995117
-69.924324 -271.970551 2562.283691
-525.384399 471.840790 2699.699219
-525.384216 153.268402 2699.699219
-525.390503 -165.303650 2699.699219
-330.898132 233.145233 2669.735107
-216.924500 -2.297150 2624.119141
-238.410797 -471.269653 2752.114746
-256.298401 -935.431885 2698.995117
-437.467957 6.614105 2581.245605
-440.190491 -463.442200 2709.259766
-430.185669 -931.630981 2697.542969
-332.962738 693.090149 2806.728516
-332.466431 466.143677 2735.620117
-138.752396 458.755829 2771.722412
-88.843567 108.651276 2763.461670
-56.755634 -209.143341 2562.072021
-526.180481 473.531494 2699.517822
-526.180298 154.959106 2699.517822
-526.186584 -163.612946 2699.517822
-328.745850 233.716400 2668.093750
-214.589539 -2.922638 2621.149170
-243.620087 -472.320831 2747.032471
-252.840790 -938.352844 2708.753906
-435.460999 5.500916 2579.985596
-442.179382 -462.917480 2713.621094
-431.123596 -930.666016 2692.286377
-332.527039 693.496826 2806.228516
-331.114960 467.754120 2735.215576
-135.802505 460.431885 2770.065918
-80.862831 104.491852 2754.667725
-49.047428 -184.818329 2563.545654
-526.427368 475.076355 2700.365234
-526.427185 156.503967 2700.365234
-526.433472 -162.068085 2700.365234
-327.713806 234.670609 2667.182617
-213.712860 -2.559265 2618.884277
-242.904190 -467.037323 2761.413086
-255.076111 -929.391296 2695.184814
-434.912445 5.733459 2579.415039
-444.958099 -462.262634 2714.400391
-429.810944 -929.862732 2691.480469
-330.113708 694.773926 2807.478760
-328.291046 469.827026 2735.928467
-132.089630 461.829224 2769.449951
-75.666985 103.996765 2747.703613
-44.208359 -175.805603 2567.621826
-524.492432 477.824829 2702.406982
-524.492249 159.252441 2702.406982
-524.498535 -159.319611 2702.406982
-326.078217 236.502899 2667.308594
-213.133636 -1.335007 2617.607422
-242.424103 -467.351685 2755.804199
-256.475372 -931.078125 2695.712891
-434.597168 7.692581 2579.770020
-443.395020 -458.949768 2719.444580
-431.982452 -926.528992 2693.735840
-328.575226 694.991211 2806.110596
-327.400879 470.421021 2735.493652
-130.723099 462.082001 2768.143066
-74.186134 103.151215 2740.823730
-42.818233 -175.229980 2569.908691
-524.078674 478.760040 2702.844238
-524.078491 160.187653 2702.844238
-524.084778 -158.384399 2702.844238
-325.896667 236.910278 2666.791504
-213.578690 -1.298904 2616.484863
-243.032288 -467.921021 2753.060547
-256.782990 -933.380676 2706.956299
-435.206238 8.097977 2579.693848
-446.925171 -457.970825 2721.104980
-428.302399 -925.005615 2690.922363
-328.871399 694.992615 2805.923340
-326.879730 470.778687 2735.419189
-129.730499 462.880554 2766.278320
-73.848984 104.634369 2725.526611
-45.754059 -184.016357 2576.167236
-524.028992 478.676819 2704.560059
-524.028809 160.104431 2704.560059
-524.035095 -158.467621 2704.560059
-325.428772 237.261627 2666.383057
-212.985718 -0.701981 2614.720215
-243.088608 -467.263000 2751.607666
-253.234299 -933.239136 2707.203369
-434.969910 8.191086 2579.973633
-448.010712 -456.836853 2724.674072
-422.723907 -922.252075 2680.624268
-327.516846 690.742737 2795.353516
-325.734924 465.161316 2730.106689
-128.354645 457.403564 2760.079834
-74.416344 103.823364 2725.764893
-48.615921 -185.363556 2576.772949
-523.115173 472.919067 2700.133545
-523.114990 154.346680 2700.133545
-523.121277 -164.225372 2700.133545
-324.958893 230.680923 2664.307617
-213.111664 -8.164963 2615.375244
-242.023422 -471.802490 2761.866211
-254.801743 -935.496948 2699.844238
-435.254059 0.566025 2581.641846
-443.065582 -466.694580 2719.108643
-425.771606 -933.456909 2688.886475
-325.813080 694.727051 2800.044434
-323.845428 470.235657 2732.369873
-126.287033 462.407562 2761.429688
-74.711700 102.906738 2722.384277
-50.482254 -187.926422 2578.034668
-521.403809 478.063721 2703.310059
-521.403625 159.491333 2703.310059
-521.409912 -159.080719 2703.310059
-323.185181 236.215271 2664.841553
-211.375122 -2.209305 2613.662842
-239.663147 -466.083069 2759.757812
-252.799759 -929.261230 2692.541504
-433.674744 6.599106 2580.963623
-440.937317 -462.792480 2710.960449
-422.696045 -930.094604 2688.144287
-324.896118 694.581238 2802.887207
-323.132416 469.748596 2732.825195
-125.584808 461.550659 2762.018799
-75.354736 102.951294 2725.696777
-57.126396 -188.810760 2583.252930
-520.680054 477.946594 2703.631592
-520.679871 159.374207 2703.631592
-520.686157 -159.197845 2703.631592
-322.675781 236.053741 2664.110352
-211.087189 -2.252960 2611.818604
-241.707886 -463.479431 2765.505127
-254.867096 -925.255859 2688.992920
-433.351105 6.970703 2578.972412
-440.755737 -461.980560 2710.739014
-424.898285 -929.418579 2686.344482
-323.066437 696.320312 2804.809326
-322.363556 471.803772 2733.372559
-124.601891 463.635193 2761.138184
-75.562782 118.156189 2728.413574
-60.663582 -175.658325 2590.301025
-520.125183 479.972351 2705.606934
-520.125000 161.399963 2705.606934
-520.131287 -157.172089 2705.606934
-322.274536 238.280106 2664.036377
-210.935379 0.161224 2610.319580
-242.771408 -461.275055 2763.291016
-255.812241 -923.586548 2689.370361
-433.435669 9.351654 2579.080811
-438.884521 -459.804443 2710.308838
-427.323486 -927.694458 2693.512207
-322.070587 697.323669 2804.768066
-321.497650 473.105682 2733.223877
-123.688484 464.820679 2760.675537
-75.769402 111.572144 2729.695068
-66.979820 -182.136078 2590.551025
-519.306885 481.390686 2705.772217
-519.306702 162.818298 2705.772217
-519.312988 -155.753754 2705.772217
-321.649658 239.588226 2663.843262
-210.531311 1.410355 2609.904541
-241.826614 -459.331116 2765.134521
-256.352661 -921.167847 2688.266357
-433.072021 10.731186 2579.020752
-439.194641 -458.402588 2710.360840
-428.660706 -926.346680 2692.354492
-320.462952 698.023193 2805.258057
-320.816742 473.875336 2733.062012
-122.968803 465.370483 2760.195312
-74.874420 106.776031 2729.848389
-74.439667 -187.728241 2591.139648
-518.664673 482.380188 2705.928711
-518.664490 163.807800 2705.928711
-518.670776 -154.764252 2705.928711
-321.288849 240.456818 2663.339844
-210.469254 2.254211 2608.880371
-241.363174 -459.660828 2760.675293
-257.247864 -921.889038 2686.298828
-433.052643 11.822388 2578.354980
-439.609711 -456.701050 2711.848145
-428.045502 -924.696411 2694.855225
-318.933350 696.092041 2795.004639
-320.140686 469.876465 2727.768799
-122.495644 460.252075 2755.959473
-74.947525 103.381012 2728.410156
-78.752968 -191.084778 2588.979980
-517.785706 479.500854 2699.578125
-517.785522 160.928467 2699.578125
-517.791809 -157.643585 2699.578125
-322.083984 235.522583 2661.384277
-212.846848 -4.245239 2610.857666
-243.161224 -469.374207 2752.257568
-260.217377 -934.263672 2703.390381
-435.207703 6.582672 2579.141846
-440.666687 -461.333099 2714.800537
-431.717133 -929.349487 2696.522949
-317.212799 695.277039 2789.385254
-319.163147 468.205383 2724.799072
-121.904297 457.593262 2755.180420
-74.485199 101.681763 2731.696533
-83.414932 -194.759552 2594.485840
-516.421997 478.817505 2694.417725
-516.421814 160.245117 2694.417725
-516.428101 -158.326935 2694.417725
-321.869080 233.320190 2660.323486
-213.608734 -7.534775 2612.938721
-240.558929 -474.248230 2749.843262
-262.021912 -939.968506 2708.507812
-435.541321 4.404739 2578.757080
-438.226105 -464.961670 2709.281250
-428.478943 -933.087769 2694.540771
-315.261658 694.172241 2788.074951
-317.848480 467.036713 2723.675781
-120.674141 455.813965 2754.437500
-74.238159 97.335541 2729.849609
-88.231773 -204.870972 2604.286133
-515.022888 478.259460 2692.914062
-515.022705 159.687073 2692.914062
-515.028992 -158.884979 2692.914062
-321.181213 232.111984 2659.330322
-213.605881 -9.125412 2612.287842
-239.513916 -472.688293 2759.469971
-260.637634 -934.856079 2692.106934
-435.421997 3.499924 2577.681885
-439.653870 -465.069153 2711.038818
-428.540527 -933.055054 2693.103516
-315.740143 692.720398 2787.417969
-318.638763 466.106812 2722.920898
-121.645935 454.186584 2754.583496
-73.616806 94.664703 2728.429688
-90.872360 -211.817993 2610.138428
-515.631592 478.027039 2691.258301
-515.631409 159.454651 2691.258301
-515.637695 -159.117401 2691.258301
-322.448761 231.281189 2658.218750
-215.449570 -10.249588 2611.326904
-239.636612 -474.763245 2756.033203
-263.340210 -938.898315 2702.732178
-437.067932 3.160721 2575.706299
-438.236389 -464.391968 2712.619629
-432.878113 -932.390930 2693.088135
-315.461761 691.775269 2786.089355
-318.845062 465.765747 2721.713623
-121.808121 453.351074 2752.929199
-74.296585 93.823608 2727.709473
-92.924522 -216.315277 2613.332031
-515.882019 478.180420 2690.498047
-515.881836 159.608032 2690.498047
-515.888123 -158.964020 2690.498047
-323.377106 230.969971 2656.940186
-217.075958 -10.809067 2609.725342
-239.594101 -474.803650 2756.488281
-262.037659 -937.945068 2692.918213
-438.742340 3.157425 2574.608154
-442.877350 -464.927307 2709.659424
-432.244720 -932.882507 2691.414795
-315.525269 692.736694 2785.424805
-319.341400 466.029480 2721.610840
-122.326050 453.252563 2752.831787
-73.133331 93.900970 2725.347168
-94.024445 -218.098511 2614.767334
-516.356689 478.806396 2690.389893
-516.356506 160.234009 2690.389893
-516.362793 -158.338043 2690.389893
-324.341187 231.182129 2657.051758
-218.519485 -10.852264 2610.054443
-239.531326 -473.948395 2759.895508
-261.020020 -936.142700 2688.389648
-440.162476 3.521820 2574.930908
-442.826996 -463.939636 2712.191650
-427.670105 -931.788025 2694.235107
