-310.728455 696.751099 2787.759521
-325.653870 457.193848 2720.435303
-153.954956 449.758545 2769.667969
-153.956055 131.186035 2769.667969
-153.949768 -187.386017 2769.667969
-497.352783 464.629150 2671.202637
-497.352600 146.056763 2671.202637
-497.358887 -172.515289 2671.202637
-320.600708 230.875870 2668.633301
-207.560120 -0.118408 2647.795410
-241.440872 -474.779175 2752.255127
-251.973511 -934.959167 2665.195068
-423.534973 9.234222 2585.867188
-443.032593 -461.176636 2711.187500
-432.946014 -929.179565 2693.600098
-310.759033 697.140503 2790.476074
-325.208435 458.286957 2721.422363
-153.665329 450.816132 2771.192871
-153.666428 132.243622 2771.192871
-153.660141 -186.328430 2771.192871
-496.751556 465.757782 2671.651855
-496.751373 147.185394 2671.651855
-496.757660 -171.386658 2671.651855
-319.700806 232.231140 2668.507324
-206.303864 1.476669 2646.894775
-241.752228 -472.068481 2755.762451
-251.375549 -930.998413 2662.395264
-422.082458 10.873978 2584.289795
-445.032532 -459.450867 2709.339600
-429.473877 -927.423523 2696.385498
-312.602325 698.960449 2791.889160
-326.030823 459.842163 2721.790527
-154.700455 452.512421 2772.306641
-154.701553 133.939911 2772.306641
-154.695267 -184.632141 2772.306641
-497.361176 467.171936 2671.274414
-497.360992 148.599548 2671.274414
-497.367279 -169.972504 2671.274414
-319.951660 233.911102 2668.390625
-206.116791 3.370087 2646.761963
-240.981140 -471.133698 2751.573730
-252.748581 -930.578613 2660.944336
-421.628235 12.589966 2583.219482
-443.906952 -457.613678 2708.885010
-431.266632 -925.700806 2695.801514
-311.634460 697.729248 2795.521973
-325.336182 459.434265 2722.529297
-153.968857 451.251923 2772.785156
-153.969955 132.679413 2772.785156
-153.963669 -185.892639 2772.785156
-496.703522 467.616608 2672.273438
-496.703339 149.044220 2672.273438
-496.709625 -169.527832 2672.273438
-319.893402 233.941437 2667.257080
-206.671753 3.302460 2643.592529
-244.049286 -471.404083 2746.647705
-254.457916 -932.958740 2668.109619
-422.229492 13.594757 2580.377197
-444.570435 -457.183014 2703.866699
-430.445709 -925.339111 2696.416016
-313.747986 701.500244 2804.776367
-326.340424 465.530884 2726.673096
-154.790253 457.135132 2776.249268
-154.791351 138.562622 2776.249268
-154.785065 -180.009430 2776.249268
-497.890594 473.926636 2677.096924
-497.890411 155.354248 2677.096924
-497.896698 -163.217804 2677.096924
-320.337189 240.963348 2667.869629
-206.437988 11.115326 2640.247070
-243.849838 -462.830994 2746.738525
-253.632492 -924.446655 2667.932617
-422.229919 21.676300 2577.885254
-443.429810 -448.963562 2702.113770
-431.218079 -917.207947 2695.212402
-313.438568 701.484009 2798.832764
-326.882935 463.203552 2724.244873
-155.032318 455.354736 2772.878174
-155.033417 136.782227 2772.878174
-155.027130 -181.789825 2772.878174
-498.733551 471.052307 2675.611572
-498.733368 152.479919 2675.611572
-498.739655 -166.092133 2675.611572
-321.153717 238.050735 2667.663574
-207.342300 7.961594 2641.669189
-243.761154 -465.001099 2752.733887
-254.878006 -926.683594 2674.233887
-423.506714 17.834274 2580.495361
-445.447083 -453.185059 2703.149170
-430.366913 -921.379517 2699.877441
-314.492035 700.255188 2795.785156
-327.600830 461.987091 2722.391846
-155.412704 454.591248 2769.885742
-155.413803 136.018738 2769.885742
-155.407516 -182.553314 2769.885742
-499.788971 469.382935 2674.897949
-499.788788 150.810547 2674.897949
-499.795074 -167.761505 2674.897949
-321.798462 236.712845 2666.275391
-207.702225 6.787155 2640.029053
-245.255569 -469.580627 2733.352539
-254.230911 -934.581055 2688.789551
-424.289948 16.090042 2580.288818
-442.632294 -455.680420 2700.558838
-431.352264 -923.985840 2697.182129
-313.901733 700.323853 2795.005127
-327.130707 461.924164 2721.903809
-155.378510 454.604736 2770.950195
-155.379608 136.032227 2770.950195
-155.373322 -182.539825 2770.950195
-498.882904 469.243591 2672.857422
-498.882721 150.671204 2672.857422
-498.889008 -167.900848 2672.857422
-320.797180 236.585495 2666.096680
-206.443115 6.643417 2641.136230
-244.802643 -471.235718 2726.664062
-248.829346 -937.971558 2702.406250
-422.484161 15.850235 2579.442871
-439.361694 -455.040527 2703.302734
-429.117767 -923.329712 2696.198975
-314.235565 697.594360 2794.508789
-326.539978 458.598022 2721.353027
-154.702454 452.344910 2770.246094
-154.703552 133.772400 2770.246094
-154.697266 -184.799652 2770.246094
-498.377502 464.851166 2672.459961
-498.377319 146.278778 2672.459961
-498.383606 -172.293274 2672.459961
-318.823914 233.332489 2665.424805
-203.035690 4.134216 2640.246582
-240.321609 -474.709137 2721.301758
-251.945541 -942.001343 2701.586914
-419.180023 11.999664 2578.746582
-439.050781 -460.041168 2697.595703
-428.467834 -928.329468 2698.211426
-317.146484 701.250610 2793.868896
-325.678131 462.354218 2721.863037
-154.021439 459.182159 2771.627686
-154.022537 140.609650 2771.627686
-154.016251 -177.962402 2771.627686
-497.334839 465.526276 2672.098389
-497.334656 146.953888 2672.098389
-497.340942 -171.618164 2672.098389
-313.714935 237.217255 2666.247559
-193.783234 10.085144 2641.933105
-233.595383 -468.358246 2724.512207
-245.255753 -935.831421 2701.962158
-409.720245 14.075439 2579.331055
-428.336334 -460.087585 2689.357666
-423.843414 -928.218140 2700.627686
-319.142273 704.405334 2794.189941
-326.466827 464.876648 2722.863037
-155.272491 462.472412 2774.259766
-155.273590 143.899902 2774.259766
-155.267303 -174.672150 2774.259766
-497.661163 467.280884 2671.466309
-497.660980 148.708496 2671.466309
-497.667267 -169.863556 2671.466309
-312.838989 239.899170 2666.947266
-191.552078 13.409729 2643.353516
-240.050354 -464.655884 2723.164307
-250.971466 -932.321838 2700.863037
-406.870239 16.433624 2578.709473
-438.806915 -456.665253 2689.683594
-429.743347 -924.874268 2696.125732
-321.068451 702.911255 2794.261230
-328.836609 463.412170 2722.625244
-157.659805 460.953308 2774.102783
-157.660904 142.380798 2774.102783
-157.654617 -176.191254 2774.102783
-500.013397 465.871033 2671.147705
-500.013214 147.298645 2671.147705
-500.019501 -171.273407 2671.147705
-315.501434 238.210297 2667.525635
-194.518417 11.462128 2644.798584
-243.768524 -467.481171 2718.846924
-258.725403 -935.102173 2696.586914
-409.814117 14.554749 2580.053467
-448.447540 -458.211884 2690.636475
-432.634064 -926.278564 2696.053467
-323.163971 701.168579 2794.311768
-330.716583 462.195343 2722.345459
-159.577209 459.834595 2773.963867
-159.578308 141.262085 2773.963867
-159.572021 -177.309967 2773.963867
-501.855927 464.556091 2670.727051
-501.855743 145.983704 2670.727051
-501.862030 -172.588348 2670.727051
-316.980713 237.194595 2666.514648
-195.614761 10.709167 2643.146973
-241.412979 -469.831146 2708.197510
-257.925171 -937.711121 2696.477295
-410.874939 13.678528 2578.220703
-441.792267 -461.552032 2680.044434
-431.942841 -929.604614 2692.834961
-326.054810 699.784973 2795.322266
-333.868500 461.813416 2721.869141
-162.727219 458.561340 2773.439209
-162.728317 139.988831 2773.439209
-162.722031 -178.583221 2773.439209
-505.009766 465.065491 2670.299072
-505.009583 146.493103 2670.299072
-505.015869 -172.078949 2670.299072
-321.133575 236.907715 2665.424316
-200.764557 9.956711 2641.412842
-245.401901 -471.854004 2697.035156
-262.258301 -939.825073 2696.264893
-416.032745 14.047318 2576.546143
-444.996857 -462.157471 2674.791992
-436.357513 -930.064270 2693.698242
-330.736572 697.909546 2784.060059
-339.092346 457.615173 2717.440186
-167.254745 455.623352 2766.726074
-167.255844 137.050842 2766.726074
-167.249557 -181.521210 2766.726074
-510.929962 459.607056 2668.154297
-510.929779 141.034668 2668.154297
-510.936066 -177.537384 2668.154297
-326.692047 231.710663 2665.076660
-206.222214 4.553452 2643.709229
-242.810516 -479.163330 2685.188721
-266.988831 -946.368286 2700.004150
-422.361298 7.058823 2581.717041
-448.128265 -470.666443 2673.282715
-437.989105 -938.442749 2695.519531
-333.091095 694.125488 2777.951416
-341.171234 452.919739 2714.613037
-169.053772 451.693298 2762.935059
-169.054871 133.120789 2762.935059
-169.048584 -185.451263 2762.935059
-513.288696 454.146118 2666.291016
-513.288513 135.573730 2666.291016
-513.294800 -182.998322 2666.291016
-328.659088 226.553482 2664.301270
-207.911530 -0.583984 2644.376709
-238.599457 -485.701813 2660.750244
-258.242554 -951.823853 2695.508057
-424.382324 0.958466 2583.602295
-446.335754 -478.273865 2667.960205
-432.882263 -945.954590 2690.958984
-337.663605 697.161194 2785.357910
-344.594757 457.183228 2718.274414
-172.241669 456.501526 2765.731201
-172.242767 137.929016 2765.731201
-172.236481 -180.643036 2765.731201
-516.947815 457.864899 2670.817627
-516.947632 139.292511 2670.817627
-516.953918 -179.279541 2670.817627
-330.961670 231.448364 2665.519775
-208.936020 5.284805 2642.610596
-230.060699 -480.283081 2634.638672
-256.240448 -945.241638 2680.763916
-425.721161 6.142227 2582.919678
-450.901306 -473.870667 2661.916260
-431.918854 -941.397461 2683.944824
-343.425415 693.147827 2789.135010
-348.726227 454.512299 2719.582031
-176.425827 455.127502 2767.226318
-176.426926 136.554993 2767.226318
-176.420639 -182.017059 2767.226318
-521.026611 453.897095 2671.937744
-521.026428 135.324707 2671.937744
-521.032715 -183.247345 2671.937744
-332.950348 229.246674 2665.439453
-208.811325 4.367966 2641.261230
-217.575455 -479.238098 2600.541504
-252.911697 -940.122925 2670.577148
-425.537628 3.594131 2581.332520
-454.570404 -477.501526 2651.709229
-428.223633 -944.321899 2679.178711
-347.419678 692.726379 2780.531494
-353.680969 452.265808 2717.342041
-181.447144 453.088837 2765.223877
-181.448242 134.516327 2765.223877
-181.441956 -184.055725 2765.223877
-525.914795 451.442780 2669.460205
-525.914612 132.870392 2669.460205
-525.920898 -185.701660 2669.460205
-338.777161 225.941971 2667.622803
-215.551758 0.135757 2648.017578
-211.437790 -478.806152 2572.514160
-264.360077 -934.019531 2663.260010
-432.194946 -0.899490 2587.789551
-460.698456 -482.775574 2653.191406
-437.060913 -949.430481 2685.843506
-349.547852 693.455994 2776.833984
-357.499451 451.689911 2717.803467
-185.563721 451.958252 2766.725098
-185.564819 133.385742 2766.725098
-185.558533 -185.186310 2766.725098
-529.435181 451.421570 2668.881836
-529.434998 132.849182 2668.881836
-529.441284 -185.722870 2668.881836
-343.990723 224.547211 2671.573242
-222.340622 -2.426697 2656.113037
-205.574158 -474.724579 2548.196533
-266.862244 -928.109497 2645.355225
-438.623383 -2.764282 2594.572998
-463.906525 -485.527618 2654.599121
-434.349091 -952.156494 2682.162354
-353.031891 690.458008 2774.946289
-362.679047 447.430695 2718.741211
-190.787674 446.625977 2767.822998
-190.788773 128.053467 2767.822998
-190.782486 -190.518585 2767.822998
-534.570435 448.235413 2669.659424
-534.570251 129.663025 2669.659424
-534.576538 -188.909027 2669.659424
-351.113922 219.774979 2674.506348
-231.437897 -8.386856 2661.141357
-204.946182 -468.053772 2512.000732
-272.118103 -918.645325 2618.935303
-447.659698 -7.374619 2599.401611
-465.569244 -491.675598 2647.031006
-435.235962 -958.162781 2676.904541
-354.980255 685.835938 2773.991943
-366.950073 442.892578 2719.039795
-195.067657 440.837646 2768.123047
-195.068756 122.265137 2768.123047
-195.062469 -196.306915 2768.123047
-538.832458 444.947449 2669.956543
-538.832275 126.375061 2669.956543
-538.838562 -192.196991 2669.956543
-357.532776 214.807755 2676.513184
-240.011276 -14.569473 2664.857178
-211.688385 -471.159790 2502.526855
-257.816650 -874.941345 2565.201904
-456.219696 -11.984634 2603.115967
-465.193390 -497.575806 2636.122559
-433.997711 -963.015564 2677.487305
-358.921722 688.166382 2782.592529
-370.731689 446.070068 2723.685791
-199.056442 442.907440 2773.446533
-199.057541 124.334930 2773.446533
-199.051254 -194.237122 2773.446533
-542.406921 449.232697 2673.925049
-542.406738 130.660309 2673.925049
-542.413025 -187.911743 2673.925049
-361.958313 218.375183 2678.946289
-245.214218 -11.308746 2665.502441
-217.072357 -465.433289 2494.040527
-244.000427 -822.026001 2514.885742
-461.155670 -7.330658 2602.911133
-461.730133 -493.419647 2631.282227
-427.740753 -958.806396 2671.920898
-358.404297 688.689819 2777.989258
-370.986786 445.418060 2725.564209
-199.687317 442.267853 2776.570557
-199.688416 123.695343 2776.570557
-199.682129 -194.876709 2776.570557
-542.286255 448.568268 2674.557861
-542.286072 129.995880 2674.557861
-542.292358 -188.576172 2674.557861
-363.036835 216.973969 2684.756348
-247.347183 -13.451462 2676.029297
-218.275299 -465.072327 2497.044434
-231.737244 -790.221619 2479.300537
-462.826599 -9.488785 2611.867676
-456.034149 -495.697876 2639.041504
-424.659607 -961.103516 2681.914795
-360.153076 686.196838 2775.397949
-375.483215 442.266113 2725.065918
-203.629608 437.579193 2774.056152
-203.630707 119.006683 2774.056152
-203.624420 -199.565369 2774.056152
-547.336853 446.953033 2676.075684
-547.336670 128.380646 2676.075684
-547.342957 -190.191406 2676.075684
-370.490845 213.482239 2685.665527
-257.411530 -18.249466 2677.077393
-227.438889 -456.474487 2469.307129
-232.026016 -749.737549 2421.840332
-473.585419 -12.353806 2615.452881
-464.160797 -498.971436 2625.445557
-432.612488 -962.944946 2680.538330
-360.682281 685.134583 2773.608398
-378.366028 440.729370 2725.645996
-206.286560 435.037659 2773.747559
-206.287659 116.465149 2773.747559
-206.281372 -202.106903 2773.747559
-550.445496 446.421082 2677.544434
-550.445312 127.848694 2677.544434
-550.451599 -190.723358 2677.544434
-375.281006 211.690338 2687.508301
-263.978760 -20.928101 2679.620605
-220.610718 -449.979828 2455.453125
-220.095169 -700.540100 2375.350586
-480.413208 -13.769287 2619.120605
-461.243927 -500.254578 2626.131104
-427.229767 -964.318359 2679.715332
-363.103271 688.950500 2784.188477
-380.259003 445.281677 2731.487793
-208.011246 439.069916 2778.916748
-208.012344 120.497406 2778.916748
-208.006058 -198.074646 2778.916748
-552.506775 451.493469 2684.058838
-552.506592 132.921082 2684.058838
-552.512878 -185.650970 2684.058838
-377.247833 216.716537 2690.617188
-265.909515 -15.755219 2679.574707
-215.011841 -428.335602 2428.678955
-202.734161 -645.641724 2314.252197
-482.563812 -7.942017 2619.918457
-455.408539 -494.089081 2617.375977
-420.022797 -956.842773 2680.225098
-364.369202 687.533203 2789.056396
-381.152130 444.899323 2734.675537
-209.002594 438.442078 2782.443115
-209.003693 119.869568 2782.443115
-208.997406 -198.702484 2782.443115
-553.301697 451.356567 2686.907959
-553.301514 132.784180 2686.907959
-553.307800 -185.787872 2686.907959
-378.296814 216.378845 2693.494141
-267.174835 -16.202652 2682.354248
-209.632843 -410.174683 2404.941162
-185.736603 -600.271729 2255.996826
-483.708160 -8.080612 2622.271240
-456.590332 -494.369202 2617.693115
-419.365509 -957.737366 2674.981201
-363.806488 682.233276 2781.777100
-384.687317 439.959381 2733.434814
-212.121704 432.130371 2779.473145
-212.122803 113.557861 2779.473145
-212.116516 -205.014191 2779.473145
-557.252930 447.788391 2687.396484
-557.252747 129.216003 2687.396484
-557.259033 -189.356049 2687.396484
-385.035522 210.827972 2695.775391
-276.853882 -23.227249 2687.070312
-206.174927 -381.429138 2370.597168
-177.982910 -554.836060 2192.841797
-493.913574 -13.379623 2629.161621
-463.303894 -499.388733 2618.281250
-427.602631 -962.252686 2680.604248
-361.742615 680.346741 2787.020752
-385.400818 438.254822 2735.421387
-212.462845 428.701355 2779.646240
-212.463943 110.128845 2779.646240
-212.457657 -208.443207 2779.646240
-558.338806 447.808289 2691.196533
-558.338623 129.235901 2691.196533
-558.344910 -189.336151 2691.196533
-387.813599 209.532959 2695.448242
-281.460571 -25.197357 2683.289551
-186.129913 -326.565704 2323.063965
-155.177216 -489.764679 2119.594482
-498.992188 -13.180450 2627.660645
-459.120758 -498.208282 2609.218994
-422.424896 -960.706909 2673.899902
-360.024994 678.720337 2780.046143
-387.191742 435.504974 2734.511230
-213.866043 424.807739 2776.961426
-213.867142 106.235229 2776.961426
-213.860855 -212.336823 2776.961426
-560.517395 446.202209 2692.061035
-560.517212 127.629822 2692.061035
-560.523499 -190.942230 2692.061035
-392.527649 206.178955 2698.509277
-288.865692 -29.874130 2689.202637
-175.513641 -277.364258 2295.403809
-139.069031 -433.485474 2066.131348
-506.861420 -16.419998 2635.812012
-461.896301 -501.154175 2619.468262
-425.867828 -964.361450 2679.255371
-358.367401 676.892090 2776.167725
-388.547760 433.409424 2735.798340
-215.345749 421.453308 2778.407227
-215.346848 102.880798 2778.407227
-215.340561 -215.691254 2778.407227
-561.749817 445.365601 2693.189453
-561.749634 126.793213 2693.189453
-561.755920 -191.778839 2693.189453
-396.201477 203.746094 2702.466309
-294.933533 -33.436127 2695.929932
-161.097549 -213.776215 2274.996582
-117.717972 -377.851562 2006.094971
-512.776855 -18.398376 2642.338623
-459.136597 -501.805298 2617.528564
-424.465698 -963.913635 2685.639404
-360.332581 672.968994 2775.837646
-390.857727 429.287781 2736.909424
-217.961044 416.737427 2780.574463
-217.962143 98.164917 2780.574463
-217.955856 -220.407135 2780.574463
-563.754395 441.838135 2693.244385
-563.754211 123.265747 2693.244385
-563.760498 -195.306305 2693.244385
-399.332001 199.519989 2704.423828
-299.071411 -38.140732 2699.399170
-145.082703 -152.940933 2262.747070
-94.720352 -322.723236 1939.399536
-516.541138 -22.354874 2644.477295
-459.901367 -505.132080 2613.577148
-421.818115 -966.786804 2683.176514
-361.417603 674.834839 2784.611328
-392.536865 431.416046 2741.398193
-219.666885 418.220764 2784.991699
-219.667984 99.648254 2784.991699
-219.661697 -218.923798 2784.991699
-565.406799 444.611328 2697.804688
-565.406616 126.038940 2697.804688
-565.412903 -192.533112 2697.804688
-401.148621 202.064423 2706.125977
-301.041504 -35.585770 2698.270020
-133.868912 -110.729866 2254.331787
-74.031372 -255.320160 1882.114746
-518.479248 -18.988632 2643.437500
-461.398438 -501.944824 2615.112305
-418.277405 -963.166687 2684.682617
-362.953369 673.896729 2788.452393
-395.154938 430.774231 2743.506104
-222.280518 416.291443 2786.668213
-222.281616 97.718933 2786.668213
-222.275330 -220.853119 2786.668213
-568.029297 445.257019 2700.343994
-568.029114 126.684631 2700.343994
-568.035400 -191.887421 2700.343994
-405.304077 201.631317 2707.268555
-306.727905 -36.620193 2698.176758
-126.720200 -97.474945 2253.702148
-63.005516 -203.367065 1847.961670
-524.178528 -18.402969 2643.885254
-466.699280 -501.723022 2624.942383
-423.651917 -964.673950 2680.389404
-366.041626 672.993774 2792.709229
-397.784821 430.660065 2745.186279
-224.565582 415.532471 2786.696777
-224.566681 96.959961 2786.696777
-224.560394 -221.612091 2786.696777
-571.004089 445.787659 2703.675781
-571.003906 127.215271 2703.675781
-571.010193 -191.356781 2703.675781
-408.863708 201.712799 2707.982666
-310.998810 -36.748749 2696.886475
-118.772430 -90.509033 2254.753906
-53.141342 -165.684845 1829.149536
-528.886353 -17.720184 2644.671631
-464.168274 -500.307343 2632.461182
-423.146393 -964.393799 2679.738281
-366.075287 674.343445 2794.354004
-398.172638 431.983643 2747.592041
-224.779327 416.947052 2788.420166
-224.780426 98.374542 2788.420166
-224.774139 -220.197510 2788.420166
-571.565979 447.020264 2706.763916
-571.565796 128.447876 2706.763916
-571.572083 -190.124176 2706.763916
-409.213196 203.064972 2710.171875
-311.205719 -35.310318 2698.428711
-109.925354 -83.636673 2258.666748
-46.341248 -151.231735 1828.194336
-529.301758 -16.397110 2647.074707
-459.260864 -498.093628 2629.378174
-419.315613 -961.041992 2687.302979
-368.576599 671.159607 2794.476318
-395.793152 428.795654 2748.656738
-222.732483 416.596313 2791.701172
-222.733582 98.023804 2791.701172
-222.727295 -220.548248 2791.701172
-568.853821 440.994995 2705.612305
-568.853638 122.422607 2705.612305
-568.859924 -196.149445 2705.612305
-402.857727 199.598053 2712.102295
-301.068817 -37.272842 2702.622314
-106.391800 -81.298340 2258.887939
-37.664276 -166.684143 1839.939453
-518.775757 -21.926285 2648.473389
-444.684570 -503.004883 2629.104736
-410.061646 -966.809570 2684.112061
-369.299988 670.436890 2793.846191
-395.135529 427.465912 2749.797363
-221.847885 416.944458 2792.402100
-221.848984 98.371948 2792.402100
-221.842697 -220.200104 2792.402100
-568.423218 437.987366 2707.192627
-568.423035 119.414978 2707.192627
-568.429321 -199.157074 2707.192627
-400.340576 198.044647 2714.311523
-296.574005 -37.992996 2705.617432
-109.739960 -77.411491 2257.840088
-47.804161 -198.967804 1861.224976
-514.517212 -24.760239 2652.033936
-450.089508 -507.176086 2632.663086
-417.333405 -971.370605 2686.095215
-371.150421 670.549988 2793.554932
-396.046051 427.436035 2749.935303
-222.688492 417.806763 2792.493896
-222.689590 99.234253 2792.493896
-222.683304 -219.337799 2792.493896
-569.403564 437.065308 2707.376709
-569.403381 118.492920 2707.376709
-569.409668 -200.079132 2707.376709
-400.182983 197.923401 2714.857422
-295.301117 -37.644775 2706.543213
-123.835251 -88.382957 2253.976807
-58.814323 -244.647949 1894.885010
-513.338745 -25.533722 2653.015869
-455.563599 -508.895386 2635.846191
-416.263611 -973.388367 2680.926025
-371.094391 670.126953 2794.274658
-396.786835 427.481506 2750.415283
-223.191315 416.866699 2791.755127
-223.192413 98.294189 2791.755127
-223.186127 -220.277863 2791.755127
-570.382324 438.096252 2709.075439
-570.382141 119.523865 2709.075439
-570.388428 -199.048187 2709.075439
-402.262146 198.123932 2714.515625
-298.562012 -37.909332 2704.614746
-138.302734 -110.265884 2251.206543
-77.232132 -294.132812 1936.901611
-516.912903 -24.557922 2652.617188
-459.598206 -508.009949 2634.736816
-419.819519 -972.803894 2676.947754
-370.909332 673.749756 2794.057617
-398.879486 431.415527 2750.630859
-225.073380 419.436401 2790.691895
-225.074478 100.863892 2790.691895
-225.068192 -217.708160 2790.691895
-572.685547 443.394684 2710.569824
-572.685364 124.822296 2710.569824
-572.691650 -193.749756 2710.569824
-406.378845 202.135315 2714.607422
-304.569305 -34.678741 2703.778809
-148.042023 -156.426971 2262.158203
-95.321518 -338.584015 1988.475220
-523.187134 -19.611084 2653.389160
-459.203186 -502.152374 2634.061279
-420.948914 -966.706543 2680.389160
-371.116394 680.863403 2803.999268
-399.523193 438.287567 2754.810303
-225.774872 424.892212 2794.676514
-225.775970 106.319702 2794.676514
-225.769684 -212.252350 2794.676514
-573.271484 451.682922 2714.944092
-573.271301 133.110535 2714.944092
-573.277588 -185.461517 2714.944092
-407.927734 209.744659 2714.647461
-307.061554 -27.222610 2699.556396
-154.826920 -199.249954 2274.978760
-107.414017 -377.832581 2032.812500
-525.603027 -10.373886 2649.412842
-455.135742 -492.098755 2632.731689
-415.710876 -956.687317 2678.027100
-369.338104 678.946777 2798.439453
-399.241760 436.638184 2752.211182
-225.473419 422.370239 2791.700928
-225.474518 103.797729 2791.700928
-225.468231 -214.774323 2791.700928
-573.010132 450.906128 2712.721436
-573.009949 132.333740 2712.721436
-573.016235 -186.238312 2712.721436
-409.328735 207.834885 2713.928711
-310.132599 -29.941544 2700.481445
-160.904144 -257.256165 2303.702637
-123.809143 -432.295990 2083.532227
-528.698792 -11.995285 2650.811035
-453.681824 -493.191589 2640.285400
-418.171997 -958.592896 2679.726318
-368.165131 677.948975 2795.168701
-398.958679 435.351868 2750.455811
-225.210785 420.566406 2789.857910
-225.211884 101.993896 2789.857910
-225.205597 -216.578156 2789.857910
-572.706604 450.137329 2711.053711
-572.706421 131.564941 2711.053711
-572.712708 -187.007111 2711.053711
-409.880249 206.485687 2712.734863
-311.530426 -31.679169 2699.794189
-169.209625 -308.078369 2333.241943
-134.481003 -476.913513 2129.003906
-530.073242 -13.081818 2650.233643
-447.746521 -493.119385 2642.153809
-418.128113 -958.888306 2682.095459
-367.761444 682.375366 2793.545410
-399.834747 439.534912 2750.236816
-226.068573 425.176575 2789.720215
-226.069672 106.604065 2789.720215
-226.063385 -211.967987 2789.720215
-573.600952 453.893250 2710.753418
-573.600769 135.320862 2710.753418
-573.607056 -183.251190 2710.753418
-410.421570 210.483490 2713.533691
-311.723511 -27.598190 2701.662354
-176.049332 -342.141785 2363.180908
-144.448196 -519.392395 2180.624756
-530.293213 -9.537704 2651.998779
-443.646240 -488.808533 2641.831787
-418.842957 -953.180359 2696.213867
-367.368683 683.323975 2793.876221
-397.500946 440.772308 2750.460449
-223.949997 427.258514 2791.163818
-223.951096 108.686005 2791.163818
-223.944809 -209.886047 2791.163818
-571.051880 454.286102 2709.757080
-571.051697 135.713715 2709.757080
-571.057983 -182.858337 2709.757080
-406.603149 211.740784 2713.230469
-306.553619 -25.789993 2701.600098
-180.495789 -381.026062 2402.866455
-150.706024 -565.806702 2232.192871
-524.857117 -8.791489 2650.400879
-436.126831 -487.679443 2638.662598
-416.088867 -952.655579 2690.769531
-367.807495 689.878967 2803.453125
-395.458923 447.979126 2754.133789
-221.840012 434.758118 2794.639404
-221.841110 116.185608 2794.639404
-221.834824 -202.386444 2794.639404
-569.077820 461.200104 2713.628174
-569.077637 142.627716 2713.628174
-569.083923 -175.944336 2713.628174
-403.364624 219.506653 2713.446777
-302.078186 -17.280731 2698.234375
-191.893341 -401.979187 2429.528320
-160.273163 -606.181824 2280.682861
-520.462463 -0.650879 2647.285156
-433.645569 -479.894836 2647.870850
-418.193359 -946.256287 2685.930420
-366.238770 694.797668 2809.919189
-393.167145 453.198700 2754.987793
-219.874466 440.027496 2796.900635
-219.875565 121.454987 2796.900635
-219.869278 -197.117065 2796.900635
-566.459839 466.369904 2713.074951
-566.459656 147.797516 2713.074951
-566.465942 -170.774536 2713.074951
-400.079254 225.129395 2711.895264
-298.004761 -11.223495 2695.162354
-198.541809 -421.279602 2460.895264
-170.137314 -655.211304 2330.531006
-515.977966 5.343674 2642.443115
-432.980957 -474.645447 2644.788574
-417.786682 -940.927979 2685.687012
-366.236389 695.036194 2812.057617
-391.957764 454.272400 2754.101074
-218.623215 441.325958 2795.906982
-218.624313 122.753448 2795.906982
-218.618027 -195.818604 2795.906982
-565.292297 467.218842 2712.295166
-565.292114 148.646454 2712.295166
-565.298401 -169.925598 2712.295166
-398.068420 226.583633 2708.926514
-295.167816 -9.247238 2690.043945
-201.822876 -431.948914 2472.591309
-180.129669 -701.578552 2376.793213
-513.190308 7.036972 2637.459961
-434.303375 -473.352844 2651.286133
-419.021698 -940.314331 2683.547852
-364.716370 696.968018 2812.742188
-388.153259 456.152771 2753.793701
-214.972046 444.262451 2796.530762
-214.973145 125.689941 2796.530762
-214.966858 -192.882111 2796.530762
-561.334473 468.043030 2711.056641
-561.334290 149.470642 2711.056641
-561.340576 -169.101410 2711.056641
-392.478333 228.544922 2707.995117
-287.885132 -6.541031 2689.074951
-196.935150 -438.889282 2487.895996
-183.572067 -736.999023 2428.642090
-505.721680 8.415207 2635.318115
-431.540527 -472.538147 2655.517822
-417.771790 -939.957764 2681.915771
-361.130432 694.156189 2813.201660
-383.270508 453.465881 2752.767822
-210.444397 441.793030 2796.981201
-210.445496 123.220520 2796.981201
-210.439209 -195.351532 2796.981201
-556.096619 465.138733 2708.554443
-556.096436 146.566345 2708.554443
-556.102722 -172.005707 2708.554443
-386.591248 226.092407 2705.719238
-281.219818 -8.622253 2686.477051
-196.525024 -450.161346 2502.100342
-190.696594 -777.354004 2466.341309
-498.604156 6.060120 2630.864258
-431.782898 -475.862091 2653.926270
-417.347504 -943.254272 2681.478027
-357.357513 690.271851 2803.308105
-379.362122 448.450684 2747.276367
-206.370438 438.650818 2791.282471
-206.371536 120.078308 2791.282471
-206.365250 -198.493744 2791.282471
-552.353821 458.250549 2703.270264
-552.353638 139.678162 2703.270264
-552.359924 -178.893890 2703.270264
-380.935730 220.565643 2702.714111
-273.712585 -13.482666 2685.827881
-193.964203 -463.000214 2518.650391
-198.621155 -824.424927 2501.500244
-491.306091 -1.156128 2630.475830
-431.802429 -483.587799 2660.953369
-413.285980 -951.086060 2683.636475
-352.702179 688.844604 2798.211670
-375.708282 446.526489 2743.608154
-202.335175 436.987671 2786.145264
-202.336273 118.415161 2786.145264
-202.329987 -200.156891 2786.145264
-549.081360 456.065308 2701.071045
-549.081177 137.492920 2701.071045
-549.087463 -181.079132 2701.071045
-377.361023 218.599945 2699.232910
-269.979950 -15.325516 2681.609131
-190.239502 -463.222168 2508.756836
-220.505676 -865.982727 2569.351562
-488.047577 -3.327682 2628.106201
-434.213531 -486.357971 2660.481689
-418.076721 -954.062500 2681.204102
-349.828613 693.466797 2805.152832
-372.905609 451.628296 2744.625244
-199.373352 441.356445 2786.317383
-199.374451 122.783936 2786.317383
-199.368164 -195.788116 2786.317383
-546.437866 461.900146 2702.933105
-546.437683 143.327759 2702.933105
-546.443970 -175.244293 2702.933105
-374.769806 224.500183 2696.426270
-267.497009 -9.088028 2674.448242
-188.456253 -463.678101 2520.066650
-230.377472 -891.376404 2604.520996
-485.770996 3.832199 2622.006348
-437.956390 -479.819092 2654.963623
-418.757233 -947.372803 2676.734863
-346.138123 695.209290 2809.161377
-368.163361 454.663574 2744.827148
-194.594757 444.402374 2786.386719
-194.595856 125.829865 2786.386719
-194.589569 -192.742188 2786.386719
-541.731995 464.924774 2703.267578
-541.731812 146.352386 2703.267578
-541.738098 -172.219666 2703.267578
-369.298645 228.183212 2693.649902
-261.274261 -4.750565 2668.610107
-183.906281 -467.430664 2541.326416
-231.673569 -909.124512 2630.867432
-479.593597 8.156265 2616.335205
-430.817505 -475.426514 2649.632812
-414.124817 -942.636841 2678.654785
-341.902466 694.624756 2814.402344
-359.249268 454.299164 2748.098877
-185.964661 447.680237 2791.457764
-185.965759 129.107727 2791.457764
-185.959473 -189.464325 2791.457764
-532.533875 460.918091 2704.739990
-532.533691 142.345703 2704.739990
-532.539978 -176.226349 2704.739990
-354.425903 228.497635 2694.352783
-240.605957 -1.467209 2667.879639
-170.602997 -471.966736 2570.036621
-218.435852 -921.032104 2661.852539
-458.599121 6.859421 2613.333740
-417.034485 -477.139771 2649.685059
-399.655090 -943.672424 2687.296631
-335.868866 696.295044 2814.260986
-351.568939 456.861145 2746.049316
-179.105042 450.168488 2792.550781
-179.106140 131.595978 2792.550781
-179.099854 -186.976074 2792.550781
-524.032898 463.553802 2699.547852
-524.032715 144.981415 2699.547852
-524.039001 -173.590637 2699.547852
-345.797546 231.090485 2692.151123
-231.571625 1.111130 2667.495605
-185.602249 -476.072632 2592.201416
-237.194778 -928.300537 2685.641357
-448.480682 9.528519 2609.010254
-428.064758 -474.551331 2654.479004
-411.222473 -941.690552 2683.650635
-328.348022 696.787109 2814.044189
-346.007477 457.361511 2743.423828
-173.681000 449.250519 2790.254150
-173.682098 130.678009 2790.254150
-173.675812 -187.894043 2790.254150
-518.333923 465.472504 2696.593506
-518.333740 146.900116 2696.593506
-518.340027 -171.671936 2696.593506
-341.691467 231.801392 2688.475098
-229.017532 1.141113 2662.972900
-196.844894 -480.549011 2612.415771
-246.643158 -936.054871 2700.046387
-445.733398 11.341431 2604.079834
-435.706116 -472.549591 2656.069092
-418.548584 -939.929321 2681.921143
-320.970306 696.310486 2814.276855
-341.346497 458.393799 2740.820312
-168.851349 447.640991 2786.453613
-168.852448 129.068481 2786.453613
-168.846161 -189.503571 2786.453613
-513.841675 469.146606 2695.187012
-513.841492 150.574219 2695.187012
-513.847778 -167.997833 2695.187012
-340.150024 233.452423 2683.293457
-230.472260 1.748657 2654.465088
-206.408157 -482.579315 2628.661133
-252.591904 -941.225525 2705.728027
-447.434814 15.273438 2597.068115
-437.086304 -468.579285 2651.352295
-422.356659 -935.889893 2680.214355
-314.703857 695.367737 2816.274902
-336.518433 459.330383 2739.391357
-163.778763 446.097351 2783.393555
-163.779861 127.524841 2783.393555
-163.773575 -191.047211 2783.393555
-509.258087 472.563385 2695.389160
-509.257904 153.990997 2695.389160
-509.264191 -164.581055 2695.389160
-338.303406 235.159302 2678.982422
-231.453812 2.666092 2646.246094
-212.263504 -482.398438 2650.545898
-251.888062 -944.744141 2706.329590
-448.722961 19.310379 2590.900879
-433.592285 -463.559692 2652.609375
-424.307739 -931.031250 2681.065186
-309.799927 694.423401 2804.922363
-330.283386 456.372131 2733.522217
-157.518356 445.289368 2778.042725
-157.519455 126.716858 2778.042725
-157.513168 -191.855194 2778.042725
-503.048401 467.454865 2689.001709
-503.048218 148.882477 2689.001709
-503.054504 -169.689575 2689.001709
-329.970337 231.359650 2676.293945
-221.013733 -0.622223 2647.062500
-204.776260 -485.194550 2676.052246
-239.771713 -949.604858 2719.443359
-438.300842 13.316589 2591.068848
-418.288330 -467.947266 2662.850830
-413.391510 -935.646118 2688.551758
-306.124054 696.339355 2809.596680
-325.446381 459.102905 2734.042725
-152.359161 448.552612 2777.439697
-152.360260 129.980103 2777.439697
-152.353973 -188.591949 2777.439697
-498.533600 469.653137 2690.645752
-498.533417 151.080750 2690.645752
-498.539703 -167.491302 2690.645752
-324.121765 234.765564 2674.220947
-213.947556 3.793488 2641.690186
-213.539139 -480.296570 2684.808105
-241.800354 -946.395874 2713.437988
-431.646759 17.062988 2587.108154
-421.701752 -463.980377 2662.371826
-415.680695 -931.954956 2681.784424
-302.186676 698.702026 2811.901367
-316.656738 461.251709 2735.517090
-144.308624 453.514557 2782.254150
-144.309723 134.942047 2782.254150
-144.303436 -183.630005 2782.254150
-489.004852 468.988831 2688.780029
-489.004669 150.416443 2688.780029
-489.010956 -168.155609 2688.780029
-310.395142 237.106735 2675.320801
-195.730896 8.095306 2644.520996
-203.931961 -474.150146 2705.841064
-230.786636 -941.097168 2720.864502
-412.536194 17.828247 2585.728027
-410.293549 -461.791748 2669.968750
-403.943268 -929.861450 2687.717773
-297.847382 700.087463 2815.985107
-309.898773 462.899231 2736.664307
-137.825867 456.001709 2784.592285
-137.826965 137.429199 2784.592285
-137.820679 -181.142853 2784.592285
-481.971680 469.796753 2688.736328
-481.971497 151.224365 2688.736328
-481.977783 -167.347687 2688.736328
-301.880707 239.011612 2675.657227
-185.669037 10.787048 2644.785645
-216.824463 -468.759369 2717.517578
-238.299744 -936.332397 2723.268799
-402.056244 19.460907 2584.514648
-415.516388 -458.110626 2677.671387
-413.932465 -926.355103 2690.260742
-293.900635 701.453796 2816.342529
-306.061584 464.888550 2737.104736
-133.705612 458.068207 2784.046875
-133.706711 139.495697 2784.046875
-133.700424 -179.076355 2784.046875
-478.417572 471.708893 2690.162598
-478.417389 153.136505 2690.162598
-478.423676 -165.435547 2690.162598
-298.144653 241.143555 2675.528076
-181.844742 13.109711 2643.469971
-225.516190 -463.434235 2729.818115
-244.344757 -931.322021 2731.458740
-398.610687 21.687408 2584.432861
-422.678741 -454.766876 2681.616699
-420.933624 -923.026733 2694.919434
-291.954132 700.418274 2815.497070
-303.033447 464.299927 2736.351562
-130.472137 457.695953 2782.587158
-130.473236 139.123444 2782.587158
-130.466949 -179.448608 2782.587158
-475.594757 470.903900 2690.115967
-475.594574 152.331512 2690.115967
-475.600861 -166.240540 2690.115967
-295.175385 240.470093 2675.053711
-178.798676 12.487213 2642.832031
-228.531158 -462.067169 2738.353271
-243.090118 -929.934448 2728.046143
-395.835968 20.793304 2584.679688
-424.497528 -454.648804 2686.190674
-421.401093 -923.009521 2694.038086
-286.308105 695.796448 2804.463135
-301.933777 457.860352 2730.772217
-129.060944 449.993317 2775.636719
-129.062042 131.420807 2775.636719
-129.055756 -187.151245 2775.636719
-474.806610 465.727386 2685.907715
-474.806427 147.154999 2685.907715
-474.812714 -171.417053 2685.907715
-297.076324 233.116043 2672.646484
-183.500107 3.424210 2642.735840
-238.516159 -466.981750 2754.448486
-248.981461 -932.412109 2713.664307
-400.937653 13.319260 2586.305664
-431.964325 -460.772400 2693.612793
-431.590088 -929.192993 2698.311523
-284.339233 694.634277 2798.502197
-299.858093 455.961853 2727.450195
-126.914345 449.150421 2772.218018
-126.915443 130.577911 2772.218018
-126.909157 -187.994141 2772.218018
-472.801849 462.773254 2682.682373
-472.801666 144.200867 2682.682373
-472.807953 -174.371185 2682.682373
-294.060730 230.855469 2670.804443
-179.502747 1.465546 2642.312256
-228.817505 -470.077942 2753.082031
-240.511703 -936.745605 2722.946533
-397.023987 10.032654 2586.005127
-418.405060 -465.201324 2690.450928
-424.251251 -933.453003 2700.458252
-282.117889 695.467285 2796.989502
-297.925079 456.101440 2727.216064
-124.880150 449.608276 2771.644775
-124.881248 131.035767 2771.644775
-124.874962 -187.536285 2771.644775
-470.970001 462.594666 2682.787354
-470.969818 144.022278 2682.787354
-470.976105 -174.549774 2682.787354
-291.953979 230.874771 2671.042969
-177.156479 1.564575 2642.810791
-227.667542 -470.216248 2752.777344
-244.273682 -937.137451 2723.868652
-394.809296 9.731598 2586.928955
-424.337280 -462.789429 2700.901855
-420.111633 -930.866394 2696.622803
-281.102203 695.853699 2794.745850
-295.967926 456.284485 2726.341064
-122.881104 450.667908 2770.724121
-122.882202 132.095398 2770.724121
-122.875916 -186.476654 2770.724121
-469.054749 461.901062 2681.958008
-469.054565 143.328674 2681.958008
-469.060852 -175.243378 2681.958008
-289.133270 230.836517 2671.157227
-173.442459 1.856232 2643.886230
-222.567245 -469.372345 2757.127686
-242.054977 -936.332764 2727.735352
-391.154755 8.920898 2588.060547
-420.290741 -462.913269 2705.432129
-423.397888 -931.054810 2697.046631
-279.572296 695.820801 2795.104492
-293.212524 456.279846 2726.964355
-120.049049 451.490173 2771.142822
-120.050148 132.917664 2771.142822
-120.043861 -185.654388 2771.142822
-466.376007 461.069519 2682.785889
-466.375824 142.497131 2682.785889
-466.382111 -176.074921 2682.785889
-285.434021 230.800354 2672.030029
-168.750229 2.308563 2644.880371
-216.425095 -466.310425 2768.750488
-241.680130 -930.229614 2714.968018
-386.560791 8.333160 2589.311035
-421.024902 -463.250061 2706.421875
-424.250793 -931.537476 2699.035645
-279.012878 701.085571 2804.875000
-290.177765 462.876099 2731.614746
-117.166832 458.456635 2776.435303
-117.167931 139.884125 2776.435303
-117.161644 -178.687927 2776.435303
-463.188690 467.295593 2686.794189
-463.188507 148.723206 2686.794189
-463.194794 -169.848846 2686.794189
-281.051453 238.067749 2674.219971
-163.117050 10.479935 2645.013184
-216.262314 -457.114197 2770.722656
-240.007782 -919.828979 2705.115723
-380.733246 16.038834 2588.637207
-420.482727 -454.746216 2707.349854
-418.816833 -922.805176 2691.684326
-277.577179 697.865173 2799.112305
-289.596130 458.980835 2728.509277
-116.344902 454.702393 2772.408447
-116.346001 136.129883 2772.408447
-116.339714 -182.442169 2772.408447
-462.847351 463.259277 2684.610107
-462.847168 144.686890 2684.610107
-462.853455 -173.885162 2684.610107
-280.867615 233.897217 2672.125244
-163.179840 6.122864 2643.349854
-223.395798 -460.073730 2771.061768
-245.253387 -922.550598 2701.453857
-381.098389 11.504364 2588.132568
-426.079102 -459.267853 2705.055664
-424.389038 -927.480164 2691.925293
-276.988342 698.065430 2796.229980
-288.348328 458.463928 2727.466797
-114.967056 454.986633 2770.918945
-114.968155 136.414124 2770.918945
-114.961868 -182.157928 2770.918945
-461.729584 461.941223 2684.014648
-461.729401 143.368835 2684.014648
-461.735687 -175.203217 2684.014648
-279.006744 233.136703 2672.160645
-160.624130 5.622559 2644.181885
-223.217758 -463.583191 2758.493896
-244.569153 -928.829224 2725.194092
-378.706207 9.996368 2589.527100
-421.855804 -461.767639 2703.184082
-422.867737 -930.110291 2697.129150
-275.705139 695.685974 2795.771240
-285.116486 456.935425 2726.406250
-111.624100 455.568726 2769.500244
-111.625198 136.996216 2769.500244
-111.618912 -181.575836 2769.500244
-458.608887 458.302124 2683.312256
-458.608704 139.729736 2683.312256
-458.614990 -178.842316 2683.312256
-273.251068 231.638458 2671.492188
-152.270203 5.481918 2643.681396
-215.863617 -465.399841 2750.607666
-238.012512 -931.907532 2727.895996
-370.501099 7.201065 2589.474854
-416.638092 -464.747681 2701.230957
-417.575439 -933.152466 2695.978271
-274.609222 695.821472 2794.835938
-282.219116 456.891388 2725.928955
-109.318436 456.166687 2771.332275
-109.319534 137.594177 2771.332275
-109.313248 -180.977875 2771.332275
-455.119781 457.616089 2680.525635
-455.119598 139.043701 2680.525635
-455.125885 -179.528351 2680.525635
-268.840210 231.588470 2671.384766
-146.721146 5.829773 2645.395508
-217.088654 -463.806580 2753.745850
-239.685394 -930.697754 2730.092529
-364.201477 6.741333 2588.285645
-417.899994 -462.728577 2706.529297
-420.574860 -931.006226 2695.281250
-274.233795 695.567749 2793.681641
-281.528931 456.934204 2724.702393
-108.507416 456.643616 2769.672119
-108.508514 138.071106 2769.672119
-108.502228 -180.500946 2769.672119
-454.550415 457.224792 2679.732666
-454.550232 138.652405 2679.732666
-454.556519 -179.919647 2679.732666
-267.596375 231.788010 2669.642578
-144.857178 6.459076 2642.862549
-221.691696 -458.522766 2765.138916
-244.757462 -922.161499 2711.562256
-362.470459 6.824554 2586.302979
-423.162659 -462.973358 2699.719238
-425.261475 -931.302979 2699.043701
-274.214874 692.465820 2793.763916
-279.755554 454.313477 2723.970947
-107.034401 455.129242 2770.075195
-107.035500 136.556732 2770.075195
-107.029213 -182.015320 2770.075195
-452.476685 453.497742 2677.866699
-452.476501 134.925354 2677.866699
-452.482788 -183.646698 2677.866699
-263.972290 229.312103 2668.823242
-139.564529 4.823730 2642.670410
-219.207703 -460.207397 2763.586182
-240.881531 -924.430847 2709.303223
-356.813538 3.797699 2584.680664
-415.667877 -466.665497 2696.566895
-422.089508 -934.981934 2700.049561
-274.568939 694.919617 2794.808594
-279.369080 456.219055 2724.519043
-106.809891 457.178772 2771.238281
-106.810989 138.606262 2771.238281
-106.804703 -179.965790 2771.238281
-451.928284 455.259338 2677.799805
-451.928101 136.686951 2677.799805
-451.934387 -181.885101 2677.799805
-263.030396 231.398254 2668.790527
-138.171799 7.181015 2642.443115
-228.080338 -458.306274 2753.530029
-244.040451 -924.606445 2726.315674
-355.211609 5.973923 2583.680908
-419.673645 -463.275146 2697.557373
-426.217163 -931.637085 2696.478760
-275.527832 696.152222 2793.690674
-281.690735 457.562866 2723.645508
-108.883453 457.329346 2769.443115
-108.884552 138.756836 2769.443115
-108.878265 -179.815216 2769.443115
-454.498016 457.796387 2677.847900
-454.497833 139.223999 2677.847900
-454.504120 -179.348053 2677.847900
-267.161560 232.680679 2667.676758
-143.952179 7.651642 2640.510742
-233.437134 -458.291687 2750.669189
-251.118866 -925.143738 2724.426270
-361.312592 7.945374 2582.905273
-426.147552 -460.544006 2699.777100
-436.745331 -928.854126 2698.690430
-275.361450 696.134644 2794.195801
-282.675842 457.449768 2723.247314
-109.901337 456.302124 2769.162354
-109.902435 137.729614 2769.162354
-109.896149 -180.842438 2769.162354
-455.450348 458.597412 2677.332275
-455.450165 140.025024 2677.332275
-455.456451 -178.547028 2677.332275
-268.994202 232.798279 2666.149414
-146.655594 7.425034 2637.927246
-229.234848 -456.816467 2759.568359
-247.992401 -921.470459 2710.312500
-363.969543 8.868546 2580.175781
-425.776733 -457.994202 2704.739746
-430.721619 -926.094910 2692.375488
-275.107086 696.922607 2793.340576
-285.011566 458.150604 2722.461670
-112.026443 455.277649 2767.482910
-112.027542 136.705139 2767.482910
-112.021255 -181.866913 2767.482910
-457.996674 461.023560 2677.440430
-457.996490 142.451172 2677.440430
-458.002777 -176.120880 2677.440430
-273.796448 233.452896 2665.031494
-153.787567 6.948318 2635.916016
-235.531921 -457.985535 2755.976562
-252.760193 -922.961060 2705.205078
-371.375092 10.562057 2579.286621
-431.753357 -455.117615 2708.947021
-436.919098 -923.180725 2692.703613
-274.951141 696.889160 2792.948242
-284.770721 458.565430 2722.017822
-111.749001 455.841797 2766.917236
-111.750099 137.269287 2766.917236
-111.743813 -181.302765 2766.917236
-457.792450 461.289001 2677.118408
-457.792267 142.716614 2677.118408
-457.798553 -175.855438 2677.118408
-273.476013 233.796814 2664.859131
-153.370209 7.315384 2635.937256
-229.380157 -460.324951 2748.945557
-245.260818 -926.918518 2720.078369
-370.992401 10.741043 2579.463623
-424.836334 -456.764221 2705.289062
-427.103241 -925.028015 2694.810303
-274.958923 695.482849 2793.216064
-286.089752 457.720215 2721.122559
-112.980171 454.178314 2765.632324
-112.981270 135.605804 2765.632324
-112.974983 -182.966248 2765.632324
-459.199341 461.262146 2676.612793
-459.199158 142.689758 2676.612793
-459.205444 -175.882294 2676.612793
-276.022034 232.866074 2664.073730
-157.084778 5.784393 2635.017334
-230.281296 -464.224426 2739.732666
-250.096558 -931.463013 2726.095459
-374.823853 10.239441 2579.032471
-431.871643 -458.087799 2700.383057
-428.042053 -926.410217 2694.371582
-275.748596 692.437195 2794.351318
-287.489014 456.418579 2720.633545
-114.333374 452.460480 2764.942871
-114.334473 133.887970 2764.942871
-114.328186 -184.684082 2764.942871
-460.644653 460.376648 2676.324219
-460.644470 141.804260 2676.324219
-460.650757 -176.767792 2676.324219
-277.893433 231.678543 2663.059570
-159.400681 4.449295 2633.351562
-232.188507 -465.747192 2737.890137
-248.178253 -933.310303 2720.888184
-377.195007 9.427750 2577.619629
-428.638062 -460.245911 2696.239746
-430.824036 -928.560486 2698.318848
-278.478821 692.347534 2793.859863
-291.491455 455.714844 2719.729248
-118.200775 451.012329 2763.434814
-118.201874 132.439819 2763.434814
-118.195587 -186.132233 2763.434814
-464.782135 460.417419 2676.023682
-464.781952 141.845032 2676.023682
-464.788239 -176.727020 2676.023682
-282.991577 231.010422 2661.850586
-165.508240 3.348526 2631.458496
-235.355713 -467.124634 2736.900391
-252.320175 -934.924622 2723.357910
-383.475159 9.263443 2576.485352
-434.918640 -461.171753 2692.184082
-432.473083 -929.450256 2699.943359
-278.491028 692.256714 2783.121094
-292.410431 453.525635 2715.983398
-119.059250 449.536255 2759.519531
-119.060349 130.963745 2759.519531
-119.054062 -187.608307 2759.519531
-465.761627 457.514954 2672.447266
-465.761444 138.942566 2672.447266
-465.767731 -179.629486 2672.447266
-284.093506 227.819107 2662.185547
-166.755585 -0.396317 2635.767822
-232.491837 -470.849243 2743.911865
-246.434494 -938.925964 2735.781982
-384.797577 4.621506 2581.007568
-424.969910 -467.652405 2693.109619
-430.849701 -935.843018 2703.309326
-280.455231 696.796387 2788.623535
-295.142426 457.495972 2717.852051
-121.508736 452.762726 2760.144531
-121.509834 134.190216 2760.144531
-121.503548 -184.381836 2760.144531
-468.776093 462.229218 2675.559570
-468.775909 143.656830 2675.559570
-468.782196 -174.915222 2675.559570
-287.716980 232.217804 2662.154541
-171.088654 3.962769 2633.055908
-239.499969 -467.986298 2732.370850
-248.555862 -936.258728 2727.596436
-389.494415 9.916504 2579.858154
-427.316986 -465.662231 2677.151123
-433.276306 -933.681580 2694.117920
-281.848145 696.236450 2790.858154
-296.930664 457.856995 2718.033447
-123.124405 452.577057 2759.549805
-123.125504 134.004547 2759.549805
-123.119217 -184.567505 2759.549805
-470.736908 463.136902 2676.517090
-470.736725 144.564514 2676.517090
-470.743011 -174.007538 2676.517090
-290.148102 232.881378 2661.027100
-174.057358 4.585190 2630.130615
-240.869202 -467.583130 2729.760010
-247.111328 -935.931885 2723.909912
-392.673737 11.226364 2577.910889
-420.644592 -465.969971 2670.717529
-433.858215 -933.474915 2694.874512
