-309.464752 696.933777 2794.126221
-320.963989 457.998749 2726.183838
-148.500854 454.262390 2773.197510
-148.501953 135.689880 2773.197510
-148.495667 -182.882172 2773.197510
-493.427124 461.735107 2679.170166
-493.426941 143.162720 2679.170166
-493.433228 -175.409332 2679.170166
-311.274963 232.046112 2672.683838
-193.135925 3.743927 2648.747559
-225.782394 -470.775421 2754.091309
-233.693253 -931.545776 2670.064697
-410.035950 8.443024 2589.620117
-440.145813 -461.887848 2712.991699
-433.024658 -929.933838 2696.137695
-309.588867 694.354980 2794.987549
-321.298553 455.838715 2727.951660
-148.929749 452.193359 2775.318359
-148.930847 133.620850 2775.318359
-148.924561 -184.951202 2775.318359
-493.667328 459.484070 2680.584961
-493.667145 140.911682 2680.584961
-493.673431 -177.660370 2680.584961
-311.250854 230.004486 2674.007568
-192.810104 1.877914 2649.849609
-225.488785 -474.381409 2746.787842
-230.664200 -936.519775 2670.724365
-409.596222 6.462601 2590.277344
-438.062500 -464.606689 2711.270508
-429.192841 -932.689941 2695.226562
-308.635254 693.023254 2795.671143
-317.245117 454.823059 2727.574707
-145.527435 452.737091 2777.302979
-145.528534 134.164581 2777.302979
-145.522247 -184.407471 2777.302979
-488.962830 456.908997 2677.846436
-488.962646 138.336609 2677.846436
-488.968933 -180.235443 2677.846436
-304.437561 229.077881 2673.879395
-183.639038 2.020889 2651.457520
-217.722519 -473.803162 2750.269043
-223.522034 -935.383057 2670.705078
-399.620972 4.644547 2588.910645
-433.628235 -465.344666 2712.556885
-420.814850 -933.161255 2692.308350
-309.650543 693.355957 2795.020508
-316.017242 454.923126 2727.102539
-144.667511 454.496918 2778.120850
-144.668610 135.924408 2778.120850
-144.662323 -182.647644 2778.120850
-487.366974 455.349335 2676.084229
-487.366791 136.776947 2676.084229
-487.373077 -181.795105 2676.084229
-300.844818 229.127319 2674.258301
-177.925659 3.063507 2653.495117
-219.242172 -472.164642 2752.293945
-227.423569 -933.012634 2668.742188
-393.419128 3.599518 2589.333008
-438.279266 -463.260864 2720.511230
-424.214478 -930.767334 2694.776367
-308.110687 693.755371 2795.715332
-314.539368 454.872437 2727.864014
-143.437836 453.939880 2779.732178
-143.438934 135.367371 2779.732178
-143.432648 -183.204681 2779.732178
-485.640900 455.804993 2675.995850
-485.640717 137.232605 2675.995850
-485.647003 -181.339447 2675.995850
-299.712799 229.079422 2674.895020
-177.301025 2.700043 2654.539551
-225.883011 -472.439117 2750.306885
-232.740356 -933.504761 2667.699463
-392.471436 3.872772 2589.312500
-448.429565 -461.313080 2722.080811
-422.415863 -926.953186 2682.036377
-308.484741 693.755859 2794.330078
-315.093567 455.019653 2727.239990
-143.500534 454.522949 2777.471680
-143.501633 135.950439 2777.471680
-143.495346 -182.621613 2777.471680
-486.686584 455.516296 2677.008301
-486.686401 136.943909 2677.008301
-486.692688 -181.628143 2677.008301
-300.482544 229.017349 2675.093750
-177.972672 2.702744 2654.533447
-225.399506 -473.287964 2746.779053
-233.902756 -935.372070 2670.423096
-393.770386 3.327377 2591.361572
-448.368561 -462.470764 2722.972656
-429.268890 -929.140991 2690.810547
-308.788605 693.254272 2793.648438
-315.665070 455.067383 2726.465576
-143.856079 454.491211 2775.969971
-143.857178 135.918701 2775.969971
-143.850891 -182.653351 2775.969971
-487.474060 455.643494 2676.961182
-487.473877 137.071106 2676.961182
-487.480164 -181.500946 2676.961182
-301.540833 228.920807 2674.814453
-179.385315 2.411972 2654.291016
-227.883575 -474.195557 2742.814697
-234.482513 -936.925537 2670.203369
-395.447876 3.136520 2592.035645
-448.189240 -463.984924 2719.812500
-428.879364 -930.966919 2690.154785
-308.648529 693.397583 2793.381104
-316.090851 455.146606 2726.316406
-144.369781 454.050110 2776.138916
-144.370880 135.477600 2776.138916
-144.364594 -183.094452 2776.138916
-487.811920 456.243103 2676.493896
-487.811737 137.670715 2676.493896
-487.818024 -180.901337 2676.493896
-302.517456 228.995239 2674.556396
-180.967926 2.154404 2654.124268
-226.209656 -473.761902 2747.857666
-235.251343 -935.857971 2671.543701
-396.920197 3.533340 2591.468506
-448.142456 -464.509521 2716.580811
-429.740875 -931.881958 2692.086670
-309.406097 693.494629 2793.788086
-315.487549 454.682922 2726.347168
-143.916977 454.554016 2776.666504
-143.918076 135.981506 2776.666504
-143.911789 -182.590546 2776.666504
-487.058136 454.811829 2676.027832
-487.057953 136.239441 2676.027832
-487.064240 -182.332611 2676.027832
-300.554077 228.553009 2674.850098
-177.731522 2.342026 2654.995361
-218.371460 -473.947937 2748.990967
-231.066040 -935.907349 2672.316895
-393.509674 2.504166 2591.710693
-442.106049 -467.085144 2711.949463
-422.776520 -934.668945 2691.974854
-308.851593 695.201538 2793.439453
-315.368835 455.722961 2726.423096
-143.744415 455.462036 2776.577148
-143.745514 136.889526 2776.577148
-143.739227 -181.682526 2776.577148
-486.993225 455.983887 2676.269043
-486.993042 137.411499 2676.269043
-486.999329 -181.160553 2676.269043
-300.831177 229.439758 2675.498779
-178.374054 2.992477 2656.111816
-222.840164 -471.733765 2755.968506
-234.663742 -932.880432 2674.461670
-394.213013 3.320633 2593.037109
-445.764587 -465.196350 2716.235596
-427.454895 -932.748901 2693.935059
-308.807587 696.310120 2793.294434
-315.699158 456.199036 2726.132568
-144.114761 455.526428 2776.450928
-144.115860 136.953918 2776.450928
-144.109573 -181.618134 2776.450928
-487.283539 456.871582 2675.814209
-487.283356 138.299194 2675.814209
-487.289642 -180.272858 2675.814209
-301.645477 229.896820 2675.185059
-179.701004 3.171707 2655.877197
-225.404312 -470.966370 2758.099365
-234.482040 -931.052246 2670.608154
-395.482574 4.017532 2592.597900
-447.795502 -465.465881 2711.754639
-425.389435 -932.928955 2691.368652
-308.659241 696.123047 2793.546631
-317.221558 456.415497 2726.014648
-145.215317 454.508423 2774.800537
-145.216415 135.935913 2774.800537
-145.210129 -182.636139 2774.800537
-489.227783 458.322571 2677.228760
-489.227600 139.750183 2677.228760
-489.233887 -178.821869 2677.228760
-304.990906 230.241791 2674.051270
-184.597198 2.868835 2652.766113
-232.635712 -472.689484 2746.729736
-238.162872 -934.655640 2670.104492
-400.923309 5.267334 2591.409668
-451.470398 -463.385559 2714.537354
-429.690674 -930.751587 2691.173828
-307.995636 696.743408 2793.504150
-317.883636 457.098877 2725.866211
-145.274765 454.906311 2772.432373
-145.275864 136.333801 2772.432373
-145.269577 -182.238251 2772.432373
-490.492523 459.291443 2679.300049
-490.492340 140.719055 2679.300049
-490.498627 -177.852997 2679.300049
-306.638550 230.955231 2673.535645
-186.852890 3.432861 2650.487061
-231.585632 -471.302826 2750.103516
-234.434464 -933.289612 2672.961914
-403.934052 6.190338 2591.923096
-448.976135 -463.549133 2712.966064
-426.899200 -931.099243 2694.110840
-310.156830 699.205200 2804.261719
-319.124634 461.465210 2729.857666
-146.884598 458.337860 2777.751709
-146.885696 139.765350 2777.751709
-146.879410 -178.806702 2777.751709
-491.364655 464.592529 2681.963623
-491.364471 146.020142 2681.963623
-491.370758 -172.551910 2681.963623
-307.487152 236.368408 2673.308105
-187.551819 9.305267 2646.872559
-231.072266 -464.090820 2753.169678
-233.429413 -924.494995 2667.267578
-404.147552 13.237976 2586.644531
-441.775055 -458.504822 2702.036865
-424.859344 -926.437134 2690.107666
-310.561401 698.789062 2798.563965
-320.226501 459.710938 2727.096680
-148.008911 456.278320 2775.071533
-148.010010 137.705811 2775.071533
-148.003723 -180.866241 2775.071533
-492.444092 463.143524 2679.121826
-492.443909 144.571136 2679.121826
-492.450195 -174.000916 2679.121826
-309.075012 234.485291 2670.950684
-189.641479 7.101410 2644.968994
-234.282974 -465.917603 2752.677002
-235.819107 -927.288818 2671.895264
-406.205566 11.417908 2584.640381
-445.201141 -460.536194 2698.953613
-428.898773 -928.604065 2695.291992
-312.126587 695.958740 2795.474121
-323.825562 456.893127 2724.926514
-151.032501 452.858734 2770.715332
-151.033600 134.286224 2770.715332
-151.027313 -184.285828 2770.715332
-496.618622 460.927521 2679.137695
-496.618439 142.355133 2679.137695
-496.624725 -176.216919 2679.137695
-314.603210 231.217224 2670.240234
-196.728302 3.004486 2644.345947
-243.142975 -470.549561 2748.966309
-241.029785 -932.064758 2668.828369
-414.033417 8.078156 2586.761963
-447.978149 -464.876953 2698.512695
-435.932831 -933.118164 2695.196289
-313.038513 696.824768 2794.648926
-325.176453 457.321381 2724.986328
-152.652237 452.539001 2771.694092
-152.653336 133.966492 2771.694092
-152.647049 -184.605560 2771.694092
-497.700684 462.103760 2678.278564
-497.700500 143.531372 2678.278564
-497.706787 -175.040680 2678.278564
-316.846191 231.420990 2671.087402
-200.036652 2.513565 2646.557373
-240.909256 -474.467407 2735.444580
-233.531067 -939.339233 2690.794678
-416.995209 8.527634 2587.819580
-443.945648 -466.147949 2693.795166
-429.100891 -934.346680 2691.872803
-315.501038 698.950562 2793.212402
-327.909241 459.161041 2724.741943
-155.472046 454.229797 2771.765869
-155.473145 135.657288 2771.765869
-155.466858 -182.914764 2771.765869
-500.346436 464.092285 2677.718018
-500.346252 145.519897 2677.718018
-500.352539 -173.052155 2677.718018
-319.727539 233.204559 2671.044434
-203.119492 4.147385 2646.915039
-237.146347 -475.554932 2722.663574
-236.235764 -942.211670 2698.507080
-419.972168 10.348770 2587.778809
-443.394135 -467.159424 2680.353516
-429.306671 -934.968994 2693.728027
-318.803833 698.173096 2792.901367
-332.131439 459.459808 2724.276855
-159.487091 454.396606 2770.522949
-159.488190 135.824097 2770.522949
-159.481903 -182.747955 2770.522949
-504.775787 464.523010 2678.030762
-504.775604 145.950623 2678.030762
-504.781891 -172.621429 2678.030762
-324.471924 233.399536 2670.932617
-208.252213 4.155472 2646.668457
-238.981461 -477.136047 2713.975586
-237.086334 -944.702637 2701.008545
-425.372589 10.523056 2588.508301
-444.073761 -468.456970 2674.676270
-432.192261 -936.313171 2692.028809
-320.005554 696.346252 2793.737549
-333.614594 457.729248 2724.483398
-160.832199 452.640259 2770.213867
-160.833298 134.067749 2770.213867
-160.827011 -184.504303 2770.213867
-506.396973 462.818237 2678.752930
-506.396790 144.245850 2678.752930
-506.403076 -174.326202 2678.752930
-326.146515 231.669342 2671.110596
-210.031189 2.409424 2646.493652
-235.427856 -480.630371 2702.336670
-230.697327 -948.620056 2697.717773
-427.325684 8.809448 2588.981934
-442.094177 -472.050842 2664.606445
-430.808228 -939.556274 2690.119873
-323.524292 698.262634 2793.095459
-337.160553 459.007019 2725.502197
-164.192383 454.061890 2770.536133
-164.193481 135.489380 2770.536133
-164.187195 -183.082672 2770.536133
-510.128693 463.952179 2680.468262
-510.128510 145.379791 2680.468262
-510.134796 -173.192261 2680.468262
-329.968201 232.725769 2673.029785
-214.009842 3.334900 2648.875732
-232.519348 -481.444336 2688.585205
-233.524216 -949.430786 2696.619385
-431.541870 9.554108 2592.239014
-448.049377 -471.707520 2665.614990
-433.048401 -939.364014 2686.850830
-330.465790 696.146179 2792.496094
-343.665283 456.908234 2725.074219
-169.998199 453.003662 2767.380371
-169.999298 134.431152 2767.380371
-169.993011 -184.140900 2767.380371
-517.332397 460.812805 2682.768066
-517.332214 142.240417 2682.768066
-517.338501 -176.331635 2682.768066
-336.032593 230.583038 2672.853516
-219.185349 1.802353 2647.238037
-228.571823 -484.188110 2664.549561
-235.399582 -950.949585 2694.049072
-437.614441 6.713333 2594.027588
-454.791504 -475.137451 2663.596680
-438.784210 -942.946045 2681.375244
-334.329224 693.609558 2792.201660
-347.856781 454.618042 2725.118164
-173.854935 450.760651 2766.048340
-173.856033 132.188141 2766.048340
-173.849747 -186.383911 2766.048340
-521.858643 458.475464 2684.187988
-521.858459 139.903076 2684.187988
-521.864746 -178.668976 2684.187988
-340.608551 228.262756 2672.972168
-223.952301 -0.517990 2646.562012
-220.700500 -486.429443 2638.590820
-233.238495 -951.612183 2685.821777
-442.768341 4.332901 2595.090332
-459.026794 -478.634888 2656.417236
-439.325348 -945.261353 2689.265137
-339.073730 691.350037 2794.719482
-352.770721 453.150757 2726.318848
-178.949341 449.269104 2768.019043
-178.950439 130.696594 2768.019043
-178.944153 -187.875458 2768.019043
-526.592102 457.032410 2684.618652
-526.591919 138.460022 2684.618652
-526.598206 -180.112030 2684.618652
-345.221893 226.892044 2673.791504
-228.375534 -1.807419 2647.484863
-213.285202 -485.897278 2611.548096
-230.293961 -949.079834 2674.948242
-446.970612 3.074081 2595.043457
-460.736847 -480.455322 2652.726562
-438.040833 -946.873535 2688.320557
-341.998444 692.526306 2793.552246
-356.269043 454.134827 2727.439697
-182.712952 449.928162 2770.202148
-182.714050 131.355652 2770.202148
-182.707764 -187.216400 2770.202148
-529.825134 458.341492 2684.677246
-529.824951 139.769104 2684.677246
-529.831238 -178.802948 2684.677246
-348.868408 227.819519 2675.140137
-232.332581 -1.141022 2649.730469
-203.510513 -480.904205 2582.923828
-233.999023 -940.402649 2664.075684
-450.602966 4.149445 2595.950684
-467.719055 -478.437775 2660.114258
-434.945557 -944.743896 2686.696289
-346.639862 690.906860 2792.289307
-362.205353 451.429474 2727.729492
-188.400543 446.597595 2769.417480
-188.401642 128.025085 2769.417480
-188.395355 -190.546967 2769.417480
-536.010193 456.261353 2686.041504
-536.010010 137.688965 2686.041504
-536.016296 -180.883087 2686.041504
-356.372681 224.686584 2677.131348
-241.249420 -5.094635 2652.747070
-201.832901 -477.789154 2552.107422
-243.207748 -930.620544 2659.180908
-459.830597 0.982025 2600.319336
-475.127075 -481.475983 2666.197266
-440.426453 -948.035828 2686.993164
-349.979065 691.828735 2782.343750
-366.703674 450.209717 2725.956055
-193.201370 445.673828 2768.852539
-193.202469 127.101318 2768.852539
-193.196182 -191.470734 2768.852539
-540.205933 454.745605 2683.059570
-540.205750 136.173218 2683.059570
-540.212036 -182.398834 2683.059570
-361.617584 222.257736 2681.280762
-247.421509 -8.546722 2663.581543
-198.571777 -476.016815 2541.981689
-244.788589 -930.201660 2643.890869
-465.641510 -2.841766 2609.629395
-474.995056 -485.100464 2677.918457
-437.559265 -951.684326 2694.337402
-349.497070 690.022217 2777.192627
-370.523132 447.368042 2725.004639
-196.813507 440.985809 2766.830566
-196.814606 122.413300 2766.830566
-196.808319 -196.158752 2766.830566
-544.232788 453.750244 2683.178711
-544.232605 135.177856 2683.178711
-544.238892 -183.394196 2683.178711
-368.762054 218.882034 2682.826172
-257.763092 -13.617432 2666.950195
-209.414703 -478.437866 2532.835205
-240.234573 -884.955444 2586.833496
-476.238861 -5.590485 2614.345215
-474.528351 -489.182281 2671.272217
-443.842316 -956.039429 2692.690918
-352.878601 688.440063 2774.524658
-375.808289 445.215637 2725.022461
-201.831100 437.713013 2765.553467
-201.832199 119.140503 2765.553467
-201.825912 -199.431549 2765.553467
-549.785461 452.718292 2684.491455
-549.785278 134.145905 2684.491455
-549.791565 -184.426147 2684.491455
-376.191620 216.439392 2684.319336
-267.177185 -17.054565 2669.102295
-215.852722 -477.579254 2520.961670
-232.823318 -831.868774 2551.325928
-485.972717 -7.619171 2618.130127
-475.330200 -491.519012 2671.847656
-441.994141 -958.331909 2691.414307
-355.663086 686.199829 2774.207031
-379.249573 443.569519 2725.569336
-205.184341 435.586792 2765.654053
-205.185440 117.014282 2765.654053
-205.179153 -201.557770 2765.654053
-553.314819 451.552246 2685.484619
-553.314636 132.979858 2685.484619
-553.320923 -185.592194 2685.484619
-380.593506 214.620224 2685.810791
-272.487701 -19.348495 2671.256836
-216.218323 -478.152100 2518.573730
-225.463715 -781.487183 2515.676758
-491.387177 -9.309647 2620.847656
-473.788422 -493.652527 2668.749512
-433.686462 -960.017456 2685.720215
-355.364410 686.758789 2774.099121
-381.345398 443.609314 2726.483154
-207.423248 433.917755 2766.793945
-207.424347 115.345245 2766.793945
-207.418060 -203.226807 2766.793945
-555.267578 453.300842 2686.172363
-555.267395 134.728455 2686.172363
-555.273682 -183.843597 2686.172363
-385.165039 214.493439 2687.878906
-279.618011 -20.716705 2674.623047
-225.610229 -479.769043 2521.216309
-226.163422 -732.938110 2474.066406
-498.351349 -8.528137 2623.926270
-471.558533 -492.507446 2671.394043
-433.600952 -959.233398 2677.189941
-355.091888 688.350342 2773.049072
-383.432922 445.666260 2728.270264
-209.646378 434.377380 2768.737549
-209.647476 115.804871 2768.737549
-209.641190 -202.767181 2768.737549
-557.219543 456.955139 2687.802979
-557.219360 138.382751 2687.802979
-557.225647 -180.189301 2687.802979
-389.820831 216.277206 2691.711914
-286.927734 -20.210556 2680.600342
-226.164886 -474.372864 2515.881104
-223.172714 -687.753906 2423.233887
-505.489746 -6.013138 2629.706787
-472.597198 -490.302185 2669.527100
-430.031891 -956.693665 2675.867188
-359.291138 691.749023 2782.547852
-385.959412 449.085114 2733.811279
-212.201126 438.022491 2774.477295
-212.202225 119.449982 2774.477295
-212.195938 -199.122070 2774.477295
-559.717651 460.147736 2693.145264
-559.717468 141.575348 2693.145264
-559.723755 -176.996704 2693.145264
-391.427032 220.058807 2694.870117
-287.633911 -15.923767 2681.500244
-221.001953 -451.449341 2478.373535
-211.922363 -634.812073 2356.860107
-506.155396 -2.011230 2630.357666
-462.116577 -486.040497 2659.114502
-423.817444 -952.819702 2666.719482
-360.839783 691.975342 2787.190430
-388.682129 449.569397 2736.618408
-214.754807 438.047241 2776.443359
-214.755905 119.474731 2776.443359
-214.749619 -199.097321 2776.443359
-562.609497 461.091553 2696.793457
-562.609314 142.519165 2696.793457
-562.615601 -176.052887 2696.793457
-394.820404 220.637924 2697.191650
-291.590118 -15.538895 2682.807617
-218.904266 -422.534241 2432.958008
-205.957657 -581.651367 2290.275879
-510.327240 -1.048233 2632.722168
-464.075531 -485.466370 2646.021729
-427.254578 -951.083618 2674.893555
-362.524780 688.853638 2788.373535
-391.259491 446.901489 2738.080078
-216.993774 435.225403 2776.339844
-216.994873 116.652893 2776.339844
-216.988586 -201.919159 2776.339844
-565.525208 458.577576 2699.820312
-565.525024 140.005188 2699.820312
-565.531311 -178.566864 2699.820312
-398.001678 217.936157 2698.914062
-295.777649 -18.330078 2683.671387
-202.300964 -232.828247 2389.139893
-197.750793 -538.630798 2257.132812
-513.710083 -3.728271 2635.824707
-458.027710 -487.293945 2636.565674
-427.885742 -951.881348 2682.804688
-363.413391 685.642883 2790.640625
-392.349823 444.453186 2739.390137
-218.262283 432.617615 2778.410156
-218.263382 114.045105 2778.410156
-218.257095 -204.526947 2778.410156
-566.437317 456.288757 2700.370117
-566.437134 137.716370 2700.370117
-566.443420 -180.855682 2700.370117
-399.010529 215.575058 2699.683594
-296.515045 -20.724182 2684.443359
-191.233734 -77.843796 2341.708740
-181.958649 -454.744995 2206.705078
-514.827454 -5.881927 2635.510742
-452.471497 -488.821533 2636.004150
-422.987427 -954.336853 2675.565674
-364.073730 680.819458 2792.310303
-393.125488 439.895142 2740.312256
-219.258179 427.109680 2780.018066
-219.259277 108.537170 2780.018066
-219.252991 -210.034882 2780.018066
-566.992798 452.680664 2700.606445
-566.992615 134.108276 2700.606445
-566.998901 -184.463776 2700.606445
-400.679565 211.196930 2699.748535
-299.058929 -25.529556 2684.116943
-183.141510 12.492638 2321.609131
-167.003967 -375.457977 2151.607422
-517.408325 -9.473038 2634.252686
-456.145569 -492.644775 2629.709961
-421.310333 -956.422363 2682.604004
-364.566772 677.513245 2791.886230
-397.463409 436.940125 2740.783691
-223.355301 421.858643 2778.521973
-223.356400 103.286133 2778.521973
-223.350113 -215.285919 2778.521973
-571.571533 452.021667 2703.045410
-571.571350 133.449280 2703.045410
-571.577637 -185.122772 2703.045410
-408.430359 208.421280 2700.056152
-309.984863 -29.575058 2683.043945
-186.027466 67.618134 2310.894775
-154.958694 -329.357178 2070.394043
-528.809692 -10.620102 2635.613281
-465.436646 -493.607788 2632.360107
-427.690430 -957.498779 2683.950195
-367.684082 676.805420 2792.102295
-400.743774 435.762146 2741.897705
-226.302399 420.682983 2778.079346
-226.303497 102.110474 2778.079346
-226.297211 -216.461578 2778.079346
-575.185120 450.841309 2705.716064
-575.184937 132.268921 2705.716064
-575.191223 -186.303131 2705.716064
-412.068298 207.237640 2701.255859
-313.746643 -30.764954 2683.356201
-175.453796 91.645073 2312.766357
-121.919418 -267.342560 1978.016113
-533.039001 -11.808777 2637.871826
-456.879852 -492.812988 2634.046631
-420.624268 -957.159241 2683.467041
-368.849213 674.581848 2792.733643
-402.257599 433.915894 2743.053955
-227.722168 418.497253 2778.675049
-227.723267 99.924744 2778.675049
-227.716980 -218.647308 2778.675049
-576.793030 449.334534 2707.432861
-576.792847 130.762146 2707.432861
-576.799133 -187.809906 2707.432861
-414.240204 205.349945 2702.831055
-316.499146 -32.909088 2685.001709
-175.828049 95.791321 2314.844971
-99.060852 -202.202545 1908.469849
-535.946472 -13.522888 2640.214600
-454.526367 -493.752747 2638.555176
-420.927795 -959.073608 2679.793945
-370.427063 673.331238 2793.049561
-404.534058 433.284424 2744.520996
-229.965317 417.601929 2779.904297
-229.966415 99.029419 2779.904297
-229.960129 -219.542633 2779.904297
-579.102783 448.966919 2709.137695
-579.102600 130.394531 2709.137695
-579.108887 -188.177521 2709.137695
-416.988953 204.684784 2704.649658
-319.688843 -33.774780 2687.024658
-181.435806 95.119644 2313.583252
-87.052216 -145.377243 1864.395752
-539.198853 -14.054962 2642.531982
-458.807129 -494.530426 2641.676025
-420.341797 -959.810425 2679.298584
-372.878571 672.484924 2792.745605
-406.950684 431.440094 2745.406494
-232.481506 415.208618 2781.036621
-232.482605 96.636108 2781.036621
-232.476318 -221.935944 2781.036621
-581.419861 447.671570 2709.776367
-581.419678 129.099182 2709.776367
-581.425964 -189.472870 2709.776367
-420.162903 202.811462 2705.949219
-323.675049 -36.022964 2688.894775
-185.071259 102.783920 2280.833984
-84.125328 -119.487289 1846.020020
-543.075195 -15.611374 2644.089111
-460.349762 -495.497131 2633.272949
-422.530090 -959.798828 2681.372559
-373.899841 670.211426 2792.524902
-407.489075 429.276306 2745.619141
-232.854446 413.760162 2780.702148
-232.855545 95.187653 2780.702148
-232.849258 -223.384399 2780.702148
-582.123657 444.792419 2710.536133
-582.123474 126.220032 2710.536133
-582.129761 -192.352020 2710.536133
-419.911224 200.570892 2706.304199
-322.519318 -37.891388 2689.050293
-156.790359 214.020157 2104.167236
-82.089561 -126.971024 1848.683350
-542.147461 -18.377625 2644.928223
-453.787720 -497.175690 2630.175537
-417.242645 -961.955933 2675.273438
-374.154053 668.965698 2792.363281
-409.506165 427.956665 2745.696045
-234.832352 411.304901 2780.067871
-234.833450 92.732391 2780.067871
-234.827164 -225.839661 2780.067871
-584.179993 444.608459 2711.324219
-584.179810 126.036072 2711.324219
-584.186096 -192.535980 2711.324219
-423.606689 199.318451 2706.586914
-327.868866 -39.790756 2689.091309
-152.777740 143.325272 2178.533203
-100.180313 -172.428268 1881.249512
-547.545532 -18.848801 2645.864258
-457.666138 -497.299744 2627.829590
-426.214539 -962.378906 2673.883789
-373.555145 668.248352 2792.313477
-410.818176 427.606598 2746.268066
-236.310181 409.193481 2780.572998
-236.311279 90.620972 2780.572998
-236.304993 -227.951080 2780.572998
-585.326233 446.019714 2711.963135
-585.326050 127.447327 2711.963135
-585.332336 -191.124725 2711.963135
-427.180084 199.171371 2706.888184
-333.807831 -40.842392 2689.080078
-163.279266 145.075958 2250.669922
-114.980560 -205.300781 1914.528076
-553.276123 -17.685318 2645.936523
-460.420105 -495.381958 2623.377686
-424.732788 -958.952515 2679.520508
-372.972992 669.102600 2792.368164
-411.104736 428.755981 2746.687256
-236.818985 409.526672 2781.678467
-236.820084 90.954163 2781.678467
-236.813797 -227.617889 2781.678467
-585.390503 447.985291 2711.696045
-585.390320 129.412903 2711.696045
-585.396606 -189.159149 2711.696045
-428.406219 200.378983 2707.359375
-336.117432 -40.089325 2690.033691
-169.536087 140.821060 2280.251465
-126.886734 -255.867294 1965.180542
-555.297913 -15.906708 2646.029297
-453.690918 -491.866272 2625.729248
-420.419281 -955.941223 2679.760742
-374.097687 667.902771 2792.938232
-411.757263 428.289185 2746.520752
-237.533844 409.677917 2782.132812
-237.534943 91.105408 2782.132812
-237.528656 -227.466644 2782.132812
-585.980652 446.900391 2710.908691
-585.980469 128.328003 2710.908691
-585.986755 -190.244049 2710.908691
-427.899506 199.997620 2706.185303
-334.486603 -39.997040 2688.243408
-174.053772 128.136749 2294.312256
-142.229095 -307.207428 2022.276855
-553.596924 -16.590820 2643.456299
-449.623779 -492.056152 2622.286133
-417.549255 -956.205017 2676.804443
-374.223480 667.616028 2792.652832
-411.622345 427.715424 2745.599854
-237.293304 409.425171 2780.845703
-237.294403 90.852661 2780.845703
-237.288116 -227.719391 2780.845703
-585.951416 446.005676 2710.354004
-585.951233 127.433289 2710.354004
-585.957520 -191.138763 2710.354004
-427.255554 199.520569 2704.504883
-333.263824 -40.175919 2685.573975
-176.253006 108.351532 2292.372070
-160.840668 -345.820526 2086.354248
-552.513672 -17.172653 2641.245850
-448.522247 -492.821777 2624.406494
-418.709961 -956.910034 2680.824463
-375.675812 671.519897 2792.838379
-412.411072 431.071320 2746.021729
-237.714050 413.372437 2779.692871
-237.715149 94.799927 2779.692871
-237.708862 -223.772125 2779.692871
-587.108093 448.770203 2712.350586
-587.107910 130.197815 2712.350586
-587.114197 -188.374237 2712.350586
-427.548279 202.898712 2704.621582
-332.825073 -36.404068 2684.395996
-181.423370 83.545944 2296.334961
-179.717194 -370.540161 2161.325928
-552.545898 -14.143723 2642.046875
-451.917480 -490.652161 2630.060059
-418.343536 -954.989990 2681.966797
-374.885986 672.560608 2794.010498
-410.735535 432.157043 2745.597900
-235.918900 415.414429 2779.130859
-235.919998 96.841919 2779.130859
-235.913712 -221.730133 2779.130859
-585.552185 448.899658 2712.064941
-585.552002 130.327271 2712.064941
-585.558289 -188.244781 2712.064941
-424.453796 204.072144 2703.234863
-328.239502 -34.541290 2681.958984
-181.483017 51.257935 2292.324219
-190.129929 -413.785065 2225.819824
-548.104614 -13.484253 2639.784668
-447.614929 -489.980743 2625.371582
-412.515930 -953.588623 2682.487305
-375.943176 675.678650 2794.272705
-409.334930 434.528198 2745.522705
-234.679291 419.147552 2780.504639
-234.680389 100.575043 2780.504639
-234.674103 -217.997009 2780.504639
-583.990540 449.908813 2710.540771
-583.990356 131.336426 2710.540771
-583.996643 -187.235626 2710.540771
-420.841675 206.413452 2702.677002
-322.514313 -31.373550 2681.830078
-184.505859 9.868458 2299.789795
-201.329315 -455.153046 2289.037598
-542.182556 -12.029007 2637.832520
-444.784912 -489.271362 2633.131836
-413.658386 -954.146179 2680.770508
-375.462402 677.099792 2795.975342
-406.300598 436.130615 2746.022705
-231.749969 422.755493 2782.312012
-231.751068 104.182983 2782.312012
-231.744781 -214.389069 2782.312012
-580.851257 449.505768 2709.733398
-580.851074 130.933380 2709.733398
-580.857361 -187.638672 2709.733398
-414.690857 208.050858 2702.316406
-313.315460 -28.439835 2681.430664
-184.683670 -37.211143 2302.097412
-205.595398 -504.721954 2341.721191
-532.846802 -11.617996 2635.789551
-442.361938 -490.223145 2636.518311
-413.242249 -955.693359 2679.891846
-376.472687 683.291992 2805.870117
-404.567932 442.828613 2749.353271
-230.135803 430.536438 2786.615479
-230.136902 111.963928 2786.615479
-230.130615 -206.608124 2786.615479
-579.000061 455.120789 2712.091064
-578.999878 136.548401 2712.091064
-579.006165 -182.023651 2712.091064
-410.587769 215.312286 2702.479492
-306.925812 -19.933258 2679.035889
-188.919159 -80.067772 2307.415527
-213.875015 -549.323120 2383.727295
-526.289368 -4.474792 2632.175537
-447.333679 -484.722748 2645.053955
-417.434998 -951.152893 2671.408936
-376.381134 685.134277 2808.910400
-402.618439 445.134247 2750.236572
-228.424652 433.592102 2788.834961
-228.425751 115.019592 2788.834961
-228.419464 -203.552460 2788.834961
-576.812195 456.676392 2711.638184
-576.812012 138.104004 2711.638184
-576.818298 -180.468048 2711.638184
-407.044617 217.807861 2702.233887
-301.936066 -16.776352 2678.502197
-192.086823 -134.663727 2320.061279
-216.564758 -607.791443 2424.217285
-521.005554 -2.260696 2629.960205
-454.206635 -484.334839 2644.242188
-419.107971 -950.129761 2676.682129
-376.970856 685.085571 2811.734619
-402.259491 446.371155 2750.448486
-227.806458 435.419434 2788.022949
-227.807556 116.846924 2788.022949
-227.801270 -201.725128 2788.022949
-576.712585 457.322876 2712.874023
-576.712402 138.750488 2712.874023
-576.718689 -179.821564 2712.874023
-405.848633 219.352798 2700.943848
-299.737152 -14.552292 2675.066895
-195.269760 -185.203766 2333.039307
-218.508728 -656.767578 2454.117188
-519.138367 -0.778824 2627.811523
-459.061096 -483.627197 2647.736816
-423.764557 -949.769897 2676.291016
-376.684265 684.962158 2811.991699
-401.049255 446.875427 2749.362549
-226.170792 436.694092 2785.113770
-226.171890 118.121582 2785.113770
-226.165604 -200.450470 2785.113770
-575.927673 457.056763 2713.611328
-575.927490 138.484375 2713.611328
-575.933777 -180.087677 2713.611328
-404.051727 219.940903 2699.422119
-297.081451 -13.396179 2671.963867
-198.005524 -229.085602 2357.360107
-216.625015 -704.367554 2479.898926
-517.026978 -0.591064 2626.999512
-461.191742 -483.855530 2650.950928
-426.063965 -949.843567 2682.968018
-375.515015 685.789490 2813.748047
-399.380096 448.440430 2748.263916
-224.517395 438.298920 2784.133789
-224.518494 119.726410 2784.133789
-224.512207 -198.845642 2784.133789
-574.242798 458.581940 2712.394043
-574.242615 140.009552 2712.394043
-574.248901 -178.562500 2712.394043
-402.084656 221.716125 2697.346680
-294.833527 -11.385284 2668.984863
-201.014908 -270.632263 2381.968506
-214.824661 -750.773254 2503.237793
-514.744934 1.368927 2623.874023
-460.395813 -481.635742 2655.561523
-427.309448 -948.346863 2673.980469
-372.740662 689.092651 2816.145020
-396.991577 451.903137 2749.052002
-222.211304 441.150391 2785.177490
-222.212402 122.577881 2785.177490
-222.206116 -195.994171 2785.177490
-571.771912 462.655884 2712.926514
-571.771729 144.083496 2712.926514
-571.778015 -174.488556 2712.926514
-400.137665 225.472733 2696.876465
-293.378632 -7.719193 2667.417236
-206.620819 -297.682983 2417.141357
-220.878677 -761.080200 2548.072266
-513.188843 5.803848 2621.984619
-463.502136 -477.318848 2659.291260
-426.983612 -943.802124 2679.586426
-368.667572 686.482910 2803.866699
-393.616577 447.945679 2743.398926
-218.949631 436.791504 2779.931641
-218.950729 118.218994 2779.931641
-218.944443 -200.353058 2779.931641
-568.283508 459.099854 2706.866211
-568.283325 140.527466 2706.866211
-568.289612 -178.044586 2706.866211
-397.896301 220.815125 2694.513184
-292.338104 -13.329666 2668.600830
-211.916046 -336.825012 2449.820068
-220.743042 -791.737061 2586.301758
-512.013977 0.698776 2622.654053
-461.710815 -482.071655 2664.063477
-431.668030 -949.001648 2685.225586
-366.958923 691.741333 2807.615479
-388.069794 452.714508 2745.047607
-214.004166 443.866791 2784.871094
-214.005264 125.294281 2784.871094
-213.998978 -193.277771 2784.871094
-562.135437 461.562225 2705.224121
-562.135254 142.989838 2705.224121
-562.141541 -175.582214 2705.224121
-387.892456 226.047562 2693.913086
-278.246368 -6.183655 2667.823242
-204.490189 -401.985504 2499.771240
-208.238571 -858.960083 2614.822754
-497.183868 4.944885 2617.733887
-446.814270 -477.921356 2658.410400
-417.856537 -944.934814 2680.452881
-363.260071 693.498230 2810.361084
-385.313202 454.784058 2744.559326
-211.442261 445.233398 2785.110596
-211.443359 126.660889 2785.110596
-211.437073 -191.911163 2785.110596
-559.184082 464.334717 2704.008057
-559.183899 145.762329 2704.008057
-559.190186 -172.809723 2704.008057
-385.416504 228.500473 2691.708008
-276.206848 -3.787613 2664.351318
-218.456253 -441.013306 2539.879639
-230.968109 -900.239746 2636.349854
-494.832764 8.221390 2613.362061
-460.312195 -474.742920 2664.087158
-430.503967 -941.968323 2678.421631
-359.288757 689.978027 2801.006348
-382.417786 450.035095 2739.868652
-208.173584 440.618561 2778.842285
-208.174683 122.046051 2778.842285
-208.168396 -196.526001 2778.842285
-556.662048 459.451660 2700.895020
-556.661865 140.879272 2700.895020
-556.668152 -177.692780 2700.895020
-383.411652 223.182434 2689.501465
-274.848297 -9.590958 2663.639160
-225.892395 -470.266052 2582.682617
-236.324707 -932.530457 2657.870361
-493.962738 2.250473 2614.629395
-460.934296 -480.059937 2673.172363
-434.615631 -947.625793 2682.810303
-357.108551 692.828125 2808.238770
-379.743195 454.004578 2741.650635
-205.190384 444.219055 2779.045898
-205.191483 125.646545 2779.045898
-205.185196 -192.925507 2779.045898
-554.296021 463.790161 2704.255371
-554.295837 145.217773 2704.255371
-554.302124 -173.354279 2704.255371
-380.589996 228.289673 2686.538574
-271.671875 -3.578751 2654.942139
-229.737976 -476.803589 2607.469971
-236.637772 -941.525635 2662.481445
-491.201721 8.728256 2607.910889
-459.376953 -473.108765 2671.616455
-432.693115 -940.741455 2675.089111
-352.779785 695.137878 2811.298584
-376.609467 456.291443 2741.764893
-201.834183 445.560516 2777.852783
-201.835281 126.988007 2777.852783
-201.828995 -191.584045 2777.852783
-551.384705 467.022400 2705.677002
-551.384521 148.450012 2705.677002
-551.390808 -170.122040 2705.677002
-378.651672 231.063385 2684.682617
-270.789093 -0.912674 2650.293701
-238.757263 -480.762573 2634.364258
-238.600861 -946.043945 2686.478027
-490.598663 12.583298 2604.906982
-462.225861 -466.872009 2684.643066
-434.069000 -934.354004 2679.217773
-351.910767 692.189026 2812.891846
-375.082214 454.901489 2739.882080
-200.284119 443.974854 2775.835938
-200.285217 125.402344 2775.835938
-200.278931 -193.169708 2775.835938
-549.880310 465.828156 2703.928223
-549.880127 147.255768 2703.928223
-549.886414 -171.316284 2703.928223
-377.005615 230.144104 2680.927734
-269.013275 -1.484146 2644.581787
-240.697891 -483.547302 2660.400879
-238.199814 -950.370850 2691.247314
-488.844757 12.257553 2599.364990
-462.257599 -465.758728 2688.351318
-430.688995 -933.021851 2679.987549
-348.632172 692.754028 2816.161133
-372.625153 456.745453 2739.730957
-197.841080 444.742493 2775.422363
-197.842178 126.169983 2775.422363
-197.835892 -192.402069 2775.422363
-547.409302 468.748413 2704.040039
-547.409119 150.176025 2704.040039
-547.415405 -168.396027 2704.040039
-375.475647 232.653839 2678.328125
-268.415924 1.014359 2639.369141
-245.302551 -481.229736 2680.205566
-238.871841 -948.820557 2693.677246
-488.236359 16.110092 2594.481445
-465.225830 -459.505249 2696.163086
-433.614044 -926.769043 2685.985352
-346.516418 692.662109 2814.241943
-370.734192 456.915070 2737.887207
-195.822083 444.744568 2772.915771
-195.823181 126.172058 2772.915771
-195.816895 -192.399994 2772.915771
-545.646240 469.085571 2702.858643
-545.646057 150.513184 2702.858643
-545.652344 -168.058868 2702.858643
-374.004730 232.854218 2676.369385
-267.287476 1.140335 2636.878174
-246.539215 -477.539490 2710.491211
-238.907166 -941.581665 2674.362305
-487.263062 16.446396 2592.824951
-467.728577 -457.080078 2704.657715
-431.895874 -923.936829 2690.879150
-344.810181 693.381653 2814.296875
-368.238495 457.998108 2736.664551
-193.277908 445.852722 2771.454834
-193.279007 127.280212 2771.454834
-193.272720 -191.291840 2771.454834
-543.199097 470.143524 2701.874268
-543.198914 151.571136 2701.874268
-543.205200 -167.000916 2701.874268
-371.379700 234.159149 2674.318848
-264.500580 2.682785 2633.850342
-246.102646 -475.936829 2715.697510
-237.925049 -940.567749 2670.355225
-484.541229 17.957565 2590.095947
-464.955536 -453.170593 2711.773438
-426.446472 -919.315308 2687.868652
-341.317780 691.935120 2816.219238
-364.832489 457.797638 2736.475342
-189.677109 445.785492 2770.296631
-189.678207 127.212982 2770.296631
-189.671921 -191.359070 2770.296631
-539.987915 469.809784 2702.654053
-539.987732 151.237396 2702.654053
-539.994019 -167.334656 2702.654053
-367.815247 234.396301 2672.578125
-260.651154 3.441101 2629.949463
-245.278564 -471.463379 2732.556885
-236.703201 -933.698364 2665.306885
-480.944855 18.548828 2587.412354
-462.768219 -451.052887 2715.362549
-426.963043 -917.485657 2691.601807
-338.773682 692.075989 2814.767090
-361.851654 457.864929 2735.530762
-186.763199 445.948944 2769.703857
-186.764297 127.376434 2769.703857
-186.758011 -191.195618 2769.703857
-536.940125 469.780945 2701.357666
-536.939941 151.208557 2701.357666
-536.946228 -167.363495 2701.357666
-364.558746 234.485657 2671.509277
-257.158844 3.612808 2628.978027
-242.583725 -469.278625 2742.481445
-238.206787 -931.449707 2670.325195
-477.372864 18.599930 2585.997559
-460.393341 -450.671997 2715.614258
-428.848267 -917.538696 2694.150879
-335.561920 692.374634 2815.585693
-357.269012 457.139832 2737.721191
-182.191315 446.665771 2772.401123
-182.192413 128.093262 2772.401123
-182.186127 -190.478790 2772.401123
-532.346680 467.613892 2703.041260
-532.346497 149.041504 2703.041260
-532.352783 -169.530548 2703.041260
-357.927734 233.780075 2673.587402
-248.483170 3.833344 2631.263184
-238.393936 -468.188904 2750.012695
-232.541367 -930.139221 2674.457520
-468.689758 17.007294 2587.644043
-455.264740 -450.810242 2722.807617
-421.943787 -917.597290 2701.656738
-332.835846 696.040405 2816.236572
-352.367889 459.867920 2738.211670
-177.751480 449.823608 2775.231201
-177.752579 131.251099 2775.231201
-177.746292 -187.320953 2775.231201
-526.984314 469.912231 2701.192139
-526.984131 151.339844 2701.192139
-526.990417 -167.232208 2701.192139
-351.836395 236.241272 2675.029297
-241.490875 6.297897 2635.128174
-236.584900 -466.044312 2753.625244
-235.728729 -927.376343 2673.398682
-461.118927 18.931351 2588.565674
-456.323639 -447.260620 2729.554932
-420.033142 -912.447876 2691.470459
-329.589996 692.907593 2814.580078
-348.516602 457.503418 2735.951904
-174.173843 447.641174 2774.309326
-174.174942 129.068665 2774.309326
-174.168655 -189.503387 2774.309326
-522.859375 467.365662 2697.594482
-522.859192 148.793274 2697.594482
-522.865479 -169.778778 2697.594482
-347.253784 233.890594 2672.718018
-236.359695 4.076126 2633.604248
-238.004227 -470.443176 2743.064941
-236.596130 -932.006165 2663.504395
-455.622253 16.479385 2585.364014
-460.113556 -447.402649 2733.564453
-417.004120 -910.567444 2681.595215
-327.667694 693.435425 2813.850830
-345.888367 457.740173 2735.819580
-171.893066 447.884216 2775.725586
-171.894165 129.311707 2775.725586
-171.887878 -189.260345 2775.725586
-519.883667 467.596191 2695.913574
-519.883484 149.023804 2695.913574
-519.889771 -169.548248 2695.913574
-344.254944 233.898926 2673.413330
-233.205841 3.859787 2636.101562
-236.990112 -469.923828 2749.102539
-240.057800 -930.895630 2666.094727
-452.037201 16.255539 2585.912598
-458.047729 -448.822388 2730.587891
-423.442291 -913.847290 2690.296387
-323.176697 693.704590 2804.250488
-340.522888 455.306152 2732.965576
-167.217438 447.218140 2775.994629
-167.218536 128.645630 2775.994629
-167.212250 -189.926422 2775.994629
-513.828308 463.394165 2689.936523
-513.828125 144.821777 2689.936523
-513.834412 -173.750275 2689.936523
-336.718536 230.261841 2675.342285
-223.910904 0.130432 2644.782715
-231.700562 -474.865204 2752.465820
-233.013428 -937.061279 2676.599121
-441.917450 10.304626 2590.655273
-451.601715 -454.310730 2736.775146
-415.419556 -918.619385 2688.621094
-317.168396 691.628113 2798.412109
-333.545837 452.337341 2731.924316
-160.476151 445.602661 2776.170410
-160.477249 127.030151 2776.170410
-160.470963 -191.541901 2776.170410
-506.615540 459.072052 2687.678223
-506.615356 140.499664 2687.678223
-506.621643 -178.072388 2687.678223
-328.477173 226.464310 2677.718262
-214.579498 -3.643616 2651.334961
-230.681274 -480.292999 2749.958008
-233.687180 -942.619019 2674.628174
-432.237518 4.826141 2595.689453
-451.339264 -461.072815 2736.422363
-413.133911 -924.632263 2682.054688
-316.882599 688.558655 2795.396729
-331.982178 448.689484 2731.160400
-158.785919 443.439728 2775.159668
-158.787018 124.867218 2775.159668
-158.780731 -193.704834 2775.159668
-505.178467 453.939240 2687.161133
-505.178284 135.366852 2687.161133
-505.184570 -183.205200 2687.161133
-325.424866 222.501373 2678.361084
-209.958221 -6.987900 2653.229492
-237.157364 -483.659729 2749.144531
-237.967865 -945.188477 2669.034424
-427.776855 -0.385574 2597.894043
-457.235535 -467.345459 2732.996094
-415.905823 -930.490417 2676.717529
-315.200317 689.411011 2794.220947
-332.205597 448.703308 2731.008301
-158.608124 442.801483 2773.349121
-158.609222 124.228973 2773.349121
-158.602936 -194.343079 2773.349121
-505.803040 454.605164 2688.666992
-505.802856 136.032776 2688.666992
-505.809143 -182.539276 2688.666992
-327.046478 222.444275 2678.318359
-212.725372 -7.525986 2652.253418
-241.978790 -487.138184 2730.019531
-246.297577 -952.096558 2687.086426
-431.049377 -0.103561 2599.003418
-459.185211 -470.387268 2722.160889
-425.742584 -935.707397 2685.702637
-314.922150 689.940308 2793.462891
-327.966034 448.515930 2731.722412
-154.822693 445.571045 2776.112305
-154.823792 126.998535 2776.112305
-154.817505 -191.573517 2776.112305
-501.109344 451.460815 2687.332520
-501.109161 132.888428 2687.332520
-501.115448 -185.683624 2687.332520
-318.592590 222.151337 2680.144043
-200.331512 -6.065277 2656.481934
-222.913025 -484.832581 2742.077637
-233.847656 -948.373413 2683.141846
-418.106781 -2.361267 2600.649414
-441.446808 -473.129425 2723.401123
-415.617035 -939.481812 2691.928467
-314.904022 689.737244 2793.581299
-326.737762 447.956543 2731.437256
-153.844101 445.770691 2776.867920
-153.845200 127.198181 2776.867920
-153.838913 -191.373871 2776.867920
-499.631439 450.142395 2686.006592
-499.631256 131.570007 2686.006592
-499.637543 -187.002045 2686.006592
-316.124878 221.563446 2680.155762
-196.802933 -6.204025 2657.439453
-234.536072 -484.325745 2740.892334
-242.013092 -947.306274 2673.897461
-414.221039 -3.455276 2600.309082
-447.682770 -475.455322 2715.405273
-427.679504 -942.768188 2699.225098
-314.661346 688.789673 2793.563721
-325.977753 447.527588 2731.449219
-152.988571 445.418732 2776.559326
-152.989670 126.846222 2776.559326
-152.983383 -191.725830 2776.559326
-498.966949 449.636444 2686.339111
-498.966766 131.064056 2686.339111
-498.973053 -187.507996 2686.339111
-315.357971 221.133789 2680.140869
-195.964050 -6.586044 2657.197510
-237.749832 -486.145508 2730.276611
-244.061798 -951.665771 2687.094727
-413.512329 -3.933975 2600.467529
-454.787292 -475.280334 2715.959473
-429.434509 -942.533081 2699.648682
-314.451477 692.075073 2804.012207
-325.195709 453.396301 2736.283936
-152.110550 450.535828 2780.995850
-152.111649 131.963318 2780.995850
-152.105362 -186.608734 2780.995850
-498.280853 456.256775 2691.572021
-498.280670 137.684387 2691.572021
-498.286957 -180.887665 2691.572021
-314.811646 227.782486 2681.652344
-195.586655 0.369934 2655.136719
-234.876877 -478.219971 2736.163330
-245.597366 -941.561768 2674.009277
-413.268524 3.967438 2598.904785
-455.540131 -466.966309 2716.083984
-428.393677 -934.018982 2694.767090
-313.791901 691.851440 2809.777832
-324.673065 454.884460 2737.977051
-151.627106 451.532776 2782.825684
-151.628204 132.960266 2782.825684
-151.621918 -185.611786 2782.825684
-497.719055 458.236145 2693.128418
-497.718872 139.663757 2693.128418
-497.725159 -178.908295 2693.128418
-314.306488 229.807587 2681.157471
-195.123444 2.623062 2652.540039
-235.324585 -475.541443 2736.258057
-244.234863 -938.350708 2667.327637
-412.756348 6.838364 2596.135742
-454.108307 -463.165955 2717.425781
-429.107788 -930.302002 2693.870117
-313.403870 691.210266 2811.672852
-324.524567 454.134216 2737.778320
-151.528152 450.208252 2782.787109
-151.529251 131.635742 2782.787109
-151.522964 -186.936310 2782.787109
-497.520996 458.060150 2692.769531
-497.520813 139.487762 2692.769531
-497.527100 -179.084290 2692.769531
-314.517670 229.356506 2679.709473
-195.725525 2.110062 2649.943604
-236.507690 -475.268677 2738.007812
-243.654251 -937.598694 2664.342529
-413.296021 7.047562 2593.337646
-448.011200 -462.850708 2717.026855
-434.385315 -930.335510 2692.915283
-313.082275 690.572815 2812.920654
-324.664001 453.882172 2737.784668
-151.253128 449.981812 2781.149902
-151.254227 131.409302 2781.149902
-151.247940 -187.162750 2781.149902
-498.074890 457.782532 2694.419434
-498.074707 139.210144 2694.419434
-498.080994 -179.361908 2694.419434
-315.079773 229.203552 2679.250977
-196.445435 2.072189 2647.987549
-238.394699 -474.612610 2739.361816
-245.059341 -937.085571 2665.684570
-414.545654 6.977676 2593.447021
-451.072937 -463.113281 2716.026367
-430.399963 -930.549927 2695.887695
-312.316528 691.166077 2813.695312
-323.928741 454.380066 2738.549561
-150.659653 450.131989 2782.461426
-150.660751 131.559479 2782.461426
-150.654465 -187.012573 2782.461426
-497.197815 458.628174 2694.637695
-497.197632 140.055786 2694.637695
-497.203918 -178.516266 2694.637695
-314.555817 229.738403 2679.833496
-196.228043 2.425446 2648.729980
-238.919891 -472.970459 2746.203857
-243.089233 -934.322266 2665.585205
-414.137756 7.768005 2593.504883
-449.842804 -463.896088 2710.069092
-428.703552 -931.606995 2701.084961
-311.427612 691.466797 2814.095215
-323.497711 454.794891 2739.148438
-150.337418 450.243652 2783.473389
-150.338516 131.671143 2783.473389
-150.332230 -186.900909 2783.473389
-496.657990 459.346130 2694.823486
-496.657806 140.773743 2694.823486
-496.664093 -177.798309 2694.823486
-314.357849 230.158905 2680.377197
-196.331741 2.661026 2649.478271
-240.574142 -472.820679 2745.990479
-242.850571 -934.594055 2667.414307
-414.104248 8.384811 2593.733643
-447.538391 -463.948730 2708.337158
-431.404541 -931.976562 2702.185303
-310.425232 692.263977 2813.696045
-324.544556 455.322510 2739.233643
-151.269165 448.766785 2782.822998
-151.270264 130.194275 2782.822998
-151.263977 -188.377777 2782.822998
-497.819946 461.878296 2695.644287
-497.819763 143.305908 2695.644287
-497.826050 -175.266144 2695.644287
-318.315979 230.542755 2680.667480
-203.123047 1.640396 2649.512451
-246.364288 -473.816895 2746.684082
-249.312744 -935.596802 2667.956055
-421.051758 9.885574 2594.690186
-455.744598 -461.806763 2711.594482
-437.059723 -929.695740 2700.763916
-311.339203 693.782471 2814.473389
-326.400330 456.711334 2739.605225
-152.980499 449.702698 2782.572021
-152.981598 131.130188 2782.572021
-152.975311 -187.441864 2782.572021
-499.820160 463.719971 2696.638428
-499.819977 145.147583 2696.638428
-499.826263 -173.424469 2696.638428
-320.878754 232.008957 2680.666504
-206.312576 2.899612 2648.744873
-241.987518 -474.996399 2735.670654
-245.784775 -939.698914 2682.280518
-424.401764 11.713547 2594.710693
-449.677582 -459.757324 2714.530518
-434.726715 -927.641602 2698.574707
-310.820465 694.467651 2814.386719
-326.068024 456.825165 2739.775391
-152.639236 449.434143 2782.703613
-152.640335 130.861633 2782.703613
-152.634048 -187.710419 2782.703613
-499.496826 464.216187 2696.847168
-499.496643 145.643799 2696.847168
-499.502930 -172.928253 2696.847168
-321.035675 232.138458 2680.760254
-206.958679 2.804596 2648.736572
-236.629211 -476.412689 2730.650635
-244.035599 -942.696777 2693.205078
-425.047974 12.098907 2594.753662
-448.920959 -459.084900 2716.191650
-432.043671 -926.906860 2699.143311
