-323.090240 697.518311 2781.798340
-320.082733 471.556671 2711.686523
-125.329567 459.675507 2755.037598
-77.453018 115.546356 2753.796631
-47.303696 -196.552887 2630.578857
-514.835938 483.437836 2668.335449
-514.835754 164.865448 2668.335449
-514.842041 -153.706604 2668.335449
-319.928955 236.801239 2646.656738
-210.222183 -4.637604 2606.012939
-233.049240 -471.985199 2741.541748
-245.094040 -934.710022 2669.638184
-429.328156 8.729218 2557.240967
-435.711243 -454.981140 2706.326904
-423.562836 -923.144897 2695.534668
-321.771454 697.096924 2783.761475
-317.609985 471.293396 2712.298828
-123.047585 459.291077 2756.485352
-76.727669 105.772125 2750.908203
-62.326397 -206.837677 2624.381104
-512.172363 483.295715 2668.112305
-512.172180 164.723328 2668.112305
-512.178467 -153.848724 2668.112305
-317.130859 236.750824 2646.480957
-207.211197 -4.543015 2605.517822
-232.041595 -472.426697 2738.960205
-243.796463 -935.368896 2668.246826
-426.092285 8.959488 2555.808350
-430.297333 -454.357361 2706.326904
-424.681946 -922.512573 2691.991943
-318.106537 699.080322 2774.750488
-315.227936 471.959961 2709.374268
-120.424706 460.711273 2752.692139
-76.855270 98.892944 2749.456299
-73.269363 -215.771454 2620.366455
-510.031158 483.208679 2666.056396
-510.030975 164.636292 2666.056396
-510.037262 -153.935760 2666.056396
-314.912170 236.544128 2646.822021
-205.018265 -5.199188 2608.636475
-231.207932 -472.061859 2745.400146
-245.093155 -933.326782 2665.309814
-424.174530 7.455750 2559.903076
-427.113312 -455.240082 2712.420654
-428.300812 -923.490540 2701.062256
-316.995270 700.631226 2779.738525
-313.673248 474.332031 2711.241211
-119.008438 462.774658 2755.109131
-77.425995 102.445892 2756.235840
-72.539673 -213.192596 2625.709717
-508.338043 485.889404 2667.373291
-508.337860 167.317017 2667.373291
-508.344147 -151.255035 2667.373291
-313.138184 239.373444 2646.965088
-203.104004 -2.086166 2607.364746
-233.391998 -468.682312 2744.204102
-245.519257 -928.801880 2657.477051
-422.102234 10.915878 2558.013184
-426.789764 -455.256836 2699.039551
-428.750275 -923.555664 2698.954102
-314.599487 699.261719 2771.232178
-311.619263 471.536255 2707.153320
-117.159721 460.033783 2751.937256
-76.958389 116.612793 2755.681641
-69.786453 -202.781555 2633.015869
-506.078796 483.038727 2662.369385
-506.078613 164.466339 2662.369385
-506.084900 -154.105713 2662.369385
-311.492188 235.746750 2646.040527
-201.980072 -6.512985 2610.119141
-234.254089 -471.057617 2753.234375
-245.062500 -930.490540 2662.585449
-420.750153 6.427475 2559.736328
-428.213837 -460.086792 2699.769775
-429.060608 -928.406738 2705.606201
-313.874481 702.419800 2777.981934
-310.721588 475.842834 2711.075928
-116.550957 463.736084 2756.933838
-76.973022 117.809387 2759.348877
-66.699341 -199.428009 2632.793945
-504.892242 487.949585 2665.218018
-504.892059 169.377197 2665.218018
-504.898346 -149.194855 2665.218018
-310.418091 240.647034 2647.697754
-200.891037 -1.358963 2610.115234
-231.604568 -468.790161 2743.605469
-246.443298 -930.062744 2664.176025
-419.338165 12.261459 2558.523926
-426.084869 -455.299988 2695.175537
-432.384735 -923.407104 2708.322998
-313.379242 702.392090 2781.362793
-310.291046 476.816589 2712.887207
-116.122887 464.607910 2758.742188
-76.987862 109.401184 2759.183350
-71.627052 -207.283234 2628.993652
-504.459198 489.025330 2667.032227
-504.459015 170.452942 2667.032227
-504.465302 -148.119110 2667.032227
-309.795776 241.951111 2648.257812
-200.081009 0.218216 2609.421875
-230.307358 -468.244263 2739.575684
-245.804153 -929.999023 2662.585938
-418.520020 13.953018 2557.834961
-427.802429 -452.337280 2698.633057
-428.967957 -920.527466 2698.387207
-311.144684 701.248657 2785.038818
-307.556396 475.604797 2714.353516
-113.898926 462.392670 2762.011963
-75.988113 106.203094 2758.596436
-74.977699 -213.811066 2631.597412
-501.213867 488.816925 2666.695068
-501.213684 170.244537 2666.695068
-501.219971 -148.327515 2666.695068
-307.358978 241.064972 2648.531006
-198.222321 -0.907150 2609.518066
-230.817245 -469.542969 2738.600830
-244.811783 -931.851196 2664.452393
-416.100800 13.957443 2555.898926
-425.489563 -451.306213 2700.097168
-429.319794 -919.510864 2692.728271
-312.596405 699.875000 2784.880127
-309.097778 474.974030 2713.499023
-114.924393 462.150055 2759.098389
-76.092697 117.018646 2758.549072
-69.214401 -206.064240 2637.270752
-503.271179 487.798004 2667.899658
-503.270996 169.225616 2667.899658
-503.277283 -149.346436 2667.899658
-309.044861 240.523346 2647.338623
-199.764984 -1.141113 2606.828857
-233.812698 -469.772125 2735.636475
-249.560059 -932.569580 2664.868652
-418.218903 13.286438 2555.527588
-432.287384 -452.271362 2698.375977
-431.519043 -920.590576 2697.080811
-311.760712 701.685303 2786.303955
-308.566132 476.745697 2714.978027
-114.369461 463.321167 2760.339844
-77.032715 118.996460 2759.775146
-65.673500 -200.578369 2629.862549
-502.762787 490.170227 2669.616211
-502.762604 171.597839 2669.616211
-502.768890 -146.974213 2669.616211
-309.251099 242.370102 2648.548584
-200.703201 0.443405 2607.634521
-231.879837 -465.902161 2744.905029
-247.949432 -927.076050 2664.726318
-419.168945 15.545609 2556.603760
-432.442078 -450.492920 2698.019775
-427.726624 -918.856750 2697.613525
-311.139343 699.207214 2785.514648
-308.627563 474.844116 2713.896729
-114.159943 461.449951 2758.098389
-77.514954 119.996460 2758.884521
-60.533688 -199.066376 2625.618896
-503.095215 488.238251 2669.695068
-503.095032 169.665863 2669.695068
-503.101318 -148.906189 2669.695068
-309.582520 240.569946 2647.107422
-201.148666 -1.238464 2605.181641
-231.955002 -468.905884 2738.070801
-247.573196 -930.661133 2660.911377
-419.926270 13.830048 2555.454590
-430.561890 -452.784119 2695.193359
-428.352661 -921.200317 2697.163574
-311.680023 700.744202 2785.119385
-309.667175 475.390472 2713.740967
-114.939507 462.188293 2756.846436
-76.754539 118.999390 2759.436035
-57.585808 -198.785004 2621.148682
-504.394836 488.592651 2670.635498
-504.394653 170.020264 2670.635498
-504.400940 -148.551788 2670.635498
-310.811371 241.062195 2647.140625
-202.420212 -0.692383 2604.787354
-231.344803 -464.824738 2749.510498
-248.451248 -923.720215 2658.092529
-421.490936 14.160217 2556.293213
-431.584076 -452.192871 2696.976318
-429.690125 -920.643799 2697.689697
-311.274628 701.865356 2785.419189
-309.156555 475.760742 2714.634766
-114.911507 461.976746 2759.661377
-76.380104 118.996674 2760.720215
-58.999023 -198.610626 2619.573730
-503.401611 489.544739 2669.608154
-503.401428 170.972351 2669.608154
-503.407715 -147.599701 2669.608154
-310.449280 241.317535 2648.441406
-202.473816 -0.879532 2607.576660
-232.257553 -467.197327 2745.048096
-246.557922 -928.511353 2666.545654
-421.010193 14.628220 2556.919434
-431.930359 -451.547607 2698.145996
-427.268921 -919.977112 2696.250488
-310.960876 703.125488 2785.059082
-309.406219 476.934204 2714.711426
-115.240601 462.999390 2760.063477
-74.687851 117.496246 2760.357910
-56.923363 -198.775818 2618.042480
-503.571838 490.869019 2669.359375
-503.571655 172.296631 2669.359375
-503.577942 -146.275421 2669.359375
-310.865692 242.386200 2648.893066
-203.109146 -0.000015 2608.584717
-235.651733 -467.898499 2740.038818
-246.724197 -930.258545 2666.600830
-421.541199 15.676376 2557.564697
-433.253845 -451.196350 2696.394043
-427.795105 -919.634338 2695.805664
-311.204926 700.163574 2784.894287
-310.186920 474.233765 2714.330078
-115.691856 460.597290 2758.335693
-76.345016 115.746643 2760.176270
-55.850319 -198.938690 2617.283447
-504.681976 487.870209 2670.324463
-504.681793 169.297821 2670.324463
-504.688080 -149.274231 2670.324463
-311.612488 239.831451 2647.994141
-203.632278 -2.241516 2606.411865
-233.376389 -469.980865 2739.284668
-248.218719 -931.588196 2661.491455
-422.443817 13.099823 2556.904541
-433.068451 -454.604340 2692.980225
-426.333893 -923.020386 2695.163818
-312.972626 699.536926 2784.301514
-312.147919 473.842163 2714.622803
-117.552513 460.076538 2758.159180
-77.164742 114.874054 2758.574707
-55.298180 -198.781372 2616.852051
-506.743317 487.607758 2671.086426
-506.743134 169.035370 2671.086426
-506.749420 -149.536682 2671.086426
-314.046875 239.260498 2648.939209
-206.486328 -3.064285 2607.744873
-238.331345 -473.215820 2731.019775
-248.525452 -938.018066 2681.760498
-425.405334 12.421982 2558.766357
-436.218994 -454.922668 2696.077881
-428.064392 -923.315857 2699.363770
-314.575775 699.070496 2784.524902
-312.969910 474.197632 2714.075195
-118.305664 460.413513 2757.307373
-77.073135 112.930634 2759.782227
-54.967331 -198.928528 2616.708252
-507.634155 487.981689 2670.843018
-507.633972 169.409302 2670.843018
-507.640259 -149.162750 2670.843018
-314.938171 239.679489 2648.164062
-207.407364 -2.592224 2606.571045
-238.740219 -474.364777 2723.750977
-243.859634 -940.871826 2691.069824
-426.405487 12.914948 2557.934814
-431.616180 -455.480499 2691.804443
-427.619049 -923.917969 2694.717529
-315.076630 704.157715 2784.625977
-314.635590 478.445068 2715.625000
-119.760399 464.674316 2757.895020
-78.030937 112.966797 2756.381592
-54.643379 -199.362671 2618.051758
-509.510773 492.215881 2673.354980
-509.510590 173.643494 2673.354980
-509.516876 -144.928558 2673.354980
-317.025635 243.795471 2650.199219
-209.796097 1.399628 2608.550781
-240.939285 -471.063416 2723.174072
-244.748215 -938.313354 2696.128174
-429.035248 16.892090 2560.996094
-436.295105 -450.897491 2696.931396
-428.288361 -919.280518 2697.207520
-315.166931 700.806885 2774.194336
-316.222198 472.610229 2711.482178
-121.222038 458.926880 2753.206055
-78.009712 114.987305 2753.689941
-54.598572 -199.474426 2622.901123
-511.222382 486.293579 2669.758301
-511.222198 167.721191 2669.758301
-511.228485 -150.850861 2669.758301
-319.467407 237.087921 2649.409180
-213.023956 -6.131332 2610.806152
-241.764328 -479.266235 2723.355957
-245.579605 -946.679749 2695.352539
-432.401276 9.262558 2563.866211
-436.168732 -460.414124 2693.109619
-429.362122 -928.819580 2695.772949
-316.910980 698.421143 2770.478027
-318.100342 469.388611 2710.084717
-122.872025 456.537292 2750.987549
-78.499626 113.499054 2753.843262
-54.631340 -199.871246 2622.869873
-513.328674 482.239868 2669.181885
-513.328491 163.667480 2669.181885
-513.334778 -154.904572 2669.181885
-321.093140 233.296356 2650.191406
-214.267166 -10.024918 2613.306641
-240.467453 -484.706726 2719.675537
-243.984436 -952.580139 2699.857910
-433.904724 4.433151 2567.289551
-436.576721 -465.920532 2694.198975
-426.814209 -934.255798 2698.987305
-321.454498 696.893188 2777.092773
-320.917542 469.290710 2712.301025
-125.250839 457.951324 2751.464111
-78.263237 111.741211 2751.403564
-54.834007 -200.538940 2623.137939
-516.584229 480.630127 2673.137939
-516.584045 162.057739 2673.137939
-516.590332 -156.514313 2673.137939
-322.059509 233.858612 2649.838867
-213.131088 -7.952377 2609.407471
-238.445999 -483.742493 2710.972168
-241.481400 -951.797424 2693.481201
-433.271881 4.805374 2565.345947
-436.709869 -465.648560 2691.951904
-421.604462 -933.703003 2686.415283
-324.102814 694.175415 2769.925781
-322.754578 465.250183 2709.757812
-126.858932 456.358612 2748.364990
-77.123703 110.377319 2753.712402
-63.414558 -201.511841 2625.826660
-518.650208 474.141754 2671.150635
-518.650024 155.569366 2671.150635
-518.656311 -163.002686 2671.150635
-321.953217 228.830688 2651.242188
-210.954620 -12.590591 2614.444336
-234.153320 -488.805664 2714.625977
-240.628708 -957.009338 2703.174805
-431.349091 -2.587021 2571.008789
-436.870636 -471.963745 2701.447998
-420.360504 -939.867798 2689.098633
-327.785858 696.572388 2777.323242
-324.269043 469.296692 2713.843506
-128.283859 461.424377 2752.265381
-77.564941 110.688080 2754.851318
-63.602577 -199.548462 2624.423584
-520.254211 477.168945 2675.421631
-520.254028 158.596558 2675.421631
-520.260315 -159.975494 2675.421631
-321.828369 233.445541 2653.070312
-209.149506 -6.833618 2613.908691
-235.647354 -485.073334 2702.241211
-241.067871 -953.405090 2697.931641
-429.625916 2.022430 2570.685547
-435.185730 -471.207733 2685.279541
-422.799072 -939.212891 2687.622070
-328.333344 698.665344 2781.035645
-324.175293 471.567505 2717.155762
-128.452484 463.929016 2756.949707
-76.284149 110.845184 2754.434082
-67.064392 -200.923370 2626.523438
-519.898132 479.205994 2677.361816
-519.897949 160.633606 2677.361816
-519.904236 -157.938446 2677.361816
-320.914154 235.837891 2655.867676
-207.558563 -4.188385 2616.963867
-235.713730 -483.353333 2699.911377
-240.982498 -951.748840 2697.153809
-427.747467 4.404938 2572.195312
-437.126617 -470.219879 2681.025635
-422.963837 -938.279175 2687.134033
-332.832977 699.570740 2783.383789
-328.985138 472.927917 2718.774902
-133.062576 465.826874 2757.693115
-79.643265 113.425232 2745.210938
-71.420586 -200.852753 2627.745605
-524.907776 480.028992 2679.856689
-524.907593 161.456604 2679.856689
-524.913879 -157.115448 2679.856689
-325.345825 237.202637 2657.443359
-211.500320 -2.516998 2618.003418
-240.947037 -484.473297 2678.623291
-246.262558 -952.362610 2693.102051
-431.912689 5.471680 2574.220215
-445.588348 -470.289368 2677.720459
-431.153992 -938.363403 2687.061768
-336.022797 697.454651 2784.079102
-333.128052 470.877136 2719.679199
-137.220810 463.423218 2758.629883
-79.820465 115.707489 2744.615234
-76.439651 -197.472229 2629.242188
-529.035278 478.331055 2680.728516
-529.035095 159.758667 2680.728516
-529.041382 -158.813385 2680.728516
-329.646179 235.469910 2657.117188
-215.967102 -4.130127 2616.464844
-236.647629 -488.627808 2650.031250
-246.726135 -955.010132 2685.344238
-436.361511 4.255493 2572.645508
-446.738770 -473.426758 2667.179688
-433.788879 -941.507202 2679.677246
-340.988800 694.980408 2774.425537
-339.841309 466.813721 2715.746582
-143.835449 459.505493 2754.235107
-77.904083 106.858368 2742.808105
-80.918266 -204.681885 2624.580322
-535.847168 474.122009 2677.258057
-535.846985 155.549622 2677.258057
-535.853271 -163.022430 2677.258057
-337.281189 230.262497 2657.792480
-224.467056 -10.399658 2621.488281
-231.575943 -496.090424 2629.701660
-251.355469 -960.095093 2684.483398
-444.975067 -2.177826 2578.188477
-454.793121 -480.567017 2669.536621
-435.680573 -948.286133 2686.029785
-348.010559 697.191406 2779.092773
-346.005798 468.881897 2719.291748
-150.150055 461.629944 2758.547607
-77.456558 105.928864 2738.415283
-87.273857 -202.279419 2619.495117
-541.861572 476.133850 2680.035889
-541.861389 157.561462 2680.035889
-541.867676 -161.010590 2680.035889
-343.093018 232.374329 2661.067871
-230.009705 -8.212540 2624.925781
-212.585663 -491.819458 2598.346680
-249.214294 -952.160889 2670.645508
-450.350769 -0.053970 2580.762207
-453.020691 -479.943298 2663.971680
-432.985657 -947.723511 2678.684082
-354.682281 694.906128 2781.904297
-353.172607 467.052307 2721.522949
-157.356476 458.929413 2760.803711
-84.008240 116.393524 2746.235107
-87.067413 -187.821381 2620.846680
-548.988708 475.175171 2682.242188
-548.988525 156.602783 2682.242188
-548.994812 -161.969269 2682.242188
-351.437195 230.369141 2663.928223
-239.553406 -10.883209 2628.429199
-206.331909 -491.303375 2572.605225
-251.189636 -949.780273 2653.945312
-459.850159 -1.744812 2584.237793
-461.157135 -482.347504 2663.678467
-439.056946 -950.091370 2677.102539
-361.397400 693.034485 2785.827637
-359.709778 465.873352 2724.812500
-164.139786 457.025452 2765.136475
-101.317307 117.454376 2754.983154
-90.568985 -181.890045 2621.199219
-555.279785 474.721313 2684.488525
-555.279602 156.148926 2684.488525
-555.285889 -162.423126 2684.488525
-358.365723 229.380646 2666.402344
-247.010544 -12.089172 2630.675049
-199.836807 -486.021393 2541.218750
-248.202637 -940.885681 2639.252930
-467.032776 -2.134979 2585.309326
-461.789612 -483.594757 2659.024658
-437.472748 -951.223877 2672.948730
-365.793457 691.416565 2785.767822
-365.987549 463.445862 2725.906494
-170.909073 452.592499 2768.004883
-109.441307 116.337097 2763.031738
-92.592773 -181.856567 2627.634521
-561.066040 474.299225 2683.808105
-561.065857 155.726837 2683.808105
-561.072144 -162.845215 2683.808105
-366.929382 226.549835 2669.196777
-258.129364 -16.451767 2636.169678
-200.552368 -482.055115 2514.515869
-255.634369 -930.847595 2633.642334
-477.613068 -4.240616 2588.804443
-465.502777 -487.664246 2644.571045
-443.355682 -953.513794 2682.035645
-370.395325 690.850769 2785.267090
-372.035492 461.783142 2727.862793
-177.378082 450.175354 2771.680908
-115.984322 113.047791 2772.060303
-95.969574 -178.730530 2624.418457
-566.692871 473.390930 2684.044678
-566.692688 154.818542 2684.044678
-566.698975 -163.753510 2684.044678
-373.696838 224.587463 2672.408203
-265.862579 -19.137650 2641.601562
-203.546631 -482.999268 2511.239746
-241.974579 -878.937195 2580.517090
-484.853790 -6.078781 2592.305664
-461.854553 -489.918518 2641.041504
-441.297882 -955.774231 2682.658203
-373.420319 689.683838 2784.538086
-378.050385 460.248260 2729.897705
-183.304840 446.977905 2772.849121
-124.807861 114.081299 2781.627441
-96.111824 -171.220459 2623.556152
-572.795959 473.518616 2686.946289
-572.795776 154.946228 2686.946289
-572.802063 -163.625824 2686.946289
-382.365723 222.722443 2676.077148
-277.135681 -22.268021 2646.416992
-209.356064 -485.203003 2513.090576
-237.393906 -827.259888 2538.362061
-496.226440 -7.338730 2598.096191
-465.992126 -491.769897 2636.069336
-444.141174 -956.998169 2684.680664
-376.245239 688.076416 2784.672119
-383.084412 458.631012 2732.094727
-188.258606 444.194397 2774.321533
-133.767365 114.779144 2786.767090
-94.944534 -168.853424 2627.678955
-577.910217 473.067627 2689.867920
-577.910034 154.495239 2689.867920
-577.916321 -164.076813 2689.867920
-389.359924 220.818939 2679.744629
-286.046875 -25.113663 2651.146973
-210.844482 -485.620178 2512.495850
-230.475647 -782.908325 2498.497314
-505.223999 -8.872604 2603.642090
-462.088318 -492.638855 2637.329102
-441.499451 -958.679932 2678.632812
-380.341583 686.682861 2786.746338
-386.857880 457.588562 2734.995850
-192.176163 442.743164 2777.769775
-138.140121 114.197388 2791.470459
-93.409904 -172.365509 2639.189697
-581.539612 472.433960 2692.221924
-581.539429 153.861572 2692.221924
-581.545715 -164.710480 2692.221924
-393.638000 219.641388 2683.271484
-290.911255 -26.656189 2655.607178
-209.845703 -483.251648 2507.364502
-223.153290 -734.572693 2459.840820
-509.924988 -9.955383 2607.487061
-455.425934 -492.728699 2639.669434
-434.777374 -959.479004 2671.879150
-382.917145 683.977295 2785.906738
-389.710480 454.817627 2737.153564
-195.023819 440.502838 2780.101318
-139.071854 108.101074 2799.231445
-93.681473 -186.025543 2662.266357
-584.397156 469.132416 2694.205811
-584.396973 150.560028 2694.205811
-584.403259 -168.012024 2694.205811
-396.187775 216.506836 2687.084961
-292.614380 -29.895676 2661.293457
-188.793762 -341.336426 2462.986572
-225.054504 -699.359314 2440.478027
-512.715759 -13.712234 2612.739258
-452.109863 -496.245056 2637.980957
-427.100464 -962.093750 2678.801270
-383.503662 683.637451 2786.182861
-391.446899 453.695862 2739.436279
-196.835144 439.231506 2782.682373
-140.215576 113.656097 2805.894287
-91.004852 -183.651031 2676.520264
-586.058655 468.160217 2696.190186
-586.058472 149.587830 2696.190186
-586.064758 -168.984222 2696.190186
-398.422058 215.059570 2691.009521
-295.663086 -31.732605 2666.967529
-187.553345 -215.925049 2375.950928
-217.683716 -634.436401 2391.696533
-515.131348 -15.420807 2618.197998
-451.068695 -497.895660 2635.980957
-424.485962 -963.439941 2680.059570
-385.499268 688.697021 2794.992920
-393.049774 459.121490 2745.283936
-198.443100 444.780396 2788.599854
-140.607574 118.201172 2813.756104
-89.039886 -181.454590 2690.286133
-587.656494 473.462585 2701.968018
-587.656311 154.890198 2701.968018
-587.662598 -163.681854 2701.968018
-399.284119 220.973648 2694.446777
-295.919281 -25.250854 2668.004395
-183.014679 -109.563934 2325.181885
-203.579865 -545.319580 2342.054688
-515.117615 -9.097534 2619.214844
-450.877289 -491.807007 2629.398926
-417.953308 -956.166687 2680.631104
-386.966492 688.502319 2800.062012
-392.634460 459.200012 2749.383057
-198.089233 445.125610 2793.062256
-142.158661 124.397980 2817.396973
-87.680740 -179.892853 2707.683594
-587.179688 473.274414 2705.703857
-587.179504 154.702026 2705.703857
-587.185791 -163.870026 2705.703857
-398.281860 221.180634 2697.841309
-294.430359 -24.760452 2670.884277
-182.389740 -47.530781 2307.448242
-192.672333 -466.408691 2300.884521
-513.428162 -8.917038 2621.714844
-447.115112 -491.463623 2624.527100
-417.139465 -953.854736 2691.260498
-388.920135 685.094360 2803.882080
-394.112701 456.534119 2751.977295
-199.840668 442.408508 2796.826416
-141.900146 129.315002 2821.394531
-87.164536 -177.346069 2718.031006
-588.384766 470.659760 2707.128174
-588.384583 152.087372 2707.128174
-588.390869 -166.484680 2707.128174
-399.400879 218.607635 2699.946777
-295.374939 -27.267151 2673.152344
-183.377914 6.987122 2298.545898
-185.019211 -390.951813 2261.764160
-514.003174 -11.370575 2622.680176
-445.065857 -493.616028 2624.087158
-421.451904 -957.026245 2686.989746
-388.936829 679.396423 2804.938232
-398.230835 450.873657 2753.477295
-204.201843 433.392426 2798.078369
-140.718582 131.977142 2824.295166
-87.298355 -178.651337 2733.082275
-592.259827 468.354889 2708.876221
-592.259644 149.782501 2708.876221
-592.265930 -168.789551 2708.876221
-407.595520 213.190216 2701.057373
-307.786255 -34.329361 2673.733154
-194.626892 41.686348 2300.720215
-186.447540 -333.283142 2220.329346
-526.134155 -14.657089 2623.541748
-457.555267 -496.977539 2627.074463
-431.804810 -961.011719 2684.968506
-391.669373 675.875732 2806.615723
-400.924438 447.136902 2755.529541
-206.821991 428.795715 2799.517334
-143.183075 114.744446 2851.285645
-87.948013 -184.540710 2731.904053
-595.026855 465.478088 2711.541748
-595.026672 146.905701 2711.541748
-595.032959 -171.666351 2711.541748
-411.295288 209.664948 2702.275635
-312.480133 -38.124237 2673.765625
-187.289917 73.576546 2304.607910
-163.200241 -311.908203 2140.912598
-530.852173 -17.489777 2624.277832
-447.035889 -497.175262 2626.860840
-424.062042 -961.843872 2681.139648
-391.779907 672.160034 2807.029053
-402.469177 443.455505 2757.809570
-208.372620 424.548889 2801.620605
-142.072968 104.171448 2853.646729
-73.549271 -195.653992 2741.459473
-596.565735 462.362122 2713.998535
-596.565552 143.789734 2713.998535
-596.571838 -174.782318 2713.998535
-413.741119 205.868378 2705.216797
-315.832275 -42.353867 2677.268066
-180.667297 87.956467 2303.281250
-141.622467 -279.785889 2024.933594
-534.193848 -21.083633 2627.979980
-447.948975 -500.410583 2623.847656
-420.113098 -964.315735 2682.261719
-392.100891 667.857056 2806.854980
-402.881042 438.667358 2759.252930
-209.160583 419.884949 2804.739014
-147.082626 112.601654 2861.410645
-72.272774 -175.529053 2747.953613
-596.601501 457.449799 2713.766846
-596.601318 138.877411 2713.766846
-596.607605 -179.694641 2713.766846
-413.775513 200.881104 2707.462891
-314.464539 -47.590286 2681.549316
-184.443298 -74.811203 2212.779785
-153.104843 -464.642090 1954.842773
-534.875427 -26.220047 2629.796387
-441.788940 -504.249451 2621.974121
-416.532562 -967.781494 2684.540039
-392.648407 663.529846 2806.758057
-403.961029 434.496582 2760.665527
-210.670639 415.494690 2807.851074
-147.266937 112.657623 2883.732666
-71.580292 -168.388824 2754.222900
-597.251404 453.498413 2713.479980
-597.251221 134.926025 2713.479980
-597.257507 -183.646027 2713.479980
-414.815765 196.605927 2709.330566
-316.692352 -51.998062 2684.599121
-213.985077 -222.257523 2239.791016
-189.277802 -626.585876 2004.440552
-534.648682 -30.571365 2631.392090
-442.699158 -508.921997 2625.381348
-417.638092 -972.603271 2687.179932
-393.552612 666.552429 2817.686279
-403.697662 438.151550 2767.358154
-210.923187 417.822418 2816.060059
-159.212540 109.354462 2876.573486
-90.769447 -178.705078 2758.991211
-596.472107 458.480713 2718.656250
-596.471924 139.908325 2718.656250
-596.478210 -178.663727 2718.656250
-414.706635 201.199142 2712.025635
-317.150330 -47.202087 2684.120605
-186.631210 88.684814 2293.835205
-99.418411 -183.311157 1875.403442
-534.280884 -24.304474 2629.265625
-442.358307 -502.663391 2620.980957
-414.874542 -965.347290 2688.733887
-393.794800 669.607605 2821.672119
-404.842285 441.075500 2771.134033
-212.353836 420.195679 2820.750000
-170.395844 108.103973 2868.985352
-108.575600 -185.676117 2762.402588
-597.330750 461.955322 2721.518066
-597.330566 143.382935 2721.518066
-597.336853 -175.189117 2721.518066
-416.013519 204.338531 2714.847412
-318.844788 -44.150421 2686.486572
-192.960999 96.720352 2266.946533
-98.691742 -126.494629 1846.314209
-535.524719 -20.646484 2630.635010
-442.223450 -498.792816 2625.239746
-418.808807 -962.445862 2687.549805
-396.082275 666.895874 2824.158447
-408.028870 438.367371 2772.280518
-215.357788 417.264343 2821.103760
-181.436554 102.845276 2859.553223
-125.649666 -195.594818 2763.066406
-600.699890 459.470398 2723.457275
-600.699707 140.898010 2723.457275
-600.705994 -177.674042 2723.457275
-419.428802 201.861221 2715.041992
-322.417511 -46.519073 2685.275146
-156.959290 228.550415 2001.151855
-102.575409 -112.640747 1836.762573
-539.239990 -22.770782 2630.331787
-443.018677 -500.222870 2619.504150
-423.400665 -963.726440 2684.327637
-395.286591 665.995972 2827.915039
-410.470062 438.068787 2774.671631
-217.533356 413.982361 2820.845703
-190.180878 98.070496 2851.502686
-139.874802 -204.161499 2764.247314
-603.406738 462.155273 2728.497559
-603.406555 143.582886 2728.497559
-603.412842 -174.989166 2728.497559
-425.845581 202.202911 2715.878906
-332.656036 -47.216370 2683.068359
-172.809937 161.520905 2121.163574
-114.738342 -145.833221 1860.274658
-549.786133 -20.109589 2631.104004
-445.248596 -495.708710 2618.272949
-430.446289 -959.054810 2685.464844
-396.353333 667.393982 2835.765381
-411.001709 440.380859 2778.629150
-218.007370 415.852844 2824.419434
-195.993515 98.984131 2848.872559
-150.655212 -206.330688 2770.033203
-603.996033 464.908875 2732.838867
-603.995850 146.336487 2732.838867
-604.002136 -172.235565 2732.838867
-426.094299 205.393341 2716.366455
-332.628662 -43.391068 2679.860596
-173.731735 160.934280 2210.464600
-113.695946 -182.242752 1891.520142
-549.745117 -15.797318 2628.346924
-438.553406 -489.934082 2617.387695
-417.695007 -953.588013 2680.551270
-397.088013 666.447693 2842.602539
-411.302826 440.166565 2781.521240
-218.349457 415.712097 2827.571533
-200.657104 98.230469 2847.083984
-159.813843 -209.588959 2775.898438
-604.256165 464.620972 2735.470947
-604.255981 146.048584 2735.470947
-604.262268 -172.523468 2735.470947
-425.597412 205.746582 2716.930176
-331.355774 -42.429001 2678.242432
-178.625534 151.018509 2261.212646
-122.107628 -235.570023 1933.740479
-548.428284 -14.917770 2626.435791
-440.401428 -489.755310 2612.915039
-414.824219 -951.004395 2689.290527
-394.750854 666.229248 2848.679688
-410.326263 441.029694 2783.896484
-217.465530 415.344391 2829.671875
-203.261246 97.470245 2845.248047
-166.479736 -212.382843 2781.009766
-603.187012 466.714996 2738.121094
-603.186829 148.142609 2738.121094
-603.193115 -170.429443 2738.121094
-425.422424 207.468414 2716.443848
-332.031586 -40.541229 2674.740234
-183.625336 138.918594 2276.408936
-137.366379 -285.375671 1986.172974
-549.005554 -11.644501 2623.241699
-440.581879 -486.519196 2615.047363
-422.427307 -949.182434 2684.853027
-396.080383 671.979919 2846.585449
-408.901062 445.517395 2784.639893
-215.944855 421.882324 2831.083008
-204.549973 103.756897 2843.521484
-171.434769 -207.746704 2785.579590
-601.857239 469.152527 2738.196777
-601.857056 150.580139 2738.196777
-601.863342 -167.991913 2738.196777
-421.746887 211.348145 2718.839844
-326.048401 -36.116653 2679.165527
-178.991821 121.439651 2293.381836
-145.862350 -326.707397 2052.763916
-543.137024 -9.525589 2626.914062
-434.304993 -484.339539 2626.921387
-416.737152 -948.032471 2690.224609
-397.438385 673.030090 2847.127441
-409.726990 446.084686 2784.974121
-216.690506 423.554657 2831.653809
-207.554977 105.268372 2841.589600
-177.746429 -207.574249 2789.346680
-602.763489 468.614716 2738.294434
-602.763306 150.042328 2738.294434
-602.769592 -168.529724 2738.294434
-421.053040 211.930237 2718.795898
-323.796631 -34.897278 2678.875000
-184.228836 95.226959 2290.193359
-163.664093 -364.846588 2110.384277
-540.961548 -9.551147 2626.360352
-443.026184 -486.651093 2627.468262
-416.691467 -950.820129 2683.381104
-397.901337 673.739807 2847.858887
-409.434448 446.690033 2785.050537
-216.373901 424.464478 2831.800537
-209.053055 106.075195 2839.739502
-182.224869 -207.853394 2792.649658
-602.495056 468.915588 2738.300537
-602.494873 150.343201 2738.300537
-602.501160 -168.228851 2738.300537
-420.298309 212.575729 2718.612793
-322.566711 -34.040329 2678.471680
-187.008377 65.864647 2291.336182
-179.726013 -396.172180 2176.931641
-539.757629 -9.036819 2625.878418
-445.581787 -486.482117 2641.699707
-419.067871 -952.322754 2676.753906
-396.910645 675.249695 2838.265869
-410.452484 447.211792 2781.559814
-217.353622 424.508423 2827.929199
-211.489090 106.053253 2834.273926
-187.345840 -208.755951 2791.839844
-603.551331 469.915131 2735.190430
-603.551147 151.342743 2735.190430
-603.557434 -167.229309 2735.190430
-423.254272 211.991898 2719.702393
-327.437347 -35.998688 2683.927979
-195.470993 31.555740 2297.316162
-197.329803 -432.962646 2240.614014
-544.674805 -10.457275 2631.761963
-452.420807 -488.477417 2646.348389
-423.948975 -954.197144 2684.933350
-396.846619 676.312378 2832.953857
-410.460327 447.316376 2779.165771
-217.631577 424.888519 2826.767334
-212.934982 106.391174 2831.839111
-191.209656 -209.131927 2793.608398
-603.289062 469.744232 2731.564209
-603.288879 151.171844 2731.564209
-603.295166 -167.400208 2731.564209
-423.285095 211.400894 2719.963623
-327.640808 -37.130585 2687.538086
-193.506104 -7.372591 2299.538086
-201.935501 -468.631836 2290.187012
-544.578918 -11.898590 2633.984863
-446.012573 -488.705292 2648.400391
-422.388611 -955.388916 2678.121094
-394.293823 676.566040 2831.788574
-408.671234 448.277954 2777.664551
-216.125580 424.907623 2825.951416
-212.365219 106.383240 2830.006104
-192.816681 -209.718475 2795.568359
-601.216919 471.648315 2729.377686
-601.216736 153.075928 2729.377686
-601.223022 -165.496124 2729.377686
-422.435913 212.411255 2718.394043
-327.891693 -36.601517 2686.285400
-195.893280 -45.595856 2301.216553
-208.607971 -507.725403 2328.041016
-544.509460 -10.309402 2631.961670
-450.985779 -488.115112 2647.951904
-421.343750 -954.563721 2677.431396
-393.673370 675.126953 2830.254639
-404.828125 447.259521 2777.239990
-213.261276 426.200867 2830.014893
-210.251068 107.659180 2833.257080
-192.661774 -208.911469 2802.240479
-596.394958 468.318176 2724.465088
-596.394775 149.745789 2724.465088
-596.401062 -168.826263 2724.465088
-414.716003 210.998779 2718.856934
-316.811981 -37.111343 2690.169434
-185.248199 -86.075104 2312.622559
-200.605545 -552.640015 2370.034668
-532.395752 -13.412552 2630.778320
-443.906006 -491.775696 2655.065186
-410.354553 -958.486328 2671.738281
-393.587891 679.930786 2828.459717
-402.796112 451.658875 2777.225830
-211.632431 432.350403 2832.145996
-209.223129 113.797607 2834.738525
-193.397079 -203.153046 2806.806641
-593.959778 470.967346 2722.305664
-593.959595 152.394958 2722.305664
-593.965881 -166.177094 2722.305664
-410.444977 214.881256 2720.604492
-310.570801 -32.756699 2694.873779
-189.378357 -120.921432 2325.545898
-209.557037 -590.203857 2398.751953
-525.616882 -11.035995 2633.092529
-449.000397 -491.350464 2657.680176
-419.674530 -958.158325 2680.604980
-391.867279 682.305664 2829.044434
-401.269928 454.222473 2777.018799
-210.814758 433.739746 2833.980713
-208.886734 115.179901 2836.053955
-194.647263 -202.078674 2810.902100
-591.725159 474.705200 2720.056885
-591.724976 156.132812 2720.056885
-591.731262 -162.439240 2720.056885
-409.529846 217.647675 2719.566895
-310.663544 -30.448135 2694.154541
-197.418793 -163.326828 2332.189697
-219.008133 -632.468018 2418.792725
-524.915955 -7.406113 2630.075439
-460.823730 -489.366455 2657.008057
-426.110291 -956.059814 2675.139893
-391.095825 683.153442 2827.845459
-400.049072 454.656189 2775.713623
-209.683090 435.055023 2833.343506
-208.140259 116.490692 2835.001709
-195.328354 -201.017365 2812.355225
-590.415039 474.257355 2718.083740
-590.414856 155.684967 2718.083740
-590.421143 -162.887085 2718.083740
-407.175720 217.921692 2718.735840
-307.229584 -29.837631 2694.172363
-195.737656 -205.705826 2344.976562
-217.532318 -674.776428 2445.278076
-521.375183 -7.787979 2629.343750
-457.169128 -489.085815 2666.495117
-427.877594 -956.354736 2678.445068
-390.467255 684.765747 2827.767090
-397.645782 455.423035 2775.588135
-207.722748 437.571930 2835.193848
-206.488220 119.004730 2836.520020
-194.960678 -198.705414 2816.130859
-587.568787 473.274139 2715.982422
-587.568604 154.701752 2715.982422
-587.574890 -163.870300 2715.982422
-402.185852 218.514236 2719.103027
-299.889465 -28.436264 2696.147705
-193.744232 -240.253128 2362.957520
-216.141571 -714.288391 2471.608398
-513.562378 -8.352859 2629.088135
-455.836029 -490.106445 2671.325439
-425.868469 -957.238098 2688.009766
-391.002563 685.435730 2828.219238
-396.546783 456.190491 2774.907959
-206.600174 439.561066 2834.828369
-205.612244 120.992065 2835.889160
-195.240219 -196.881836 2817.533203
-586.493408 472.819885 2714.987549
-586.493225 154.247498 2714.987549
-586.499512 -164.324554 2714.987549
-399.460999 219.258209 2718.391113
-295.534546 -27.027725 2695.578125
-201.174179 -274.414978 2385.415527
-220.372849 -748.432617 2488.740967
-509.215881 -8.320389 2628.170410
-462.444153 -490.877869 2674.139648
-430.309998 -957.880493 2691.621094
-389.343109 685.894409 2816.942383
-395.056702 455.160278 2769.514893
-204.587402 440.796204 2828.327881
-203.796860 122.225983 2829.176514
-194.464386 -195.780609 2812.651855
-585.526001 469.524353 2710.701904
-585.525818 150.951965 2710.701904
-585.532104 -167.620087 2710.701904
-396.912354 217.243820 2717.417480
-291.623596 -28.752823 2698.404053
-205.854797 -304.633057 2410.815674
-222.454132 -785.641846 2510.978516
-505.912415 -12.592422 2632.236084
-465.976776 -495.202515 2684.085205
-429.847321 -962.054321 2696.760010
-388.355164 688.974487 2821.809082
-393.030457 458.831024 2770.066895
-202.470749 444.228241 2828.570557
-201.838242 125.657257 2829.249268
-193.440979 -192.456787 2814.373535
-583.590149 473.433807 2711.563232
-583.589966 154.861420 2711.563232
-583.596252 -163.710632 2711.563232
-394.247986 221.617050 2714.822998
-288.280884 -23.810593 2692.485840
-211.844666 -383.275146 2453.041016
-232.477417 -850.498352 2560.714844
-502.650146 -7.383255 2626.672363
-467.496826 -489.856873 2683.499268
-431.299438 -956.740173 2683.567871
-384.942627 688.818176 2813.242432
-390.841064 458.869751 2764.838867
-199.717682 444.623169 2821.556396
-199.211578 126.051727 2822.099365
-191.655792 -192.149414 2808.708740
-581.964478 473.116302 2708.121338
-581.964294 154.543915 2708.121338
-581.970581 -164.028137 2708.121338
-392.881592 221.105209 2711.992188
-287.412415 -24.673218 2691.050049
-219.150024 -436.508820 2503.702148
-236.866852 -900.683472 2598.237793
-502.431824 -8.645416 2627.240967
-470.920105 -491.013000 2687.428223
-436.132599 -957.936523 2696.301025
-385.282562 688.898926 2808.957520
-391.020630 458.920715 2760.539795
-199.195526 445.449005 2815.007080
-198.790573 126.877197 2815.441406
-191.991852 -191.394440 2803.387695
-582.845703 472.392395 2706.072510
-582.845520 153.820007 2706.072510
-582.851807 -164.752045 2706.072510
-392.799316 221.072449 2707.975586
-286.670776 -24.354034 2686.050781
-221.962646 -462.713287 2526.166016
-240.548950 -923.123169 2624.859619
-502.485229 -9.197571 2624.771973
-473.303467 -491.241272 2688.837891
-435.668304 -958.071167 2693.449219
-384.549744 687.737427 2807.810547
-387.551636 458.308716 2757.723145
-195.952606 445.628906 2813.193848
-195.628601 127.056915 2813.541260
-189.510925 -191.271851 2802.691406
-579.150635 470.988525 2702.252441
-579.150452 152.416138 2702.252441
-579.156738 -166.155914 2702.252441
-387.591064 220.812225 2703.571045
-279.858429 -23.816483 2680.620605
-218.930038 -481.600037 2560.683838
-235.761963 -944.094971 2639.269775
-495.402557 -9.552017 2618.217285
-470.877777 -490.598328 2690.715088
-427.186371 -956.909424 2689.689941
-385.443787 687.442566 2806.739258
-390.238892 458.320923 2753.353760
-197.523300 443.131470 2803.838867
-197.264008 124.559387 2804.116699
-191.759201 -193.815704 2794.350586
-582.954468 473.510437 2702.868652
-582.954285 154.938049 2702.868652
-582.960571 -163.634003 2702.868652
-393.758667 221.742065 2695.609863
-288.834656 -23.384140 2666.274658
-240.776886 -492.671692 2570.976318
-249.780701 -955.395752 2646.168213
-505.722229 -6.289474 2609.457275
-487.059174 -484.613586 2698.219238
-446.453156 -950.956604 2685.785889
-383.440277 690.195190 2806.677002
-389.024475 461.502869 2751.290039
-195.779495 445.574585 2799.598145
-195.571976 127.002411 2799.820557
-190.618591 -191.410156 2791.030273
-582.269409 477.431122 2702.981934
-582.269226 158.858734 2702.981934
-582.275513 -159.713318 2702.981934
-393.632294 225.338409 2691.853516
-289.554871 -19.784454 2659.586426
-234.939056 -495.993286 2604.281250
-245.835999 -960.406372 2664.608643
-506.925354 -1.867615 2605.247559
-481.945526 -476.856781 2708.692139
-429.579376 -940.669739 2677.041260
-381.664642 690.000366 2808.525391
-386.466187 462.206085 2749.420898
-193.149445 445.075928 2797.128662
-192.983398 126.503693 2797.306641
-188.526138 -191.939240 2789.394531
-579.782898 479.336243 2701.713135
-579.782715 160.763855 2701.713135
-579.789001 -157.808197 2701.713135
-392.069702 226.681671 2687.558350
-288.944336 -18.477417 2652.528564
-232.622086 -498.246246 2635.089111
-244.651550 -964.401245 2675.013916
-506.402100 0.791931 2598.863037
-476.806519 -472.446564 2709.577637
-432.426697 -937.632812 2682.804443
-380.258942 691.453918 2807.572998
-384.922577 463.640076 2746.863037
-191.203354 446.542419 2792.964844
-191.070480 127.970154 2793.107178
-187.059540 -190.497345 2785.985596
-578.641846 480.737762 2700.761230
-578.641663 162.165375 2700.761230
-578.647949 -156.406677 2700.761230
-390.573242 228.527451 2683.411133
-287.260712 -16.202286 2645.890625
-239.157104 -498.183655 2655.588867
-239.794296 -965.374084 2681.264648
-505.187103 3.031906 2594.027832
-473.145599 -468.164795 2712.819580
-436.233429 -934.321655 2689.351807
-377.855682 691.030273 2808.552734
-381.200684 464.100525 2744.855225
-187.739258 448.336121 2792.494873
-187.632935 129.763794 2792.608643
-184.023560 -188.723633 2786.198975
-574.662109 479.864929 2697.215576
-574.661926 161.292542 2697.215576
-574.668213 -157.279510 2697.215576
-384.286011 229.408569 2679.722656
-278.548401 -14.150955 2641.387695
-236.175995 -496.217285 2676.149414
-231.494843 -963.967773 2684.894531
-496.194275 3.584183 2587.792480
-462.606842 -467.906921 2705.445068
-428.099609 -934.511597 2684.863281
-376.727753 690.753174 2806.510498
-378.843353 463.941284 2742.307861
-185.168900 449.843201 2789.619385
-185.083893 131.270813 2789.710449
-181.835876 -187.232758 2783.941406
-572.517822 478.039368 2694.996338
-572.517639 159.466980 2694.996338
-572.523926 -159.105072 2694.996338
-379.793579 229.463165 2676.326660
-271.802399 -12.945114 2636.958008
-241.952530 -495.373535 2685.979736
-231.600464 -963.347168 2688.294189
-489.685211 2.915176 2583.732910
-465.174988 -468.320435 2704.468262
-431.905060 -935.272583 2689.520020
-375.595856 689.880554 2806.174072
-376.184662 464.021576 2740.432617
-182.616898 450.858521 2788.468750
-182.548996 132.286102 2788.541504
-179.626190 -186.230530 2783.348877
-569.752441 477.184631 2692.396484
-569.752258 158.612244 2692.396484
-569.758545 -159.959808 2692.396484
-375.638062 229.658539 2674.008789
-266.211090 -12.108627 2634.604980
-244.571335 -494.536743 2692.561279
-231.304901 -962.611694 2690.940430
-483.971832 2.699631 2580.564941
-464.799133 -468.593933 2702.226562
-428.080444 -935.311890 2686.669922
-373.859894 687.742371 2807.477051
-372.753754 463.329285 2739.256104
-179.279205 450.365814 2787.743896
-179.225113 131.793335 2787.802246
-176.594894 -186.733917 2783.128662
-566.228271 476.292755 2690.768311
-566.228088 157.720367 2690.768311
-566.234375 -160.851685 2690.768311
-371.315613 229.496658 2671.001221
-261.049530 -11.627823 2630.020264
-242.172668 -491.370972 2707.853760
-234.480103 -956.258789 2667.326660
-478.705414 2.955887 2575.472412
-461.383606 -466.092468 2705.669922
-428.217682 -933.104980 2690.327148
-372.292267 688.874634 2806.612793
-370.301331 464.671814 2737.251221
-176.809708 452.053253 2785.774902
-176.766617 133.480774 2785.821533
-174.399658 -185.055023 2781.615234
-563.792908 477.290375 2688.727539
-563.792725 158.717987 2688.727539
-563.799011 -159.854065 2688.727539
-368.374603 230.898300 2668.775635
-257.608948 -9.973145 2627.594727
-244.701782 -490.027771 2707.105957
-236.165497 -956.605774 2681.393066
-475.286865 4.222717 2573.005371
-461.576904 -463.540894 2708.259277
-429.503571 -930.584167 2691.050781
-369.409058 690.619629 2806.193359
-367.002716 465.653503 2736.418457
-173.142899 453.327057 2783.510986
-173.108627 134.754578 2783.548340
-170.978622 -183.788208 2779.762451
-560.862488 477.979919 2689.325928
-560.862305 159.407532 2689.325928
-560.868591 -159.164520 2689.325928
-365.089844 232.036774 2667.395020
-254.127167 -8.513794 2624.862061
-236.717743 -487.523254 2710.610840
-238.711868 -954.486511 2682.668701
-472.226776 5.353912 2571.881104
-459.559906 -462.328552 2707.708252
-429.925323 -929.669312 2695.338623
-368.232971 691.097534 2805.450439
-364.799103 466.463928 2735.106689
-170.852661 454.368347 2781.916260
-170.825409 135.795868 2781.946045
-168.908630 -182.752563 2778.538574
-558.745544 478.559448 2688.297119
-558.745361 159.987061 2688.297119
-558.751648 -158.584991 2688.297119
-362.771545 232.775330 2666.320801
-251.649384 -7.716980 2623.865234
-241.116089 -488.037384 2703.513672
-237.437576 -955.714539 2688.548828
-469.838593 5.890472 2571.204590
-454.470978 -461.156403 2708.984863
-433.736450 -928.853027 2694.605469
-365.500610 690.552795 2806.597168
-362.615784 466.292358 2734.614502
-168.479233 454.167908 2780.623291
-168.457581 135.595428 2780.647217
-166.732697 -182.957550 2777.580566
-556.752319 478.416809 2688.605713
-556.752136 159.844421 2688.605713
-556.758423 -158.727631 2688.605713
-360.732056 232.806946 2665.136963
-249.645126 -7.498566 2621.539795
-236.425766 -488.065552 2699.953857
-240.226883 -956.036255 2687.913330
-468.051544 6.141632 2569.779053
-454.453827 -460.689850 2708.528076
-434.173950 -928.407349 2692.543457
-364.035767 692.117126 2805.672607
-362.417938 467.041687 2733.640137
-167.793762 455.337402 2777.610840
-167.776611 136.764923 2777.629883
-166.224365 -181.791687 2774.869873
-557.042175 478.745972 2689.669434
-557.041992 160.173584 2689.669434
-557.048279 -158.398468 2689.669434
-360.768127 233.546616 2664.185059
-249.635345 -6.532547 2619.465088
-237.115417 -487.147339 2698.090088
-241.946014 -955.352783 2690.400635
-468.601288 6.635635 2569.994873
-452.740234 -460.476807 2707.571777
-436.433777 -928.482910 2696.859375
-362.310577 692.508118 2806.709961
-360.744324 468.269836 2733.433838
-165.909790 456.149109 2776.363281
-165.896255 137.576630 2776.378662
-164.499298 -180.982941 2773.894531
-555.578857 480.390533 2690.504395
-555.578674 161.818146 2690.504395
-555.584961 -156.753906 2690.504395
-359.693054 235.117767 2662.834473
-249.047592 -4.852173 2616.382812
-233.828934 -485.529205 2694.296875
-242.173721 -953.800659 2690.937012
-468.235962 8.783600 2568.087402
-449.334900 -459.943542 2699.503174
-434.909729 -928.091309 2696.862305
-359.976196 696.237793 2807.735840
-356.777252 471.805237 2735.208252
-162.225723 459.654175 2779.398193
-162.215073 141.081696 2779.410400
-160.957855 -177.480377 2777.174561
-551.328796 483.956360 2691.018311
-551.328613 165.383972 2691.018311
-551.334900 -153.188080 2691.018311
-355.154663 238.839508 2664.004883
-244.095703 -0.961304 2617.658691
-228.996170 -480.828766 2700.406494
-238.590454 -949.128540 2695.857422
-462.968445 12.708832 2567.944336
-441.081665 -455.027283 2702.430176
-429.587311 -923.288513 2698.213135
-358.978119 695.752136 2806.255859
-353.001190 470.911438 2734.983154
-158.698349 461.311249 2780.782715
-158.690018 142.738770 2780.792480
-157.558640 -175.825256 2778.780273
-547.303955 480.511597 2689.183594
-547.303772 161.939209 2689.183594
-547.310059 -156.632843 2689.183594
-347.980286 237.709763 2664.800293
-233.652420 -0.892578 2620.382324
-225.331070 -480.344482 2706.234131
-232.663025 -948.630127 2697.291504
-452.266357 9.908783 2568.852539
-434.172272 -457.568451 2704.823242
-423.383942 -925.834961 2697.672363
-356.863770 694.840332 2808.002686
-349.178253 470.789795 2735.180176
-155.334595 462.026611 2783.049561
-155.328079 143.454132 2783.057373
-154.309906 -175.111481 2781.246338
-543.021851 479.552979 2687.310791
-543.021667 160.980591 2687.310791
-543.027954 -157.591461 2687.310791
-342.263550 237.773712 2664.522949
-226.310593 -0.171707 2620.792480
-229.127167 -480.040405 2704.099121
-235.673447 -948.364258 2695.003906
-444.387115 9.686996 2566.938965
-432.760773 -460.020386 2695.421875
-426.858246 -928.075439 2704.125488
-354.886688 694.461670 2806.872559
-346.476532 470.394104 2734.394043
-152.772110 462.474945 2783.010986
-152.767059 143.902466 2783.017334
-151.850830 -174.664490 2781.387451
-540.180908 478.313263 2685.777100
-540.180725 159.740875 2685.777100
-540.187012 -158.831177 2685.777100
-338.349243 237.315308 2664.046875
-221.267197 -0.217850 2621.045654
-231.771576 -479.766541 2705.711914
-236.452957 -948.082520 2694.814209
-439.176727 8.690872 2566.353760
-436.118134 -459.684204 2699.935303
-431.449005 -927.885559 2698.806152
-352.951447 694.112305 2806.804932
-344.245758 470.348694 2733.484131
-150.329880 463.072876 2781.376953
-150.326065 144.500397 2781.382080
-149.501587 -174.067566 2779.915039
-538.161682 477.624512 2685.591309
-538.161499 159.052124 2685.591309
-538.167786 -159.519928 2685.591309
-335.569031 237.338379 2662.954102
-217.816223 0.235458 2619.363525
-230.844757 -479.171326 2704.866943
-238.401627 -947.358154 2690.833008
-435.968384 8.420639 2565.484619
-439.251099 -460.217407 2698.287598
-432.449524 -928.517456 2698.816406
-349.871460 697.755371 2808.784668
-341.805756 474.558807 2734.570312
-147.913208 466.759338 2782.494873
-147.910355 148.186859 2782.498779
-147.168365 -170.381897 2781.178467
-535.698303 482.358276 2686.645752
-535.698120 163.785889 2686.645752
-535.704407 -154.786163 2686.645752
-333.584412 241.719299 2663.415283
-216.299500 4.492630 2619.217529
-232.295975 -473.631592 2711.095947
-239.783615 -941.432251 2688.664551
-434.426636 13.266953 2565.302979
-439.514618 -454.599243 2700.926514
-434.231506 -922.925598 2695.867188
-346.047211 692.818176 2797.280518
-339.962830 467.593384 2728.135742
-145.873856 459.021637 2775.120605
-145.871750 140.449158 2775.123779
-145.204010 -178.120300 2773.935547
-534.051819 476.165100 2681.150879
-534.051636 157.592712 2681.150879
-534.057922 -160.979340 2681.150879
-333.950623 233.644119 2660.619629
-218.761337 -5.126816 2619.532959
-235.822128 -483.474487 2710.284424
-243.898666 -951.514893 2693.585449
-437.115479 4.516556 2566.674072
-443.222046 -464.912476 2696.750000
-438.164093 -933.241882 2699.767090
