219.175995 741.379272 2300.525391
210.010590 516.259949 2240.970947
343.237946 535.683594 2144.358643
434.199188 198.607910 2042.496216
362.980865 -122.902985 1927.183838
76.783226 496.836304 2337.583252
76.783417 180.072632 2337.583252
76.777168 -136.690704 2337.583252
198.013535 282.810181 2177.492676
275.894745 62.464066 2048.837402
326.655090 -419.040955 2063.788086
342.616119 -883.874390 2040.029419
96.138229 36.256790 2179.191406
232.879318 -427.699097 2206.300781
308.921814 -887.161743 2205.892090
218.745056 740.031616 2300.850098
209.006210 514.928162 2242.349609
342.475403 533.732056 2145.944336
436.214539 208.255005 2049.017334
366.946320 -110.465637 1926.041504
75.536980 496.124298 2338.754883
75.537170 179.360626 2338.754883
75.530922 -137.402710 2338.754883
196.695465 281.261108 2179.729004
274.424713 60.279358 2052.072266
322.371948 -421.618713 2055.623291
337.286438 -886.842590 2042.365723
94.344757 34.908752 2182.144531
230.707779 -429.279541 2207.155762
308.005859 -888.577026 2204.539795
217.870163 739.011414 2301.508545
207.570831 512.803162 2243.795898
341.072815 530.609619 2147.247314
437.605103 207.629120 2053.009521
365.469543 -107.869141 1929.136475
74.068832 494.996735 2340.344482
74.069023 178.233063 2340.344482
74.062775 -138.530273 2340.344482
193.993256 279.013855 2181.903809
270.479309 57.237183 2054.877930
314.859863 -424.997284 2050.267334
333.284393 -890.141663 2036.054199
90.352066 33.211914 2185.145508
226.412949 -431.213654 2207.155762
307.339722 -889.886719 2202.745361
216.773468 739.808594 2301.837158
206.439789 512.907349 2246.670166
339.954529 529.055908 2149.857910
435.299713 203.815430 2051.502441
363.914734 -111.412750 1932.504150
72.925056 496.758789 2343.482422
72.925247 179.995117 2343.482422
72.918999 -136.768219 2343.482422
191.281555 278.723755 2186.702637
266.198425 55.434738 2061.421143
306.730438 -426.685669 2043.088135
331.750977 -891.520020 2043.297852
86.048210 33.645615 2192.049072
225.197845 -429.915771 2212.840820
307.020935 -888.419556 2206.068848
215.405319 739.512207 2309.506836
203.735825 512.539185 2252.718994
335.598328 529.514038 2153.835693
434.640869 197.901306 2052.253174
363.233459 -114.468445 1935.364380
71.873329 495.564423 2351.602295
71.873520 178.800751 2351.602295
71.867271 -137.962585 2351.602295
188.132324 278.635529 2191.758301
261.495667 56.184631 2064.081787
298.362823 -425.411896 2031.623047
329.862518 -889.901489 2037.289062
83.561974 33.279053 2197.513428
223.657043 -430.203491 2212.032715
307.360382 -888.264465 2200.622559
213.882889 739.958252 2312.837891
202.899445 512.704163 2256.540283
334.877563 529.624756 2157.778076
435.526611 208.940735 2059.568115
367.598328 -99.485352 1935.529297
70.921318 495.783569 2355.302490
70.921509 179.019897 2355.302490
70.915260 -137.743439 2355.302490
188.003662 278.510986 2196.511230
262.135559 55.731827 2069.860596
292.893219 -424.665344 2020.219360
331.161713 -888.182251 2039.028076
84.080215 32.903763 2203.103760
226.720383 -429.934937 2210.717773
305.559235 -888.918091 2203.312012
213.670990 737.598145 2315.506104
201.585464 510.823547 2260.026367
333.126160 527.289062 2160.597900
438.615417 213.865265 2065.229980
371.637054 -91.681976 1935.931641
70.044762 494.358002 2359.454834
70.044952 177.594330 2359.454834
70.038704 -139.169006 2359.454834
185.834290 276.581757 2200.397217
258.820923 53.447693 2073.693115
272.251434 -423.249146 1996.521484
323.626831 -883.559570 2037.128662
81.345337 31.232239 2207.843018
222.219131 -432.208893 2209.634521
303.364929 -890.810059 2201.827637
211.267029 733.703064 2316.841064
201.044296 507.567261 2263.028320
333.246613 523.724670 2164.427979
437.159302 215.436890 2068.331299
377.164856 -90.282166 1937.172119
68.841980 491.409851 2361.628662
68.842171 174.646179 2361.628662
68.835922 -142.117157 2361.628662
186.540741 272.821960 2205.114746
261.223083 48.976730 2080.683594
261.626404 -422.693237 1977.312866
324.525452 -880.077393 2032.708862
82.851257 27.176620 2213.718750
225.921234 -435.589966 2210.366211
304.516663 -894.613892 2200.928467
211.281982 737.777405 2331.002441
201.487259 512.786255 2273.905273
331.578003 530.939148 2172.936035
440.231964 214.218811 2074.114746
380.211456 -88.766357 1937.265869
71.396500 494.633362 2374.874512
71.396690 177.869690 2374.874512
71.390442 -138.893646 2374.874512
187.084076 278.733704 2213.268555
260.463196 56.930298 2084.500000
241.965393 -406.417877 1951.796387
312.298309 -860.853638 2021.648438
84.898613 32.432007 2220.763672
225.391205 -431.005066 2210.615723
299.360229 -890.811646 2209.282471
208.619629 735.250793 2331.087646
200.610443 510.022705 2277.037842
330.954773 528.055115 2176.336670
440.612823 206.106415 2078.558838
378.548767 -96.707336 1939.860596
70.266106 491.990356 2377.739014
70.266296 175.226685 2377.739014
70.260048 -141.536652 2377.739014
188.154144 275.242798 2218.873047
263.618958 52.626236 2092.782471
227.455170 -400.800110 1932.743164
303.768188 -851.786255 2017.507568
87.776741 28.299515 2228.634033
217.583069 -438.108826 2216.547607
302.300690 -895.548096 2201.807861
209.250031 733.635681 2338.128174
200.914261 508.597809 2282.303467
331.795715 527.107300 2182.374512
443.308716 202.554352 2085.278320
381.105927 -102.029327 1945.686157
70.032784 490.088318 2382.232422
70.032974 173.324646 2382.232422
70.026726 -143.438690 2382.232422
188.734207 274.096497 2222.914795
264.700928 52.061066 2096.225342
206.710083 -389.972595 1912.666992
297.878662 -835.204041 2011.208984
88.407402 27.129303 2230.826904
194.041718 -445.671997 2228.884521
271.210480 -904.944946 2218.403564
206.904160 731.898926 2341.654297
202.048080 507.044128 2285.782471
333.625488 526.601562 2186.974854
444.456879 209.501740 2092.563721
386.384033 -95.813385 1950.481689
70.470657 487.486694 2384.590088
70.470848 170.723022 2384.590088
70.464600 -146.040314 2384.590088
192.357422 272.418701 2226.437256
270.167877 50.799286 2101.383301
160.634369 -341.484711 1878.378296
291.580200 -766.316284 2005.567871
95.165649 24.787262 2232.800781
181.747223 -407.302765 2205.947754
251.070923 -829.140381 2177.681641
206.321350 728.958374 2343.911865
203.266983 503.939514 2287.947510
335.049927 524.434204 2189.597168
446.401581 213.837769 2099.299805
389.363190 -93.290222 1959.530273
71.484032 483.444855 2386.297852
71.484222 166.681183 2386.297852
71.477974 -150.082153 2386.297852
195.600540 269.196899 2228.758301
275.796173 48.118439 2103.997070
121.023056 -293.470886 1852.609619
280.971832 -703.421387 1995.598999
100.072029 20.790131 2235.141113
178.424042 -456.950195 2217.013672
247.592468 -916.921021 2191.733398
205.111725 730.621521 2344.539062
204.944153 504.817505 2291.002930
336.665192 526.327209 2192.782227
451.484344 218.821899 2105.095215
391.896973 -91.134033 1972.400146
73.223114 483.307739 2389.223633
73.223305 166.544067 2389.223633
73.217056 -150.219269 2389.223633
200.583771 269.559082 2233.635254
284.560242 48.725876 2110.397217
93.052811 -235.356247 1840.700806
265.527222 -655.831543 1980.195557
107.886528 19.875473 2242.137939
203.948608 -421.731140 2200.504395
232.513733 -856.656555 2176.002197
205.683685 728.529236 2345.855957
206.008667 501.620636 2292.763184
338.144135 523.034912 2195.074463
454.825806 222.587219 2109.373779
394.831085 -90.510284 1984.247559
73.873177 480.206390 2390.451904
73.873367 163.442719 2390.451904
73.867119 -153.320618 2390.451904
202.518646 266.085815 2236.411133
287.906403 44.954773 2114.351074
69.487885 -186.758484 1824.112061
236.725082 -613.996094 1957.359375
110.150848 16.147217 2245.767090
205.862549 -436.933105 2175.454834
209.458984 -886.702026 2176.195557
204.980057 724.989075 2346.013672
205.858673 497.875793 2294.118164
338.338257 518.950073 2196.819336
456.643250 218.134460 2112.605713
399.644653 -96.770538 1990.351074
73.379082 476.801514 2391.416992
73.379272 160.037842 2391.416992
73.373024 -156.725494 2391.416992
202.693085 262.095825 2238.739502
289.513733 40.630493 2117.270996
55.178192 -132.818451 1813.494751
212.296783 -560.437195 1938.618408
109.541267 12.001221 2249.450684
193.817566 -462.142853 2196.645752
197.156570 -927.959045 2197.462402
204.987793 721.906494 2346.093018
205.738235 494.933594 2294.694580
338.683685 515.871704 2198.003174
456.324738 213.207184 2113.782227
404.949860 -103.710327 1994.204834
72.792824 473.995544 2391.385986
72.793015 157.231873 2391.385986
72.786766 -159.531464 2391.385986
203.076904 258.994873 2239.943848
290.408112 37.229416 2119.741455
41.424744 -73.029121 1807.207031
190.484055 -502.338501 1919.768921
110.422997 8.882874 2250.644775
171.135239 -460.251617 2190.420898
234.616699 -909.016968 2164.102539
204.941925 720.070740 2345.632080
208.013474 493.574158 2294.967529
341.005890 515.789978 2198.632324
456.571075 207.773834 2115.275635
409.582397 -111.617615 2000.571289
75.021072 471.358337 2391.302734
75.021263 154.594666 2391.302734
75.015015 -162.168671 2391.302734
207.751984 257.633270 2240.196289
297.363373 36.705276 2120.324219
40.219086 -13.339249 1805.951660
172.748749 -446.993958 1898.732666
117.617599 6.679474 2250.525879
167.960541 -467.907837 2194.592285
257.427917 -916.191162 2153.410645
207.229919 720.504028 2346.900635
211.077011 494.596497 2296.109619
344.079620 517.499817 2199.946045
459.384277 206.721649 2117.087158
418.390289 -112.908539 2000.713013
78.074425 471.693176 2392.273193
78.074615 154.929504 2392.273193
78.068367 -161.833832 2392.273193
211.994415 258.686096 2241.191406
302.713654 38.239777 2121.344727
36.484283 43.627930 1810.706421
132.749115 -387.199402 1868.596924
123.109947 7.311615 2251.201660
164.325500 -469.101715 2188.017822
263.490112 -919.562866 2159.308594
207.679764 718.883423 2346.537109
213.470657 492.984985 2295.122803
346.957275 516.884888 2199.883545
464.051666 207.269775 2118.961426
424.199127 -113.391724 2004.893799
79.984009 469.085083 2390.362061
79.984200 152.321411 2390.362061
79.977951 -164.441925 2390.362061
215.873779 257.287781 2239.343750
308.370636 37.721252 2119.285156
40.222351 93.027969 1816.284668
91.854767 -343.385742 1831.729858
128.183182 5.459900 2247.844238
160.798767 -470.990295 2174.160645
267.880310 -921.913452 2157.399170
205.803024 715.081909 2345.864746
213.999283 490.088318 2295.014893
348.211731 515.456970 2201.203125
467.690613 205.605011 2120.605713
429.945587 -114.784241 2004.983521
79.786819 464.719727 2388.826660
79.787010 147.956055 2388.826660
79.780762 -168.807281 2388.826660
219.281448 254.536011 2238.873535
315.131226 36.102646 2119.427246
47.044403 132.156067 1823.808838
48.360611 -307.050720 1796.531494
133.996002 1.864746 2246.037109
162.856384 -475.488892 2172.646240
269.570923 -927.641846 2158.543701
206.398819 713.658691 2346.517822
214.357651 488.398193 2295.797852
348.986725 513.576538 2202.519531
472.779144 204.282227 2123.910645
436.221893 -115.080841 2005.095703
79.728554 463.219849 2389.076172
79.728745 146.456177 2389.076172
79.722496 -170.307159 2389.076172
219.986816 252.691040 2240.298828
316.445312 33.970779 2121.868408
48.960754 160.255890 1833.762573
-9.381145 -265.847504 1752.623901
134.786667 -0.003036 2247.731201
160.996414 -477.400024 2171.668701
263.718323 -931.096619 2165.773682
208.730759 712.488525 2347.844971
216.212677 487.540710 2296.306152
351.682800 513.006836 2204.336670
475.893707 194.643494 2126.455322
441.822937 -124.841675 2009.275391
80.742546 462.074615 2388.275635
80.742737 145.310944 2388.275635
80.736488 -171.452393 2388.275635
222.059937 252.092682 2239.724121
319.304474 33.825790 2121.093262
58.176941 174.047104 1830.889648
-65.493996 -219.504562 1696.320312
136.509918 -0.536514 2245.190918
166.701141 -478.493042 2173.402832
264.581024 -933.162354 2156.938477
207.613571 711.077759 2347.008057
215.565048 485.785461 2297.392578
351.390289 510.941986 2205.853027
474.502594 198.851318 2129.738770
447.371307 -120.869110 2012.587646
79.739799 460.628967 2388.932129
79.739990 143.865295 2388.932129
79.733742 -172.898041 2388.932129
221.860291 250.075211 2241.956543
319.785828 31.335999 2124.766113
61.137970 171.108521 1837.001709
-123.697510 -173.167358 1648.717041
136.525253 -2.606110 2248.274902
164.355255 -481.427673 2180.934326
264.661682 -935.677429 2161.739990
206.768967 708.824524 2346.588135
215.180817 484.100159 2298.401855
350.876099 509.052887 2206.607910
475.950439 198.179443 2132.428223
449.134033 -120.888550 2013.839600
79.485542 459.147461 2390.195801
79.485733 142.383789 2390.195801
79.479485 -174.379547 2390.195801
221.860229 248.128860 2244.130615
320.082001 28.991089 2127.933594
61.122620 162.953079 1835.832275
-172.795090 -132.184830 1603.689941
136.997284 -4.675980 2251.785156
168.628662 -482.695435 2180.327637
264.516907 -938.091187 2163.670410
207.348007 706.422913 2346.877197
215.468201 481.333984 2299.284912
351.378021 505.772644 2207.668213
479.195496 199.936249 2138.757812
448.022766 -117.552826 2017.343994
79.558395 456.895325 2390.901611
79.558586 140.131653 2390.901611
79.552338 -176.631683 2390.901611
221.527313 245.276398 2245.305176
319.274200 25.705658 2129.518799
64.603928 155.363663 1834.918335
-210.354965 -110.705338 1571.347168
135.898636 -7.268051 2253.132080
168.543732 -485.455505 2182.955566
264.009979 -940.793335 2161.557129
208.221909 705.031494 2346.518311
216.272888 479.357697 2298.992920
352.967072 503.380280 2208.447266
480.369232 197.978363 2143.914551
448.071808 -117.709961 2018.294922
79.578705 455.335144 2389.538574
79.578896 138.571472 2389.538574
79.572647 -178.191864 2389.538574
221.586426 243.418732 2244.417969
319.119629 23.686401 2128.757080
68.051575 157.804810 1833.905762
-223.427826 -109.729645 1558.620117
134.680313 -8.726868 2250.928955
169.461151 -486.473114 2178.690186
263.347229 -942.380371 2162.861572
208.260345 706.998474 2345.846191
216.860977 481.020142 2299.221436
354.085480 504.922943 2209.447510
481.683197 187.487701 2145.458252
444.921112 -127.471283 2022.970947
79.636452 457.117340 2388.995361
79.636642 140.353668 2388.995361
79.630394 -176.409668 2388.995361
222.585541 244.979401 2245.124512
320.884430 25.063934 2130.464355
71.868301 167.791046 1837.543091
-216.371414 -130.476227 1568.900269
135.735809 -7.186630 2251.590820
168.783020 -485.652954 2183.443115
266.265869 -940.695312 2164.322754
210.090332 709.627136 2352.507324
218.170181 484.531799 2302.444580
354.721039 509.519226 2211.947754
482.443207 193.305450 2149.220947
447.945343 -122.191223 2029.306885
81.619347 459.544312 2392.941406
81.619537 142.780640 2392.941406
81.613289 -173.982697 2392.941406
223.802887 249.067932 2245.928711
321.557678 30.461533 2128.360352
71.224182 172.103577 1833.312744
-193.895660 -170.530029 1588.491455
137.313492 -3.253357 2250.465332
167.234924 -482.212494 2184.331543
267.940033 -936.200439 2158.593750
210.841888 710.729614 2355.839355
218.074020 486.033569 2304.153320
354.490509 511.271729 2213.515381
479.639862 196.216644 2147.011963
447.865204 -121.566284 2033.676025
81.657509 460.795410 2394.791260
81.657700 144.031738 2394.791260
81.651451 -172.731598 2394.791260
223.037903 250.913910 2246.155273
320.028839 32.820023 2127.012451
62.256012 163.709137 1830.856079
-160.803894 -224.607635 1622.945435
135.974747 -1.231476 2249.302002
162.430084 -480.127838 2181.259033
265.028381 -933.974976 2160.831299
212.223450 712.529358 2358.504395
218.943588 487.882446 2304.997314
354.746948 513.500061 2213.550537
477.134430 199.309784 2145.633057
451.202423 -119.658112 2034.687988
83.140236 462.264832 2396.444092
83.140427 145.501160 2396.444092
83.134178 -171.262177 2396.444092
223.461166 253.020889 2245.912598
319.595276 35.441666 2125.135498
51.956268 148.795944 1825.227051
-113.073700 -288.862427 1664.271729
136.362198 0.876999 2248.520264
164.177032 -478.165161 2181.975098
264.767731 -932.494385 2161.456787
213.848404 716.177979 2359.340820
219.289978 491.419983 2306.166260
354.829407 516.352905 2214.139893
476.072083 200.608368 2142.073242
451.737640 -119.860077 2035.354858
83.750511 466.487000 2398.192627
83.750702 149.723328 2398.192627
83.744453 -167.040009 2398.192627
222.931381 256.351440 2247.841797
318.010559 38.103195 2127.434326
42.615753 124.247536 1823.848022
-61.899231 -349.581665 1711.370361
135.135040 4.462616 2251.600342
160.981842 -474.591187 2184.307129
263.025238 -928.654297 2164.648193
214.587234 717.759460 2359.257080
219.147247 492.676331 2305.676270
354.570923 516.906372 2213.290771
473.220032 204.754486 2138.974365
454.148071 -116.550659 2033.847412
83.723572 468.446350 2398.061768
83.723763 151.682678 2398.061768
83.717514 -165.080658 2398.061768
221.302826 257.630432 2247.190430
314.817810 38.930557 2126.379395
31.406921 81.121361 1814.218506
-10.350574 -414.293274 1751.479614
132.098999 6.238480 2251.029785
142.064819 -474.320251 2193.492676
267.326263 -920.656128 2158.301025
216.156937 718.981201 2359.713623
218.986649 492.886169 2305.437500
354.256317 515.859741 2212.512695
470.826538 206.931458 2135.982666
449.362366 -114.278076 2030.973389
83.717003 469.912628 2398.362305
83.717194 153.148956 2398.362305
83.710945 -163.614380 2398.362305
218.274323 258.000793 2246.330566
308.819794 38.614197 2124.533203
19.302368 34.330372 1810.290649
35.423622 -473.376953 1790.421143
126.304176 7.616638 2249.914062
130.544312 -473.065918 2191.453369
266.609039 -916.825684 2159.864990
215.208969 720.262146 2353.943115
218.033340 493.698364 2303.116455
352.636200 515.897461 2209.047607
469.641663 206.814758 2132.521240
438.546204 -114.116364 2029.497681
83.430511 471.499268 2397.185303
83.430702 154.735596 2397.185303
83.424454 -162.027740 2397.185303
216.901367 258.331665 2245.953125
306.746582 37.969208 2125.209229
24.582611 -20.822334 1815.244141
85.143234 -523.676025 1829.809326
124.792198 7.960724 2252.370361
131.575256 -474.185242 2205.543945
256.008942 -922.436279 2181.381592
216.856171 721.512634 2350.556641
218.331360 494.704285 2300.994385
352.899200 515.403931 2206.537354
468.214996 206.394165 2127.994873
424.859711 -113.598999 2026.995361
83.763527 474.004669 2395.451416
83.763718 157.240997 2395.451416
83.757469 -159.522339 2395.451416
215.319855 259.058899 2245.063965
303.894318 37.501526 2124.846680
26.637878 -76.025414 1818.300171
133.918198 -573.952271 1866.582764
120.722404 9.325500 2253.420410
128.319321 -473.639221 2216.126709
241.597443 -925.118713 2197.935791
217.087799 723.281860 2347.863281
217.807709 495.558807 2299.116699
352.194336 515.496460 2204.231689
466.990692 206.034821 2122.052979
413.046204 -112.157257 2020.519775
83.421074 475.621155 2394.001709
83.421265 158.857483 2394.001709
83.415016 -157.905853 2394.001709
213.948883 259.705322 2244.092773
301.245331 37.375671 2124.707764
35.815430 -132.294296 1830.687256
181.733444 -589.293518 1904.377197
118.934792 10.328018 2253.429932
126.393494 -473.169556 2223.800049
229.250031 -927.301941 2210.351562
215.978333 722.039612 2347.020508
215.805862 493.736023 2297.631592
349.619995 513.078064 2201.819092
462.611023 204.713135 2118.682129
408.855713 -111.492188 2010.725220
81.991753 474.394043 2393.444092
81.991943 157.630371 2393.444092
81.985695 -159.132965 2393.444092
210.276855 257.982941 2242.317139
296.287689 35.461349 2121.458984
47.367065 -193.486420 1841.595581
222.933914 -624.298096 1931.266602
113.208000 8.998322 2252.546387
120.051353 -474.843903 2229.023438
213.254730 -931.150208 2219.315186
216.710480 723.634766 2347.104736
213.954254 495.008911 2296.812012
346.793671 513.691040 2199.533936
459.895844 204.565216 2113.062500
407.480865 -110.753998 2001.619385
81.114822 476.326752 2394.090088
81.115013 159.563080 2394.090088
81.108765 -157.200256 2394.090088
206.428711 259.364319 2241.280029
289.142242 36.410690 2119.666260
62.037430 -245.691238 1859.894043
261.086578 -659.475952 1954.878174
108.664078 11.028793 2251.829834
149.827469 -468.240417 2204.565186
286.526184 -912.473999 2175.502686
216.939102 723.444580 2346.136475
213.808258 496.594696 2293.305664
345.780151 516.601746 2195.118652
454.465088 207.230255 2107.167480
402.612122 -107.974823 1994.937988
81.836365 476.587646 2391.492676
81.836555 159.823975 2391.492676
81.830307 -156.939362 2391.492676
206.374512 261.520752 2235.414307
288.275726 39.990051 2111.057861
91.217163 -285.746063 1872.224121
296.397827 -694.842896 1966.612793
109.605820 12.903549 2243.988037
176.939606 -462.293335 2188.724365
303.576324 -909.902832 2172.004883
217.731247 725.538330 2346.157227
213.751648 500.713104 2290.612549
344.237640 521.950439 2190.731445
451.332245 211.935455 2099.583252
398.231720 -102.636963 1986.080322
83.265663 479.475769 2390.493652
83.265854 162.712097 2390.493652
83.259605 -154.051239 2390.493652
205.715546 266.281189 2230.267578
285.862396 46.201569 2102.422607
117.630295 -316.452881 1892.280884
321.099976 -726.056519 1984.473877
109.496468 17.496994 2237.422607
191.318207 -456.826721 2191.954834
306.797546 -907.168701 2169.129883
217.638718 727.255493 2345.675537
211.545639 502.797241 2288.305664
340.765656 523.961670 2186.774902
447.478394 216.364990 2092.138672
397.246429 -97.899567 1976.494507
82.325653 481.632751 2389.836914
82.325844 164.869080 2389.836914
82.319595 -151.894257 2389.836914
201.402802 268.798035 2226.618896
278.506317 49.088593 2096.380371
167.227783 -363.054230 1923.029053
330.892395 -789.823730 2002.951294
104.013611 20.509064 2233.483398
198.176636 -452.655304 2198.795410
300.819244 -905.328857 2165.577637
219.658997 732.572754 2345.940918
211.169662 508.115234 2286.359863
338.829315 528.994385 2182.825439
445.412262 219.906525 2086.556885
396.777802 -90.727539 1961.240601
83.510002 487.236084 2389.894287
83.510193 170.472412 2389.894287
83.503944 -146.290924 2389.894287
198.187454 274.640228 2223.269043
271.365601 55.257050 2090.300537
204.563538 -384.881104 1942.273438
343.130249 -819.546082 2027.681152
99.044891 27.073395 2230.055908
205.905304 -443.980377 2201.513672
301.346558 -898.114990 2164.640137
220.982407 734.937256 2345.563232
210.065186 510.419434 2284.265137
336.434387 531.267395 2179.146973
442.201447 212.943237 2076.288330
389.845642 -95.481750 1946.377197
83.695969 489.571411 2389.383301
83.696159 172.807739 2389.383301
83.689911 -143.955597 2389.383301
195.324738 277.276306 2220.305664
265.850739 58.200180 2085.418701
237.504303 -400.718201 1971.388428
347.549744 -845.269714 2045.061279
95.317856 30.066208 2227.273682
211.311157 -439.437988 2208.959473
301.718262 -893.888672 2163.618896
222.254181 737.111145 2338.371094
210.173080 511.680359 2279.645996
335.612000 530.790283 2173.098145
438.608093 207.973663 2066.148438
383.809631 -99.657288 1933.141113
84.734192 492.570435 2386.193848
84.734383 175.806763 2386.193848
84.728134 -140.956573 2386.193848
193.772949 277.926270 2218.413086
262.006683 57.065689 2085.291992
264.759064 -411.964783 1996.733521
347.191711 -864.519348 2055.238525
92.738922 31.278641 2229.068359
215.919434 -436.503113 2208.771484
302.901947 -892.460083 2172.480957
225.217148 734.817261 2330.261230
211.702103 510.301819 2271.961914
338.122314 528.053589 2166.334717
437.300110 205.490204 2058.568604
376.201385 -101.596344 1924.320068
85.281906 492.550049 2377.589111
85.282097 175.786377 2377.589111
85.275848 -140.976959 2377.589111
193.982452 276.443024 2211.451660
261.550079 54.560150 2079.681641
292.581543 -419.393311 2013.820312
345.367310 -878.016235 2054.509033
90.975494 30.608307 2222.201172
219.581573 -435.394135 2194.475098
302.744690 -892.846924 2180.435791
225.908630 734.194641 2323.729980
214.875580 509.550049 2264.215820
342.704895 528.870605 2160.597656
436.660919 203.737152 2051.300293
365.394653 -100.545685 1913.240479
87.046249 490.229492 2367.833984
87.046440 173.465820 2367.833984
87.040192 -143.297516 2367.833984
199.880707 275.917267 2202.154297
271.130676 55.319809 2070.182861
319.973389 -421.517578 2031.591919
359.316406 -883.377441 2050.298828
98.640991 29.249130 2210.002686
227.337799 -437.115784 2187.729248
313.096497 -894.517944 2178.501221
228.238937 736.102722 2320.946045
218.468948 511.208160 2259.673828
345.835358 532.218201 2155.798340
435.822205 203.367981 2046.643311
359.519623 -99.986450 1906.187134
91.102539 490.198120 2363.549316
91.102730 173.434448 2363.549316
91.096481 -143.328888 2363.549316
204.435303 278.132935 2195.324219
276.321655 59.230835 2060.901367
330.599792 -419.395447 2050.811768
358.395813 -882.677002 2046.171387
104.481651 30.884583 2201.047852
221.338303 -438.769226 2189.726807
305.805847 -896.628601 2187.571777
230.491516 737.043701 2311.058838
221.475800 511.130676 2252.773682
349.715820 530.802185 2149.706299
435.397797 204.181000 2043.818115
355.698364 -99.618805 1900.507812
93.235764 491.459167 2355.841064
93.235954 174.695496 2355.841064
93.229706 -142.067841 2355.841064
207.379120 277.456360 2190.634766
279.794098 57.052567 2058.965820
342.449127 -421.426697 2068.551270
351.436554 -885.686646 2055.584961
106.770782 30.511490 2198.025879
214.115784 -441.493286 2197.812012
305.328400 -898.036499 2190.232422
232.952728 739.134644 2306.614258
223.592743 512.515503 2248.616943
352.613922 531.885498 2146.459229
437.697968 206.590942 2039.907959
353.714203 -99.334167 1896.844727
94.571556 493.145538 2350.774658
94.571747 176.381866 2350.774658
94.565498 -140.381470 2350.774658
209.489731 278.823730 2186.495361
282.423676 58.198822 2055.458740
347.872131 -420.490479 2073.499023
354.178467 -885.305786 2056.847900
108.349800 32.065094 2193.288818
216.710510 -439.879761 2197.211182
294.619659 -898.544006 2182.244873
235.122589 736.875061 2305.394287
224.096680 511.219330 2246.496338
352.521271 530.423096 2143.550049
446.347290 205.792725 2033.957886
354.743378 -100.478912 1894.756592
95.672081 492.015564 2349.442627
95.672272 175.251892 2349.442627
95.666023 -141.511444 2349.442627
208.795074 277.739319 2183.854004
280.128998 57.214203 2051.763916
353.936157 -420.401886 2075.439209
349.744446 -885.272278 2054.612305
106.857964 31.304413 2190.659424
212.542206 -441.331390 2196.315918
283.021515 -901.424438 2186.657959
237.662399 738.396790 2304.286621
224.751343 513.122681 2244.781250
352.100342 531.931030 2140.441895
449.675354 206.392761 2028.986328
359.018127 -101.322693 1893.488770
97.402328 494.314270 2349.120605
97.402519 177.550598 2349.120605
97.396271 -139.212738 2349.120605
208.145630 279.653015 2182.427734
277.454590 58.872253 2049.682861
357.596436 -417.463593 2081.189209
345.828979 -882.267212 2058.108154
105.625252 33.494507 2190.465576
217.811066 -437.657898 2195.929443
278.717926 -899.177612 2194.340576
239.388382 738.242920 2303.222656
226.158478 513.462036 2242.013916
353.906982 532.326721 2138.163818
451.338654 208.198120 2028.490967
365.223694 -102.998779 1892.927490
98.409943 494.597351 2345.864014
98.410133 177.833679 2345.864014
98.403885 -138.929657 2345.864014
209.120193 280.281250 2178.696777
278.260498 59.826492 2045.322632
362.609192 -415.520325 2082.559082
348.507629 -880.184387 2055.661621
105.903328 34.374405 2185.436523
222.514496 -435.745117 2189.856689
284.843750 -897.112915 2196.348633
241.922867 740.716187 2303.694336
227.532883 516.588745 2241.894531
354.717987 535.670837 2137.391357
454.666901 205.597046 2028.746582
369.287109 -107.661499 1897.298584
100.347801 497.506653 2346.397705
100.347992 180.742981 2346.397705
100.341743 -136.020355 2346.397705
209.825226 283.665802 2177.812256
277.918365 63.615906 2043.230591
362.081818 -411.757385 2082.135498
350.439880 -876.724121 2058.239990
106.316772 37.869812 2184.229248
228.162201 -430.766327 2195.417969
279.013397 -893.505676 2195.226074
244.153488 743.738892 2303.425049
228.422607 520.417969 2241.192627
355.804840 539.405212 2136.907471
456.330841 205.300446 2028.869507
373.698486 -108.383026 1897.423096
101.040359 501.430725 2345.477783
101.040550 184.667053 2345.477783
101.034302 -132.096283 2345.477783
210.192596 287.688202 2176.551758
277.895874 67.767426 2041.559082
361.455261 -407.898285 2078.940430
353.114532 -872.895996 2053.580566
106.029297 42.149445 2182.262695
227.756897 -426.554626 2194.325684
282.670776 -888.942505 2191.037598
246.004517 745.661987 2302.792480
230.316971 523.021057 2239.848145
358.643250 541.702942 2136.679199
457.169067 203.654877 2026.431152
380.813660 -114.037354 1900.918091
101.990669 504.339111 2343.017090
101.990860 187.575439 2343.017090
101.984612 -129.187897 2343.017090
211.402435 290.618530 2174.237793
279.062317 70.819656 2039.025024
360.217041 -405.386963 2075.134766
354.780579 -870.614807 2053.247559
105.913513 45.612381 2178.229736
231.665924 -422.051208 2189.839600
278.836700 -885.321411 2189.244873
247.611176 745.910461 2302.473877
231.570312 524.113647 2238.649658
359.795074 543.093018 2135.402100
457.583160 202.327209 2026.711914
386.445923 -118.505646 1903.065186
103.345543 505.134308 2341.897217
103.345734 188.370636 2341.897217
103.339485 -128.392700 2341.897217
212.422516 291.969055 2172.196045
279.775970 72.628052 2036.091064
357.853424 -404.225555 2070.514404
359.519928 -869.706665 2061.251709
106.773491 47.020874 2175.393799
232.769058 -420.554810 2188.654541
277.597198 -884.104980 2191.993896
248.415436 747.356689 2301.813477
233.642899 525.694641 2237.606934
361.374115 545.732422 2133.952148
458.294037 201.164368 2028.853882
393.049133 -122.012573 1906.109375
105.911697 505.656860 2341.261719
105.911888 188.893188 2341.261719
105.905640 -127.870148 2341.261719
215.915085 293.518311 2170.878662
284.358795 74.860092 2034.221436
361.067261 -402.261841 2068.210205
369.508362 -867.692139 2070.413574
112.015747 47.823837 2174.079346
238.962799 -419.377502 2190.933105
275.104797 -883.654663 2190.740479
248.251404 748.019836 2294.493896
234.351471 525.353882 2233.730957
362.390991 543.914795 2130.187256
458.137299 199.582214 2030.923340
398.334229 -125.623077 1908.784912
106.311943 506.792908 2337.274658
106.312134 190.029236 2337.274658
106.305885 -126.734100 2337.274658
216.322418 292.458984 2169.688477
284.673462 72.085999 2035.791748
356.546387 -405.749756 2070.104492
371.194092 -871.005859 2079.277832
111.913261 47.042236 2175.500244
232.725983 -421.799011 2190.992920
266.466888 -886.240906 2197.127197
248.712723 747.609985 2290.835449
233.687378 523.951172 2231.528076
361.500000 541.666504 2127.552979
459.567871 198.792755 2032.464722
405.073059 -127.708160 1912.035034
105.874733 506.235870 2335.503174
105.874924 189.472198 2335.503174
105.868675 -127.291138 2335.503174
214.872131 290.789490 2168.672852
282.280975 69.578766 2035.674927
355.287384 -408.319824 2066.612061
361.399078 -873.851196 2073.132324
109.832802 45.676849 2175.960449
225.701813 -424.493744 2188.369629
275.591064 -887.244385 2195.297852
248.364029 747.237610 2289.006348
233.609650 523.386292 2229.423340
361.901367 541.574890 2126.120117
460.286255 198.893829 2034.732422
409.823883 -126.751801 1913.190674
105.317940 505.197693 2332.726562
105.318130 188.434021 2332.726562
105.311882 -128.329315 2332.726562
215.865585 290.200256 2166.329834
284.669281 69.284561 2033.546265
362.006989 -407.866699 2065.392578
364.331360 -873.541992 2067.344238
111.573738 44.743912 2172.926514
226.171600 -425.780884 2184.907959
279.724762 -888.299622 2186.509766
250.912766 747.989746 2289.585693
235.694916 524.949219 2228.637939
363.853943 543.563354 2125.241455
464.140594 198.946442 2037.363037
412.677185 -125.949493 1914.718872
107.535896 506.334991 2332.034424
107.536087 189.571320 2332.034424
107.529839 -127.192017 2332.034424
217.474915 292.181976 2164.149902
285.712494 71.972107 2029.909302
358.568390 -405.896454 2061.517822
374.067657 -871.119995 2068.847656
112.797340 46.857422 2169.414307
230.472076 -422.921661 2181.110352
263.703125 -886.998291 2183.797607
251.008377 746.867371 2281.906738
238.200012 523.396362 2222.178955
368.709015 542.119080 2121.856445
466.065674 199.450897 2038.207031
413.686981 -125.138824 1913.059326
107.690994 504.673645 2322.501465
107.691185 187.909973 2322.501465
107.684937 -128.853363 2322.501465
222.430328 290.327332 2158.167480
294.727936 69.892380 2026.458618
370.336792 -406.840942 2066.600098
377.230347 -872.130981 2059.812500
118.593369 44.624252 2161.853516
231.684998 -426.262085 2173.854248
277.996582 -889.266479 2179.885010
252.185669 747.739258 2285.034424
239.867844 524.889404 2222.263428
370.534821 544.751831 2122.334717
465.031952 198.725891 2036.099121
414.467865 -124.824799 1908.593628
109.200882 505.026947 2322.192139
109.201073 188.263275 2322.192139
109.194824 -128.500061 2322.192139
224.676147 292.362305 2156.180176
297.625092 73.233307 2022.690674
362.806396 -405.036133 2062.075684
374.895142 -870.202576 2069.083252
121.343796 46.437164 2157.503174
232.811462 -424.524597 2177.302979
270.456940 -888.480469 2182.422363
251.395981 748.312256 2279.607910
240.669327 525.017456 2219.303223
371.800964 544.592163 2119.907715
466.012695 198.859924 2035.051636
415.551239 -124.774170 1907.194092
109.537689 505.442657 2318.698730
109.537880 188.678986 2318.698730
109.531631 -128.084351 2318.698730
226.429611 292.029999 2154.632812
300.647705 72.247162 2022.912842
365.094452 -405.829163 2066.437012
366.944366 -871.285645 2071.188721
123.732086 45.837982 2157.011963
225.515961 -427.203979 2177.866211
284.381256 -888.173584 2194.867432
251.946548 747.701599 2277.390381
240.890991 524.017334 2218.678711
371.099152 543.390259 2118.036865
471.011078 199.931824 2028.028076
415.965088 -124.355835 1906.415649
110.682816 504.644318 2319.320557
110.683006 187.880646 2319.320557
110.676758 -128.882690 2319.320557
226.434052 290.745178 2155.071045
299.818268 70.542480 2023.568115
360.151520 -408.360565 2064.053711
363.992462 -873.875366 2073.571045
124.135956 44.403625 2159.358643
224.679077 -428.973663 2180.261475
280.786499 -890.629944 2198.629150
252.020340 746.347839 2275.778076
240.651154 522.093811 2216.652588
371.558777 540.842590 2116.797607
476.003387 201.467163 2023.511963
416.007507 -124.114410 1906.875732
109.743553 503.345032 2316.507568
109.743744 186.581360 2316.507568
109.737495 -130.181976 2316.507568
225.758453 288.769470 2153.319580
299.177307 68.093277 2022.623535
358.984131 -410.908691 2063.186035
374.868286 -876.121582 2072.252441
122.554192 42.797012 2157.349609
221.451599 -431.063782 2175.594727
270.176483 -893.823181 2190.231201
250.993851 744.307678 2274.987061
241.458038 520.695679 2214.730713
373.780334 540.259644 2116.942627
478.008026 202.227142 2019.768677
415.755951 -123.444855 1905.413818
109.135765 501.131744 2312.518799
109.135956 184.368073 2312.518799
109.129707 -132.395264 2312.518799
228.512299 287.491638 2150.557129
304.842133 67.487061 2020.407593
365.912933 -411.226501 2062.639160
380.424927 -876.622681 2071.035645
126.290977 41.088074 2152.359375
226.314545 -432.439026 2173.315918
273.974335 -895.495850 2186.299316
251.198944 744.085693 2274.583740
243.241455 521.344849 2212.611572
376.576447 542.052612 2116.450928
481.011230 201.611908 2019.390381
414.615936 -123.038666 1903.848145
109.906479 500.637054 2308.772217
109.906670 183.873383 2308.772217
109.900421 -132.889954 2308.772217
231.992767 288.494751 2146.871094
310.695679 69.614746 2016.257690
366.479980 -409.554199 2060.362793
382.055298 -874.971680 2069.209473
130.792480 41.674561 2146.003418
228.223465 -432.095978 2172.448730
265.116943 -896.171265 2179.577637
252.494354 747.756531 2274.392334
242.714722 523.951904 2213.488525
374.087494 544.361084 2114.634521
482.013062 201.299774 2018.209473
414.363892 -122.856323 1903.251221
111.341934 503.542664 2312.342529
111.342125 186.778992 2312.342529
111.335876 -129.984344 2312.342529
229.974884 290.976105 2148.458008
305.872589 71.770462 2016.730469
354.739563 -407.558899 2066.319824
372.829163 -872.952271 2069.801270
128.597519 44.230179 2150.124512
221.100616 -430.012146 2183.844238
256.635345 -894.275513 2192.731445
251.124542 747.420349 2267.290283
243.160095 522.876892 2209.245850
375.849304 542.623108 2112.012695
481.990479 201.637024 2016.610107
412.944916 -122.580231 1902.129761
110.470909 503.130676 2306.479004
110.471100 186.367004 2306.479004
110.464851 -130.396332 2306.479004
231.852356 289.244690 2146.368408
310.054626 68.932968 2017.899170
361.747650 -410.392212 2064.956543
387.520721 -875.360046 2071.102295
131.034622 42.292038 2149.082764
226.786957 -431.309204 2183.341309
260.846588 -895.639343 2179.563232
250.487274 746.076355 2263.728027
242.790665 521.602417 2207.125000
376.033539 540.167847 2110.395020
482.988922 201.318176 2016.301636
413.480194 -122.157288 1901.008057
109.547813 503.036957 2303.854980
109.548004 186.273285 2303.854980
109.541756 -130.490051 2303.854980
230.872833 287.584900 2145.793457
308.836365 66.091064 2019.210815
357.911499 -413.507294 2066.554199
378.105774 -878.781982 2067.580566
129.073608 41.043701 2149.712891
219.920166 -433.730927 2180.905029
265.316071 -896.939087 2186.989258
250.868896 748.111816 2268.951904
241.794693 524.355225 2210.177979
373.771118 543.794128 2111.898926
482.981445 200.650818 2014.152100
413.287903 -121.827148 1897.792725
109.818291 504.916382 2308.457031
109.818481 188.152710 2308.457031
109.812233 -128.610626 2308.457031
229.199112 290.843750 2147.076904
305.638794 70.446289 2017.673828
360.142670 -408.555420 2065.010498
367.389435 -873.969482 2058.041748
127.568260 44.218201 2150.277832
219.511353 -430.568390 2178.257324
265.305176 -893.914917 2184.641602
250.552872 747.483582 2264.563477
241.741638 522.705505 2208.212402
373.542816 541.696228 2109.590088
482.991608 201.326691 2015.076538
413.367737 -121.630951 1895.819336
109.940468 503.714722 2306.834717
109.940659 186.951050 2306.834717
109.934410 -129.812286 2306.834717
229.492538 288.727356 2146.787598
306.152802 67.559830 2018.834839
366.193909 -410.292664 2070.596191
366.546478 -875.601440 2055.498291
128.334061 41.938614 2151.890625
222.877304 -432.463257 2177.864990
262.610687 -896.420410 2184.200684
250.677872 747.344238 2262.369873
242.143066 522.206665 2207.159912
374.145874 540.800781 2108.720703
481.994080 200.163727 2013.040039
411.573303 -122.182648 1894.217285
110.140266 503.612549 2305.599121
110.140457 186.848877 2305.599121
110.134209 -129.914459 2305.599121
229.950897 288.001465 2146.571777
306.807251 66.339767 2019.576904
362.529358 -412.140869 2070.537598
375.058319 -877.327942 2057.982178
128.710205 41.252731 2152.390381
227.159088 -432.412964 2177.257568
256.185638 -897.096802 2184.103271
250.659561 747.579773 2261.274170
242.116577 523.058960 2206.822266
374.033844 541.618042 2108.255127
481.999969 199.581299 2012.024658
410.615082 -122.774200 1894.852051
110.199310 504.499969 2305.389404
110.199501 187.736298 2305.389404
110.193253 -129.027039 2305.389404
230.178619 288.711670 2146.720215
307.232849 66.884369 2020.124268
363.904419 -411.708221 2069.190674
364.087067 -876.978516 2054.330811
129.248474 41.844330 2153.112061
219.301941 -433.349152 2179.440430
276.003937 -894.739624 2185.315186
250.354233 747.982910 2260.731689
241.919754 522.943481 2206.612549
373.879547 541.500366 2108.098877
482.504486 199.288422 2012.013916
409.822815 -123.045746 1893.930908
109.959946 504.386505 2305.126221
109.960136 187.622833 2305.126221
109.953888 -129.140503 2305.126221
230.060516 288.571960 2146.578613
307.223206 66.719238 2020.085938
364.852325 -411.857239 2068.341797
364.522308 -877.325195 2054.757812
129.179367 41.681702 2153.003418
221.567810 -433.222900 2177.017578
263.890839 -896.403259 2182.097656
250.969879 751.045715 2267.452148
241.596527 526.427979 2210.120605
372.859100 545.994385 2110.882080
482.740753 198.639557 2011.504395
409.327850 -123.155731 1893.351562
110.333939 506.861572 2309.359131
110.334129 190.097900 2309.359131
110.327881 -126.665436 2309.359131
229.241333 292.719208 2147.699219
305.441498 72.210770 2018.327148
362.910004 -406.301086 2067.492676
363.544342 -871.614502 2048.237793
128.330780 45.810135 2152.228516
217.991516 -429.804749 2172.306641
263.688538 -892.846313 2183.643066
250.269104 749.560791 2263.818115
242.483444 524.989197 2207.343262
374.744751 544.555298 2109.447754
478.868134 200.814697 2011.757202
409.084045 -123.356659 1892.821533
110.222122 505.423096 2305.238770
110.222313 188.659424 2305.238770
110.216064 -128.103912 2305.238770
231.255966 291.085663 2145.424805
309.257507 70.382248 2017.461914
369.385742 -407.402405 2070.228760
369.061249 -872.627869 2047.931396
130.799484 43.982040 2149.550781
221.003906 -431.408752 2172.674805
264.845581 -894.869385 2181.860107
250.275635 748.100281 2262.498535
241.984833 523.142883 2206.304932
374.249329 542.298096 2108.323242
475.433350 201.408020 2010.380371
408.539429 -123.384796 1893.544434
109.720352 503.987671 2304.286621
109.720543 187.223999 2304.286621
109.714294 -129.539337 2304.286621
230.628036 289.026428 2145.205078
308.496826 67.832062 2018.006958
362.324554 -410.666656 2070.846680
372.130676 -875.980225 2059.388184
130.045639 41.987885 2150.203613
218.651260 -433.707703 2173.565186
259.807312 -897.139893 2192.063721
248.569550 748.035767 2261.837891
240.421432 522.738281 2206.744873
372.908112 541.305847 2108.947266
477.213959 199.204529 2011.691040
406.910797 -125.564728 1899.890503
107.934738 504.170776 2304.542480
107.934929 187.407104 2304.542480
107.928680 -129.356232 2304.542480
228.942963 288.355133 2146.695801
306.841919 66.497864 2020.670898
358.396423 -412.686890 2069.445312
375.445679 -877.875610 2069.239746
128.087067 41.446045 2152.622559
213.957092 -434.818420 2174.575195
266.688446 -896.773438 2198.153564
248.340683 745.685669 2262.004150
240.143341 520.384460 2205.631592
373.480011 538.941467 2109.000732
478.109711 199.103912 2012.844971
403.330963 -125.497345 1902.416504
106.806656 501.827454 2302.262451
106.806847 185.063782 2302.262451
106.800598 -131.699554 2302.262451
228.702209 286.181824 2144.868164
307.215088 64.498459 2018.913696
364.906189 -413.960938 2067.793945
368.431335 -879.204834 2057.772461
127.307068 39.459946 2149.295654
210.384521 -437.381592 2169.346436
272.905792 -898.318115 2188.929443
245.992386 743.901123 2262.090576
239.468674 519.081665 2205.291992
373.307739 538.434448 2109.516602
479.056702 198.049957 2014.426147
401.468628 -125.368744 1903.990967
105.629593 499.728882 2301.067383
105.629784 182.965210 2301.067383
105.623535 -133.798126 2301.067383
229.479462 284.947449 2144.022461
309.781372 63.869095 2018.140747
369.045929 -413.764160 2072.817871
365.840698 -878.679749 2051.555664
129.199158 37.757339 2147.365234
213.794952 -438.443787 2174.196289
275.568787 -899.799194 2187.025391
244.515732 743.157166 2261.129883
237.548798 517.353516 2204.395996
371.918488 536.390625 2109.299316
475.527740 197.025665 2012.212158
401.107605 -127.109131 1902.353516
103.179092 498.316345 2299.492676
103.179283 181.552673 2299.492676
103.173035 -135.210663 2299.492676
227.361023 283.223145 2143.130859
307.820923 61.935516 2017.712158
363.969116 -415.744324 2075.334961
356.761139 -880.471130 2048.308105
126.525574 36.250092 2146.019287
204.392090 -440.792816 2177.247314
278.419006 -900.347656 2181.845947
243.492462 741.958313 2260.652100
235.789001 516.299194 2204.824219
369.963074 534.588989 2109.303467
470.764099 198.513824 2015.605225
399.791809 -126.758514 1902.574585
101.614952 498.009430 2300.344971
101.615143 181.245758 2300.344971
101.608894 -135.517578 2300.344971
225.266968 281.779846 2145.139893
305.261047 59.599060 2021.015625
363.406494 -417.749207 2079.581787
356.271027 -882.543091 2051.482178
124.228828 34.921875 2149.895508
206.618835 -441.239685 2183.245605
274.441681 -901.853577 2189.350586
241.536911 742.081726 2260.911133
234.694611 515.261536 2205.549316
368.564850 533.185791 2109.531494
466.382355 197.257690 2019.306396
398.600922 -126.352173 1901.528076
100.824371 497.337250 2301.567139
100.824562 180.573578 2301.567139
100.818314 -136.189758 2301.567139
223.719620 280.613556 2146.444336
303.055603 58.057587 2022.564209
361.117096 -419.998657 2074.906738
358.895905 -885.252808 2055.876709
122.433640 33.873566 2152.114502
210.419189 -441.626434 2179.681396
271.463898 -902.984558 2194.059814
240.716629 744.864624 2267.538330
235.551224 520.271423 2209.501221
369.281525 540.611145 2113.797607
462.679413 196.130371 2020.142090
397.986389 -126.268982 1900.927246
101.820900 499.931641 2305.204834
101.821091 183.167969 2305.204834
101.814842 -133.595367 2305.204834
226.024567 286.604340 2146.528320
306.723969 66.660233 2018.985352
366.967987 -410.888550 2073.608643
364.105316 -875.933228 2048.989014
126.271873 39.214310 2148.125488
218.422028 -435.695374 2172.491211
274.358551 -897.454102 2194.015137
240.849899 747.215149 2271.359863
234.189484 523.743408 2212.982910
366.715668 544.370239 2115.682861
460.335907 197.559814 2022.075439
398.318939 -126.149628 1902.779053
101.663315 503.116516 2310.282959
101.663506 186.352844 2310.282959
101.657257 -130.410492 2310.282959
223.828598 290.265533 2149.375488
302.874023 70.703201 2020.126343
357.704742 -406.999695 2078.719238
353.175720 -872.039490 2053.176270
124.061371 42.872147 2151.409668
211.957520 -432.594666 2180.241211
272.788269 -893.988647 2196.676270
240.630203 751.077515 2279.268311
231.803040 527.382446 2218.052002
363.514099 548.536865 2119.754395
460.158875 198.273315 2025.039307
396.209045 -126.235535 1903.997559
100.091980 506.228027 2316.349609
100.092171 189.464355 2316.349609
100.085922 -127.298981 2316.349609
220.348938 294.470917 2152.580078
297.747192 75.830154 2020.796509
352.595978 -402.965820 2068.798584
352.707581 -867.950684 2070.292969
120.042480 47.288589 2153.419678
209.453400 -428.066406 2179.874756
273.801117 -889.088867 2195.015381
237.268860 751.142212 2276.729004
230.515305 527.712280 2216.663574
364.119019 548.347473 2120.879395
459.070007 200.124481 2025.028442
395.512024 -125.624756 1904.687012
96.911613 507.077087 2312.447754
96.911804 190.313416 2312.447754
96.905556 -126.449921 2312.447754
220.254883 294.483826 2152.106445
300.138580 75.178192 2022.922485
356.789764 -403.975037 2065.336914
364.756805 -868.765991 2081.049316
119.850319 47.332550 2152.176270
215.512756 -426.617279 2181.360352
276.258484 -888.282471 2188.151367
