302.442413 693.819580 2951.379639
306.901337 461.968079 2918.623535
429.648102 478.328796 2824.726562
429.647278 159.912323 2824.726562
429.653564 -158.503723 2824.726562
184.154587 445.607330 3012.520508
184.154770 127.190948 3012.520508
184.149338 -191.225098 3012.520508
309.043976 221.688995 2879.557617
399.942230 -6.759964 2772.596680
446.042236 -491.333923 2759.109863
368.704041 -942.248535 2688.556152
222.430984 -30.420181 2908.386719
300.427429 -510.812561 2895.770752
407.693542 -966.184448 2892.852783
303.005676 698.407959 2957.007568
306.392670 466.884705 2923.967041
428.343658 483.115906 2829.012939
428.342834 164.699432 2829.012939
428.349121 -153.716614 2829.012939
184.441650 450.653503 3018.921143
184.441833 132.237122 3018.921143
184.436401 -186.178925 3018.921143
307.361389 226.699219 2884.154297
396.509033 -1.750015 2775.683350
439.548431 -486.435303 2757.397461
364.074097 -931.571716 2689.560547
220.151199 -25.222519 2912.999756
306.708191 -503.778992 2892.122803
406.883881 -960.434631 2905.608887
301.431335 698.221191 2947.809814
305.846741 465.076508 2919.328857
427.657532 479.975739 2823.976318
427.656708 161.559265 2823.976318
427.662994 -156.856781 2823.976318
184.035934 450.177277 3014.681396
184.036118 131.760895 3014.681396
184.030685 -186.655151 3014.681396
307.083008 224.312958 2883.287598
396.397797 -5.677307 2778.299316
447.038849 -489.675690 2762.509521
368.136566 -940.219482 2689.342773
220.240768 -27.223877 2916.193359
311.721863 -504.679260 2890.331543
405.341644 -962.588318 2911.707275
299.941101 697.873413 2955.718994
304.644226 465.827881 2923.595459
427.109619 482.061584 2829.312256
427.108795 163.645111 2829.312256
427.115082 -154.770935 2829.312256
182.178864 449.594208 3017.878662
182.179047 131.177826 3017.878662
182.173615 -187.238220 3017.878662
306.618958 225.495880 2884.779785
397.148193 -3.097580 2777.788086
441.743988 -487.532288 2757.924805
367.368103 -935.066895 2686.353516
220.039169 -26.574692 2914.140137
317.233124 -502.712158 2884.510010
401.586334 -962.697510 2900.846680
299.686584 697.754761 2947.163086
305.887329 464.992920 2919.014893
428.176819 480.792236 2824.417725
428.175995 162.375763 2824.417725
428.182281 -156.040283 2824.417725
183.597839 449.193542 3013.612061
183.598022 130.777161 3013.612061
183.592590 -187.638885 3013.612061
309.234802 224.223145 2883.129395
401.002838 -5.123001 2778.845947
449.417389 -489.198792 2758.325928
370.156952 -938.840820 2687.478271
224.161713 -27.970230 2915.641846
323.206177 -503.835938 2886.775635
407.773163 -963.921082 2903.731689
302.215607 698.287964 2954.893066
306.127258 466.051086 2923.032227
428.278564 482.005371 2828.275146
428.277740 163.588898 2828.275146
428.284027 -154.827148 2828.275146
183.975967 450.096863 3017.789307
183.976151 131.680481 3017.789307
183.970718 -186.735565 3017.789307
307.638275 225.671753 2884.507080
397.471741 -3.171753 2777.467041
441.727325 -487.377228 2751.628174
362.113586 -936.957336 2689.842529
220.826828 -26.243439 2914.496826
314.213013 -503.185303 2884.558838
384.592041 -965.147339 2908.552002
301.405212 695.437622 2947.749268
305.720093 462.611237 2919.009766
428.304047 477.121918 2824.588379
428.303223 158.705444 2824.588379
428.309509 -159.710602 2824.588379
183.136154 448.100555 3013.431152
183.136337 129.684174 3013.431152
183.130905 -188.731873 3013.431152
306.761353 221.784088 2883.351074
396.443390 -8.550339 2779.416016
446.223053 -492.307495 2755.172607
365.290588 -943.332031 2696.051514
219.161819 -29.535782 2915.968750
312.520325 -506.581360 2887.063477
391.411469 -967.468140 2906.145020
299.761719 695.490662 2943.179688
305.517212 462.008545 2917.092041
428.172180 475.794495 2822.648438
428.171356 157.378021 2822.648438
428.177643 -161.038025 2822.648438
182.862244 448.222595 3011.535645
182.862427 129.806213 3011.535645
182.856995 -188.609833 3011.535645
306.826599 220.863281 2883.592285
396.823303 -10.313873 2781.803955
443.912781 -494.329956 2756.785400
365.047119 -938.745117 2694.943115
219.448669 -30.250122 2918.381104
315.119751 -506.899078 2890.310303
383.048279 -969.686035 2895.165771
301.687775 698.156250 2953.407715
305.721039 465.303467 2923.708740
428.113861 479.538696 2828.988281
428.113037 161.122223 2828.988281
428.119324 -157.293823 2828.988281
183.328232 451.068237 3018.429199
183.328415 132.651855 3018.429199
183.322983 -185.764191 3018.429199
305.651489 224.561050 2887.438232
394.080170 -5.888321 2782.678467
442.825592 -489.846008 2759.445312
364.088318 -931.569458 2689.664062
217.083710 -26.474380 2919.656982
317.691772 -501.915649 2888.874756
383.734528 -965.205994 2894.700439
300.789185 698.632019 2958.020020
304.339294 466.536133 2926.756836
425.274200 481.318817 2830.289062
425.273376 162.902344 2830.289062
425.279663 -155.513702 2830.289062
183.404358 451.753448 3023.224609
183.404541 133.337067 3023.224609
183.399109 -185.078979 3023.224609
303.859589 225.963455 2889.290039
390.833801 -3.919144 2782.062744
443.357239 -487.532715 2759.961670
362.167175 -935.527222 2683.767334
215.925980 -25.299301 2921.583740
284.781494 -504.591980 2881.933594
408.574585 -951.033142 2905.819824
300.830414 699.661682 2960.826416
303.764954 467.210388 2929.071777
423.981842 482.206543 2831.734131
423.981018 163.790070 2831.734131
423.987305 -154.625977 2831.734131
183.548080 452.214294 3026.409424
183.548264 133.797913 3026.409424
183.542831 -184.618134 3026.409424
302.882141 226.735352 2890.932861
388.922302 -2.896729 2782.413818
443.776520 -486.064941 2756.635254
360.310394 -939.226685 2688.027100
215.076324 -24.582672 2923.174072
287.605286 -504.081543 2885.776123
405.343292 -954.604187 2892.044434
301.269135 699.360046 2962.230957
303.973572 467.517242 2929.965576
423.653076 482.773376 2832.000732
423.652252 164.356903 2832.000732
423.658539 -154.059143 2832.000732
184.294037 452.261108 3027.930420
184.294220 133.844727 3027.930420
184.288788 -184.571320 3027.930420
302.964844 227.122253 2891.296143
388.491211 -2.241669 2781.792480
440.773193 -485.950623 2762.008301
364.667114 -937.468872 2686.210449
215.421036 -24.303802 2923.460938
292.248718 -502.729187 2878.720703
385.031708 -959.197449 2896.341309
298.268616 700.621765 2963.422607
301.900635 469.373871 2932.416748
420.112640 485.201080 2832.793945
420.111816 166.784607 2832.793945
420.118103 -151.631439 2832.793945
183.688629 453.546661 3032.039551
183.688812 135.130280 3032.039551
183.683380 -183.285767 3032.039551
301.685669 228.940338 2893.963379
386.954010 -0.047974 2783.469238
436.839386 -483.829315 2759.530273
365.505035 -934.864502 2688.079346
215.987396 -22.938416 2927.550781
283.064392 -502.663605 2880.242188
392.091095 -956.377930 2896.276367
295.586548 698.748596 2963.005615
300.279205 467.372192 2932.767578
415.494995 483.804993 2829.870605
415.494171 165.388519 2829.870605
415.500458 -153.027527 2829.870605
185.063431 450.939392 3035.664551
185.063614 132.523010 3035.664551
185.058182 -185.893036 3035.664551
301.142639 226.784927 2895.312012
385.345032 -1.916031 2783.427979
431.957977 -485.701294 2753.933350
366.418182 -936.393433 2686.157471
218.667099 -25.688675 2932.284912
270.454041 -505.875732 2873.976807
400.909241 -952.959778 2905.438477
293.966583 698.887939 2962.801514
299.798859 467.468842 2933.921387
413.257141 484.347839 2829.137451
413.256317 165.931366 2829.137451
413.262604 -152.484680 2829.137451
186.340591 450.589844 3038.705322
186.340775 132.173462 3038.705322
186.335342 -186.242584 3038.705322
302.070312 226.720337 2897.599854
386.372772 -1.824539 2785.518799
427.031952 -485.453125 2747.269287
366.052032 -934.659729 2692.183838
222.310745 -26.231796 2937.037842
273.834595 -505.784180 2871.935791
400.745575 -955.035156 2895.871338
294.229980 698.644104 2974.712646
299.835632 467.499176 2941.047852
413.585205 486.348145 2836.893799
413.584381 167.931671 2836.893799
413.590668 -150.484375 2836.893799
186.086060 448.650208 3045.201904
186.086243 130.233826 3045.201904
186.080811 -188.182220 3045.201904
302.453979 227.468811 2900.468262
387.313843 1.066330 2784.584961
413.428711 -482.654297 2738.301758
364.421722 -932.982300 2683.646240
222.830811 -26.189438 2935.192383
280.434753 -504.234375 2863.862061
396.855286 -956.919556 2876.276123
291.793518 697.413757 2968.686279
300.370148 465.548401 2939.297852
415.544037 483.972046 2836.631836
415.543213 165.555573 2836.631836
415.549500 -152.860474 2836.631836
185.196228 447.124786 3041.963867
185.196411 128.708405 3041.963867
185.190979 -189.707642 3041.963867
305.796692 225.019348 2902.221680
394.498749 -2.188675 2790.913818
405.069092 -482.763184 2719.823242
367.409424 -941.186768 2683.611084
227.947754 -28.830765 2939.377197
287.736176 -507.456055 2873.379395
399.529419 -961.424683 2891.073242
291.389099 695.090210 2966.156738
301.119659 462.757751 2941.117676
417.066895 480.308228 2839.153320
417.066071 161.891754 2839.153320
417.072357 -156.524292 2839.153320
185.172424 445.207336 3043.082031
185.172607 126.790955 3043.082031
185.167175 -191.625092 3043.082031
307.885071 221.772842 2907.331543
398.482941 -6.522720 2799.822998
379.300171 -477.690613 2690.894287
359.122681 -941.810303 2677.531982
230.818024 -31.901443 2947.267822
285.019745 -511.246094 2881.352295
400.933868 -964.501953 2886.222900
288.899506 693.552490 2964.906982
301.156494 462.223389 2943.338623
418.620728 479.400696 2843.068848
418.619904 160.984222 2843.068848
418.626190 -157.431824 2843.068848
183.692245 445.046143 3043.608398
183.692429 126.629761 3043.608398
183.686996 -191.786285 3043.608398
310.412048 220.889526 2912.838135
404.606262 -8.023422 2809.832275
353.267975 -460.811768 2653.538818
355.200226 -932.244751 2670.821777
234.728943 -32.865280 2954.843018
290.259186 -508.720398 2869.931396
398.115723 -961.686462 2905.499756
288.150299 689.578125 2964.779053
301.081085 457.447998 2946.378662
420.694885 473.921814 2848.596680
420.694061 155.505341 2848.596680
420.700348 -162.910706 2848.596680
181.467270 440.974121 3044.160645
181.467453 122.557739 3044.160645
181.462021 -195.858307 3044.160645
311.674561 215.824448 2918.629395
409.974274 -13.719711 2819.182129
321.524200 -448.182068 2631.236084
338.939758 -919.577881 2651.734375
234.561813 -37.878464 2962.578125
289.796387 -517.588806 2899.442627
386.303528 -974.110352 2938.700928
285.201691 685.665527 2963.725586
301.211334 453.828369 2949.080078
422.708160 469.808746 2853.569336
422.707336 151.392273 2853.569336
422.713623 -167.023773 2853.569336
179.714493 437.848022 3044.590820
179.714676 119.431641 3044.590820
179.709244 -198.984406 3044.590820
314.338135 211.925903 2925.304199
416.419037 -18.276535 2831.600098
293.058533 -427.308655 2610.191895
317.975891 -875.841797 2633.602783
238.510834 -41.676620 2971.456543
289.059692 -523.825256 2925.234375
374.735535 -982.342163 2966.328125
281.893768 684.426025 2965.679199
301.655945 452.428894 2953.928711
423.484863 468.641052 2858.838623
423.484039 150.224579 2858.838623
423.490326 -168.191467 2858.838623
179.827042 436.216736 3049.018799
179.827225 117.800354 3049.018799
179.821793 -200.615692 3049.018799
318.103882 210.416992 2933.740234
423.467194 -19.762634 2844.151367
264.214050 -399.280823 2595.086914
291.847961 -813.583191 2616.750000
245.636444 -43.427155 2982.952148
289.770813 -527.242004 2949.272461
365.552734 -987.453186 2990.860840
281.405426 683.518921 2964.153809
302.109375 450.924927 2956.327881
424.864746 466.160797 2862.265381
424.863922 147.744324 2862.265381
424.870209 -170.671722 2862.265381
179.354050 435.689087 3050.390381
179.354233 117.272705 3050.390381
179.348801 -201.143341 3050.390381
319.505249 208.688873 2939.793457
427.363342 -22.319427 2853.941650
192.262070 -302.919220 2548.847656
257.079041 -747.070374 2597.179199
246.438889 -44.774963 2992.576416
283.880188 -529.700867 2968.000977
350.742981 -991.336792 3009.091309
279.025055 680.396423 2963.882812
300.193604 448.376648 2959.723877
422.295044 462.535187 2864.642334
422.294220 144.118713 2864.642334
422.300507 -174.297333 2864.642334
178.092163 434.218140 3054.805420
178.092346 115.801758 3054.805420
178.086914 -202.614288 3054.805420
318.428284 205.966034 2947.042969
427.816132 -25.874741 2863.380371
147.940460 -221.586655 2532.982910
228.348938 -676.162231 2578.648682
245.509796 -47.014450 3005.343750
297.979065 -503.098511 2922.356445
369.639587 -936.140991 2928.237549
277.796051 680.262207 2963.262207
300.610870 448.562469 2962.518799
424.652802 462.095581 2869.928223
424.651978 143.679108 2869.928223
424.658264 -174.736938 2869.928223
176.568924 435.029358 3055.109375
176.569107 116.612976 3055.109375
176.563675 -201.803070 3055.109375
319.364594 206.057526 2952.197998
429.273071 -26.502319 2873.834961
129.196289 -143.912262 2530.650635
198.400528 -601.700073 2552.983398
246.963562 -46.392517 3009.919434
253.236572 -511.449188 2916.316895
344.214874 -876.061584 2904.402344
276.349457 678.246948 2962.937744
298.976593 445.504944 2964.343262
422.471191 458.703796 2870.945801
422.470367 140.287323 2870.945801
422.476654 -178.128723 2870.945801
175.481995 432.306061 3057.740723
175.482178 113.889679 3057.740723
175.476746 -204.526367 3057.740723
318.186584 202.960205 2955.467285
427.379974 -29.967255 2878.537842
115.532104 -78.621719 2517.820068
161.134216 -533.515564 2523.486572
247.413162 -49.201782 3014.644775
225.614792 -517.652832 2912.993896
331.323120 -835.631592 2893.613037
277.908813 677.885620 2964.273926
299.608032 445.559387 2967.194824
422.964691 457.424408 2873.426270
422.963867 139.007935 2873.426270
422.970154 -179.408112 2873.426270
176.251358 433.694397 3060.963379
176.251541 115.278015 3060.963379
176.246109 -203.138031 3060.963379
318.254791 202.888702 2961.019043
426.444366 -31.169357 2886.778076
110.227966 -18.285997 2525.330811
127.029022 -468.232971 2498.664062
247.358734 -48.394638 3022.908447
235.114716 -517.225281 2906.903564
323.927124 -807.598267 2890.193848
277.872253 675.984924 2963.941650
300.029144 443.968506 2968.934814
423.493927 455.286591 2875.227051
423.493103 136.870117 2875.227051
423.499390 -181.545929 2875.227051
176.564346 432.650421 3062.642578
176.564529 114.234039 3062.642578
176.559097 -204.182007 3062.642578
319.599243 201.319000 2965.411865
428.614288 -33.131042 2894.001709
113.246552 28.490742 2528.770264
86.647079 -416.482758 2458.936768
249.724426 -49.529968 3029.776123
240.934814 -517.340576 2902.425049
319.851013 -804.332520 2884.347900
275.074890 677.081177 2964.280518
299.510681 445.064484 2971.127930
423.167969 456.438110 2877.673340
423.167145 138.021637 2877.673340
423.173431 -180.394409 2877.673340
175.853409 433.690857 3064.582520
175.853592 115.274475 3064.582520
175.848160 -203.141571 3064.582520
320.885864 202.546906 2969.895996
431.759583 -31.738876 2901.025146
118.183533 68.616348 2537.305908
36.883797 -361.370422 2413.889160
252.762512 -48.202469 3036.302979
248.826370 -514.478821 2899.872559
315.788513 -794.267578 2882.774658
276.207123 673.896179 2965.954590
300.512878 441.764587 2972.402344
425.190948 453.642578 2880.391113
425.190125 135.226105 2880.391113
425.196411 -183.189941 2880.391113
175.834808 429.886597 3064.413574
175.834991 111.470215 3064.413574
175.829559 -206.945831 3064.413574
322.916412 199.324371 2971.462402
435.520538 -34.522491 2903.955322
123.287476 79.328423 2530.077148
-15.362396 -308.664948 2357.368896
255.119339 -51.709198 3037.089600
249.373169 -517.051880 2895.686279
317.239258 -797.801636 2879.413330
276.745239 672.389404 2964.793457
301.998596 439.772522 2971.678711
427.562744 452.125519 2880.946777
427.561920 133.709045 2880.946777
427.568207 -184.707001 2880.946777
176.434448 427.419495 3062.410645
176.434631 109.003113 3062.410645
176.429199 -209.412933 3062.410645
325.217987 197.400757 2970.813477
439.252899 -36.036560 2904.325439
125.009369 75.042595 2527.438477
-65.815552 -246.954071 2299.584229
257.621857 -53.905426 3035.571045
252.738434 -519.968018 2895.485107
318.439453 -797.342224 2879.790283
276.779419 676.940186 2975.740723
298.429260 443.866547 2978.497314
422.421753 455.736206 2885.593018
422.420929 137.319733 2885.593018
422.427216 -181.096313 2885.593018
174.436752 431.996887 3071.401611
174.436935 113.580505 3071.401611
174.431503 -204.835541 3071.401611
318.077576 201.276855 2973.726562
427.402130 -32.728241 2901.763916
118.292786 71.087639 2530.474365
-123.619659 -192.410675 2250.547119
248.049667 -49.897430 3036.147705
242.129745 -517.171265 2899.711426
306.398621 -791.564148 2883.721924
277.921295 677.070312 2982.181396
299.663666 444.612793 2982.374756
422.940979 457.472778 2888.639404
422.940155 139.056305 2888.639404
422.946442 -179.359741 2888.639404
176.386353 431.752869 3076.110107
176.386536 113.336487 3076.110107
176.381104 -205.079559 3076.110107
320.014069 202.097198 2975.866943
429.503967 -31.119614 2901.580811
131.784180 32.568443 2519.328125
-139.239563 -171.767487 2225.332520
251.224960 -49.717209 3037.137451
253.335968 -517.597778 2902.632324
320.680847 -792.581848 2886.034668
280.364807 676.456421 2985.915283
300.873138 443.801025 2984.769531
424.223175 456.747681 2891.123291
424.222351 138.331207 2891.123291
424.228638 -180.084839 2891.123291
177.523117 430.854431 3078.415771
177.523300 112.438049 3078.415771
177.517868 -205.977997 3078.415771
320.737305 201.252167 2977.401855
429.789520 -31.935669 2902.323486
132.550873 16.256348 2518.827148
-150.888885 -178.501801 2221.498535
251.413391 -50.657745 3037.744873
246.879211 -517.431763 2899.450439
316.962708 -800.320557 2886.621582
281.050140 672.205811 2986.764160
302.522736 439.063904 2984.517334
427.603607 452.261902 2893.270264
427.602783 133.845428 2893.270264
427.609070 -184.570618 2893.270264
177.441879 425.865875 3075.764404
177.442062 107.449493 3075.764404
177.436630 -210.966553 3075.764404
322.298889 196.517090 2976.543945
432.532867 -36.484970 2902.581299
138.569641 8.797489 2516.626709
-135.858643 -207.890778 2242.620117
251.617218 -55.574448 3034.559814
238.093842 -519.664978 2888.348389
317.081970 -811.107727 2882.297607
282.368744 673.061218 2986.705811
303.405151 439.688660 2984.129395
428.367737 452.718109 2892.667969
428.366913 134.301636 2892.667969
428.373199 -184.114410 2892.667969
178.442566 426.659210 3075.590820
178.442749 108.242828 3075.590820
178.437317 -210.173218 3075.590820
322.476990 197.099167 2975.627930
431.897522 -36.069946 2900.999268
137.002563 14.332478 2516.604492
-107.924698 -243.251358 2278.589111
251.200119 -54.910706 3033.253662
237.737015 -522.969116 2900.628174
313.498688 -804.935913 2881.445312
282.866638 671.123779 2987.672363
302.849396 438.241272 2983.997314
427.486298 451.479797 2892.109619
427.485474 133.063324 2892.109619
427.491760 -185.352722 2892.109619
178.212479 425.002747 3075.885010
178.212662 106.586365 3075.885010
178.207230 -211.829681 3075.885010
321.470215 195.661102 2974.305176
430.209290 -37.347000 2898.174072
134.092377 60.675819 2525.760742
-68.371246 -293.116089 2323.752930
249.972794 -56.491135 3031.052002
235.300812 -525.278259 2900.587891
313.730011 -810.375305 2882.150879
282.463745 677.568420 2987.645996
302.641510 444.886627 2984.897461
426.594208 457.645477 2892.022705
426.593384 139.229004 2892.022705
426.599670 -179.187042 2892.022705
178.688812 432.127777 3077.772217
178.688995 113.711395 3077.772217
178.683563 -204.704651 3077.772217
320.752777 202.244873 2975.735596
428.492126 -31.171173 2899.417480
124.667847 92.153923 2533.018555
-18.563965 -332.242035 2378.014648
249.235962 -49.622589 3033.729980
236.143356 -517.445190 2899.450684
312.741119 -802.528687 2885.844238
282.671173 677.563049 2988.632080
301.736206 445.447815 2985.591309
426.313049 457.690369 2893.483398
426.312225 139.273895 2893.483398
426.318512 -179.142151 2893.483398
177.159332 433.205292 3077.699219
177.159515 114.788910 3077.699219
177.154083 -203.627136 3077.699219
318.425476 202.727081 2975.902344
425.193054 -31.141403 2899.612549
118.887421 75.517136 2529.077637
33.771515 -384.180847 2426.575684
245.036453 -48.845932 3032.814209
213.999817 -516.122742 2900.632324
308.034943 -807.920105 2882.675537
284.947266 681.373962 2999.637695
300.831238 449.188721 2989.866211
424.955139 462.076141 2897.233398
424.954315 143.659668 2897.233398
424.960602 -174.756378 2897.233398
176.707336 436.301331 3082.499023
176.707520 117.884949 3082.499023
176.702087 -200.531097 3082.499023
313.927734 206.704224 2973.679443
416.774628 -26.461777 2890.512451
103.667725 58.423042 2519.347412
75.609772 -416.925842 2462.096436
237.273834 -45.098801 3024.472900
206.609772 -514.118286 2897.916260
306.343506 -797.601135 2872.951660
282.500580 687.109131 3006.137695
299.065430 455.063477 2993.581543
422.826691 469.109985 2900.634521
422.825867 150.693512 2900.634521
422.832153 -167.722534 2900.634521
175.304184 441.016968 3086.528564
175.304367 122.600586 3086.528564
175.298935 -195.815460 3086.528564
312.352661 212.744781 2974.653320
415.129761 -19.417099 2888.516602
104.406555 33.411240 2523.211182
125.377579 -450.763245 2509.085693
236.149994 -39.730728 3022.933594
213.478561 -510.781616 2902.347656
312.446686 -795.296570 2881.102295
282.494873 687.126221 3009.870605
296.945862 454.885529 2992.968750
421.572144 469.544067 2901.288086
421.571320 151.127594 2901.288086
421.577606 -167.288452 2901.288086
172.319565 440.226990 3084.649414
172.319748 121.810608 3084.649414
172.314316 -196.605438 3084.649414
308.849426 212.796371 2970.442627
410.722107 -18.710632 2881.731201
99.621399 -8.607385 2516.805420
162.106903 -496.194611 2538.242432
230.783875 -39.874939 3014.101807
225.755249 -516.200195 2912.869873
367.887787 -961.878418 2891.987305
282.684875 688.113953 3010.758789
296.925232 455.911072 2992.166748
421.361908 470.818451 2900.258545
421.361084 152.401978 2900.258545
421.367371 -166.014069 2900.258545
172.488556 441.003723 3084.074951
172.488739 122.587341 3084.074951
172.483307 -195.828705 3084.074951
307.891052 213.934509 2967.765137
408.388672 -17.316269 2877.235840
99.514404 -49.771282 2514.408691
201.757172 -534.065002 2569.627197
229.325089 -38.767868 3009.491211
234.191147 -518.677002 2926.892822
364.766907 -968.217529 2915.487305
282.734406 689.265625 3010.716064
296.602325 456.682495 2991.591797
420.952118 471.706726 2899.579590
420.951294 153.290253 2899.579590
420.957581 -165.125793 2899.579590
172.252518 441.658264 3083.604004
172.252701 123.241882 3083.604004
172.247269 -195.174164 3083.604004
307.184204 214.750992 2966.388672
407.513275 -16.337036 2874.777344
103.171082 -97.646759 2513.756592
240.792450 -576.293579 2596.865723
228.018890 -38.023956 3007.593750
237.731613 -520.374939 2941.245117
356.944244 -973.186462 2937.135986
282.427856 686.304565 3011.170410
295.745575 453.457153 2991.203369
418.947327 468.927063 2897.748291
418.946503 150.510590 2897.748291
418.952789 -167.905457 2897.748291
172.543823 437.987244 3084.658447
172.544006 119.570862 3084.658447
172.538574 -198.845184 3084.658447
306.129608 211.629608 2964.861816
405.514282 -19.022491 2871.008545
104.565521 -141.986725 2510.270264
269.876221 -622.310181 2609.824951
227.513000 -41.373352 3006.031982
239.022629 -525.349731 2953.179932
347.341522 -980.906433 2954.565918
283.567993 688.699463 3012.402100
296.468750 456.180420 2991.472900
419.243317 472.043365 2897.514893
419.242493 153.626892 2897.514893
419.248779 -164.789154 2897.514893
173.694183 440.317444 3085.430908
173.694366 121.901062 3085.430908
173.688934 -196.514984 3085.430908
307.005402 214.431229 2964.426270
405.623260 -15.937500 2869.972168
121.894989 -189.066757 2516.977295
311.050323 -669.728455 2632.754639
229.460846 -38.698395 3004.787109
241.047607 -523.741089 2962.855713
339.109314 -981.585327 2968.274658
282.405670 694.359009 3012.004883
295.935425 462.652588 2991.857910
417.293762 478.785034 2896.142822
417.292938 160.368561 2896.142822
417.299225 -158.047485 2896.142822
174.577103 446.520142 3087.572998
174.577286 128.103760 3087.572998
174.571854 -190.312286 3087.572998
307.031250 220.884583 2965.177002
405.743286 -9.236420 2869.393311
133.859161 -233.952805 2517.409668
331.436829 -705.783630 2642.298340
230.510864 -32.530457 3007.598877
241.286682 -518.266479 2974.382568
329.816772 -978.006226 2982.665283
285.351074 694.064209 3012.326660
297.031769 462.383270 2990.916748
417.771088 477.443604 2894.244629
417.770264 159.027130 2894.244629
417.776550 -159.388916 2894.244629
176.292465 447.322937 3087.588867
176.292648 128.906555 3087.588867
176.287216 -189.509491 3087.588867
305.200562 220.602753 2963.452393
401.543121 -10.179474 2865.390137
150.877625 -290.240692 2527.334717
343.166473 -747.156128 2643.279053
225.195572 -32.176056 3006.585938
234.768433 -518.360229 2980.276123
314.527222 -979.663574 2990.500732
288.403778 689.750977 3012.475830
297.045746 457.676270 2988.476807
416.963135 473.038544 2890.828125
416.962311 154.622070 2890.828125
416.968597 -163.793976 2890.828125
177.128326 442.313965 3086.125488
177.128510 123.897583 3086.125488
177.123077 -194.518463 3086.125488
303.612823 216.147461 2958.543457
397.311676 -14.219116 2857.658691
175.742996 -335.074982 2538.677490
360.387390 -790.032715 2646.649658
223.048141 -36.543549 2999.561523
234.187668 -509.285339 2874.849121
339.103180 -878.872070 2847.487305
290.880707 691.764587 3011.547607
297.595764 459.895935 2986.886719
417.267548 474.885071 2888.869385
417.266724 156.468597 2888.869385
417.273010 -161.947449 2888.869385
177.923965 444.906860 3084.904053
177.924149 126.490479 3084.904053
177.918716 -191.925568 3084.904053
302.740143 218.412979 2956.239014
394.620483 -12.206161 2854.550293
206.288788 -350.007751 2568.586426
379.111023 -825.986694 2663.072510
221.148575 -33.933823 2996.632324
256.654388 -502.527954 2867.448242
366.439789 -913.869751 2868.121338
290.908569 692.964355 3000.078857
298.574982 460.966064 2978.646240
418.008881 474.828552 2880.175293
418.008057 156.412079 2880.175293
418.014343 -162.003967 2880.175293
179.141083 447.103546 3077.117188
179.141266 128.687164 3077.117188
179.135834 -189.728882 3077.117188
303.424988 219.177094 2950.489990
394.738312 -12.576202 2851.046387
239.588470 -369.883850 2582.338867
394.999573 -862.373291 2676.081787
221.811691 -32.647522 2993.621094
274.132202 -502.292694 2877.008789
381.623169 -935.952637 2868.915527
292.513763 693.818604 2993.855469
298.709930 461.248016 2973.137695
417.845123 473.985901 2874.155518
417.844299 155.569427 2874.155518
417.850586 -162.846619 2874.155518
179.574722 448.510132 3072.119873
179.574905 130.093750 3072.119873
179.569473 -188.322296 3072.119873
301.349060 219.399323 2945.190918
390.183685 -13.233398 2845.629395
280.156677 -411.162811 2610.504395
401.880524 -886.662109 2685.379883
217.792694 -31.665344 2988.858887
288.574768 -500.377106 2879.616455
360.376038 -950.113770 2859.912109
293.461578 695.044434 2990.734863
297.870972 462.403656 2969.794434
417.798248 474.404236 2871.682617
417.797424 155.987762 2871.682617
417.803711 -162.428284 2871.682617
177.943680 450.403076 3067.906250
177.943863 131.986694 3067.906250
177.938431 -186.429352 3067.906250
298.849121 220.588562 2941.412109
386.570343 -12.546539 2842.065674
318.825378 -440.385559 2642.380127
409.592987 -901.820496 2695.331787
213.084213 -29.906525 2983.993896
303.062653 -499.999207 2902.205811
340.457428 -956.244873 2856.590088
293.931030 692.151733 2976.677246
298.691956 459.378357 2958.906006
421.194946 470.156769 2863.969971
421.194122 151.740295 2863.969971
421.200409 -166.675751 2863.969971
176.188980 448.599945 3053.842041
176.189163 130.183563 3053.842041
176.183731 -188.232483 3053.842041
299.271484 217.371216 2932.177734
388.473846 -16.838455 2836.769531
358.491486 -465.014282 2670.604980
417.501740 -915.045593 2700.160156
211.228180 -32.433395 2974.129395
315.240631 -499.825012 2890.554443
333.668396 -961.439392 2850.475098
295.225189 693.248657 2970.655518
301.010498 459.789795 2952.960205
422.586975 470.847229 2856.832275
422.586151 152.430756 2856.832275
422.592438 -165.985291 2856.832275
179.434052 448.732361 3049.088135
179.434235 130.315979 3049.088135
179.428802 -188.100067 3049.088135
301.749207 217.795258 2926.058105
390.390167 -16.204544 2829.653564
382.578949 -476.509033 2687.920410
417.768219 -917.247314 2704.095459
214.585648 -32.194046 2968.658447
314.333069 -501.641418 2889.032471
338.714874 -965.865601 2858.837891
299.417633 697.026245 2969.660156
303.029510 463.504150 2949.598145
422.274475 474.709167 2850.646240
422.273651 156.292694 2850.646240
422.279938 -162.123352 2850.646240
183.784531 452.299133 3048.550049
183.784714 133.882751 3048.550049
183.779282 -184.533295 3048.550049
302.155884 221.691895 2921.163086
387.522064 -12.016708 2821.164307
403.603638 -481.254700 2708.725098
413.027649 -919.754028 2706.135498
215.042480 -28.223984 2964.291748
293.281677 -502.334839 2890.143799
339.124329 -965.531860 2858.193604
304.918152 695.626709 2966.150879
307.152405 462.074341 2943.698486
426.609863 473.792725 2845.014893
426.609039 155.376251 2845.014893
426.615326 -163.039795 2845.014893
187.694931 450.356018 3042.382080
187.695114 131.939636 3042.382080
187.689682 -186.476410 3042.382080
305.184082 220.601212 2912.641602
389.577606 -12.400146 2810.241455
430.804382 -486.552429 2725.522217
421.039490 -927.861633 2705.850830
216.853928 -29.343719 2952.927979
291.614227 -505.076996 2883.413330
339.371002 -968.749084 2848.952393
308.279877 698.648071 2964.894531
309.812347 465.876099 2940.108398
428.601654 478.024811 2840.653809
428.600830 159.608337 2840.653809
428.607117 -158.807709 2840.653809
191.023041 453.727386 3039.562988
191.023224 135.311005 3039.562988
191.017792 -183.105042 3039.562988
307.273071 224.592316 2907.601562
390.621674 -7.907623 2803.186279
443.044617 -485.727295 2742.924805
419.005890 -926.244995 2709.843506
218.845901 -25.475311 2947.003174
286.647644 -502.995941 2881.746582
338.788635 -967.068909 2873.678223
312.559204 700.099976 2964.766113
312.211182 468.107178 2937.638184
431.014221 480.318726 2838.191895
431.013397 161.902252 2838.191895
431.019684 -156.513794 2838.191895
193.408157 455.895569 3037.084473
193.408340 137.479187 3037.084473
193.402908 -180.936859 3037.084473
307.645905 227.220764 2902.604248
388.979340 -4.836243 2795.667236
452.294525 -484.151642 2754.663330
418.839508 -928.296326 2709.916260
217.181900 -22.495026 2939.473389
285.097778 -502.059296 2894.755127
327.737732 -944.986023 2852.267334
314.806915 700.275818 2963.706787
313.044434 467.952576 2934.566406
430.940521 480.599518 2834.102783
430.939697 162.183044 2834.102783
430.945984 -156.233002 2834.102783
195.148331 455.305634 3035.030029
195.148514 136.889252 3035.030029
195.143082 -181.526794 3035.030029
307.124176 227.423630 2897.339355
386.453064 -3.960480 2787.468506
465.073914 -482.475647 2761.373291
419.207520 -931.806519 2710.514893
215.954773 -22.250153 2932.756104
291.230499 -501.799683 2900.694092
324.971283 -937.736633 2842.674072
317.835541 697.773743 2964.657959
313.919708 466.506378 2931.823486
432.699829 479.175598 2832.409912
432.699005 160.759125 2832.409912
432.705292 -157.656921 2832.409912
195.139572 453.837158 3031.237061
195.139755 135.420776 3031.237061
195.134323 -182.995270 3031.237061
306.378845 226.406494 2892.215332
384.725525 -4.532547 2780.723145
472.304779 -482.441650 2765.373535
420.147766 -935.915283 2713.594482
212.950455 -22.854233 2924.491211
295.919434 -501.742615 2900.745850
321.600525 -934.088623 2836.926025
317.587036 697.109070 2951.646973
315.424805 465.560974 2922.678711
435.556458 477.173767 2824.788818
435.555634 158.757294 2824.788818
435.561920 -159.658752 2824.788818
195.293152 453.948212 3020.568604
195.293335 135.531830 3020.568604
195.287903 -182.884216 3020.568604
309.404053 224.859497 2886.735107
390.254059 -7.444443 2780.004395
483.662445 -484.756592 2775.986328
424.952942 -938.576843 2717.455566
216.512543 -24.239548 2921.578613
305.243652 -502.515808 2905.617188
326.849976 -934.132568 2836.682861
317.587372 697.178589 2945.629150
317.102509 465.264282 2917.005127
437.464233 477.408997 2819.447021
437.463409 158.992523 2819.447021
437.469696 -159.423523 2819.447021
196.740784 453.119629 3014.563232
196.740967 134.703247 3014.563232
196.735535 -183.712799 3014.563232
312.927734 224.388336 2881.868408
395.778351 -7.706619 2776.194092
485.279877 -486.059204 2776.113037
425.767731 -936.105652 2712.760986
221.727554 -25.268631 2917.269287
309.549530 -503.987549 2907.764404
328.882233 -933.890259 2834.990479
316.518860 694.839600 2931.131104
318.085052 462.636169 2907.949219
439.219208 473.941925 2811.250488
439.218384 155.525452 2811.250488
439.224670 -162.890594 2811.250488
196.950897 451.330444 3004.647949
196.951080 132.914062 3004.647949
196.945648 -185.501984 3004.647949
315.704651 221.218109 2876.741211
400.913879 -12.025024 2775.612305
485.529175 -491.403625 2777.410400
424.264130 -942.239502 2715.717285
225.734619 -28.374908 2915.454102
307.680908 -508.218933 2907.507324
326.360718 -934.537720 2834.828613
315.825745 702.061462 2923.867920
318.914490 469.746826 2904.692871
439.429169 480.517059 2807.159180
439.428345 162.100586 2807.159180
439.434631 -156.315460 2807.159180
198.399811 458.976624 3002.226562
198.399994 140.560242 3002.226562
198.394562 -177.855804 3002.226562
318.190063 227.884537 2877.089844
404.606018 -6.190155 2778.963135
482.416687 -486.771698 2779.408936
423.275116 -931.132568 2719.491699
230.325241 -21.765381 2920.010498
313.892578 -501.344635 2922.354492
327.284576 -926.097778 2840.881592
315.667816 702.879761 2931.254883
318.200562 470.714813 2907.421875
437.595032 482.751343 2808.679688
437.594208 164.334869 2808.679688
437.600494 -154.081177 2808.679688
198.806076 458.678284 3006.164062
198.806259 140.261902 3006.164062
198.800827 -178.154144 3006.164062
316.495667 229.335251 2875.936523
401.127075 -3.340485 2773.048828
480.321014 -483.769287 2773.796875
417.799408 -932.629517 2709.664307
228.454498 -20.748138 2915.853516
310.873688 -500.617493 2917.489258
319.971466 -933.842163 2833.018311
315.446289 700.297424 2923.430908
318.268555 467.547516 2902.476318
437.708893 478.785583 2803.683350
437.708069 160.369110 2803.683350
437.714355 -158.046936 2803.683350
198.828232 456.309448 3001.269287
198.828415 137.893066 3001.269287
198.822983 -180.522980 3001.269287
317.142822 225.819611 2873.617676
402.377625 -7.782684 2773.327393
480.361115 -488.444122 2774.897217
424.911316 -938.687500 2715.547363
229.656540 -24.033905 2916.190674
312.989563 -503.787384 2918.520996
322.143768 -940.206665 2833.426270
315.934479 698.311401 2920.012939
317.566498 465.372467 2899.672607
436.829346 476.098755 2800.601318
436.828522 157.682281 2800.601318
436.834808 -160.733765 2800.601318
198.303650 454.646179 2998.743896
198.303833 136.229797 2998.743896
198.298401 -182.186249 2998.743896
315.692566 223.576935 2871.237793
400.052399 -10.462891 2771.168701
475.664490 -491.511078 2769.999512
419.999634 -936.306274 2714.488281
227.584869 -25.974304 2914.437256
303.753876 -506.805603 2909.263672
318.910126 -938.398560 2835.297363
315.982208 694.462646 2918.855957
317.389923 461.958130 2897.428223
436.693481 472.932739 2798.427979
436.692657 154.516266 2798.427979
436.698944 -163.899780 2798.427979
198.086349 450.983521 2996.428467
198.086533 132.567139 2996.428467
198.081100 -185.848907 2996.428467
315.489563 220.228668 2868.341309
399.853210 -13.565475 2767.670898
477.926331 -494.219116 2769.559326
420.434448 -938.428284 2714.333008
227.325211 -29.436142 2910.837891
307.793274 -509.622742 2906.440430
321.711731 -934.179932 2836.945068
318.135162 698.593384 2928.743164
319.101532 467.112915 2901.829590
438.296814 479.881958 2802.927490
438.295990 161.465485 2802.927490
438.302277 -156.950562 2802.927490
199.906250 454.343872 3000.731689
199.906433 135.927490 3000.731689
199.901001 -182.488556 3000.731689
316.835846 226.049896 2867.975586
400.762451 -5.779602 2762.603760
480.548920 -486.127106 2767.934814
418.725403 -931.360657 2713.812012
228.377853 -24.246643 2905.639404
310.528748 -504.069916 2911.329346
324.035583 -922.175171 2837.030518
318.165985 695.169434 2922.685303
319.652191 463.550903 2896.666748
440.560547 476.054016 2799.859863
440.559723 157.637543 2799.859863
440.566010 -160.778503 2799.859863
198.743835 451.047760 2993.473633
198.744019 132.631378 2993.473633
198.738586 -185.784668 2993.473633
317.810852 222.400482 2863.220947
403.405579 -9.708160 2759.768311
484.452972 -489.713837 2771.192627
420.052521 -941.998169 2715.586182
228.533447 -27.791687 2899.781982
312.832458 -507.220245 2909.915527
323.150574 -936.227905 2834.264160
318.138306 695.832825 2918.656494
321.029938 462.907898 2893.900879
442.641876 475.552521 2797.980469
442.641052 157.136047 2797.980469
442.647339 -161.279999 2797.980469
199.417969 450.263306 2989.821289
199.418152 131.846924 2989.821289
199.412720 -186.569122 2989.821289
320.217590 221.656403 2861.068115
407.334198 -10.452682 2758.882080
485.459625 -490.894226 2772.661133
420.146759 -940.780151 2716.817383
231.476318 -28.737534 2897.588623
314.578918 -508.242065 2913.295166
325.435394 -933.284424 2839.868408
317.313293 694.987427 2917.646240
321.132629 461.586700 2892.547607
443.132263 474.766541 2797.181641
443.131439 156.350067 2797.181641
443.137726 -162.065979 2797.181641
199.133011 448.406860 2987.913574
199.133194 129.990479 2987.913574
199.127762 -188.425568 2987.913574
321.301147 220.366959 2859.425781
409.680939 -11.323166 2757.349854
478.875488 -493.036072 2772.198486
420.956696 -937.890259 2716.332520
233.258392 -30.382401 2895.258057
321.626709 -508.707214 2916.567139
324.544495 -934.311340 2837.187988
316.083588 693.577637 2917.140137
320.031586 460.623718 2891.832764
442.123657 474.030762 2796.607422
442.122833 155.614288 2796.607422
442.129120 -162.801758 2796.607422
197.939499 447.216736 2987.058105
197.939682 128.800354 2987.058105
197.934250 -189.615692 2987.058105
320.640503 219.407852 2858.651855
409.528320 -12.114059 2756.617920
474.104187 -494.462280 2772.573242
421.169922 -935.294067 2716.701172
232.970535 -31.501999 2894.323975
316.280823 -510.783936 2915.052490
323.104248 -941.456726 2835.311768
314.786743 694.687561 2917.379150
317.296844 460.717926 2891.625000
438.517303 474.093506 2795.293213
438.516479 155.677032 2795.293213
438.522766 -162.739014 2795.293213
196.076385 447.342346 2987.956787
196.076569 128.925964 2987.956787
196.071136 -189.490082 2987.956787
317.505005 219.505585 2858.394531
405.366791 -12.034988 2755.507324
472.676636 -493.997009 2772.670898
415.556366 -934.652283 2716.111816
230.059540 -31.378525 2894.820801
313.474030 -510.651428 2916.250244
319.829437 -937.562012 2838.600342
314.959473 703.516479 2929.005615
317.562134 471.158142 2899.261475
436.777985 485.971344 2800.713379
436.777161 167.554871 2800.713379
436.783447 -150.861176 2800.713379
198.346283 456.344971 2997.809570
198.346466 137.928589 2997.809570
198.341034 -180.487457 2997.809570
317.160034 230.468628 2862.595703
402.977295 0.492310 2754.657959
476.160645 -480.661804 2769.881592
414.967072 -926.337891 2716.752441
230.538559 -20.934113 2897.201904
311.613525 -500.679688 2917.271484
324.847351 -926.397217 2841.437988
315.043304 705.796753 2922.805664
317.274597 473.450500 2897.214355
435.524994 487.050964 2797.327148
435.524170 168.634491 2797.327148
435.530457 -149.781555 2797.327148
199.024216 459.850037 2997.101562
199.024399 141.433655 2997.101562
199.018967 -176.982391 2997.101562
317.059265 232.257050 2864.118652
402.344757 0.897415 2758.799805
476.692841 -479.887451 2779.232910
416.091766 -939.036194 2720.913330
231.343094 -18.770187 2903.246094
308.148438 -499.176575 2924.143555
327.511292 -931.244385 2845.583984
314.343109 704.244873 2920.709961
316.627563 472.143188 2896.926025
434.203247 485.133545 2796.147217
434.202423 166.717072 2796.147217
434.208710 -151.698975 2796.147217
199.051880 459.152771 2997.704834
199.052063 140.736389 2997.704834
199.046631 -177.679657 2997.704834
315.830933 230.791168 2864.886230
400.044373 -1.168472 2759.980957
469.423218 -482.914490 2771.232178
414.527893 -940.282715 2717.077881
230.024216 -19.953201 2905.711914
312.381165 -499.649597 2915.280029
324.034302 -933.391724 2840.236572
314.064301 705.323059 2930.176025
314.636200 472.495850 2902.129395
431.321869 486.329163 2800.427246
431.321045 167.912689 2800.427246
431.327332 -150.503357 2800.427246
197.950531 458.662506 3003.831543
197.950714 140.246124 3003.831543
197.945282 -178.169922 3003.831543
312.192383 231.668716 2866.568359
394.119690 0.843979 2757.470215
463.565735 -481.030457 2763.121338
411.972534 -934.599487 2714.943115
225.377457 -19.160782 2904.544434
310.450134 -498.478210 2913.514648
318.530548 -931.808960 2836.225586
314.264771 702.941956 2934.896484
312.012878 471.108124 2905.508057
427.646881 484.316223 2802.531006
427.646057 165.899750 2802.531006
427.652344 -152.516296 2802.531006
196.378860 457.900024 3008.485107
196.379044 139.483643 3008.485107
196.373611 -178.932404 3008.485107
307.650940 230.326660 2869.726562
386.901917 -0.904266 2759.484131
460.432709 -482.183502 2766.715576
415.241821 -934.058105 2720.222412
219.676102 -20.005341 2908.406006
313.166504 -497.480957 2924.576172
316.902710 -935.637024 2838.052002
312.727997 701.118652 2937.746826
309.728821 468.959290 2906.127686
425.948822 482.206360 2803.806396
425.947998 163.789886 2803.806396
425.954285 -154.626160 2803.806396
193.508820 455.712219 3008.448975
193.509003 137.295837 3008.448975
193.503571 -181.120209 3008.448975
304.913483 228.300827 2869.500977
384.130402 -2.779419 2758.891357
468.001556 -482.253387 2767.882568
418.454163 -934.032654 2717.998291
216.065887 -21.935852 2906.857178
310.338715 -499.438080 2910.210938
317.687256 -937.319946 2833.039062
311.556763 700.919678 2938.183838
309.451843 468.648621 2905.755615
426.318604 482.751556 2804.288818
426.317780 164.335083 2804.288818
426.324066 -154.080963 2804.288818
192.585098 454.545654 3007.222412
192.585281 136.129272 3007.222412
192.579849 -182.286774 3007.222412
305.724365 228.136795 2868.033203
386.500671 -2.177475 2756.942383
475.279755 -480.832275 2765.134521
422.976105 -933.973633 2716.846924
217.493088 -22.572556 2903.679199
318.174469 -498.847900 2907.568848
324.067780 -937.330322 2831.598145
311.642883 701.145264 2938.911865
310.086487 469.206421 2905.972168
427.319519 483.494751 2804.947266
427.318695 165.078278 2804.947266
427.324982 -153.337769 2804.947266
192.853470 454.918121 3006.997070
192.853653 136.501740 3006.997070
192.848221 -181.914307 3006.997070
306.393982 228.777786 2867.682373
387.467499 -1.319611 2756.345947
472.329163 -480.750427 2761.900391
419.777832 -935.423706 2717.793945
217.935440 -21.982117 2902.439209
319.032928 -498.189850 2910.395996
322.761414 -934.758484 2835.136230
311.215454 704.019897 2938.736572
310.520325 471.559814 2906.666260
427.669189 485.700104 2805.517822
427.668365 167.283630 2805.517822
427.674652 -151.132416 2805.517822
193.371429 457.419525 3007.814697
193.371613 139.003143 3007.814697
193.366180 -179.412903 3007.814697
307.192810 230.996780 2869.182129
388.571289 0.658066 2758.561279
473.185150 -478.780640 2767.903076
422.014130 -930.656189 2718.906006
219.159302 -19.790573 2904.834717
312.823761 -497.382019 2917.556396
323.878754 -934.983643 2839.056152
308.895844 702.172729 2939.683594
309.287811 470.419922 2907.356201
427.175476 485.315887 2807.186523
427.174652 166.899414 2807.186523
427.180939 -151.516632 2807.186523
191.400146 455.523987 3007.525879
191.400330 137.107605 3007.525879
191.394897 -181.308441 3007.525879
307.068726 229.984772 2868.989990
390.094299 0.320877 2758.190918
475.051483 -479.044189 2769.234131
420.487152 -933.161255 2715.999023
219.604980 -21.221664 2903.056641
313.580017 -498.896301 2911.458252
321.787476 -936.019043 2836.581299
307.066162 700.445312 2939.148926
307.706848 468.112640 2907.056641
425.467804 483.546722 2806.814453
425.466980 165.130249 2806.814453
425.473267 -153.285797 2806.814453
189.945892 452.678558 3007.298828
189.946075 134.262177 3007.298828
189.940643 -184.153870 3007.298828
306.404541 227.697952 2868.510254
390.250854 -1.556915 2757.482422
468.983215 -481.958923 2768.441406
417.147491 -937.784912 2715.468262
219.953629 -23.876556 2902.445312
313.089417 -501.646942 2915.076172
322.015778 -937.450195 2839.059570
306.347107 702.195312 2938.868164
307.863220 469.541138 2908.172363
425.088379 484.415222 2807.221191
425.087555 165.998749 2807.221191
425.093842 -152.417297 2807.221191
190.638046 454.666992 3009.123535
190.638229 136.250610 3009.123535
190.632797 -182.165436 3009.123535
306.924835 228.820343 2871.614746
390.749908 -1.145218 2762.061279
470.869781 -481.284668 2775.180908
419.514465 -933.030212 2721.664551
221.223007 -22.655655 2908.052979
312.666840 -500.855957 2916.404053
323.633911 -934.185974 2845.937256
305.749054 701.708862 2939.243896
306.878754 468.785400 2909.035645
423.180176 483.126404 2806.952637
423.179352 164.709930 2806.952637
423.185638 -153.706116 2806.952637
190.577332 454.444397 3011.118652
190.577515 136.028015 3011.118652
190.572083 -182.388031 3011.118652
304.959625 227.985657 2873.020508
387.138031 -2.444092 2763.188965
466.504059 -482.793915 2772.950195
413.390778 -938.020508 2718.176758
218.942978 -23.184082 2910.821777
306.045502 -502.106354 2922.916992
320.900482 -934.233398 2844.448975
307.938995 706.184692 2948.944092
307.189911 474.470337 2915.819580
422.725189 489.102997 2812.909912
422.724365 170.686523 2812.909912
422.730652 -147.729523 2812.909912
191.654617 459.837646 3018.729248
191.654800 141.421265 3018.729248
191.649368 -176.994781 3018.729248
302.862427 234.198242 2876.796875
382.075470 4.506668 2763.362793
465.371735 -475.205505 2771.324219
411.931396 -929.911133 2717.190430
214.994431 -16.654343 2912.185547
300.711853 -495.931396 2918.522705
319.635468 -926.319946 2843.207520
305.352875 707.879456 2943.786377
306.889740 476.538574 2913.655518
423.218384 490.680969 2811.574219
423.217560 172.264496 2811.574219
423.223846 -146.151550 2811.574219
190.561081 462.396179 3015.736816
190.561264 143.979797 3015.736816
190.555832 -174.436249 3015.736816
304.135162 235.845978 2877.170654
385.495331 5.379456 2766.873047
474.707062 -473.234833 2775.543701
422.421112 -933.562012 2720.004639
217.265854 -15.072662 2914.498535
309.100708 -493.171875 2922.914551
326.074463 -931.334167 2841.722900
