23.307297 706.263550 2678.265137
28.551945 477.152039 2628.220947
194.151321 481.600586 2624.048828
288.087341 137.011780 2612.923828
287.557556 -176.353271 2463.239014
-137.047409 472.703491 2632.393066
-215.371475 145.928467 2599.385498
-201.513016 -144.811829 2474.462646
33.359184 242.412918 2568.736816
149.887604 10.675018 2506.437988
127.763474 -472.090759 2538.621094
111.986267 -936.667236 2510.804199
-73.554756 4.672607 2512.067383
-54.065952 -478.235199 2545.340332
-36.359192 -943.247681 2565.341553
20.979864 707.895203 2680.219727
26.303354 479.030334 2629.832764
191.928253 483.048126 2626.136475
288.054779 137.995392 2613.475586
285.792755 -176.438385 2466.343506
-139.321533 475.012573 2633.529053
-216.527283 149.222351 2600.959473
-202.877304 -141.776581 2476.595947
30.667675 244.297256 2570.242188
146.764099 12.274597 2508.157959
133.047531 -470.958740 2537.558838
113.790955 -935.651917 2513.263428
-76.700104 6.853729 2513.145264
-52.690834 -476.126251 2541.509033
-32.185402 -940.918640 2564.019287
17.434528 708.176514 2681.705566
22.686855 479.420288 2631.655273
188.327179 483.211243 2628.330566
282.535614 132.986450 2616.763672
279.909607 -180.792816 2464.999023
-142.953491 475.629333 2634.979980
-217.356277 152.289581 2603.937500
-204.981262 -138.801056 2479.649414
26.855732 244.751053 2571.774902
142.767792 12.639236 2509.651611
129.486298 -471.099365 2527.752197
113.055786 -936.160034 2508.748047
-80.718559 7.524399 2514.137451
-56.645500 -475.119751 2547.681396
-32.172459 -939.995850 2559.024658
13.810583 711.506409 2692.939209
18.892569 483.208832 2638.843750
184.431580 487.668915 2633.074707
275.243927 130.476654 2618.378174
277.905396 -179.254700 2458.670898
-146.646423 478.748749 2644.612793
-219.320068 149.603333 2605.673828
-205.845261 -141.839905 2482.329346
22.999889 249.357483 2575.907715
138.795334 18.515320 2509.079346
130.073685 -465.537933 2513.831299
111.308731 -930.741394 2505.356689
-84.580925 12.496948 2516.864014
-60.218704 -470.332916 2547.706055
-30.927868 -935.026733 2557.317139
9.172568 706.205688 2687.547607
15.264404 477.201630 2637.301758
180.791885 482.191376 2631.363770
272.014801 145.120331 2623.101562
281.443939 -166.807800 2468.291748
-150.263077 472.211884 2643.239746
-223.948624 151.525574 2610.308350
-206.290146 -139.239990 2485.963867
20.163782 242.717224 2576.836426
136.725266 11.598816 2512.365479
132.886139 -472.246033 2500.614746
112.189034 -937.299438 2505.722412
-86.598946 4.866821 2520.376709
-61.128319 -478.344025 2541.626221
-29.813227 -942.545410 2561.088135
6.655102 706.586060 2694.867188
12.409971 478.133240 2642.617920
177.934723 483.580933 2636.871826
266.004425 143.560699 2626.559326
280.476257 -165.984283 2470.121582
-153.114777 472.685547 2648.364014
-227.167740 143.486145 2609.188721
-208.328186 -147.458374 2485.401855
17.945343 244.157700 2580.248047
135.144073 13.857193 2514.001709
132.660248 -468.451172 2478.291016
110.246521 -933.052734 2496.493164
-88.182655 6.507156 2521.754639
-62.484909 -476.929504 2537.429688
-30.375893 -940.467163 2567.541748
0.296227 701.366455 2699.026123
6.881489 473.673950 2644.483154
172.416748 479.636841 2639.616211
268.153992 149.514008 2631.562012
278.254852 -160.623871 2477.304443
-158.653778 467.711060 2649.350098
-231.164886 144.770172 2613.757812
-209.889664 -146.377960 2490.849609
13.424089 240.071716 2580.805176
131.640411 10.492188 2513.843750
132.994797 -468.900391 2452.266846
108.413147 -932.537231 2484.902832
-91.707039 2.446777 2520.410645
-67.267487 -481.186188 2532.587158
-37.238808 -944.678101 2566.572021
-6.092479 700.381042 2701.593506
1.665882 472.892303 2647.934326
167.160873 479.654419 2642.723877
264.989685 147.378143 2634.274170
277.519135 -163.190643 2481.697754
-163.829086 466.130188 2653.144775
-235.238007 135.851227 2613.998779
-216.361832 -155.518768 2491.221924
9.219141 239.223999 2584.587891
128.418396 10.117554 2517.726318
137.228027 -464.406433 2428.067627
108.767563 -926.209229 2477.474609
-94.873604 0.993835 2524.756592
-70.580391 -482.598755 2539.471680
-38.428867 -946.208801 2570.411621
-11.948064 695.590393 2702.385498
-2.734838 469.026184 2649.499023
162.784729 476.154846 2646.148926
261.658813 149.732208 2640.095215
277.157471 -160.023926 2486.465576
-168.254395 461.897583 2652.849121
-241.536224 137.324554 2615.642822
-223.340851 -154.134613 2492.951904
6.081281 235.094543 2587.301025
126.566078 5.972260 2522.842773
137.365128 -460.248779 2399.192627
106.995865 -919.335327 2467.716064
-96.771278 -3.646484 2527.363281
-73.887115 -487.357941 2540.855713
-36.236088 -950.895752 2565.465820
-17.596752 692.839111 2713.288086
-6.656520 467.953644 2655.472900
158.809570 476.553925 2653.450684
260.724976 148.480682 2646.108887
277.127594 -159.831146 2489.848145
-172.122620 459.353363 2657.495117
-246.014053 138.269684 2615.900635
-229.152542 -153.782318 2494.436523
4.650560 235.033615 2590.081055
127.588188 7.915710 2523.324951
145.085251 -452.040039 2377.412109
95.460396 -903.652649 2430.780518
-95.672905 -3.688538 2526.053467
-72.771782 -487.431335 2538.733154
-30.654980 -950.735840 2560.933838
-20.887989 692.812744 2707.738281
-8.998066 465.924805 2656.234131
156.432098 475.186981 2656.767090
258.646851 149.191437 2653.209961
281.128021 -159.768982 2499.184082
-174.428223 456.662659 2655.701172
-250.999084 138.563568 2618.264404
-231.908249 -153.592316 2497.388916
4.300448 231.898285 2595.454590
129.209702 4.120651 2535.034668
138.446289 -450.584412 2371.671875
101.149765 -908.464478 2413.689697
-94.011787 -8.377151 2534.315430
-72.588837 -491.932800 2553.506836
-29.938148 -955.495789 2564.039307
-26.175655 692.473389 2705.959473
-12.624584 464.389526 2658.243164
152.758667 474.228516 2660.670410
257.329102 148.252380 2659.101074
281.927612 -161.846191 2507.704102
-178.007843 454.550568 2655.815918
-253.516754 135.647888 2622.002441
-233.794693 -157.083038 2502.622803
2.186462 229.625504 2600.703125
128.566498 1.498932 2544.800537
135.356293 -428.425262 2330.319092
95.528290 -872.524231 2437.971924
-94.571472 -11.776001 2541.525635
-73.889076 -495.564484 2553.824219
-32.181160 -959.339783 2555.548828
-28.512152 692.226501 2704.058105
-14.881012 463.204132 2659.543457
150.489502 473.441345 2662.075928
253.791885 146.567047 2663.576416
284.158508 -164.208862 2514.725586
-180.251526 452.966919 2657.010986
-254.764679 133.173920 2623.696045
-234.769043 -160.158234 2505.843506
0.530603 227.855301 2604.529297
127.496109 -0.587830 2551.223389
133.441544 -355.995026 2272.197998
101.527542 -798.044434 2391.524414
-95.611679 -14.399231 2547.806885
-74.014587 -498.254944 2552.000244
-30.750011 -961.860107 2560.203857
-31.919453 692.083374 2705.612549
-17.838680 462.788330 2662.178711
147.494324 472.425537 2667.284180
249.993500 146.071228 2671.385986
285.398682 -166.212891 2526.937744
-183.171692 453.151123 2657.073242
-255.412140 130.843231 2624.843750
-235.157959 -162.467407 2506.968506
-2.436293 227.201752 2608.092285
124.512924 -1.882782 2557.450439
125.766647 -288.250793 2236.622559
102.309647 -720.275513 2350.785889
-98.580734 -14.886871 2550.561279
-72.932159 -498.448517 2544.383545
-29.861031 -961.687622 2563.540527
-33.558556 690.908020 2704.383057
-19.698231 461.544250 2663.557373
145.664474 471.268799 2667.865479
249.050064 146.719055 2676.713623
285.886597 -166.262115 2534.034668
-185.060959 451.819641 2659.249268
-256.075745 130.632080 2628.489990
-236.583862 -161.586212 2507.839111
-4.458508 225.510681 2611.386230
122.330452 -3.962936 2562.121338
121.213905 -226.560898 2210.371338
102.485405 -653.073303 2316.452881
-100.768013 -17.082809 2556.308838
-73.484627 -500.597412 2547.600342
-27.107273 -963.624390 2566.270508
-35.296516 692.849609 2713.284912
-22.425522 463.601105 2669.159668
142.970306 473.345032 2670.760498
248.340790 146.569275 2678.040771
286.675629 -170.337646 2545.070068
-187.821350 453.857178 2667.558838
-256.541565 129.684998 2630.953857
-237.195862 -161.288849 2507.328857
-8.020329 228.018417 2614.768555
117.974091 -0.990250 2561.457520
115.823486 -161.767807 2190.190186
97.459229 -583.524048 2277.230957
-105.204346 -14.138290 2559.297363
-72.260551 -497.058655 2542.957031
-29.752007 -960.312378 2565.421875
-37.298912 689.166504 2707.727295
-24.617432 458.235504 2667.684082
140.774323 468.161316 2667.069336
245.048553 148.426697 2683.039551
290.224182 -171.519379 2560.231934
-190.009186 448.309692 2668.298828
-257.254913 130.507050 2635.362793
-236.709274 -160.038605 2510.903809
-10.631951 222.003326 2616.101074
114.930405 -7.532684 2564.103516
116.077454 -111.417480 2182.563477
96.395325 -526.295654 2244.083984
-108.223343 -20.925018 2564.932617
-72.909256 -503.191498 2538.509766
-28.584908 -965.980835 2566.499023
-39.686638 686.711975 2707.440430
-26.537647 455.197601 2668.727783
138.856232 465.225708 2667.324463
248.644012 149.536438 2684.664795
292.580475 -171.698547 2564.376953
-191.931519 445.169495 2670.131104
-257.666840 124.025360 2636.762939
-236.965942 -164.886047 2508.624268
-12.621076 218.648682 2618.549316
112.865082 -11.135590 2567.424316
117.470276 -48.032864 2177.278809
96.129211 -452.471924 2206.039062
-110.274094 -24.664886 2569.317383
-73.536705 -506.265411 2534.031250
-26.979382 -968.843140 2562.461182
-39.933270 684.045776 2705.789795
-27.030312 452.280090 2669.225830
138.376068 462.187012 2667.514160
252.120789 151.749176 2687.590332
296.917175 -171.765839 2573.857422
-192.436676 442.373169 2670.937500
-258.702454 118.401520 2638.227539
-235.823517 -170.529816 2510.482178
-13.357517 215.500946 2620.042480
111.896660 -14.595108 2569.704590
120.286568 8.824953 2181.764404
97.116035 -378.394592 2167.144531
-111.266090 -27.961319 2572.013672
-71.553131 -508.286621 2525.249268
-25.899376 -970.491577 2560.108887
-40.454979 680.017944 2705.487305
-28.076694 448.008423 2669.056396
137.352524 457.663574 2667.857178
255.150238 153.574463 2690.773193
296.304504 -171.770874 2580.843018
-193.505905 438.353271 2670.255615
-259.052826 114.429291 2638.172119
-236.717667 -175.034760 2511.517334
-14.619164 211.279999 2619.543457
110.438286 -18.934982 2569.221680
118.663742 53.298508 2185.769775
93.578476 -346.811279 2118.959961
-112.761543 -31.961868 2570.839355
-70.822639 -510.622009 2511.301758
-25.278263 -971.513184 2559.231445
-40.028622 678.224060 2704.305176
-28.345604 446.348999 2669.232178
137.097412 455.781403 2667.842041
259.631866 148.943451 2688.286133
295.798798 -177.941010 2581.168213
-193.788605 436.916626 2670.622314
-259.009735 109.940765 2637.323975
-237.575058 -180.731781 2513.327148
-15.258520 209.543533 2619.976074
109.438469 -20.898743 2569.782227
119.555923 101.852654 2196.187744
89.013290 -321.202240 2048.782959
-113.781349 -33.625153 2571.657715
-73.254013 -512.510620 2511.779785
-21.171288 -973.124817 2556.052734
-36.953499 679.733765 2713.233887
-28.117260 448.666016 2673.373291
137.418564 456.124268 2672.423828
268.908447 144.060944 2702.353516
292.457245 -177.683716 2579.231934
-193.653091 441.207764 2674.322754
-258.629822 109.711670 2638.147949
-237.039963 -181.684692 2515.875000
-17.768612 212.352356 2621.331299
104.261642 -18.929459 2568.648682
118.568863 131.858047 2205.690918
81.297546 -280.669373 1950.488525
-119.101562 -28.993149 2569.929932
-78.128029 -507.899353 2509.921143
-25.486248 -968.560669 2553.932373
-38.963757 677.506226 2707.694824
-29.712029 445.411163 2672.614746
135.853607 452.132233 2673.319580
270.450836 140.969391 2711.399658
293.495026 -177.177979 2578.662598
-195.277679 438.690094 2671.909912
-258.529968 114.021301 2638.057373
-237.162445 -179.129822 2520.081787
-19.882000 208.358597 2623.986816
101.644318 -24.159698 2575.834229
125.253448 136.713516 2218.109619
82.117798 -238.050186 1875.508423
-121.748245 -33.228241 2574.883545
-77.997437 -511.981171 2515.379639
-22.887157 -972.620850 2556.828857
-39.183411 674.918945 2704.927979
-29.868916 442.598694 2671.500977
135.677872 448.625702 2674.824463
274.826904 138.714050 2721.379150
294.716431 -175.962158 2579.868652
-195.415695 436.571716 2668.177490
-259.251617 110.099792 2633.157227
-235.722473 -185.030029 2520.770752
-20.281540 205.201431 2624.452637
100.996613 -28.129562 2579.646729
119.834312 244.692551 1963.941162
92.736458 -175.388809 1800.977539
-122.384949 -36.262131 2575.161865
-73.377518 -513.628235 2509.345215
-23.968540 -974.289185 2556.800781
-38.701397 672.635254 2704.543701
-29.790462 439.726257 2672.000732
135.751114 445.448914 2676.474121
297.794800 132.091064 2716.610596
291.460297 -184.444519 2580.131104
-195.332016 434.003632 2667.527344
-261.791931 104.504730 2626.544922
-231.627289 -191.736237 2518.954590
-20.325142 202.182480 2625.607910
100.810753 -31.500961 2582.232666
120.912666 331.337952 1849.761597
99.527367 -111.087250 1754.672852
-122.530411 -39.221664 2576.197510
-75.737061 -516.946045 2511.066895
-19.279091 -977.240601 2553.699463
-37.254051 675.463623 2712.856445
-28.360479 443.235657 2676.587891
137.151520 448.097687 2682.786133
289.773346 140.252380 2717.442871
290.131409 -177.920349 2583.275146
-193.872467 438.373596 2670.389648
-262.903137 100.997040 2623.153809
-229.524109 -196.165009 2518.993652
-19.559034 206.221970 2627.481201
100.901489 -27.511627 2582.555908
117.902634 372.165894 1784.746826
102.436729 -81.872101 1732.874878
-122.416664 -34.071777 2574.193115
-75.511841 -512.246704 2512.427734
-18.800262 -973.058472 2548.968750
-37.625389 676.591064 2718.022461
-29.677551 445.154175 2679.365723
135.829941 449.736633 2686.121094
279.839111 137.209595 2734.672119
289.700684 -170.440369 2579.476807
-195.185043 440.571686 2672.610352
-264.225342 104.896942 2623.327881
-229.029358 -191.741486 2518.132080
-21.055634 208.457642 2628.689941
99.215042 -25.147614 2582.571289
109.910278 357.993317 1733.321045
94.974472 -99.561493 1739.796143
-124.082474 -31.330139 2573.457031
-79.341309 -510.197449 2515.588379
-25.320217 -971.580444 2549.350586
-35.664295 675.373169 2710.090332
-28.253649 442.905060 2677.363770
137.261520 446.978210 2684.371582
271.538330 140.815155 2729.169434
291.438965 -172.508606 2586.268555
-193.768814 438.831909 2670.355957
-264.844482 107.823242 2623.750000
-228.593750 -187.219849 2514.504395
-20.434692 205.376282 2630.749023
99.041214 -29.404755 2588.861816
103.700508 242.055695 1935.560059
88.145561 -154.718201 1777.673584
-124.272690 -34.900238 2579.406738
-78.353729 -513.852051 2523.041992
-25.483074 -975.589722 2553.996826
-33.368130 675.343506 2716.139160
-27.959208 443.437927 2679.697266
137.628021 446.673645 2685.105469
273.630280 136.975403 2744.229492
286.875061 -169.012787 2585.490723
-193.546417 440.202209 2674.289062
-264.928741 105.125580 2623.130859
-227.883545 -189.208160 2512.178223
-21.703741 206.508698 2629.921875
96.264885 -28.237579 2583.795166
108.664192 200.820755 2063.070801
81.386719 -205.066238 1807.627563
-127.161438 -32.603516 2576.497803
-79.607254 -510.867889 2515.895752
-25.423145 -972.591797 2544.976562
-33.678783 677.263123 2720.659424
-29.558723 445.739441 2681.482910
136.041077 448.070923 2687.089844
273.144104 127.812012 2729.468262
280.410065 -188.222412 2592.254883
-195.158508 443.407959 2675.875977
-265.170990 107.743378 2623.481934
-229.906586 -187.066437 2513.177979
-24.464912 209.276245 2629.364990
92.343521 -25.614105 2581.029541
111.816429 173.444992 2131.795654
75.177689 -261.998474 1860.073975
-131.085724 -28.759766 2573.464600
-82.173569 -506.889130 2512.758545
-28.434406 -968.103638 2549.135010
-35.333588 676.858276 2722.414795
-31.643995 445.877136 2681.609863
133.919327 447.322357 2688.406494
260.586914 136.134552 2722.965332
281.934357 -183.640198 2595.628906
-197.207321 444.431885 2674.813232
-263.546204 111.668701 2625.573730
-231.748779 -182.542542 2512.697754
-27.380814 209.723206 2627.976074
88.576454 -25.455704 2578.927490
112.090706 142.568924 2162.676270
71.771332 -319.152771 1921.815430
-134.811707 -27.405716 2569.757080
-73.800270 -504.749451 2515.684326
-36.314564 -967.818115 2543.779541
-34.189938 677.893250 2723.301270
-31.168343 446.849854 2681.310547
134.416153 447.675903 2687.790039
251.400177 137.531433 2719.662842
283.739685 -184.042053 2598.404053
-196.752823 446.023865 2674.831055
-260.892853 112.263092 2626.897949
-234.033707 -180.218933 2508.569824
-27.839329 210.989304 2626.305176
87.193855 -24.314026 2575.670898
113.039665 108.847626 2170.635498
74.879974 -355.013275 1990.204956
-136.214478 -25.428497 2566.928711
-64.108215 -501.984467 2521.012451
-38.046494 -966.057312 2546.079834
-35.456539 679.838135 2724.286621
-32.748325 449.591980 2680.600586
132.837402 450.329102 2687.148193
245.938904 135.882843 2717.748535
283.273132 -185.985962 2597.678955
-198.334045 448.854858 2674.052979
-261.226349 113.779449 2624.760986
-237.029739 -178.971313 2506.404297
-29.508984 213.807800 2625.223633
85.435829 -21.479126 2574.263672
111.443626 69.686508 2171.028320
77.363785 -399.243835 2064.812988
-137.975113 -22.473663 2565.429688
-66.737350 -499.346283 2519.877686
-34.808224 -962.936279 2548.992676
-36.635414 682.228394 2723.731934
-34.475426 451.695862 2679.515869
131.145111 452.422424 2685.084473
242.443512 138.985870 2711.085693
283.220581 -186.001038 2600.787598
-200.095978 450.969299 2673.947266
-263.382172 114.254272 2621.839111
-238.973221 -178.950928 2504.572021
-31.563904 216.013153 2623.673340
83.079643 -19.179413 2571.587646
107.730850 18.728985 2171.996826
79.690926 -457.236267 2129.888916
-140.384399 -20.159729 2564.073975
-69.253365 -497.061646 2517.868408
-33.384838 -959.962158 2553.477783
-35.987602 681.628357 2723.969482
-33.520252 451.374481 2678.422363
132.110870 452.012390 2683.743896
238.642334 139.009583 2708.954590
280.705139 -186.069336 2598.808594
-199.151367 450.736572 2673.100830
-264.540710 115.448303 2619.374268
-239.329041 -176.991638 2500.349609
-30.791367 215.894577 2621.716309
83.674583 -19.154968 2568.600342
106.138786 -44.260342 2172.338379
87.618828 -517.242981 2191.784424
-139.799545 -20.015686 2561.420166
-73.402832 -497.991455 2519.524902
-27.377033 -960.358643 2549.050293
-35.664623 683.887268 2723.070068
-33.634174 454.177612 2676.560059
132.026245 454.983948 2680.738770
236.510101 137.276489 2706.175537
283.398499 -184.336670 2588.209717
-199.294586 453.371277 2672.381348
-265.160156 116.342285 2618.540771
-240.661926 -175.223694 2497.239258
-31.058048 218.689072 2619.873779
83.278152 -16.255493 2566.006592
102.370178 -103.239990 2176.045654
95.110199 -572.731323 2247.268799
-140.241989 -17.343445 2560.368408
-77.179672 -496.184357 2523.467041
-29.816490 -958.541504 2552.890625
-35.572655 684.174438 2723.123047
-32.761932 454.999664 2674.961182
132.918808 456.393250 2677.836426
239.123322 139.493774 2702.406738
283.675568 -180.075348 2578.021973
-198.442673 453.606079 2672.085938
-266.085846 110.170624 2616.780029
-236.831146 -177.835876 2491.739990
-29.782593 219.752487 2617.306152
84.971069 -14.554535 2561.590820
103.077545 -166.867844 2186.897949
102.947556 -625.113525 2290.509521
-138.577576 -16.434845 2557.711426
-77.420219 -495.437531 2519.297852
-28.427036 -957.516418 2551.142334
-35.280277 687.525635 2724.154053
-32.873978 459.108795 2674.405273
132.822403 460.557068 2676.195801
237.902435 138.975159 2698.300781
285.766968 -177.773682 2568.020996
-198.570358 457.660522 2672.614746
-266.176819 115.581543 2616.949707
-238.188690 -173.605927 2492.560059
-30.181753 224.234589 2615.249023
84.292397 -9.662598 2557.300781
101.020920 -221.891891 2202.359619
107.955925 -672.514771 2326.665527
-139.271454 -11.616638 2554.884766
-79.073151 -491.118866 2521.604004
-30.124146 -953.312622 2552.320312
-34.072117 691.422485 2723.177002
-30.306625 463.231506 2672.127930
135.390701 464.970123 2673.917725
238.547394 142.536072 2692.052002
286.465088 -172.447632 2557.437256
-196.003952 461.492889 2670.338135
-262.876221 122.000183 2618.540039
-239.948502 -167.595428 2493.262451
-27.192650 228.692444 2611.679199
87.701920 -4.673737 2552.437988
105.261002 -271.403168 2228.450439
119.228508 -717.214600 2360.103516
-135.859268 -7.019501 2550.022949
-76.148766 -486.767975 2519.229248
-26.549160 -948.749512 2552.198486
-32.808941 691.652893 2714.663086
-29.052303 463.429871 2666.271729
136.648163 465.478241 2667.171387
238.990265 144.482178 2686.920410
285.654785 -168.884186 2548.085938
-194.752777 461.381500 2665.372070
-261.570740 128.038971 2619.689697
-243.693161 -161.498230 2493.064941
-25.828007 228.529175 2607.252441
89.181892 -4.989639 2548.840088
106.908562 -323.505737 2255.043213
124.858948 -755.493774 2422.915771
-134.389313 -7.753403 2547.626221
-78.740662 -488.413147 2526.490479
-28.794167 -950.787476 2551.834717
-30.985001 686.762695 2709.423584
-25.879492 459.013580 2660.162109
139.804749 461.415771 2662.177979
239.354797 143.796509 2680.040283
280.143768 -169.836334 2539.979248
-191.563721 456.611389 2658.146240
-262.197144 127.869812 2618.226074
-242.209717 -162.480225 2493.523193
-21.750933 224.269745 2600.570801
94.153030 -8.853500 2542.339600
114.183434 -366.458069 2284.325684
138.464935 -795.090271 2462.069580
-129.397781 -12.094681 2539.619385
-74.526566 -493.140869 2529.013672
-27.944550 -956.237427 2542.140869
-28.555849 691.215698 2706.801758
-23.554996 463.420105 2656.920166
142.129440 466.299866 2658.312012
241.820694 140.254364 2671.238770
274.998596 -172.433624 2527.254395
-189.239426 460.540314 2655.528320
-259.231079 127.167999 2615.261230
-241.333221 -164.007721 2492.031982
-18.972002 228.838181 2596.719727
97.384445 -3.800980 2537.458252
116.842522 -386.740540 2311.530029
136.562408 -815.169556 2491.765625
-126.162460 -7.686478 2535.580322
-71.829224 -488.942566 2530.387451
-29.784924 -951.716187 2557.741943
-25.540041 693.500549 2705.995850
-20.583515 465.940247 2653.682129
145.086151 469.018860 2656.033936
243.137512 146.417206 2663.626953
272.688019 -168.469604 2523.629883
-186.253204 462.861633 2651.330322
-258.064545 132.807709 2613.902344
-240.447495 -159.875702 2494.213867
-15.354973 231.795715 2591.870605
101.638245 -0.271912 2531.645752
123.884888 -428.796631 2370.471924
132.039780 -872.255066 2501.740967
-121.891113 -4.425720 2528.472412
-72.503990 -486.260101 2527.147461
-28.698990 -948.930176 2556.256348
-20.584841 695.251587 2706.589111
-15.636839 468.407959 2651.273682
150.044449 471.187286 2653.306152
246.646774 147.681152 2655.505127
273.979156 -166.367279 2513.079834
-181.318130 465.628601 2649.241211
-257.827271 136.077454 2610.295654
-236.774078 -157.736725 2494.000244
-10.931408 234.934723 2586.969727
105.544891 3.336487 2524.036865
128.960403 -450.932007 2413.088623
128.582275 -903.582214 2508.803711
-117.996841 -0.413483 2521.294678
-72.653862 -482.475677 2530.559814
-28.745247 -945.479736 2554.826172
-16.533916 699.057495 2704.884277
-11.542242 472.468811 2648.717773
154.144104 475.185364 2648.928955
251.195007 146.024200 2646.620850
273.183624 -167.718689 2502.617676
-177.228577 469.752289 2648.506592
-256.253204 142.742889 2609.599609
-236.869080 -150.538116 2491.610352
-7.633240 239.082809 2584.016113
108.057091 7.529526 2519.456787
130.325073 -460.907776 2445.620361
123.335312 -917.938538 2524.747070
-115.505562 3.864059 2519.172119
-71.929947 -477.664246 2543.802979
-28.597595 -941.095764 2554.988281
-10.701624 700.713501 2703.030029
-7.202950 474.456360 2645.327881
158.485413 476.568420 2646.821777
255.726730 148.235535 2639.435059
275.360352 -165.000458 2493.921631
-172.891296 472.344299 2643.833984
-254.813507 149.002869 2605.827148
-236.812515 -144.796051 2488.865479
-3.639686 241.302689 2579.761230
111.700768 9.573853 2515.202393
134.090515 -466.609314 2479.819824
123.724121 -927.819824 2526.791016
-111.853615 6.724182 2513.186768
-65.150131 -474.394531 2542.377197
-29.620472 -938.561646 2552.792480
-6.254073 704.680115 2702.608643
-3.278739 478.826294 2643.584229
162.422150 480.386597 2643.754639
260.563477 150.845001 2635.061523
275.542572 -158.477509 2481.167969
-168.979614 477.265991 2643.413818
-253.984985 151.418488 2604.006104
-235.205521 -141.994019 2486.169189
-1.017626 245.988373 2576.857910
113.029167 14.203079 2510.246582
132.216797 -465.825439 2501.414795
121.685555 -929.161072 2532.457031
-110.542183 12.097855 2510.016602
-64.995010 -468.551575 2547.849365
-33.647301 -933.129211 2556.400391
-3.079457 702.723328 2692.378662
0.193675 476.242645 2635.799561
165.897903 477.916382 2635.373535
259.785309 140.428436 2625.517822
270.643524 -164.551514 2463.295410
-165.510544 474.568909 2636.225586
-245.426025 153.656097 2601.645264
-235.696014 -139.328796 2482.004150
2.384057 242.881226 2570.934570
116.358902 10.648911 2505.782227
138.331024 -470.388977 2522.108643
123.970154 -934.780762 2535.190186
-107.210022 8.390701 2506.356934
-61.138901 -472.006897 2547.591064
-31.640091 -936.335938 2566.541504
2.100780 702.139526 2687.271240
4.861324 475.600433 2631.401123
170.560928 477.088562 2632.487305
262.886230 132.210724 2618.761719
265.364258 -168.521942 2443.278809
-160.838303 474.112305 2630.314941
-240.613037 147.790649 2596.493164
-234.828629 -144.574646 2474.987305
7.377843 241.938385 2567.626465
121.681297 9.280273 2504.584473
137.134491 -472.109985 2537.984619
129.530258 -937.078308 2536.403076
-101.892570 7.272400 2503.119141
-56.137119 -472.015320 2555.297852
-26.217684 -936.599731 2564.706055
4.573986 702.078735 2684.713379
7.906317 475.673157 2628.749268
173.604385 477.400574 2630.300293
263.922302 129.616333 2613.891113
263.321899 -171.832123 2435.931152
-157.791733 473.945740 2627.198242
-237.974823 146.317322 2592.444092
-233.070084 -144.897064 2468.078613
10.937952 241.956482 2565.182617
125.750183 9.405136 2502.662354
137.044312 -471.355042 2551.485352
128.053802 -936.410767 2539.175049
-97.811005 7.074478 2500.569580
-57.371185 -470.760071 2567.064697
-24.101284 -934.851929 2558.250244
7.862103 702.699097 2684.033203
11.325470 475.663391 2627.545654
177.024841 477.475494 2629.178711
265.871613 131.331726 2609.583252
264.222473 -173.272430 2439.370605
-154.373901 473.851318 2625.912598
-235.765808 147.640747 2590.290527
-226.138733 -141.267059 2461.038574
14.508975 241.988495 2563.823242
129.474945 9.536041 2501.202393
136.161133 -471.081757 2556.607910
127.594032 -936.299438 2541.071533
-94.089996 7.091125 2498.999268
-55.395042 -469.769043 2573.692383
-23.513393 -934.050171 2560.148438
12.577225 706.599792 2685.123535
15.517828 480.131226 2627.609619
181.220673 481.720551 2629.264160
266.442078 131.655273 2608.313965
267.788086 -172.982391 2438.936523
-150.184998 478.541901 2625.955078
-231.708282 148.878784 2587.222168
-221.231171 -138.625732 2454.852051
18.403090 246.741882 2562.840332
133.074234 14.424713 2499.187256
137.207611 -466.269684 2556.723389
127.681541 -931.642212 2542.419678
-90.497543 12.280365 2496.954834
-56.207317 -462.656677 2584.471436
-21.011555 -925.112549 2548.833496
15.101646 705.838867 2674.139404
18.286539 478.075592 2621.322998
183.994797 479.471008 2622.600098
265.724731 136.331696 2607.148682
278.178802 -169.364532 2442.143799
-147.421707 476.680176 2620.045898
-227.850143 137.939758 2578.606934
-210.014603 -153.061890 2449.178711
20.735252 243.914612 2559.446533
134.974228 10.694992 2498.431641
136.257874 -468.839233 2565.472656
127.945557 -934.274780 2550.303223
-88.606293 8.812271 2496.708496
-57.791206 -464.312988 2594.825684
-21.948143 -924.530640 2538.535645
18.141277 702.928955 2661.650146
20.271387 474.021057 2614.118652
185.982910 475.318604 2614.427246
266.873260 136.674500 2604.569092
281.145355 -169.660004 2441.129639
-145.440125 472.723511 2613.810059
-224.097076 143.859528 2574.768799
-205.191132 -149.167297 2446.990967
22.220573 238.929626 2555.941895
135.963898 4.713562 2497.973389
134.509674 -475.351746 2561.960449
126.821136 -940.956421 2553.773438
-87.624374 2.962830 2497.556885
-52.318966 -471.323364 2588.656738
-26.825605 -934.120605 2553.588623
20.005671 702.406494 2653.404785
22.003466 472.776459 2609.758789
187.710434 474.110413 2608.904053
268.945648 134.844543 2604.277588
285.294922 -171.775879 2442.262695
-143.703506 471.442505 2610.613525
-218.038971 136.924927 2565.382568
-199.971848 -155.084137 2441.700195
23.613178 237.088776 2554.004395
137.014084 2.301010 2497.673340
135.961899 -476.923645 2567.915527
126.530312 -942.105347 2549.066895
-86.568298 0.501175 2498.826660
-51.628258 -474.814941 2585.004395
-27.391615 -938.590515 2556.606201
24.281502 701.674805 2658.292725
24.677353 472.804504 2610.251221
190.383942 472.870605 2608.917480
272.974243 133.915894 2599.651367
283.018463 -178.389557 2445.775635
-141.029236 472.738464 2611.584961
-216.017868 126.966187 2558.689697
-194.940750 -163.661652 2432.202881
24.298584 237.839264 2551.549316
135.710922 2.918579 2491.947510
137.249191 -475.801056 2565.789307
123.623245 -940.484436 2538.964600
-87.871284 2.829437 2493.747314
-51.278244 -473.370850 2574.356445
-29.621103 -937.854248 2552.579834
25.684366 702.753540 2661.241943
25.479809 474.317932 2610.651123
191.182983 474.107361 2608.699707
278.489532 133.950928 2596.833496
284.683044 -179.732941 2446.036621
-140.223389 474.528503 2612.602539
-214.506027 125.484009 2556.360840
-190.137009 -165.022644 2432.770264
24.473989 239.689545 2550.556152
135.253326 4.919098 2489.144775
135.821960 -472.574677 2570.427979
125.804031 -937.489929 2544.831787
-88.316986 5.203217 2491.777588
-48.657322 -470.104462 2576.264404
-29.574287 -934.892395 2555.215820
28.227604 701.742737 2664.215088
27.637215 474.249512 2611.158447
193.337967 473.364929 2609.077637
282.749451 133.969543 2595.427002
283.023804 -180.352173 2446.659424
-138.063522 475.134094 2613.239258
-214.747925 121.743347 2553.187012
-189.656433 -170.238007 2431.202637
25.609127 240.114136 2549.182129
135.365540 5.382004 2485.802246
136.607239 -472.842590 2562.850098
127.748756 -938.064819 2542.640625
-88.203461 6.575516 2488.609375
-50.952541 -469.616638 2569.217285
-26.715096 -934.459900 2558.006348
28.649307 700.613342 2663.720215
27.869843 473.771667 2609.688477
193.572983 472.731323 2607.717285
286.882172 133.471405 2595.745361
285.502716 -179.276581 2446.588379
-137.833298 474.811951 2611.659668
-213.866058 122.870453 2553.616211
-187.052032 -169.757538 2433.078857
25.655636 239.809494 2547.026123
135.227142 5.145523 2483.033936
136.644287 -472.344910 2564.582275
125.717682 -937.293579 2539.437500
-88.344269 6.549149 2485.693604
-51.422268 -470.081299 2563.977295
-28.797298 -935.143066 2562.531006
29.706240 701.868530 2663.919434
28.276152 474.753326 2609.774170
193.981018 473.629730 2607.909180
286.443024 132.740021 2597.348633
291.951202 -178.904144 2449.651855
-137.428741 475.876923 2611.639160
-213.430725 121.945679 2552.777100
-188.240509 -172.456268 2434.768555
25.992041 240.575592 2547.905029
135.495453 5.639862 2484.777832
138.568909 -470.285553 2574.702881
126.428558 -934.781616 2542.883789
-88.079582 7.155853 2487.293945
-48.954903 -469.075226 2566.993164
-28.525032 -934.332031 2564.114014
31.931166 703.781982 2654.546631
29.248053 474.888000 2605.965576
194.891968 473.541534 2601.750732
287.246094 133.385559 2596.674316
293.011139 -178.902496 2451.761475
-136.395874 476.234497 2610.180420
-217.008118 133.344574 2557.406006
-192.311966 -160.496277 2437.138916
25.850998 239.866760 2547.538086
134.211945 3.937042 2486.266846
135.237579 -473.110809 2570.138428
124.683472 -938.174927 2549.158447
-89.304054 5.753967 2491.954346
-52.680023 -470.693237 2571.588379
-28.908255 -935.841064 2570.465088
32.110085 704.650757 2658.869141
29.536177 476.400696 2607.533691
195.193436 475.177399 2603.472900
287.561890 139.628815 2594.761963
296.172089 -174.709564 2455.353271
-136.121078 477.623962 2611.594482
-217.504288 127.668304 2553.213135
-191.174393 -165.461365 2437.207275
26.326946 241.830978 2547.273438
134.868042 6.436066 2484.273926
140.254654 -471.363464 2563.616943
123.027573 -936.393921 2545.998535
-88.632599 8.086487 2489.752441
-46.690701 -468.644836 2564.662842
-29.991978 -934.082825 2563.587158
32.423744 700.196289 2651.508545
30.302311 471.740967 2603.885986
195.965179 470.749390 2599.818359
287.279358 137.318085 2598.372314
295.208527 -175.815765 2454.853271
-135.360565 472.732483 2607.953613
-215.833832 134.900787 2557.304443
-195.125015 -157.460938 2437.891846
27.464947 236.657440 2545.631348
136.384598 0.905029 2484.632568
144.030533 -474.747162 2575.290039
123.360428 -938.952759 2545.906006
-87.129433 2.242828 2490.120850
-48.641102 -474.304230 2568.056152
-27.637100 -939.566345 2563.953613
33.786137 699.634155 2657.845947
31.914194 472.260681 2605.888916
197.583954 471.348450 2601.998291
287.140778 135.158844 2598.192139
293.358795 -176.189911 2451.523926
-133.755554 473.172882 2609.779541
-214.509552 139.305267 2562.971436
-197.524353 -151.693970 2439.480469
29.180651 238.011688 2544.408691
138.210159 3.147308 2480.303955
144.316650 -472.427185 2571.961670
123.912094 -936.498413 2538.874512
-85.315948 4.378113 2485.552979
-47.619480 -472.183838 2563.941650
-24.118856 -937.319946 2557.240234
33.996925 701.035400 2660.523682
32.616421 473.476562 2607.070068
198.285614 472.908051 2603.057861
287.063507 133.579926 2598.109375
296.500214 -177.099457 2451.043457
-133.052795 474.045074 2611.082275
-212.249512 141.708038 2564.389404
-198.870300 -150.857941 2444.057129
30.296928 239.513077 2544.443359
139.741028 5.166061 2479.109863
145.504318 -469.830872 2573.929688
123.271454 -933.696777 2538.435547
-83.786156 5.933121 2484.523438
-48.435341 -470.516846 2564.693848
-24.780706 -935.692627 2560.314941
34.904301 700.711243 2652.339355
33.634308 471.985474 2603.200195
199.316696 470.996521 2599.946045
287.023407 132.785858 2599.046631
297.715210 -177.686798 2449.370850
-132.048080 472.974426 2606.454346
-213.132538 132.861847 2559.190186
-194.855453 -160.385101 2443.572754
31.066696 237.192169 2543.824707
140.273102 1.731674 2482.253906
144.365417 -473.576294 2575.718750
122.955399 -937.669189 2542.320801
-83.274933 3.066055 2486.644531
-49.474880 -473.830322 2564.832520
-25.489256 -938.963135 2567.566162
35.095230 700.096191 2648.746582
33.495773 470.878265 2601.777100
199.190521 469.849243 2599.246582
287.506439 132.891937 2600.018555
295.504242 -178.378448 2450.626953
-132.198975 471.907288 2604.307617
-212.024445 137.125916 2564.514648
-197.169037 -154.682739 2443.671387
31.156254 235.612244 2544.256104
140.598129 -0.347992 2485.027832
144.155563 -476.710938 2572.889160
121.678253 -941.035034 2543.634521
-82.964676 1.040436 2488.442383
-48.169697 -475.948212 2565.669189
-27.072186 -941.226746 2570.395996
37.485119 701.712341 2647.453857
35.475941 471.563232 2601.177979
201.177963 470.088989 2599.920166
287.251068 131.943115 2601.010986
293.841339 -178.762604 2448.577637
-130.226089 473.037476 2602.435791
-211.170166 139.355743 2565.260742
-198.586578 -153.015381 2444.791748
32.949768 236.124420 2544.329590
142.212524 -0.308990 2486.632568
146.650452 -476.869202 2573.509766
121.991760 -940.910889 2541.536377
-81.365334 1.680206 2488.329834
-45.806732 -475.097168 2566.531494
-25.696655 -940.412964 2564.494385
38.584915 702.931580 2645.791016
36.248344 472.309875 2600.621582
201.953705 470.883972 2599.290283
287.624634 131.977295 2600.984619
296.355133 -178.055176 2446.935303
-129.457031 473.735779 2601.952881
-210.654678 141.657593 2566.903076
-199.276291 -150.101013 2444.479736
33.771782 236.621368 2544.796387
143.081421 -0.029068 2488.072998
144.128082 -477.039062 2572.530518
124.990997 -941.453613 2542.545654
-80.490974 1.894791 2489.869385
-48.177742 -474.552063 2571.313232
-27.284548 -939.653809 2560.218994
38.406940 702.883484 2645.981689
36.056850 472.960754 2600.844727
201.749435 472.039459 2598.354736
286.808655 131.990723 2598.986084
297.755341 -177.533508 2446.142334
-129.635727 473.882019 2603.334717
-210.123596 142.774109 2564.662354
-199.272873 -149.211700 2442.532471
33.902527 237.350494 2544.660156
143.530121 1.118729 2486.795654
144.503220 -475.472595 2573.640381
122.425667 -939.246582 2536.980225
-80.033722 2.361771 2490.155518
-47.601795 -473.712097 2573.751221
-28.889595 -938.998413 2564.327637
37.627380 699.128967 2646.078125
36.179176 469.757080 2600.535400
201.883026 468.812500 2599.754883
288.428711 138.034668 2597.960693
301.595093 -172.034271 2447.476807
-129.524658 470.701660 2601.315918
-210.011627 143.333008 2564.526367
-199.160782 -147.725159 2440.125488
34.571358 234.148636 2544.317383
144.754761 -2.097046 2487.572754
143.424911 -479.183075 2571.637207
124.547241 -943.572876 2541.898926
-78.827675 -0.822571 2488.625977
-45.036888 -476.160797 2575.757080
-28.724722 -941.322876 2559.393799
39.263660 701.178589 2646.613525
37.976147 472.123505 2601.329102
203.686768 471.182983 2601.121094
288.209137 133.019348 2600.482422
300.587402 -173.790619 2448.073242
-127.734467 473.064026 2601.537109
-210.188385 140.405212 2563.009033
-198.911469 -150.144287 2437.407959
36.568356 236.397186 2545.597168
146.949249 0.036407 2489.724854
145.108643 -476.311249 2577.837402
124.722061 -940.493408 2545.329590
-76.628113 1.305328 2490.005615
-42.914867 -473.859558 2578.167236
-27.265385 -939.138672 2563.303467
40.038609 701.563782 2645.383057
38.429081 472.794891 2601.324219
204.137573 471.632568 2600.390137
288.525757 139.001038 2600.216309
304.454285 -168.501068 2452.015625
-127.279411 473.957214 2602.258301
-209.769684 143.039673 2564.453125
-199.256744 -148.064758 2440.051025
36.465912 236.821411 2546.674805
146.292175 0.063812 2491.395264
142.861725 -477.385193 2573.094238
122.212891 -941.601318 2540.785400
-77.286697 1.632050 2492.655518
-48.589203 -474.704346 2575.879883
-30.014389 -939.948242 2563.080322
40.320210 703.051331 2645.272705
38.346447 473.680267 2601.868408
204.055222 472.155518 2601.631592
289.526794 140.557373 2598.797607
306.180267 -166.925751 2451.792236
-127.362328 475.205017 2602.105225
-209.759735 143.920319 2565.450195
-199.484451 -146.707764 2439.904053
36.096985 237.667984 2547.389404
145.637833 0.627060 2492.750732
141.329056 -477.211548 2572.247803
123.099731 -941.345764 2537.371338
-77.942795 2.684341 2493.070068
-46.185120 -473.900085 2573.803711
-29.615837 -939.254700 2561.782715
40.024902 701.623047 2645.740234
37.709435 472.512634 2601.167725
203.417419 470.812195 2600.587402
290.128601 141.289368 2599.706055
307.171417 -165.626434 2452.136475
-127.998558 474.213074 2601.748047
-209.719421 144.726776 2565.711426
-199.344604 -145.648773 2439.577881
35.096039 236.665131 2545.995850
144.271759 -0.329529 2490.432373
142.255768 -478.191345 2569.959473
122.812317 -942.393921 2536.533203
-79.306465 1.964783 2491.215576
-49.711090 -475.519684 2567.286377
-31.035374 -940.878296 2560.512207
39.491158 701.870605 2644.937500
37.296181 472.413330 2601.261230
203.005966 470.795898 2600.599854
289.562744 136.150360 2603.334717
303.475525 -170.461853 2451.503662
-128.413620 474.030823 2601.922607
-209.780090 143.956268 2564.111328
-199.470673 -147.644501 2440.863281
34.775627 236.341537 2547.056152
144.045731 -0.821442 2492.404785
144.026016 -478.072906 2575.506836
122.386612 -941.945801 2539.069336
-79.535583 1.360901 2493.297363
-45.341774 -475.038544 2573.979004
-28.498093 -940.291992 2560.489990
40.011505 703.394470 2645.551514
38.043495 473.580505 2602.509521
203.753494 471.909424 2602.511230
288.278198 133.074493 2603.678467
300.962616 -174.338135 2449.807861
-127.666489 475.251587 2602.507812
-212.392853 133.979858 2557.540527
-195.208145 -158.554443 2437.031006
35.663231 237.481033 2548.412109
145.075027 0.254211 2494.315918
145.615189 -477.401917 2575.110352
122.924004 -941.427734 2541.313477
-78.509087 2.508911 2494.313477
-42.567451 -473.855347 2574.634521
-28.043898 -939.249878 2562.320801
39.727203 702.384766 2645.359863
37.459694 472.923767 2602.511719
203.168152 471.111084 2602.921631
288.642395 128.029785 2602.860596
297.054474 -183.709290 2453.600830
-128.248749 474.736481 2602.101807
-211.016998 139.934662 2562.717529
-197.395706 -150.953430 2437.635498
35.010750 236.821045 2548.428223
144.352112 -0.504578 2494.621094
143.378052 -479.355988 2567.623535
123.003418 -944.015198 2544.140137
-79.228493 1.941193 2494.068359
-48.701782 -475.612823 2569.147705
-25.801920 -940.672852 2559.513916
38.786461 701.530640 2645.761475
37.313148 472.190674 2602.762451
203.023712 470.496613 2602.799072
288.818207 123.522858 2603.405029
293.972565 -191.061371 2453.954102
-128.397400 473.884705 2602.725830
-210.503067 141.580688 2564.727539
-198.581192 -149.801117 2440.387695
34.911388 236.079620 2548.710938
144.301422 -1.174255 2494.684082
143.964508 -480.306396 2566.066162
123.486877 -945.061157 2543.289307
-79.282158 1.111420 2494.634766
-50.279430 -476.873047 2567.768066
-29.360294 -942.117798 2561.128906
39.725578 702.008484 2645.962891
38.588543 472.571808 2603.513672
204.293442 470.768127 2604.452637
287.906494 126.260376 2604.209473
291.395691 -186.185791 2448.996826
-127.116341 474.375488 2602.574707
-210.286682 142.176697 2564.516602
-199.102676 -150.026611 2441.932373
36.322502 236.393433 2549.751465
145.845932 -1.001755 2496.622803
150.776245 -480.580750 2564.619385
121.164551 -944.961853 2546.297607
-77.733009 1.431870 2495.355713
-51.337944 -476.992676 2566.658447
-25.449633 -942.010132 2561.429443
39.794247 704.229431 2645.048584
38.517120 473.693176 2603.835449
204.225876 472.023804 2604.531006
288.951782 129.137207 2606.082764
288.182434 -182.976990 2451.497803
-127.191635 475.362488 2603.139893
-209.976700 143.774475 2565.687744
-199.549408 -148.468079 2443.056396
36.357662 237.308289 2550.991211
145.988190 -0.202744 2498.616211
146.893951 -479.136780 2571.128418
121.830490 -943.396240 2544.999023
-77.591782 2.049576 2497.677734
-50.455910 -476.101318 2570.610352
-27.822699 -941.320312 2566.912598
40.724182 703.999268 2645.607422
38.968250 473.527222 2604.430420
204.655090 471.322906 2606.429932
288.477539 130.566681 2606.546143
293.105835 -181.037231 2452.955811
-126.718575 475.731537 2602.430908
-209.982819 144.602020 2567.216553
-199.600311 -146.514526 2441.926514
36.462456 237.163544 2551.503418
145.736115 -0.687256 2499.925537
145.425949 -479.481964 2573.565186
122.583679 -943.913818 2547.137939
-77.822800 2.286987 2497.227295
-51.099594 -476.191742 2568.173584
-25.989281 -941.228638 2560.294678
39.584347 703.232666 2646.399170
37.264450 473.282074 2604.105469
202.959930 471.120239 2605.585205
288.739990 126.281311 2604.272949
291.335114 -188.353210 2456.933838
-128.431000 475.443909 2602.625732
-209.680252 145.764221 2566.743164
-199.913193 -146.566071 2444.264160
34.659325 237.032623 2550.675293
143.834290 -0.675217 2498.243408
143.250549 -479.425171 2572.292480
118.574440 -943.437866 2540.540283
-79.725906 2.241562 2496.246826
-48.567612 -475.721619 2568.734619
-31.138145 -941.021057 2558.598145
39.612724 706.209717 2655.289551
36.928543 476.716980 2608.427734
202.632172 474.865173 2608.837891
288.358795 127.133209 2606.637207
291.735474 -186.936401 2457.282715
-128.775085 478.568787 2608.017578
-209.916962 144.872589 2567.499268
-199.996475 -147.066254 2444.068604
34.436756 241.214325 2551.879883
143.733475 4.462387 2495.608887
144.700714 -474.679565 2567.072754
120.921341 -939.200623 2543.771240
-79.843536 6.960953 2495.055176
-45.191998 -470.235291 2570.870605
-29.614866 -935.543884 2557.324707
39.719894 702.030273 2649.720947
36.943115 472.034760 2605.082275
202.651642 470.358948 2605.169922
291.680115 129.070862 2608.808350
295.361389 -183.746552 2455.783691
-128.765411 473.710571 2604.994629
-212.457413 136.436401 2565.741699
-193.551651 -153.913391 2440.044678
34.586769 236.156891 2550.089600
144.019379 -0.851517 2495.156006
143.405304 -480.259827 2564.840088
122.064987 -945.216309 2549.658936
-79.558548 1.409561 2495.037842
-47.241539 -476.553406 2566.939697
-28.230738 -941.851501 2559.876221
39.432343 701.906433 2648.427002
36.844170 472.484680 2604.989258
202.555618 470.968079 2604.837646
290.612244 134.170807 2605.163818
299.047852 -181.299927 2457.881348
-128.867264 474.001221 2605.140869
-211.560364 137.733215 2566.671143
-196.577301 -153.309448 2441.969482
34.634384 236.449982 2550.635254
144.216263 -0.607803 2496.178955
145.206589 -479.408081 2569.843994
120.616959 -943.579712 2542.927246
-79.367081 1.438400 2496.383545
-49.173553 -477.407959 2563.055176
-26.962772 -942.510376 2566.811035
38.188175 702.162598 2646.769043
35.896137 472.205383 2604.648682
201.609039 470.742828 2604.529297
291.383270 138.025574 2603.902100
302.616547 -178.319061 2458.521973
-129.816772 473.667908 2604.768066
-212.168915 143.177368 2567.685303
-197.704971 -147.866852 2442.818115
33.772995 236.019714 2550.934814
143.442825 -1.152603 2497.140381
143.335098 -479.802979 2571.852539
119.253906 -943.733154 2539.461182
-80.143112 0.820724 2497.301514
-51.854614 -478.516296 2561.349121
-27.186937 -943.526489 2568.519775
37.100994 700.327881 2645.460938
35.087040 470.025696 2603.710449
200.797348 468.473755 2604.270264
289.688873 133.012482 2603.954346
293.176849 -185.395233 2462.675049
-130.623276 471.577698 2603.150635
-212.941345 146.730957 2569.031006
-198.494659 -144.928406 2445.559082
33.053650 233.720963 2550.510254
142.812714 -3.630783 2497.687744
139.510986 -482.664734 2569.756836
121.017433 -947.145508 2541.565674
-80.772186 -1.536789 2496.932373
-46.863819 -481.047363 2556.542725
-28.077520 -946.351685 2563.598633
35.560696 699.419067 2645.317139
33.824791 469.728119 2603.412842
199.529892 468.051514 2604.636230
288.843506 132.003540 2602.491699
292.677826 -184.377655 2458.971680
-131.880325 471.404724 2602.189453
-213.441284 146.970093 2569.953369
-198.444702 -144.280090 2445.557373
31.827309 233.436493 2550.145996
141.618469 -3.986221 2497.704590
138.494995 -482.567139 2572.754150
119.427017 -946.710815 2539.331055
-81.958817 -1.724045 2496.053711
-51.143936 -481.366211 2556.486816
-28.733665 -946.568481 2559.636719
33.732643 697.304443 2645.744141
31.957228 466.806793 2602.867432
197.662659 465.534729 2602.457520
288.419281 132.001556 2602.241211
289.250702 -181.964264 2456.092041
-133.748230 468.078857 2603.277344
-213.645554 147.639404 2569.410645
-198.368744 -144.419586 2446.959717
30.011221 230.608185 2549.185059
139.858719 -6.448624 2495.226074
139.549118 -485.361084 2568.184570
119.006691 -949.611084 2536.598633
-83.728279 -4.732224 2495.779297
-52.173912 -483.804932 2560.256592
-28.686810 -948.929016 2556.230957
