-160.622192 694.827026 2895.449707
-161.028900 460.799683 2883.406738
-48.038845 454.156525 2989.829346
-48.039680 135.740051 2989.829346
-48.033398 -182.675995 2989.829346
-274.018982 467.442841 2776.984131
-274.018799 149.026459 2776.984131
-274.024231 -169.389587 2776.984131
-155.709610 218.285736 2862.620850
-68.711441 -29.030457 2918.766357
-137.928741 -510.774292 2926.532959
-158.002579 -971.827637 2849.317871
-232.069199 -19.425964 2764.903564
-301.511078 -500.334473 2794.223877
-187.561584 -952.994812 2733.344482
-161.248260 694.562866 2894.540039
-160.873810 460.876587 2882.834229
-47.038998 454.726868 2988.420654
-47.039833 136.310394 2988.420654
-47.033550 -182.105652 2988.420654
-274.708588 467.026367 2777.247803
-274.708405 148.609985 2777.247803
-274.713837 -169.806061 2777.247803
-155.254013 218.303192 2862.646973
-67.336479 -28.716232 2918.794189
-147.526489 -508.747131 2918.791992
-150.770218 -969.432129 2837.785156
-231.931961 -19.824203 2766.125244
-306.077850 -500.318420 2791.568115
-191.300262 -949.269714 2730.186035
-162.116714 693.556152 2894.583740
-160.653763 460.194885 2882.945557
-46.969486 454.660065 2988.752686
-46.970322 136.243591 2988.752686
-46.964039 -182.172455 2988.752686
-274.338013 465.729736 2777.138428
-274.337830 147.313354 2777.138428
-274.343262 -171.102692 2777.138428
-154.014313 217.610886 2863.121826
-65.181068 -28.974823 2919.796631
-138.777527 -510.169189 2919.452881
-150.117249 -970.868408 2838.230225
-229.568649 -20.971436 2766.799561
-302.810303 -501.845032 2788.491211
-202.356094 -947.085205 2727.665771
-162.637634 692.374268 2894.161865
-161.119598 458.669495 2882.497070
-47.420067 453.043274 2988.297119
-47.420902 134.626801 2988.297119
-47.414619 -183.789246 2988.297119
-274.819122 464.295685 2776.697021
-274.818939 145.879303 2776.697021
-274.824371 -172.536743 2776.697021
-154.335602 216.114288 2862.307861
-65.343056 -30.508835 2918.615723
-144.400726 -510.887207 2915.468750
-150.320541 -972.718018 2839.742188
-229.760162 -22.372971 2765.621582
-299.482391 -503.691040 2789.515625
-209.530594 -943.377686 2726.322510
-165.639359 692.675842 2895.906982
-162.744049 459.341858 2883.813965
-49.916618 454.573914 2990.581299
-49.917454 136.157440 2990.581299
-49.911171 -182.258606 2990.581299
-275.571472 464.109802 2777.046631
-275.571289 145.693420 2777.046631
-275.576721 -172.722626 2777.046631
-154.129578 216.827881 2863.880371
-63.930557 -29.133743 2921.149414
-141.352051 -509.845642 2917.930176
-147.557312 -971.686951 2841.604492
-227.099655 -22.238449 2766.744141
-310.756287 -500.820435 2796.052246
-207.489532 -940.839722 2729.325195
-165.054581 691.387695 2896.262939
-162.026367 458.457794 2884.346924
-49.363289 454.020355 2991.310547
-49.364124 135.603882 2991.310547
-49.357841 -182.812164 2991.310547
-274.689453 462.895233 2777.383301
-274.689270 144.478851 2777.383301
-274.694702 -173.937195 2777.383301
-152.867279 215.941010 2864.638672
-62.247055 -29.784271 2922.270508
-139.686188 -510.193481 2907.843018
-146.684174 -973.877075 2844.721924
-225.169327 -23.367279 2767.590332
-314.758026 -501.235687 2791.703857
-207.641724 -944.118286 2728.936279
-164.250259 692.281616 2895.425781
-161.353073 458.912720 2883.552979
-48.578197 454.817566 2990.416748
-48.579033 136.401093 2990.416748
-48.572750 -182.014954 2990.416748
-274.127960 463.007874 2776.689209
-274.127777 144.591492 2776.689209
-274.133209 -173.824554 2776.689209
-151.928680 216.366257 2864.312500
-60.960850 -29.141251 2922.341309
-140.240082 -509.128235 2902.918945
-146.445114 -974.751953 2858.891113
-224.047714 -23.219131 2767.802734
-329.133881 -497.699829 2792.992432
-202.627502 -946.858215 2728.764648
-167.529510 693.351990 2895.549316
-162.189316 460.048462 2884.692871
-50.805393 457.566803 2993.026123
-50.806229 139.150330 2993.026123
-50.799946 -179.265717 2993.026123
-273.573242 462.530121 2776.359619
-273.573059 144.113739 2776.359619
-273.578491 -174.302307 2776.359619
-149.916382 217.564713 2866.519531
-57.093922 -26.713699 2926.689697
-127.344971 -507.841309 2902.590332
-152.192078 -973.591064 2871.420898
-218.192978 -23.124374 2770.002686
-324.009369 -497.860718 2789.478271
-185.009613 -952.923340 2732.006104
-169.393219 698.319519 2897.103516
-162.633835 463.831757 2886.470215
-52.201519 462.109100 2995.793457
-52.202354 143.692627 2995.793457
-52.196072 -174.723419 2995.793457
-273.066132 465.554413 2777.146973
-273.065948 147.138031 2777.146973
-273.071381 -171.278015 2777.146973
-148.414276 221.452545 2868.287109
-54.345531 -22.172241 2929.151367
-124.703491 -503.475189 2907.455566
-160.523254 -968.135132 2868.523926
-214.043900 -19.681091 2771.056641
-323.186279 -493.865631 2787.540283
-176.284729 -953.568359 2734.431396
-167.652649 697.476196 2899.384277
-160.302460 463.376404 2887.687744
-49.760761 461.726868 2996.915527
-49.761597 143.310394 2996.915527
-49.755314 -175.105652 2996.915527
-270.844147 465.025970 2778.459961
-270.843964 146.609589 2778.459961
-270.849396 -171.806458 2778.459961
-145.216095 221.100037 2868.760986
-50.204479 -22.369019 2928.809570
-120.398285 -503.647888 2905.227051
-159.205368 -968.316528 2865.792480
-210.054993 -19.983673 2770.858887
-326.756317 -492.454529 2784.248535
-170.715668 -959.311340 2732.989258
-169.893036 696.625916 2897.017822
-162.998215 463.088318 2885.264160
-52.476246 460.876282 2994.507812
-52.477081 142.459808 2994.507812
-52.470798 -175.956238 2994.507812
-273.520172 465.300354 2776.020508
-273.519989 146.883972 2776.020508
-273.525421 -171.532074 2776.020508
-148.854553 220.773758 2866.048340
-54.796947 -23.140228 2925.822266
-136.814331 -502.553528 2905.355469
-161.138107 -966.572144 2852.248779
-214.624832 -19.941345 2767.842773
-346.026794 -487.882629 2790.836670
-176.905685 -959.960632 2729.071533
-171.288864 695.038452 2895.337158
-165.500916 461.814453 2882.661377
-53.423870 459.097900 2990.276855
-53.424706 140.681427 2990.276855
-53.418423 -177.734619 2990.276855
-277.577942 464.531006 2775.045898
-277.577759 146.114624 2775.045898
-277.583191 -172.301422 2775.045898
-152.000076 219.540222 2862.484863
-57.451405 -24.698486 2920.129883
-140.735840 -504.053650 2901.465332
-154.172760 -967.933289 2842.489014
-219.547073 -20.769562 2764.486816
-304.775146 -497.358276 2769.283203
-238.432220 -966.067871 2757.089600
-173.217850 693.897461 2895.480957
-167.235596 461.215759 2882.187012
-56.500847 457.693542 2991.155029
-56.501682 139.277069 2991.155029
-56.495399 -179.138977 2991.155029
-277.970367 464.738007 2773.218994
-277.970184 146.321625 2773.218994
-277.975616 -172.094421 2773.218994
-154.803818 218.907745 2861.721191
-62.300179 -25.947205 2920.049805
-148.295654 -504.663055 2924.253418
-156.088242 -963.765503 2838.084473
-222.443893 -20.853363 2762.460938
-282.932709 -501.956329 2761.086670
-266.046631 -969.479370 2768.557617
-173.954849 692.312927 2894.563965
-168.189789 459.939209 2881.017578
-57.948463 455.928345 2990.481445
-57.949299 137.511871 2990.481445
-57.943016 -180.904175 2990.481445
-278.431122 463.950073 2771.553711
-278.430939 145.533691 2771.553711
-278.436371 -172.882355 2771.553711
-156.310425 217.633484 2860.175293
-64.722832 -27.572220 2918.479492
-142.030151 -507.755188 2909.814697
-160.201065 -969.798096 2843.053955
-224.139297 -21.772232 2760.187012
-279.772614 -504.478027 2756.968750
-272.298462 -971.624573 2779.336670
-174.091278 691.693115 2894.104248
-168.082306 458.933533 2880.663818
-57.422455 454.738525 2989.706055
-57.423290 136.322052 2989.706055
-57.417007 -182.093994 2989.706055
-278.742157 463.128540 2771.621582
-278.741974 144.712158 2771.621582
-278.747406 -173.703888 2771.621582
-156.596649 216.619034 2859.685547
-65.098267 -28.728653 2917.550293
-149.593933 -507.935547 2916.690430
-164.185074 -968.811279 2839.112061
-225.123718 -22.662277 2759.864258
-265.944641 -507.162292 2757.928955
-270.589630 -974.397827 2781.296875
-174.491714 692.697205 2893.362549
-168.917648 459.466736 2880.665527
-58.788731 455.094177 2990.239990
-58.789566 136.677704 2990.239990
-58.783283 -181.738342 2990.239990
-279.046539 463.839264 2771.091064
-279.046356 145.422882 2771.091064
-279.051788 -172.993164 2771.091064
-158.360931 217.052490 2860.381836
-68.173431 -28.523392 2919.328125
-160.584152 -506.337036 2924.317383
-161.155884 -965.742432 2837.099121
-227.435013 -22.200089 2760.868164
-263.056122 -507.463196 2758.164062
-278.870605 -974.681824 2777.928223
-172.699951 692.775024 2895.001465
-167.200455 459.499481 2881.825195
-56.077038 455.121826 2990.385986
-56.077873 136.705353 2990.385986
-56.071590 -181.710693 2990.385986
-278.323883 463.877136 2773.264404
-278.323700 145.460754 2773.264404
-278.329132 -172.955292 2773.264404
-156.408966 217.139771 2861.005859
-65.264725 -28.385391 2918.686279
-158.967834 -506.097534 2918.794922
-154.733185 -966.287842 2834.299805
-225.970230 -22.054489 2761.686768
-260.379333 -507.555176 2754.964111
-272.894348 -975.015259 2775.301025
-174.244797 694.139709 2894.828369
-169.469528 461.281616 2881.708740
-58.323841 456.406433 2990.231201
-58.324677 137.989960 2990.231201
-58.318394 -180.426086 2990.231201
-280.615234 466.156738 2773.186279
-280.615051 147.740356 2773.186279
-280.620483 -170.675690 2773.186279
-159.467514 218.915161 2860.577148
-69.100510 -26.976303 2917.913818
-168.419830 -503.577637 2921.714600
-158.512604 -963.668579 2836.363281
-229.830475 -19.926254 2760.977295
-260.001678 -505.701355 2749.834229
-276.444733 -973.040039 2771.833252
-172.573212 695.631775 2895.738037
-169.582336 462.261169 2882.399658
-57.679550 457.008118 2990.121338
-57.680386 138.591644 2990.121338
-57.674103 -179.824402 2990.121338
-281.485107 467.514221 2774.677979
-281.484924 149.097839 2774.677979
-281.490356 -169.318207 2774.677979
-160.487305 219.871338 2861.131348
-70.476997 -26.316895 2917.754883
-161.458832 -504.527740 2924.688232
-153.821121 -964.366943 2837.242676
-232.307556 -18.720093 2761.971191
-257.263397 -504.812317 2749.781982
-277.116974 -972.154297 2769.641846
-179.256622 698.553955 2895.694580
-174.343094 464.385651 2881.556885
-62.768387 459.283905 2989.629639
-62.769222 140.867432 2989.629639
-62.762939 -177.548615 2989.629639
-285.917816 469.487396 2773.484131
-285.917633 151.071014 2773.484131
-285.923065 -167.345032 2773.484131
-164.244324 222.089752 2859.692871
-73.469734 -23.895035 2915.972412
-142.694061 -504.998718 2906.659912
-157.011322 -967.257324 2840.435303
-234.821365 -16.517258 2759.685303
-265.546265 -501.973206 2739.651611
-273.728912 -968.963501 2768.964600
-180.141632 702.459045 2897.170166
-176.220459 467.798981 2883.622314
-64.165955 462.418335 2991.184326
-64.166786 144.001862 2991.184326
-64.160507 -174.414185 2991.184326
-288.274963 473.179626 2776.060303
-288.274780 154.763245 2776.060303
-288.280212 -163.652802 2776.060303
-166.705688 225.493332 2861.589111
-76.166962 -20.702927 2917.331543
-120.106689 -503.348389 2888.315186
-162.885376 -965.777710 2862.145996
-238.214874 -12.921707 2761.780273
-267.829559 -498.054810 2733.697266
-273.393707 -964.026672 2776.087402
-184.169556 704.300659 2896.904053
-180.060852 470.111755 2883.141113
-67.549629 465.011444 2990.239502
-67.550461 146.594971 2990.239502
-67.544182 -171.821075 2990.239502
-292.572052 475.212097 2776.042725
-292.571869 156.795715 2776.042725
-292.577301 -161.620331 2776.042725
-170.055069 227.826477 2861.091309
-78.695053 -18.146744 2916.481934
-100.895485 -500.573303 2867.935547
-161.616058 -962.468018 2862.363281
-241.403534 -10.770889 2761.601074
-268.807434 -495.518860 2725.668457
-277.320984 -961.282471 2771.324951
-186.607925 701.602783 2896.274414
-182.491028 467.284668 2881.417725
-69.301804 462.172607 2987.796875
-69.302635 143.756134 2987.796875
-69.296356 -174.659912 2987.796875
-295.680237 472.396729 2775.038574
-295.680054 153.980347 2775.038574
-295.685486 -164.435699 2775.038574
-172.455872 225.024475 2859.098145
-80.575363 -20.932190 2913.699707
-74.616058 -499.479858 2837.743896
-154.917786 -957.355103 2863.702881
-244.266083 -13.539246 2759.857422
-267.235962 -498.368134 2721.410400
-274.194824 -964.449707 2764.909180
-187.073578 697.205078 2883.963867
-184.995056 462.153137 2874.604004
-70.282516 458.550690 2979.370605
-70.283348 140.134216 2979.370605
-70.277069 -178.281830 2979.370605
-299.707581 465.755554 2769.837402
-299.707397 147.339172 2769.837402
-299.712830 -171.076874 2769.837402
-176.148453 219.530090 2856.574707
-84.344551 -25.698135 2914.310059
-55.602768 -499.253723 2815.191895
-147.915588 -952.383179 2870.995605
-250.259140 -20.487747 2762.780762
-266.494934 -505.649780 2725.097412
-278.931580 -971.545166 2769.543945
-191.057098 696.681396 2877.805908
-189.801559 461.767761 2870.221924
-73.771393 458.571381 2973.540771
-73.772224 140.154907 2973.540771
-73.765945 -178.261139 2973.540771
-305.831726 464.964142 2766.903076
-305.831543 146.547760 2766.903076
-305.836975 -171.868286 2766.903076
-182.129562 218.960571 2854.094238
-90.558670 -26.157852 2912.674316
-31.276630 -491.961853 2793.690918
-140.224426 -941.781555 2853.704590
-258.356445 -21.535385 2763.258789
-271.021973 -506.435913 2720.958008
-285.068512 -971.260681 2774.621094
-194.305801 695.339722 2875.213867
-193.615158 460.940765 2868.161133
-77.992256 457.693848 2971.951416
-77.993088 139.277374 2971.951416
-77.986809 -179.138672 2971.951416
-309.238037 464.187683 2764.370850
-309.237854 145.771301 2764.370850
-309.243286 -172.644745 2764.370850
-186.781372 218.037048 2852.949219
-96.349373 -27.214279 2912.780273
-8.136612 -485.064758 2780.781738
-127.633163 -932.701416 2842.118164
-263.545807 -22.519058 2762.694336
-267.144897 -507.386414 2718.823730
-283.701385 -972.192383 2772.470215
-197.192993 694.447693 2873.922852
-197.804840 460.152466 2867.869385
-82.647644 456.332031 2972.163330
-82.648476 137.915558 2972.163330
-82.642197 -180.500488 2972.163330
-312.962036 463.972900 2763.575439
-312.961853 145.556519 2763.575439
-312.967285 -172.859528 2763.575439
-192.252808 217.198898 2852.839355
-103.435509 -28.517075 2913.219971
7.922066 -477.612976 2767.899170
-106.021667 -904.126953 2807.452881
-269.966034 -22.992294 2762.398682
-295.953125 -507.606689 2733.170654
-235.172882 -976.576782 2739.234131
-200.022629 694.394653 2873.272217
-200.798294 460.118256 2866.882080
-86.124687 456.173218 2971.707520
-86.125519 137.756744 2971.707520
-86.119240 -180.659302 2971.707520
-315.471893 464.063293 2762.056641
-315.471710 145.646912 2762.056641
-315.477142 -172.769135 2762.056641
-196.048416 217.101990 2852.540039
-108.382217 -28.766800 2913.993652
18.346558 -473.441345 2765.268066
-87.923981 -869.665649 2788.287109
-274.214844 -23.061752 2762.402344
-282.793396 -507.866455 2726.219971
-256.744812 -975.182617 2753.490479
-203.484222 698.940796 2882.950195
-203.458862 465.489685 2872.999023
-91.517197 460.030823 2980.594482
-91.518028 141.614349 2980.594482
-91.511749 -176.801697 2980.594482
-315.400513 470.948547 2765.403564
-315.400330 152.532166 2765.403564
-315.405762 -165.883881 2765.403564
-199.027191 222.643677 2856.067383
-113.625351 -24.150879 2916.962402
23.474640 -463.231445 2759.683105
-71.740562 -819.594116 2773.235840
-275.565704 -16.253784 2761.309082
-274.023254 -501.340088 2724.238281
-264.139709 -968.373596 2756.386230
-202.199783 698.222229 2877.792236
-205.501526 464.611206 2871.184082
-93.458374 459.589417 2978.737305
-93.459206 141.172943 2978.737305
-93.452927 -177.243103 2978.737305
-317.544678 469.633026 2763.630859
-317.544495 151.216644 2763.630859
-317.549927 -167.199402 2763.630859
-203.027344 221.564072 2857.258301
-119.552414 -25.113556 2921.087158
26.586914 -457.036346 2752.096436
-57.183907 -773.060364 2759.791992
-281.553925 -17.852600 2765.577881
-275.898804 -503.106537 2728.138672
-270.550354 -969.900696 2764.167236
-203.069534 698.761902 2874.729736
-208.868866 464.427124 2868.858398
-95.455101 458.690430 2974.929932
-95.455933 140.273956 2974.929932
-95.449654 -178.142090 2974.929932
-322.282623 470.163879 2762.786865
-322.282440 151.747498 2762.786865
-322.287872 -166.668549 2762.786865
-208.631104 221.331055 2855.456543
-126.386719 -25.913101 2918.752197
27.970444 -452.669434 2743.440918
-42.497330 -714.845703 2735.975830
-290.399963 -17.616959 2765.357178
-278.110382 -502.533325 2724.364990
-274.284332 -968.408569 2770.114502
-202.601410 699.650208 2874.185303
-210.884171 465.029938 2869.020264
-97.296539 458.529846 2974.880127
-97.297371 140.113373 2974.880127
-97.291092 -178.302673 2974.880127
-324.471771 471.530029 2763.160400
-324.471588 153.113647 2763.160400
-324.477020 -165.302399 2763.160400
-212.693146 221.912476 2856.033203
-132.376221 -25.904663 2919.584717
88.381958 -366.045929 2681.576904
-22.317154 -658.008667 2717.478760
-296.628021 -16.505310 2766.507568
-274.595886 -501.005035 2724.722168
-270.302307 -967.482178 2764.038574
-202.496643 698.954102 2872.905273
-211.814011 464.409668 2867.972900
-98.490402 457.699524 2974.113770
-98.491234 139.283051 2974.113770
-98.484955 -179.132996 2974.113770
-325.137634 471.119812 2761.832031
-325.137451 152.703430 2761.832031
-325.142883 -165.712616 2761.832031
-214.761307 221.255981 2855.747559
-135.770935 -26.749435 2920.266602
147.776215 -226.873001 2647.546387
-3.073334 -591.354370 2699.497070
-299.646271 -17.045975 2766.777832
-264.498871 -500.931641 2728.009277
-272.347443 -967.647095 2761.999023
-202.459854 696.416992 2873.277344
-211.758896 462.411987 2868.079346
-97.578148 454.745453 2973.226562
-97.578979 136.328979 2973.226562
-97.572701 -182.087067 2973.226562
-325.939667 470.078522 2762.932129
-325.939484 151.662140 2762.932129
-325.944916 -166.753906 2762.932129
-216.281738 219.310883 2855.265625
-138.941513 -29.286819 2917.838379
146.700089 -166.683319 2662.453613
22.180664 -575.830078 2658.096680
-302.667633 -18.293625 2767.065430
-266.885315 -501.942383 2724.520020
-271.801239 -968.840088 2758.091797
-201.302460 694.608765 2861.950439
-213.423721 460.726532 2863.509277
-100.099777 454.548706 2969.667480
-100.100609 136.132233 2969.667480
-100.094330 -182.283813 2969.667480
-326.747650 466.904358 2757.351074
-326.747467 148.487976 2757.351074
-326.752899 -169.928070 2757.351074
-219.481766 217.494751 2855.821533
-143.939301 -30.185471 2924.574463
163.241180 -81.924820 2645.024658
55.981468 -528.498169 2627.346191
-307.140320 -21.288589 2771.693115
-267.452240 -504.878784 2731.343750
-270.350250 -972.036621 2762.151367
-201.977386 697.842407 2868.293945
-215.179810 463.696777 2866.944824
-102.800377 455.960907 2973.995605
-102.801208 137.544434 2973.995605
-102.794930 -180.871613 2973.995605
-327.559235 471.432617 2759.894043
-327.559052 153.016235 2759.894043
-327.564484 -165.399811 2759.894043
-222.456848 220.560135 2857.014160
-148.646942 -28.158264 2924.325684
178.932037 -23.499870 2626.415039
102.802170 -471.286560 2582.075684
-310.820862 -16.994720 2769.841309
-268.683380 -498.984985 2716.515137
-268.214447 -964.894836 2760.821533
-201.419968 700.339111 2870.450928
-215.701996 466.444183 2870.319824
-105.774300 458.383148 2979.824219
-105.775131 139.966675 2979.824219
-105.768852 -178.449371 2979.824219
-325.629700 474.505219 2760.815430
-325.629517 156.088837 2760.815430
-325.634949 -162.327209 2760.815430
-224.425110 223.306747 2861.178223
-153.732346 -25.654282 2931.146729
186.718582 10.742844 2628.152344
157.153641 -427.650513 2542.482666
-312.564117 -14.007095 2772.926514
-263.924347 -496.168091 2727.064941
-265.775604 -962.221802 2771.065674
-201.739960 695.694580 2871.042236
-216.394409 462.607544 2870.884277
-106.780472 454.047028 2980.698486
-106.781303 135.630554 2980.698486
-106.775024 -182.785492 2980.698486
-326.008362 471.168060 2761.070068
-326.008179 152.751678 2761.070068
-326.013611 -165.664368 2761.070068
-226.255402 219.500595 2861.775879
-156.911682 -29.792007 2932.016846
192.745361 15.472202 2623.564453
219.462891 -409.224487 2475.729492
-315.321106 -17.420700 2773.318115
-261.487061 -498.789001 2724.301758
-272.474792 -964.895935 2766.028809
-202.183777 691.831177 2871.355957
-217.109650 458.978149 2870.347900
-107.307671 449.774658 2979.938721
-107.308502 131.358185 2979.938721
-107.302223 -187.057861 2979.938721
-326.911621 468.181610 2760.757080
-326.911438 149.765228 2760.757080
-326.916870 -168.650818 2760.757080
-227.363007 215.922195 2860.208984
-158.248169 -33.786301 2929.285645
198.589203 9.808136 2625.100342
286.947968 -384.040192 2412.682861
-316.984558 -20.481186 2770.854492
-262.801239 -501.733643 2720.400879
-271.975708 -967.800232 2763.804199
-201.368286 692.968018 2871.494873
-217.204315 459.409882 2870.504395
-106.890137 449.973419 2979.567871
-106.890968 131.556946 2979.567871
-106.884689 -186.859100 2979.567871
-327.518463 468.846344 2761.440918
-327.518280 150.429962 2761.440918
-327.523712 -167.986084 2761.440918
-228.487778 216.375610 2860.889160
-160.018982 -33.480804 2930.122070
194.688965 -9.798765 2632.235596
346.368347 -351.722961 2366.026611
-319.523529 -19.836517 2772.425781
-266.977142 -501.858002 2727.959473
-272.710419 -967.746460 2774.030762
-198.981003 691.459900 2874.562256
-215.105484 458.150574 2873.479004
-107.141052 448.769867 2984.832031
-107.141884 130.353394 2984.832031
-107.135605 -188.062653 2984.832031
-323.069916 467.531250 2762.125977
-323.069733 149.114868 2762.125977
-323.075165 -169.301178 2762.125977
-226.695358 215.112473 2864.241943
-160.208679 -34.709442 2935.531982
192.069031 -75.335350 2625.534180
392.373169 -332.242401 2334.504150
-316.361786 -21.141785 2774.477783
-262.361237 -503.707977 2739.134277
-265.977081 -970.611938 2771.054932
-198.494888 691.721802 2873.104248
-213.283157 458.547607 2875.396973
-106.631546 451.409729 2988.160889
-106.632378 132.993256 2988.160889
-106.626099 -185.422791 2988.160889
-319.934784 465.685516 2762.633057
-319.934601 147.269135 2762.633057
-319.940033 -171.146912 2762.633057
-223.597046 215.369629 2869.758789
-156.791824 -32.969727 2945.659424
196.550156 -109.849289 2633.532959
424.217529 -327.270874 2313.695557
-311.030029 -22.647003 2782.581787
-266.408508 -505.228241 2737.442627
-261.184875 -971.025024 2781.387939
-195.571243 691.154053 2872.870361
-210.482132 458.418762 2876.616699
-105.226074 452.214600 2990.750977
-105.226906 133.798126 2990.750977
-105.220627 -184.617920 2990.750977
-315.738220 464.622986 2762.482422
-315.738037 146.206604 2762.482422
-315.743469 -172.209442 2762.482422
-220.533112 215.186340 2872.664062
-154.481354 -32.531876 2951.233154
190.732574 -125.659119 2628.160156
424.226532 -342.070892 2305.354004
-306.686829 -23.560318 2786.189697
-266.773407 -505.375366 2730.036133
-263.010803 -971.403198 2773.596680
-193.539627 687.372070 2873.252441
-208.714737 454.945831 2877.079590
-102.422379 448.960938 2990.279053
-102.423210 130.544464 2990.279053
-102.416931 -187.871582 2990.279053
-315.007111 460.930725 2763.880127
-315.006927 142.514343 2763.880127
-315.012360 -175.901703 2763.880127
-218.192474 211.680237 2873.117432
-150.819687 -35.912491 2950.999756
188.691452 -133.570160 2619.692627
401.621643 -384.636414 2311.653564
-304.520721 -27.258224 2787.310791
-264.331177 -506.894348 2715.770996
-265.953369 -971.540710 2771.475830
-190.970947 687.511719 2871.943359
-207.120895 455.623901 2876.539795
-101.902092 449.687317 2990.748291
-101.902924 131.270844 2990.748291
-101.896645 -187.145203 2990.748291
-312.339722 461.560486 2762.331299
-312.339539 143.144104 2762.331299
-312.344971 -175.271942 2762.331299
-217.140991 212.367004 2873.126465
-151.082886 -35.182343 2952.291260
187.841064 -148.273804 2623.720215
359.217773 -423.897491 2338.730225
-303.239258 -26.597443 2787.135010
-280.215240 -509.149567 2732.356445
-223.274506 -973.260315 2740.511230
-189.961960 686.246765 2872.303223
-205.171753 453.872620 2875.816650
-100.100166 447.945435 2990.174316
-100.100998 129.528961 2990.174316
-100.094719 -188.887085 2990.174316
-310.243317 459.799805 2761.458984
-310.243134 141.383423 2761.458984
-310.248566 -177.032623 2761.458984
-214.370804 210.593826 2871.659424
-147.599716 -36.970520 2950.186523
187.888016 -170.290649 2625.181152
311.221924 -476.603363 2372.121582
-299.540009 -28.399414 2784.817871
-289.050140 -512.708374 2742.471680
-189.575623 -983.260742 2716.528320
-184.888901 687.745117 2871.965576
-201.098358 455.407898 2876.266846
-97.790154 449.467438 2992.201904
-97.790985 131.050964 2992.201904
-97.784706 -187.365082 2992.201904
-304.406555 461.348389 2760.331787
-304.406372 142.932007 2760.331787
-304.411804 -175.484039 2760.331787
-211.018860 212.147537 2872.642334
-146.233185 -35.408630 2952.854980
180.309631 -203.294998 2635.995850
253.243607 -526.344971 2422.267334
-295.645538 -26.817047 2785.180664
-273.018463 -510.009460 2734.203369
-226.616699 -978.474365 2741.935059
-182.515793 688.965515 2871.306152
-198.203064 456.367981 2875.277832
-95.996986 450.359100 2992.188232
-95.997818 131.942627 2992.188232
-95.991539 -186.473419 2992.188232
-300.409149 462.376862 2758.367432
-300.408966 143.960480 2758.367432
-300.414398 -174.455566 2758.367432
-207.891586 213.102859 2871.244629
-143.679276 -34.507034 2951.744385
196.035477 -149.030396 2631.070312
199.502457 -575.555420 2469.706055
-291.480927 -25.817490 2782.678467
-261.010529 -508.096802 2725.655273
-245.549667 -975.712708 2746.520264
-180.074844 688.345947 2873.002197
-197.794540 456.015137 2872.035645
-93.192047 446.919922 2986.524170
-93.192879 128.503448 2986.524170
-93.186600 -189.912598 2986.524170
-302.397034 465.110291 2757.547119
-302.396851 146.693909 2757.547119
-302.402283 -171.722137 2757.547119
-210.021515 213.013489 2863.902344
-146.584137 -36.567154 2938.584473
188.826324 -135.524597 2615.424805
136.559814 -616.787109 2514.742676
-297.912842 -23.409134 2772.953613
-266.560486 -505.604980 2714.079346
-267.993286 -971.871521 2750.887939
-177.333908 689.740845 2872.825195
-195.263428 457.168457 2868.926270
-88.385948 446.393066 2981.140137
-88.386780 127.976593 2981.140137
-88.380501 -190.439453 2981.140137
-302.140930 467.943787 2756.712402
-302.140747 149.527405 2756.712402
-302.146179 -168.888641 2756.712402
-207.687057 214.311066 2857.438477
-142.828049 -36.337921 2927.092041
191.193192 -143.511444 2617.303955
91.059937 -649.142700 2571.962891
-297.393311 -20.754700 2764.809326
-255.307404 -503.182556 2716.606689
-268.281097 -968.605469 2761.619385
-173.792557 690.489319 2873.734863
-191.680466 458.324768 2867.311523
-83.564621 446.545166 2978.268799
-83.565453 128.128693 2978.268799
-83.559174 -190.287354 2978.268799
-299.796326 470.104401 2756.354248
-299.796143 151.688019 2756.354248
-299.801575 -166.728027 2756.354248
-203.811325 215.570404 2853.359863
-137.779648 -35.700058 2919.625000
185.785385 -173.243027 2626.416016
47.218765 -680.058594 2628.745361
-294.104736 -18.667892 2759.191406
-249.672775 -501.340332 2714.102051
-267.025787 -965.411682 2770.831543
-170.023392 693.819458 2875.692139
-187.367569 461.538483 2867.423096
-78.443420 448.965454 2977.528076
-78.444252 130.548981 2977.528076
-78.437973 -187.867065 2977.528076
-296.291718 474.111511 2757.318115
-296.291534 155.695129 2757.318115
-296.296967 -162.720917 2757.318115
-199.501694 218.879364 2851.717285
-132.885468 -32.869858 2915.615479
177.261261 -209.614700 2635.915771
9.977936 -709.522522 2678.580322
-290.386169 -14.689651 2756.407471
-267.807953 -499.507080 2731.311768
-224.408463 -968.766785 2745.453125
-165.515381 695.526306 2876.691406
-182.284561 464.069458 2867.746826
-73.225227 451.150116 2977.700439
-73.226059 132.733643 2977.700439
-73.219780 -185.682404 2977.700439
-291.343872 476.988831 2757.793213
-291.343689 158.572449 2757.793213
-291.349121 -159.843597 2757.793213
-194.577240 221.446869 2851.431641
-128.019684 -30.516479 2914.613281
159.552917 -247.872070 2651.450195
-19.588730 -741.825928 2716.282471
-285.720184 -11.834991 2755.619629
-281.900055 -497.615356 2745.111816
-189.888062 -978.013916 2724.329590
-160.001053 696.093933 2873.673340
-177.497238 464.056519 2865.638184
-68.322784 450.929474 2975.464844
-68.323616 132.513000 2975.464844
-68.317337 -185.903046 2975.464844
-286.671692 477.183533 2755.811523
-286.671509 158.767151 2755.811523
-286.676941 -159.648895 2755.811523
-190.164963 221.452911 2849.233398
-123.895241 -30.642044 2912.237549
148.462036 -291.746887 2655.813965
-46.608765 -780.723755 2748.230225
-281.770142 -11.659317 2753.419678
-289.082642 -497.867676 2749.147705
-171.834885 -986.244934 2711.839111
-157.815948 698.405273 2882.660156
-172.864441 465.802490 2869.873779
-64.601372 451.743500 2980.480225
-64.602203 133.327026 2980.480225
-64.595924 -185.089020 2980.480225
-281.127502 479.861450 2759.267334
-281.127319 161.445068 2759.267334
-281.132751 -156.970978 2759.267334
-184.348907 223.395111 2850.302734
-118.441238 -29.062347 2909.799072
127.595215 -329.742126 2675.638916
-73.940186 -812.230530 2777.846924
-273.225494 -8.962158 2751.664307
-283.789886 -509.013855 2713.364258
-206.332489 -981.687439 2742.213867
-153.545609 700.786011 2887.653564
-167.404144 467.964355 2871.906982
-59.277000 453.543274 2982.607422
-59.277836 135.126801 2982.607422
-59.271553 -183.289246 2982.607422
-275.531281 482.385468 2761.206543
-275.531097 163.969086 2761.206543
-275.536530 -154.446960 2761.206543
-177.530945 225.674591 2850.234863
-109.918488 -26.983398 2908.152100
111.190521 -372.460236 2685.979736
-87.172058 -816.698914 2800.999023
-265.397003 -6.246979 2748.973389
-263.612671 -499.485138 2720.467285
-231.607910 -968.648071 2758.628906
-146.648346 699.772949 2890.651123
-160.781693 468.144409 2872.201172
-52.990429 452.409607 2983.046143
-52.991264 133.993134 2983.046143
-52.984982 -184.422913 2983.046143
-268.572968 483.879211 2761.356201
-268.572784 165.462830 2761.356201
-268.578217 -152.953217 2761.356201
-170.710159 226.142105 2847.502930
-102.916832 -27.205612 2902.728271
52.286613 -429.985718 2725.482666
-107.298729 -873.393127 2829.892578
-258.360413 -4.514755 2742.881104
-266.340088 -494.389832 2722.497559
-218.177048 -948.949768 2751.559570
-140.900269 699.394531 2895.649414
-155.525467 468.892151 2873.486084
-46.249073 451.132935 2982.519531
-46.249908 132.716461 2982.519531
-46.243626 -185.699585 2982.519531
-264.801849 486.651367 2764.452637
-264.801666 168.234985 2764.452637
-264.807098 -150.181061 2764.452637
-166.166611 227.376968 2844.812988
-97.889961 -26.963638 2894.882080
9.805534 -465.298889 2758.919434
-128.988098 -908.779541 2857.499268
-255.725555 -1.312759 2737.397705
-276.212128 -489.161316 2723.770264
-207.474548 -944.639160 2742.830566
-137.436234 699.914429 2894.150146
-152.620300 468.240601 2870.843506
-40.977283 449.488556 2977.244629
-40.978119 131.072083 2977.244629
-40.971836 -187.343964 2977.244629
-264.263336 486.992676 2764.442383
-264.263153 168.576294 2764.442383
-264.268585 -149.839752 2764.442383
-163.942841 226.981812 2840.204346
-94.582947 -27.828781 2886.459473
-28.632645 -489.554260 2800.900879
-143.352112 -939.862000 2872.982910
-255.947815 -0.725204 2732.670898
-284.067627 -487.481140 2724.138184
-193.256027 -950.324097 2741.903809
-134.823349 701.313721 2895.384033
-148.496780 469.319977 2871.346680
-35.296333 450.768616 2976.146484
-35.297169 132.352142 2976.146484
-35.290886 -186.063904 2976.146484
-261.697205 487.871338 2766.546875
-261.697021 169.454956 2766.546875
-261.702454 -148.961090 2766.546875
-158.324677 228.173706 2839.275146
-86.337662 -26.380447 2882.947021
-63.309296 -500.471375 2834.613525
-137.417160 -958.940308 2880.668701
-249.967484 0.435318 2731.460205
-284.155945 -485.566772 2731.449463
-172.518951 -955.789062 2746.089600
-131.102280 701.107422 2896.003906
-143.843781 468.952576 2871.515625
-29.248489 450.629333 2974.843994
-29.249325 132.212860 2974.843994
-29.243042 -186.203186 2974.843994
-258.439087 487.275848 2768.187256
-258.438904 168.859467 2768.187256
-258.444336 -149.556580 2768.187256
-152.719025 227.872345 2838.607422
-78.753929 -26.453690 2880.394775
-87.045753 -505.821472 2869.546143
-169.588821 -964.596375 2884.917969
-244.434601 0.037888 2731.003662
-284.750916 -485.283630 2736.591797
-166.189880 -961.369263 2745.718750
-126.512619 700.728149 2897.320068
-140.111938 467.908691 2872.837402
-24.108007 449.779358 2974.623047
-24.108843 131.362885 2974.623047
-24.102560 -187.053162 2974.623047
-256.115875 486.037994 2771.051758
-256.115692 167.621613 2771.051758
-256.121124 -150.794434 2771.051758
-148.719696 226.840759 2839.709961
-73.458008 -27.334427 2880.172363
-115.558487 -506.187561 2900.188965
-187.565125 -966.430115 2883.833984
-241.196899 -1.119888 2732.992676
-286.342529 -485.766235 2746.195068
-164.115967 -964.140869 2747.584961
-122.467133 697.249451 2897.979248
-135.811081 465.342865 2873.513672
-18.828606 447.075195 2974.161865
-18.829441 128.658722 2974.161865
-18.823158 -189.757324 2974.161865
-252.793564 483.610535 2772.865479
-252.793381 165.194153 2772.865479
-252.798813 -153.221893 2772.865479
-144.786682 224.310364 2840.198242
-69.183876 -29.929657 2879.651611
-135.944473 -507.612000 2910.504150
-191.383072 -970.848999 2892.528564
-238.340683 -3.514618 2734.114014
-285.077759 -487.653900 2755.906982
-159.820404 -967.385376 2748.422363
-120.079750 697.140198 2896.315918
-133.421112 464.966461 2872.579346
-16.178986 446.617065 2972.927490
-16.179821 128.200592 2972.927490
-16.173538 -190.215454 2972.927490
-250.663223 483.315857 2772.231201
-250.663040 164.899475 2772.231201
-250.668472 -153.516571 2772.231201
-142.523300 223.953247 2839.142578
-66.858467 -30.326752 2878.258301
-143.070251 -506.700745 2925.830566
-209.068039 -966.665894 2882.067871
-236.392517 -3.793182 2733.153320
-287.975616 -487.111786 2761.156738
-158.390015 -966.273560 2748.193848
-117.563919 697.716370 2895.986084
-131.466614 465.199219 2873.027100
-13.953295 446.773010 2973.052002
-13.954130 128.356537 2973.052002
-13.947848 -190.059509 2973.052002
-248.979919 483.625427 2773.002197
-248.979736 165.209045 2773.002197
-248.985168 -153.207001 2773.002197
-140.640320 224.212555 2839.410645
-64.846756 -30.097061 2878.116699
-148.177063 -505.958191 2929.389404
-214.481934 -967.000366 2889.649658
-234.781296 -3.451126 2733.471680
-292.725861 -485.572388 2768.305176
-151.572800 -968.150757 2750.405029
-116.564880 698.971924 2894.803711
-129.594376 465.992615 2873.426514
-11.280819 448.916931 2972.735596
-11.281654 130.500458 2972.735596
-11.275373 -187.915588 2972.735596
-247.907944 483.068268 2774.117432
-247.907761 164.651886 2774.117432
-247.913193 -153.764160 2774.117432
-137.370270 224.772781 2841.213623
-59.593296 -28.794495 2880.811279
-150.475113 -504.903778 2918.209961
-202.997696 -968.748352 2899.621338
-230.699020 -4.099579 2737.190186
-287.756409 -486.470734 2771.043701
-148.522690 -969.890381 2756.264160
-114.433807 705.598633 2905.744873
-125.291328 472.577454 2882.938721
-8.803696 456.335022 2984.485840
-8.804531 137.918549 2984.485840
-8.798249 -180.497498 2984.485840
-241.778961 488.819916 2781.391602
-241.778778 170.403534 2781.391602
-241.784210 -148.012512 2781.391602
-130.403915 231.365204 2850.221436
-51.275002 -21.593262 2890.940918
-149.885681 -495.852539 2935.527100
-199.153625 -960.162964 2909.405762
-219.757996 1.899139 2744.067383
-280.463135 -480.191956 2775.790283
-143.868881 -962.625610 2759.656738
-114.798363 704.767151 2911.719971
-121.940765 472.956970 2889.705811
-6.972683 459.097382 2993.284912
-6.973518 140.680908 2993.284912
-6.967236 -177.735138 2993.284912
-236.908844 486.816589 2786.126709
-236.908661 168.400208 2786.126709
-236.914093 -150.015839 2786.126709
-122.929581 231.522797 2858.497559
-40.776180 -19.934341 2902.195312
-145.462357 -493.640564 2940.432373
-200.418610 -957.598511 2914.536865
-207.060623 0.111557 2752.383301
-279.018494 -480.283997 2784.684814
-144.221771 -968.604004 2762.172852
-115.775314 706.570984 2925.198975
-118.183701 475.358765 2898.179932
-4.647793 461.330139 3003.325195
-4.648628 142.913666 3003.325195
-4.642346 -175.502380 3003.325195
-231.719620 489.387329 2793.034668
-231.719437 170.970947 2793.034668
-231.724869 -147.445099 2793.034668
-115.999054 234.401337 2863.671875
-31.726414 -16.698929 2905.185303
-151.872787 -486.772278 2941.646729
-176.943604 -950.971313 2898.954346
-195.902390 3.586777 2753.142334
-288.222290 -473.465942 2773.183838
-147.796204 -962.435547 2754.656250
-114.474838 706.141235 2922.407959
-116.468941 475.753601 2896.838379
-2.325157 462.222961 3001.416260
-2.325992 143.806488 3001.416260
-2.319710 -174.609558 3001.416260
-230.612732 489.284302 2792.260498
-230.612549 170.867920 2792.260498
-230.617981 -147.548126 2792.260498
-114.549049 234.592346 2863.540283
-30.104012 -16.351501 2905.851318
-151.474136 -486.730713 2936.178711
-180.478043 -951.178772 2891.175537
-195.154297 3.213654 2754.633057
-298.321045 -471.864166 2773.783447
-163.236603 -966.340576 2749.925293
-113.754829 705.525146 2920.022217
-116.147041 474.779449 2894.718994
0.183379 461.783936 2996.894043
0.182544 143.367462 2996.894043
0.188826 -175.048584 2996.894043
-232.477463 487.774963 2792.543945
-232.477280 169.358582 2792.543945
-232.482712 -149.057465 2792.543945
-114.506775 233.497330 2862.162842
-28.738264 -17.182953 2903.498047
-149.040131 -487.840668 2935.701172
-187.632233 -952.049622 2892.719727
-196.994736 1.613373 2755.715332
-295.032684 -474.783997 2774.142578
-162.833908 -968.588989 2749.813477
-111.670494 705.463867 2929.337646
-111.400749 475.143127 2901.612793
3.817747 462.673187 3005.124268
3.816912 144.256714 3005.124268
3.823194 -174.159332 3005.124268
-226.619247 487.613068 2798.101318
-226.619064 169.196686 2798.101318
-226.624496 -149.219360 2798.101318
-107.294815 234.040619 2867.996826
-19.883947 -16.077866 2909.221436
-135.934479 -488.397827 2924.901611
-185.517456 -952.428101 2913.890869
-186.493805 1.954086 2759.540283
-284.684723 -474.662537 2774.115479
-149.522079 -967.654968 2752.173584
-111.883186 703.806030 2922.980713
-110.576820 472.965881 2898.890381
4.477994 462.746094 3002.829590
4.477159 144.329620 3002.829590
4.483441 -174.086426 3002.829590
-225.631638 483.185669 2794.951172
-225.631454 164.769287 2794.951172
-225.636887 -153.646759 2794.951172
-105.097557 231.412750 2869.074219
-16.424801 -17.530090 2914.414062
-140.989517 -487.862427 2917.195557
-171.101776 -953.800110 2919.973877
-182.811783 -2.750702 2764.102051
-287.604187 -478.081268 2768.548828
-154.318924 -971.708496 2758.232666
-111.260818 698.648804 2908.814697
-111.233856 465.831665 2890.837402
6.014947 457.786560 2992.443115
6.014112 139.370087 2992.443115
6.020394 -179.045959 2992.443115
-228.482651 473.876801 2789.231689
-228.482468 155.460419 2789.231689
-228.487900 -162.955627 2789.231689
-106.524002 223.710846 2866.231201
-17.017120 -24.228409 2915.108643
-128.982208 -497.175659 2899.719482
-165.848358 -963.136719 2908.568115
-186.611176 -12.591568 2768.141357
-290.536835 -488.160278 2764.332764
-160.794678 -978.343506 2754.370850
-111.782257 699.604614 2901.730225
-112.194122 466.596466 2886.799316
7.566106 459.496002 2985.476562
7.565271 141.079529 2985.476562
7.571553 -177.336517 2985.476562
-231.954346 473.696930 2788.122070
-231.954163 155.280548 2788.122070
-231.959595 -163.135498 2788.122070
-108.090118 224.222809 2864.377930
-17.380049 -23.285629 2913.316162
-103.098885 -500.760925 2887.630371
-167.019638 -963.351074 2897.252930
-190.592178 -13.016068 2770.596924
-295.599609 -488.326172 2761.108643
-164.045273 -968.696350 2747.589355
-110.167961 697.549194 2899.182617
-110.980850 463.722809 2884.092773
10.271870 456.995117 2980.995361
10.271034 138.578644 2980.995361
10.277316 -179.837402 2980.995361
-232.233582 470.450500 2787.190186
-232.233398 152.034119 2787.190186
-232.238831 -166.381927 2787.190186
-106.931564 221.275543 2862.193359
-15.220562 -26.035614 2910.351318
-69.653183 -506.569580 2871.233643
-164.448410 -962.741333 2893.335693
-190.543991 -16.307831 2770.236572
-296.341003 -491.243439 2753.348389
-159.012817 -972.439209 2743.697021
-110.151573 699.541504 2907.421143
-111.750954 466.344482 2886.706543
11.276999 457.013062 2981.086914
11.276163 138.596588 2981.086914
11.282445 -179.819458 2981.086914
-234.778915 475.675903 2792.326172
-234.778732 157.259521 2792.326172
-234.784164 -161.156525 2792.326172
-109.303680 224.451508 2859.600098
-17.884588 -24.189789 2900.748047
-46.117432 -505.540039 2847.019287
-163.396942 -955.118652 2887.637695
-195.828217 -10.693146 2764.239258
-304.903503 -484.792389 2743.984863
-161.301468 -963.961609 2739.048096
-106.374832 701.730835 2913.042236
-110.098297 468.201996 2888.513916
14.161145 456.697144 2981.038818
14.160310 138.280670 2981.038818
14.166592 -180.135376 2981.038818
-234.357742 479.706848 2795.989014
-234.357559 161.290466 2795.989014
-234.362991 -157.125580 2795.989014
-109.656754 226.713226 2857.893066
-19.371542 -23.093933 2894.170654
-16.287415 -503.357880 2827.417969
-150.704544 -944.384277 2895.852295
-199.058884 -6.457153 2760.373779
-305.110840 -481.284790 2740.365967
-157.704330 -965.533081 2742.616455
-104.715195 697.589417 2902.855713
-110.922241 463.578186 2882.585693
15.186421 452.484100 2972.633789
15.185586 134.067627 2972.633789
15.191868 -184.348419 2972.633789
-237.030899 474.672241 2792.537598
-237.030716 156.255859 2792.537598
-237.036148 -162.160187 2792.537598
-112.301682 221.745819 2854.723145
-22.497526 -28.108170 2891.970459
10.267286 -505.318542 2812.673584
-136.139526 -940.499756 2896.508789
-204.864716 -12.064896 2761.750732
-312.086792 -486.426941 2737.322510
-153.506653 -977.984558 2752.108643
-103.468719 696.100525 2897.756348
-110.362335 462.108826 2879.796387
17.635674 451.252380 2967.165771
17.634838 132.835907 2967.165771
17.641121 -185.580139 2967.165771
-238.360352 472.965271 2792.427002
-238.360168 154.548889 2792.427002
-238.365601 -163.867157 2792.427002
-112.838837 220.103363 2853.352783
-22.762093 -29.752213 2890.084717
41.164478 -501.016602 2796.594482
-113.647934 -931.872253 2890.229492
-207.868591 -14.051987 2763.733643
-300.982605 -491.172119 2738.929932
-143.883743 -975.188721 2750.330811
-100.519905 693.549316 2898.204590
-107.113167 459.591248 2879.188477
22.557001 447.903748 2963.947998
22.556166 129.487274 2963.947998
22.562449 -188.928772 2963.947998
-236.783325 471.278778 2794.428955
-236.783142 152.862396 2794.428955
-236.788574 -165.553650 2794.428955
-110.677567 217.751404 2851.293945
-20.480921 -32.539383 2884.686768
73.700226 -496.863403 2782.096436
-92.423492 -925.890991 2874.650635
-208.003021 -15.637527 2762.112061
-298.090424 -493.272278 2734.279541
-144.093277 -972.693420 2740.540527
-97.069214 695.333008 2898.920898
-103.428566 461.087097 2878.871826
27.943413 449.287048 2960.955078
27.942577 130.870575 2960.955078
27.948860 -187.545471 2960.955078
-234.800537 472.887146 2796.788574
-234.800354 154.470764 2796.788574
-234.805786 -163.945282 2796.788574
-107.288681 219.320328 2850.293945
-16.157288 -30.978745 2881.068359
99.213882 -490.292725 2774.732422
-58.516251 -919.492676 2860.893066
-206.140305 -13.914169 2762.363770
-275.626953 -494.933350 2742.918213
-171.102661 -959.325867 2734.322510
-91.748833 695.682983 2900.772949
-97.624657 461.677887 2879.930420
35.644985 450.035492 2958.899170
35.644150 131.619019 2958.899170
35.650433 -186.797028 2958.899170
-230.894287 473.320282 2800.961670
-230.894104 154.903900 2800.961670
-230.899536 -163.512146 2800.961670
-101.163811 220.031616 2850.276855
-8.332469 -30.033554 2877.727539
123.789421 -484.847290 2769.301514
-16.088203 -918.582764 2847.409912
-201.073456 -13.195755 2763.519043
-263.282990 -495.335815 2741.544434
-184.909393 -949.803589 2731.688232
-82.921783 697.609924 2897.219727
-90.000725 463.762695 2878.343994
45.776955 452.475525 2952.876465
45.776119 134.059052 2952.876465
45.782402 -184.356995 2952.876465
-225.778412 475.049927 2803.811523
-225.778229 156.633545 2803.811523
-225.783661 -161.782501 2803.811523
-94.554428 221.974670 2850.022949
-0.901061 -27.977325 2875.610840
143.402557 -479.000977 2765.154297
30.994629 -916.214233 2838.763672
-197.315201 -11.649414 2767.792969
-256.161926 -494.213165 2742.632324
-194.723755 -942.708374 2732.541016
-75.108070 695.547485 2895.928711
-81.969276 461.388855 2877.032471
56.070946 450.486938 2947.315918
56.070110 132.070465 2947.315918
56.076393 -186.345581 2947.315918
-220.009491 472.290771 2806.749023
-220.009308 153.874390 2806.749023
-220.014740 -164.541656 2806.749023
-86.883492 219.549881 2849.171387
8.025282 -30.172729 2872.135254
164.688293 -475.644806 2755.546875
88.211929 -918.317505 2835.463867
-191.620697 -14.405426 2770.485352
-250.296478 -497.234955 2748.483398
-198.095703 -942.891235 2730.794922
-67.738312 693.937744 2895.779297
-73.948357 460.518433 2876.659912
66.544518 450.167114 2941.911621
66.543686 131.750641 2941.911621
66.549965 -186.665405 2941.911621
-214.441238 470.869751 2811.408203
-214.441055 152.453369 2811.408203
-214.446487 -165.962677 2811.408203
-78.931374 218.652649 2849.019775
17.695108 -30.699570 2868.572021
180.930939 -474.368835 2753.098389
147.799789 -915.582092 2831.398438
-185.523880 -15.726669 2774.187256
-241.126877 -498.997986 2752.923340
-199.300262 -939.892334 2733.750732
-57.655380 689.626343 2895.216553
-64.549721 456.583801 2874.644287
78.889961 446.354675 2932.886230
78.889130 127.938202 2932.886230
78.895409 -190.477844 2932.886230
-207.989410 466.812927 2816.402344
-207.989227 148.396545 2816.402344
-207.994659 -170.019501 2816.402344
-70.015182 214.889206 2845.655273
28.305277 -34.206665 2858.807373
200.298767 -476.508942 2750.910889
202.188385 -923.533447 2819.723877
-179.266556 -19.404083 2774.525146
-231.733002 -503.018066 2752.585938
-201.462601 -939.962891 2731.852539
-45.678337 687.965576 2894.433105
-52.231636 454.273010 2873.866455
93.037834 444.085266 2927.557861
93.037003 125.668793 2927.557861
93.043282 -192.747253 2927.557861
-197.501114 464.460815 2820.175049
-197.500931 146.044434 2820.175049
-197.506363 -172.371613 2820.175049
-58.511284 212.582397 2844.996338
40.210899 -36.472031 2854.934814
217.221283 -480.018066 2761.657715
251.782761 -921.293274 2811.882812
-169.792770 -21.744431 2777.317627
-220.997177 -505.408203 2753.252197
-197.908615 -938.466003 2733.012939
-29.177275 687.105347 2894.035156
-35.295296 453.363892 2874.174316
111.996132 443.827118 2922.129639
111.995300 125.410645 2922.129639
112.001579 -193.005402 2922.129639
-182.586716 462.900635 2826.218994
-182.586533 144.484253 2826.218994
-182.591965 -173.931793 2826.218994
-41.836990 211.576431 2846.182617
58.134140 -37.107452 2852.869629
244.801697 -479.345703 2773.843262
300.785767 -913.639282 2796.773193
-154.891525 -23.314575 2783.512207
-208.978241 -506.863068 2764.305664
-193.218674 -936.139160 2738.318604
-8.786864 683.088257 2893.889648
-17.062214 449.776703 2874.303711
132.150467 439.282288 2915.481201
132.149628 120.865814 2915.481201
132.155914 -197.550232 2915.481201
-166.274887 460.271118 2833.126221
-166.274704 141.854736 2833.126221
-166.280136 -176.561310 2833.126221
-26.168533 208.153900 2845.721680
72.651901 -41.059616 2846.923584
257.056488 -486.430847 2780.824219
330.960327 -921.446716 2779.481689
-143.201614 -25.878189 2787.355713
-203.209961 -508.805420 2770.803955
-197.416489 -937.352844 2736.387939
