-119.295349 701.710144 2766.555176
-121.265373 473.432220 2717.777588
21.649204 453.263184 2799.197998
21.649015 136.499512 2799.197998
21.655436 -180.263824 2799.197510
-264.179962 493.601288 2636.357178
-264.179779 176.837616 2636.357178
-264.186035 -139.925720 2636.355957
-122.217957 237.934814 2661.113281
-26.761372 -11.168488 2659.374512
-76.107620 -479.953766 2770.461426
-90.218796 -937.684570 2685.966797
-219.579697 16.043304 2549.523438
-236.130310 -462.067139 2625.618652
-232.387802 -927.761047 2624.338379
-116.734673 700.276306 2764.848633
-118.619560 471.462524 2717.284180
24.246895 451.763611 2798.910156
24.246706 134.999939 2798.910156
24.253012 -181.763397 2798.909668
-261.486023 491.161469 2635.658203
-261.485840 174.397797 2635.658203
-261.492096 -142.365540 2635.657227
-119.590584 235.620941 2662.067627
-24.182526 -13.509750 2661.916748
-85.332169 -481.536194 2770.001465
-92.111237 -939.332031 2684.860107
-216.940689 13.068436 2551.785400
-234.710663 -465.210754 2626.678955
-233.551407 -930.954956 2623.295654
-113.889053 700.073853 2764.994873
-116.079033 470.733215 2717.670166
26.701775 451.413116 2799.540039
26.701586 134.649445 2799.540039
26.707836 -182.113892 2799.539551
-258.859833 490.053314 2635.800293
-258.859650 173.289642 2635.800293
-258.865906 -143.473694 2635.799316
-116.552864 234.800507 2662.819824
-20.704529 -14.165848 2663.200195
-81.609451 -482.395142 2771.083008
-91.583153 -939.200317 2680.929688
-213.348862 11.901443 2552.738770
-235.279739 -466.447388 2626.026855
-230.196335 -932.189758 2623.771729
-112.822029 696.591553 2764.572266
-114.922394 467.623260 2717.315918
28.281801 448.806091 2798.559082
28.281612 132.042419 2798.559082
28.287863 -184.720917 2798.558594
-258.126556 486.440430 2636.072754
-258.126373 169.676758 2636.072754
-258.132629 -147.086578 2636.071777
-114.959702 231.628387 2662.721680
-18.387659 -17.061066 2662.936279
-77.194756 -487.197540 2763.413574
-92.733498 -945.252625 2680.953125
-211.606369 8.328094 2553.318604
-239.908676 -469.764618 2625.925781
-232.893417 -935.501831 2623.196777
-111.688782 694.501404 2764.364014
-113.978210 465.464294 2717.222168
30.036667 446.844360 2797.052979
30.036478 130.080688 2797.052979
30.042728 -186.682648 2797.052734
-257.993103 484.084167 2637.391357
-257.992920 167.320496 2637.391357
-257.999176 -149.442841 2637.390625
-114.461609 229.376617 2663.028564
-17.785744 -19.272919 2662.692627
-78.870239 -490.444092 2756.835938
-92.291214 -949.962036 2682.570312
-212.104279 5.850830 2554.977295
-242.197784 -472.179230 2627.454346
-233.996872 -937.903809 2623.805908
-109.838036 696.060913 2764.267822
-110.166832 466.044739 2719.330322
32.620388 448.945648 2801.617676
32.620201 132.181976 2801.617676
32.626450 -184.581360 2801.617432
-252.954041 483.143860 2637.042969
-252.953857 166.380188 2637.042969
-252.960114 -150.383148 2637.042236
-109.045242 229.303894 2668.189941
-11.581890 -18.974121 2672.570801
-70.277328 -489.975189 2769.269287
-88.483940 -948.484863 2689.827393
-204.265427 4.100189 2561.528320
-231.804382 -474.252350 2632.942627
-227.572647 -940.028687 2630.770752
-109.202110 695.250183 2763.707275
-107.865921 465.113342 2719.325684
35.385265 449.559448 2801.129883
35.385078 132.795776 2801.129883
35.391327 -183.967560 2801.129639
-251.117111 480.667297 2637.521484
-251.116928 163.903625 2637.521484
-251.123184 -152.859711 2637.520752
-104.474121 228.351868 2668.369141
-4.447094 -18.902069 2672.596436
-67.890160 -491.015289 2760.033203
-86.831329 -948.771729 2676.273926
-197.717545 2.082825 2562.228760
-237.649612 -476.557587 2623.397949
-226.830475 -942.157104 2626.648193
-108.593987 694.385010 2762.926270
-106.414764 465.249329 2718.309814
37.825897 450.594238 2798.525635
37.825710 133.830566 2798.525635
37.831959 -182.932770 2798.525391
-250.655426 479.904419 2638.093994
-250.655243 163.140747 2638.093994
-250.661499 -153.622589 2638.093506
-102.033112 228.530594 2667.183594
-0.343528 -18.074783 2670.172852
-70.378700 -489.574524 2756.015625
-89.566521 -948.375000 2678.212891
-194.959381 1.698502 2561.941895
-242.420868 -476.374207 2622.810303
-230.230438 -941.986816 2625.568848
-107.280769 694.938110 2764.041992
-105.682053 465.392822 2718.321045
38.213989 449.767090 2798.990479
38.213802 133.003418 2798.990479
38.220051 -183.759918 2798.990234
-249.578094 481.018524 2637.651611
-249.577911 164.254852 2637.651611
-249.584167 -152.508484 2637.651123
-102.130951 228.879364 2666.173828
-1.509813 -18.174942 2668.444824
-84.662704 -486.049561 2761.135254
-97.040733 -943.928467 2677.079590
-195.649887 2.906784 2559.608398
-237.229141 -475.477661 2622.750000
-233.691544 -941.165955 2627.059082
-105.632385 696.533691 2764.608887
-104.614105 466.071167 2718.982178
39.125793 449.948242 2799.847168
39.125607 133.184570 2799.847168
39.131855 -183.578766 2799.846924
-248.354004 482.194153 2638.117188
-248.353821 165.430481 2638.117188
-248.360077 -151.332855 2638.116699
-101.464981 229.676910 2666.251953
-1.350121 -17.593765 2668.072510
-77.865685 -486.315308 2762.702881
-94.703583 -943.816162 2677.138916
-195.281601 4.159042 2558.970947
-238.130814 -473.455444 2627.202881
-232.826492 -939.171204 2626.626709
-106.210373 697.083557 2764.885254
-105.366089 467.500732 2719.018066
38.825806 451.335266 2799.069824
38.825619 134.571594 2799.069824
38.831867 -182.191742 2799.069580
-249.557983 483.666260 2638.966309
-249.557800 166.902588 2638.966309
-249.564056 -149.860748 2638.965820
-102.261536 231.231964 2665.714355
-1.883050 -15.942307 2666.414795
-73.851913 -486.771301 2754.006348
-96.134033 -945.142029 2674.735107
-196.430908 5.868668 2558.406494
-242.466873 -471.574951 2626.031494
-233.876312 -937.271301 2625.384521
-105.329689 694.503174 2765.035400
-104.230125 465.308990 2718.987061
39.916527 448.690308 2799.033691
39.916340 131.926636 2799.033691
39.922588 -184.836700 2799.033447
-248.376770 481.927673 2638.940430
-248.376587 165.164001 2638.940430
-248.382843 -151.599335 2638.939941
-101.574356 229.148926 2665.174805
-1.675752 -18.222275 2665.362793
-69.421516 -489.312988 2755.243164
-95.466415 -947.991150 2678.728760
-196.161438 4.199997 2557.362305
-242.323608 -473.820862 2620.775391
-232.861343 -939.420288 2627.475098
-104.279961 693.697021 2764.096924
-103.747986 464.319458 2718.210449
40.993835 447.712708 2797.173340
40.993649 130.949036 2797.173340
40.999897 -185.814301 2797.173096
-248.489807 480.926147 2639.247559
-248.489624 164.162476 2639.247559
-248.495880 -152.600861 2639.247314
-101.533096 228.135498 2664.478516
-1.670631 -19.251877 2664.017578
-65.365944 -491.496765 2750.907959
-95.805138 -950.509399 2678.069092
-196.965775 3.154984 2557.475586
-243.948135 -474.565247 2622.682129
-235.273834 -940.245483 2625.518066
-103.407990 693.571045 2763.625977
-103.640717 464.018951 2717.932861
41.594494 447.567749 2796.017822
41.594307 130.804077 2796.017822
41.600555 -185.959259 2796.017578
-248.875931 480.470154 2639.847900
-248.875748 163.706482 2639.847900
-248.882004 -153.056854 2639.847656
-101.717514 227.746796 2664.577148
-1.815503 -19.623703 2663.899170
-64.234276 -490.541382 2758.457275
-96.650368 -948.293640 2678.942627
-197.773117 2.572983 2558.543701
-247.634384 -475.054138 2622.304443
-233.742706 -940.566284 2628.367676
-103.468590 693.300171 2763.393311
-104.110291 464.314453 2716.784180
41.641621 447.770325 2793.879150
41.641434 131.006653 2793.879150
41.647682 -185.756683 2793.878906
-249.862198 480.858582 2639.689209
-249.862015 164.094910 2639.689209
-249.868271 -152.668427 2639.688965
-102.460281 228.141052 2662.983398
-2.482402 -19.193451 2661.192871
-64.898712 -489.800354 2757.536621
-96.165558 -947.223877 2675.488770
-199.138138 3.128723 2557.172363
-242.049072 -475.309814 2619.588867
-234.210831 -940.938721 2626.933838
-102.716660 696.807861 2764.269775
-103.676178 467.622070 2717.567871
41.193130 450.548462 2796.181885
41.192944 133.784790 2796.181885
41.199192 -182.978546 2796.181885
-248.545471 484.695679 2638.953857
-248.545288 167.932007 2638.953857
-248.551544 -148.831329 2638.953613
-102.676384 231.302612 2664.400879
-3.940683 -16.535553 2664.270752
-67.959145 -487.321045 2758.784424
-97.624687 -944.879517 2676.755615
-199.412506 6.501862 2558.197021
-236.583740 -472.424347 2620.541504
-235.554962 -938.099243 2628.315186
-101.781548 697.170288 2763.708008
-103.429207 468.338470 2717.675781
41.533379 450.792542 2796.025879
41.533192 134.028870 2796.025879
41.539440 -182.734467 2796.025879
-248.391785 485.884399 2639.325684
-248.391602 169.120728 2639.325684
-248.397858 -147.642609 2639.325439
-103.813240 231.818787 2665.419434
-6.405784 -16.537354 2666.018066
-68.619171 -488.569061 2755.293457
-97.040009 -947.009827 2677.946045
-201.988770 7.135559 2560.308105
-236.856171 -472.327454 2619.955322
-235.124023 -938.054810 2626.990234
-100.451790 697.136108 2763.436279
-102.731026 468.285980 2717.317627
42.586071 450.468445 2794.950195
42.585884 133.704773 2794.950195
42.592133 -183.058563 2794.950195
-248.048111 486.103516 2639.685059
-248.047928 169.339844 2639.685059
-248.054184 -147.423492 2639.684814
-103.573967 231.859833 2664.633057
-6.383738 -16.586288 2664.320557
-64.351097 -490.445129 2746.175049
-93.105560 -949.926147 2675.600830
-202.450089 7.453659 2559.576416
-233.091003 -472.848267 2614.446045
-232.125092 -938.548889 2623.973389
-96.769485 696.674988 2765.796631
-99.897537 467.806946 2718.154785
45.264648 448.816589 2795.796631
45.264462 132.052917 2795.796631
45.270710 -184.710419 2795.796631
-245.059723 486.797302 2640.512939
-245.059540 170.033630 2640.512939
-245.065796 -146.729706 2640.512695
-102.014038 231.645432 2664.349365
-6.200157 -17.327515 2662.923096
-69.051094 -489.627075 2749.999756
-91.705437 -948.744873 2675.131348
-202.060928 8.295319 2558.164795
-224.145447 -473.040436 2607.047363
-233.243195 -938.337158 2623.034668
-96.350807 697.279663 2764.465820
-99.460976 467.852203 2718.040527
45.525463 448.943726 2796.036377
45.525276 132.180054 2796.036377
45.531525 -184.583282 2796.036377
-244.447418 486.760681 2640.044678
-244.447235 169.997009 2640.044678
-244.453491 -146.766327 2640.044434
-101.523720 231.603088 2664.601318
-5.777263 -17.401871 2663.778809
-67.719749 -489.716431 2751.710938
-89.762367 -948.832520 2676.358398
-201.395660 8.109818 2558.545410
-218.051620 -474.615662 2590.230957
-233.042709 -938.320435 2625.666748
-92.920959 697.823364 2763.303467
-96.899391 467.828491 2717.485840
47.564629 448.264954 2796.281250
47.564442 131.501282 2796.281250
47.570690 -185.262054 2796.281250
-241.363419 487.392029 2638.690430
-241.363235 170.628357 2638.690430
-241.369492 -146.134979 2638.690186
-100.274033 231.390884 2664.969482
-6.188805 -18.244888 2665.610840
-74.500679 -489.101868 2756.455078
-89.078941 -947.302368 2674.517090
-201.108536 8.151443 2559.295410
-207.492889 -475.434387 2575.365234
-233.859085 -937.499207 2623.004395
-89.450172 698.644836 2753.733398
-95.249290 467.302917 2712.656738
49.785404 448.772003 2790.642578
49.785217 132.008331 2790.642578
49.791466 -184.755005 2790.642578
-240.283997 485.833862 2634.670898
-240.283813 169.070190 2634.670898
-240.290070 -147.693146 2634.670654
-99.753326 229.972809 2664.639160
-6.411870 -19.858932 2669.233643
-81.174232 -490.449829 2756.196533
-89.639832 -950.060913 2681.873779
-202.102844 5.144302 2564.009521
-198.353043 -478.268677 2556.315430
-233.898193 -937.732605 2619.733887
-88.361862 695.046509 2748.947510
-94.498451 464.071136 2709.262207
51.362942 445.835815 2785.752197
51.362755 129.072144 2785.752197
51.369003 -187.691193 2785.752197
-240.359833 482.306458 2632.772217
-240.359650 165.542786 2632.772217
-240.365906 -151.220551 2632.772217
-99.569290 226.519196 2662.299316
-6.236178 -23.335037 2666.939697
-86.451126 -493.263733 2752.710693
-90.808830 -952.926514 2677.936279
-203.044083 1.269547 2563.733154
-190.886032 -479.823914 2524.333252
-237.283600 -935.322327 2605.632812
-86.218735 685.754150 2736.058594
-93.779091 454.800842 2701.332764
53.378365 437.669769 2775.522217
53.378178 120.906097 2775.522217
53.384426 -195.857239 2775.522217
-240.936539 471.931946 2627.143311
-240.936356 155.168274 2627.143311
-240.942612 -161.595062 2627.143311
-99.556000 216.625702 2657.794434
-6.046456 -33.107712 2664.311279
-92.213867 -500.848450 2755.874512
-91.240746 -960.429138 2680.350098
-204.619370 -9.991196 2564.200928
-187.525345 -487.992554 2497.919189
-240.846222 -938.156982 2600.804443
-85.124397 686.105774 2730.601807
-92.837311 454.279816 2697.743164
54.211182 437.666443 2772.297852
54.210995 120.902771 2772.297852
54.217243 -195.860565 2772.297852
-239.885803 470.893188 2623.188477
-239.885620 154.129517 2623.188477
-239.891876 -162.633820 2623.188477
-98.384041 215.840729 2655.550781
-4.737204 -33.805130 2663.650391
-87.633690 -503.175781 2749.810791
-90.948265 -963.958130 2682.427002
-203.124329 -11.391586 2563.066406
-183.260803 -485.275696 2471.808594
-241.312469 -931.755615 2588.418213
-83.131134 683.303162 2728.378174
-90.015129 451.745056 2694.247803
57.934685 435.528595 2767.079346
57.934498 118.764923 2767.079346
57.940746 -197.998413 2767.079346
-237.964935 467.961517 2621.416260
-237.964752 151.197845 2621.416260
-237.971008 -165.565491 2621.416260
-95.134361 213.371246 2651.571533
-0.441305 -35.942780 2658.030029
-83.580811 -503.710266 2752.202393
-87.289688 -962.852539 2674.717529
-200.065887 -14.062347 2559.760498
-183.868683 -483.232666 2445.526855
-243.069519 -927.880676 2569.536621
-80.578857 684.107544 2726.770264
-88.088165 452.304077 2690.776611
59.552673 435.641602 2764.151611
59.552486 118.877930 2764.151611
59.558735 -197.885406 2764.151611
-235.728989 468.966492 2617.401611
-235.728806 152.202820 2617.401611
-235.735062 -164.560516 2617.401611
-93.599281 213.996185 2647.749512
0.486372 -35.551971 2654.220459
-88.050285 -502.778015 2746.265625
-87.940285 -963.448792 2678.571289
-198.707169 -13.071411 2555.224365
-189.986053 -478.672974 2425.258789
-249.242081 -925.677979 2541.004883
-80.134621 684.850037 2714.966797
-88.394424 453.478821 2680.557861
60.611893 437.569153 2751.237793
60.611706 120.805481 2751.237793
60.617954 -195.957855 2751.237793
-237.400757 469.388489 2609.877930
-237.400574 152.624817 2609.877930
-237.406830 -164.138519 2609.877930
-94.306267 214.869476 2639.311523
0.318985 -34.474380 2645.754150
-89.057449 -501.052979 2740.440430
-85.113274 -954.343140 2656.222412
-200.755188 -13.005325 2550.376221
-197.621338 -477.264832 2413.970459
-255.286255 -929.587341 2505.077148
-82.478203 684.671692 2700.060059
-91.191055 453.113770 2668.616455
58.019016 438.072998 2739.091797
58.018829 121.309326 2739.091797
58.025078 -195.454010 2739.091797
-240.401123 468.154541 2598.141113
-240.400940 151.390869 2598.141113
-240.407196 -165.372467 2598.141113
-97.221588 214.023926 2630.357910
-2.600772 -35.211838 2639.639404
-92.542702 -499.033875 2745.996338
-81.393021 -953.440918 2646.736084
-203.903473 -14.919968 2544.559326
-203.179108 -476.276428 2398.060547
-264.493622 -931.823242 2467.618652
-83.107056 688.009033 2692.614502
-90.865829 455.902252 2660.379150
57.414886 440.963745 2732.801514
57.414700 124.200073 2732.801514
57.420948 -192.563263 2732.801514
-239.146545 470.840759 2587.956787
-239.146362 154.077087 2587.956787
-239.152618 -162.686249 2587.956787
-95.963211 216.879120 2621.512695
-1.024667 -32.222122 2631.505127
-88.386322 -496.286560 2739.306885
-73.181625 -948.358887 2635.289795
-201.096527 -12.065903 2533.787354
-205.702362 -470.005249 2376.850830
-264.471100 -928.910156 2417.723389
-84.306015 691.541626 2679.386475
-92.041679 458.879456 2650.158936
55.503380 444.457153 2724.175293
55.503193 127.693481 2724.175293
55.509441 -189.069855 2724.175293
-239.586746 473.301819 2576.142578
-239.586563 156.538147 2576.142578
-239.592819 -160.225189 2576.142578
-96.972847 219.528931 2613.350586
-2.367975 -29.551117 2626.474609
-91.452324 -492.286285 2738.604004
-75.218491 -948.499878 2635.679688
-201.440048 -10.092102 2526.609863
-221.722702 -464.833344 2362.235840
-266.515564 -926.399231 2371.051025
-88.330292 691.288452 2671.775146
-94.500343 459.051392 2640.170166
52.418858 444.428650 2715.394287
52.418671 127.664978 2715.394287
52.424919 -189.098358 2715.394287
-241.419540 473.674164 2564.946045
-241.419357 156.910492 2564.946045
-241.425613 -159.852844 2564.946045
-98.704399 219.914490 2601.895508
-3.796597 -29.086945 2614.367188
-84.943886 -493.839874 2723.978027
-76.859535 -951.625366 2627.250488
-202.020309 -9.357910 2512.874512
-229.058182 -462.846466 2345.475830
-270.835358 -922.844482 2313.360352
-93.408241 690.698425 2657.962891
-97.119011 458.389832 2625.515625
49.762638 445.248413 2701.088867
49.762451 128.484741 2701.088867
49.768700 -188.278595 2701.088867
-244.000671 471.531311 2549.942383
-244.000488 154.767639 2549.942383
-244.006744 -161.995697 2549.942383
-99.106430 219.143127 2587.775635
-2.005018 -28.969025 2601.018555
-81.353882 -493.747772 2712.051514
-74.932182 -951.922729 2626.325928
-200.182663 -11.238159 2499.052734
-237.579315 -465.486969 2335.682861
-269.495239 -921.212891 2263.278809
-97.463974 689.700806 2642.087646
-103.746536 458.694672 2607.101318
44.503952 443.409851 2679.433594
44.503765 126.646179 2679.433594
44.510014 -190.117157 2679.433594
-251.997040 473.979492 2534.769043
-251.996857 157.215820 2534.769043
-252.003113 -159.547516 2534.769043
-108.887474 219.873032 2567.171875
-13.989013 -29.262802 2576.052246
-94.896652 -493.416016 2688.675781
-88.339958 -949.311890 2613.371094
-214.067810 -8.634415 2478.432617
-260.224701 -461.968262 2314.582031
-286.450836 -915.134888 2220.225586
-103.746132 690.987183 2624.626465
-109.556099 459.899109 2588.298096
38.716896 444.083496 2660.535645
38.716709 127.319824 2660.535645
38.722958 -189.443512 2660.535645
-257.829102 475.714722 2516.060547
-257.828918 158.951050 2516.060547
-257.835175 -157.812286 2516.060547
-114.852524 221.309814 2546.932861
-20.137863 -27.947205 2554.292236
-88.865494 -491.490173 2676.176514
-80.780602 -945.694397 2615.391846
-220.160034 -6.611755 2456.843018
-258.635925 -462.441956 2297.956787
-281.606628 -913.130859 2188.099365
-109.905212 690.448242 2598.393311
-116.224487 458.944275 2565.422119
32.703800 443.564453 2636.414795
32.703613 126.800781 2636.414795
32.709862 -189.962555 2636.414795
-265.152771 474.324097 2494.429443
-265.152588 157.560425 2494.429443
-265.158844 -159.202911 2494.429443
-121.938812 220.085098 2525.663330
-27.188030 -29.149094 2533.795410
-87.913437 -493.048035 2658.751221
-84.397629 -949.704163 2615.056396
-228.118256 -8.399063 2438.013672
-265.651581 -466.800659 2286.340820
-286.245392 -916.292725 2168.770020
-116.758507 693.101929 2584.780029
-120.445541 462.498230 2547.940674
28.151457 448.040833 2619.828613
28.151268 131.277161 2619.828613
28.157518 -185.486176 2619.828613
-269.042542 476.955566 2476.052734
-269.042358 160.191895 2476.052734
-269.048615 -156.571442 2476.052734
-123.138794 224.062683 2505.556152
-25.588514 -24.125778 2511.667236
-77.888527 -490.426575 2631.364746
-78.078163 -945.724548 2610.650635
-226.075577 -4.619919 2414.676025
-259.196838 -466.041687 2271.436035
-277.419617 -914.883545 2149.663574
-123.748192 689.208008 2552.965332
-127.455658 457.375244 2520.687500
21.426250 445.163025 2592.384766
21.426062 128.399353 2592.384766
21.432312 -188.363983 2592.384766
-276.337555 469.587463 2448.990234
-276.337372 152.823792 2448.990234
-276.343628 -163.939545 2448.990234
-128.494568 218.294830 2482.122314
-29.089863 -29.024612 2491.927979
-80.154221 -496.476440 2607.972412
-83.843597 -954.765625 2608.137695
-229.977081 -12.546585 2395.186279
-265.414948 -475.504272 2257.377686
-283.404510 -926.564392 2143.529297
-131.831360 688.616821 2528.061035
-134.598801 456.045654 2495.869629
14.327479 444.208557 2567.564209
14.327291 127.444885 2567.564209
14.333540 -189.318451 2567.564209
-283.525116 467.882751 2424.175049
-283.524933 151.119080 2424.175049
-283.531189 -165.644257 2424.175049
-135.017303 216.941696 2457.261719
-34.973782 -30.147278 2467.017090
-81.717056 -501.000000 2569.725586
-86.558777 -948.055420 2597.043945
-235.897827 -14.177246 2370.290527
-268.330597 -476.340881 2228.971436
-284.631897 -930.817017 2129.863525
-142.242844 690.127441 2507.111816
-142.429306 457.122437 2473.407471
6.382955 446.414612 2545.518799
6.382766 129.650940 2545.518799
6.389015 -187.112396 2545.518799
-291.241547 467.830261 2401.296143
-291.241364 151.066589 2401.296143
-291.247620 -165.696747 2401.296143
-140.119095 218.303177 2433.177734
-37.417805 -27.739761 2441.595459
-72.201096 -501.831116 2532.757568
-83.772598 -944.050781 2591.049561
-238.199966 -13.292435 2344.300537
-266.723206 -475.134949 2201.019287
-280.697693 -933.868408 2126.463623
-151.444763 690.869019 2480.631592
-150.715103 458.592834 2447.399658
-1.063958 448.560364 2517.837402
-1.064147 131.796692 2517.837402
-1.057897 -184.966644 2517.837402
-300.366241 468.625305 2376.961914
-300.366058 151.861633 2376.961914
-300.372314 -164.901703 2376.961914
-147.641022 219.817902 2406.859863
-43.604904 -25.725449 2413.840820
-68.639488 -503.396606 2486.195801
-87.346344 -942.712097 2581.975342
-245.528976 -12.188644 2318.799316
-274.067749 -475.071411 2178.851318
-286.914734 -936.795227 2126.572998
-162.162201 691.897095 2458.893555
-159.243271 458.617615 2424.492920
-9.488966 449.709534 2494.873779
-9.489155 132.945862 2494.873779
-9.482905 -183.817474 2494.873779
-308.997589 467.525696 2354.112061
-308.997406 150.762024 2354.112061
-309.003662 -166.001312 2354.112061
-153.911026 220.057571 2382.952637
-47.554031 -24.511902 2388.891357
-55.650543 -504.512024 2447.340088
-83.520538 -938.651489 2572.919678
-249.603531 -12.493042 2293.933350
-273.976746 -477.521820 2160.629150
-281.335938 -941.221313 2128.577393
-173.066849 697.421204 2439.531982
-168.677795 465.184021 2405.017334
-19.087835 456.734131 2475.814697
-19.088024 139.970459 2475.814697
-19.081774 -176.792877 2475.814697
-318.267761 473.633972 2334.219971
-318.267578 156.870300 2334.219971
-318.273834 -159.893036 2334.219971
-161.833588 226.901031 2362.116211
-54.075703 -17.082306 2366.975098
-46.710495 -498.884796 2404.985352
-80.806091 -919.001282 2556.512939
-255.903046 -5.681641 2271.455078
-277.635895 -473.478394 2147.996582
-284.214020 -938.222778 2131.060547
-182.141876 697.849121 2415.340576
-177.426086 466.249695 2383.236816
-27.383657 458.644287 2453.164062
-27.383846 141.880615 2453.164062
-27.377596 -174.882721 2453.164062
-327.468536 473.855103 2313.309570
-327.468353 157.091431 2313.309570
-327.474609 -159.671906 2313.309570
-169.983658 227.799911 2341.333496
-61.318413 -15.780685 2346.604980
-37.027336 -497.779419 2354.512207
-76.384125 -910.410583 2529.338379
-263.764038 -5.519058 2252.255371
-279.380249 -476.700439 2142.048828
-285.693481 -941.965820 2132.721191
-190.730682 700.667786 2395.751709
-185.713058 467.860138 2364.343262
-35.229813 460.475403 2433.343506
-35.230000 143.711731 2433.343506
-35.223751 -173.051605 2433.343506
-336.196289 475.244873 2295.343018
-336.196106 158.481201 2295.343018
-336.202362 -158.282135 2295.343018
-177.951263 229.509399 2321.906006
-68.670761 -13.823227 2326.017578
-12.126755 -491.389648 2302.755127
-102.536728 -875.487061 2522.983154
-271.708191 -3.859451 2232.919922
-281.327209 -476.922058 2130.070801
-286.101318 -942.322998 2133.497803
-197.831039 701.684021 2377.455566
-193.048447 469.052826 2346.512451
-42.963505 461.467743 2416.355957
-42.963692 144.704071 2416.355957
-42.957443 -172.059265 2416.355957
-343.133423 476.637909 2276.668945
-343.133240 159.874237 2276.668945
-343.139496 -156.889099 2276.668945
-185.339844 230.698959 2304.062012
-76.381287 -12.771942 2308.729248
41.905350 -457.622040 2234.878906
-99.799652 -845.670715 2474.992920
-278.881165 -2.537872 2214.493896
-282.815704 -477.994568 2123.197510
-284.489075 -943.512451 2131.596680
-201.348495 703.128235 2354.306885
-197.783722 469.487488 2329.048340
-48.558781 462.437561 2400.742188
-48.558968 145.673889 2400.742188
-48.552719 -171.089447 2400.742188
-347.008667 476.537445 2257.354492
-347.008484 159.773773 2257.354492
-347.014740 -156.989563 2257.354492
-190.150681 230.622620 2289.672119
-81.840988 -12.998611 2298.665039
83.345688 -418.064209 2185.522461
-93.006805 -802.588562 2423.079590
-283.194275 -3.485916 2201.926758
-284.795898 -481.172485 2123.175781
-282.302673 -946.806641 2130.048828
-206.108566 709.396362 2342.749268
-201.754913 474.418213 2317.073242
-54.321503 467.496582 2392.307861
-54.321690 150.732910 2392.307861
-54.315441 -166.030426 2392.307861
-349.188324 481.339844 2241.838623
-349.188141 164.576172 2241.838623
-349.194397 -152.187164 2241.838623
-192.898590 235.579834 2277.744629
-84.556786 -7.929138 2289.182861
117.209755 -365.857117 2144.319336
-93.966499 -748.619324 2370.597900
-283.527740 1.412048 2187.649170
-283.920288 -477.568115 2116.492920
-276.855804 -943.118042 2127.049072
-211.016968 712.266418 2323.956787
-207.260925 476.384216 2302.846436
-60.368156 471.117981 2379.294678
-60.368343 154.354309 2379.294678
-60.362095 -162.409027 2379.294678
-354.153687 481.650452 2226.398193
-354.153503 164.886780 2226.398193
-354.159760 -151.876556 2226.398193
-197.269577 237.042755 2267.161133
-88.189728 -5.851105 2283.044922
141.851059 -318.380859 2111.259766
-89.237076 -698.262024 2316.398926
-286.366760 1.253693 2179.906738
-292.475952 -479.586609 2124.555664
-279.093079 -945.062012 2128.208496
-218.020813 718.647583 2320.572021
-210.841339 483.659729 2296.134766
-65.153816 478.306824 2374.851318
-65.154007 161.543152 2374.851318
-65.147758 -155.220184 2374.851318
-356.528870 489.012634 2217.418213
-356.528687 172.248962 2217.418213
-356.534943 -144.514374 2217.418213
-199.297150 244.678482 2258.517578
-89.469330 2.086044 2274.004150
166.950989 -255.295151 2076.152100
-80.593079 -639.235718 2259.721680
-286.036591 9.308395 2167.796631
-293.258087 -472.688660 2122.826660
-274.081573 -938.002808 2123.455566
-220.930496 720.784790 2311.868408
-213.843307 486.152374 2286.398438
-69.588234 480.177338 2367.653809
-69.588425 163.413666 2367.653809
-69.582176 -153.349670 2367.653809
-358.098358 492.127411 2205.143066
-358.098175 175.363739 2205.143066
-358.104431 -141.399597 2205.143066
-202.214630 247.254242 2248.186523
-93.264442 4.325058 2264.793457
184.309387 -200.367020 2048.875977
-67.462616 -593.837280 2206.160645
-287.907471 12.387161 2155.155762
-296.526123 -470.300049 2117.263916
-275.828491 -935.533752 2123.395264
-223.135162 724.285645 2306.518555
-215.699921 489.998047 2280.286377
-72.121758 483.979065 2362.764404
-72.121948 167.215393 2362.764404
-72.115700 -149.547943 2362.764404
-359.278076 496.017029 2197.808350
-359.277893 179.253357 2197.808350
-359.284149 -137.509979 2197.808350
-203.476105 251.202011 2241.580566
-94.401588 8.345856 2258.510254
193.413239 -140.280197 2030.762451
-41.472763 -541.515320 2152.904785
-288.102966 16.466095 2147.239258
-292.918579 -466.957458 2119.754395
-274.657043 -932.276001 2128.855957
-224.113052 723.562927 2291.337158
-218.389679 488.842316 2268.976807
-74.753372 483.186523 2351.407959
-74.753563 166.422852 2351.407959
-74.747314 -150.340485 2351.407959
-362.025970 494.498108 2186.545654
-362.025787 177.734436 2186.545654
-362.032043 -139.028900 2186.545654
-207.064758 249.612274 2232.829102
-98.847931 6.567032 2252.286621
193.314758 -86.926834 2016.290405
-11.128250 -499.544434 2093.861572
-292.631744 14.197433 2141.076172
-295.266754 -469.431274 2115.004883
-279.239166 -934.559204 2132.201416
-227.262512 723.201904 2283.755615
-222.245361 488.045288 2260.848633
-78.492767 481.481018 2343.019287
-78.492958 164.717346 2343.019287
-78.486710 -152.045990 2343.019287
-365.997955 494.609558 2178.677979
-365.997772 177.845886 2178.677979
-366.004028 -138.917450 2178.677979
-211.932922 248.916046 2223.704590
-104.644653 5.358521 2241.993164
191.077576 -31.282352 2000.467041
26.356079 -458.091125 2028.252563
-298.596313 14.215088 2131.127930
-293.229156 -469.559082 2108.783447
-279.806152 -934.517822 2131.959717
-228.684174 722.643005 2271.953369
-225.084274 487.522461 2252.201660
-81.564972 480.977356 2334.789551
-81.565163 164.213684 2334.789551
-81.558914 -152.549652 2334.789551
-368.603577 494.067596 2169.613770
-368.603394 177.303925 2169.613770
-368.609650 -139.459412 2169.613770
-215.545013 248.118378 2216.651855
-109.187027 4.298904 2236.816162
189.891251 12.900885 1996.197632
79.030502 -417.503510 1966.090332
-302.824493 13.129654 2125.387939
-291.979797 -470.848083 2113.046143
-276.512512 -935.748657 2136.998291
-228.705948 725.656189 2267.056885
-226.029175 491.693970 2248.440674
-84.404449 484.938477 2334.148193
-84.404640 168.174805 2334.148193
-84.398392 -148.588531 2334.148193
-367.653900 498.449402 2162.733154
-367.653717 181.685730 2162.733154
-367.659973 -135.077606 2162.733154
-216.542694 252.137665 2213.883301
-111.491409 8.022949 2237.159180
186.910660 51.702408 1994.036377
144.480286 -375.499817 1898.482666
-302.621002 17.139786 2121.492676
-286.658600 -466.850220 2115.757080
-273.499908 -931.778320 2140.916016
-228.919495 725.275269 2264.611572
-225.625061 492.167664 2244.816406
-85.258842 485.325745 2332.571289
-85.259033 168.562073 2332.571289
-85.252785 -148.201263 2332.571289
-365.991272 499.009583 2157.061523
-365.991089 182.245911 2157.061523
-365.997345 -134.517426 2157.061523
-215.862885 252.580505 2210.521973
-111.408928 8.377747 2235.427490
183.223419 70.838715 1983.130249
212.508224 -341.762421 1821.853394
-300.792511 17.608948 2117.027588
-288.716492 -466.524933 2119.439941
-271.030334 -931.526733 2139.226807
-228.862396 725.696899 2255.381836
-226.809082 491.756226 2238.905762
-87.966118 485.627563 2329.090088
-87.966309 168.863892 2329.090088
-87.960060 -147.899445 2329.090088
-365.652039 497.884857 2148.721436
-365.651855 181.121185 2148.721436
-365.658112 -135.642151 2148.721436
-217.521515 251.678864 2208.292236
-114.563499 7.466812 2238.521484
172.904175 68.331818 1980.016357
271.046570 -302.968719 1759.377930
-301.904388 15.736191 2116.835938
-291.485168 -468.165161 2131.187012
-273.071594 -933.344421 2145.363281
-228.375732 727.179321 2250.770508
-226.640930 493.999573 2236.013672
-88.685135 488.384460 2327.607178
-88.685326 171.620789 2327.607178
-88.679077 -145.142548 2327.607178
-364.596710 499.614716 2144.420166
-364.596527 182.851044 2144.420166
-364.602783 -133.912292 2144.420166
-217.198456 253.712418 2207.061035
-114.695717 9.637482 2239.894287
170.930115 61.279037 1974.845825
325.001343 -264.871216 1702.526611
-300.816254 17.213013 2116.322510
-291.719452 -466.918182 2126.557129
-271.046906 -931.748230 2147.137939
-229.663422 724.291199 2242.962646
-228.365280 488.943970 2229.965576
-90.550026 483.838501 2321.827148
-90.550217 167.074829 2321.827148
-90.543968 -149.688507 2321.827148
-366.180542 494.049408 2138.104004
-366.180359 177.285736 2138.104004
-366.186615 -139.477600 2138.104004
-219.391556 248.391907 2203.133545
-117.453026 4.395920 2238.267822
188.143402 -1.351326 1929.162598
350.806580 -250.764450 1662.947021
-303.382629 11.283798 2114.335205
-298.941406 -472.817627 2129.175293
-272.435547 -937.584717 2139.921875
-229.647552 720.096191 2232.062988
-229.705566 483.998901 2222.748779
-91.342873 479.605316 2313.828857
-91.343063 162.841644 2313.828857
-91.336815 -153.921692 2313.828857
-368.068268 488.392517 2131.668701
-368.068085 171.628845 2131.668701
-368.074341 -145.134491 2131.668701
-221.562958 243.125244 2198.759766
-120.080299 -0.712372 2236.213867
202.571381 -22.498938 1909.999023
354.649750 -257.870178 1648.235718
-306.760406 5.215515 2113.327637
-298.507843 -478.972961 2123.713379
-273.177032 -943.640015 2141.235840
-229.657104 722.456421 2234.115479
-230.646118 486.763977 2221.923584
-92.222473 480.801178 2312.819580
-92.222664 164.037506 2312.819580
-92.216415 -152.725830 2312.819580
-369.069794 492.726746 2131.027588
-369.069611 175.963074 2131.027588
-369.075867 -140.800262 2131.027588
-224.062241 246.029434 2196.104980
-124.094070 1.272247 2231.607422
207.991470 -26.025568 1897.479858
330.615723 -268.392395 1655.041748
-310.862640 9.317566 2108.965332
-298.052979 -474.823059 2117.896484
-273.974335 -939.640259 2135.038574
-228.112091 725.122498 2234.140869
-230.894150 489.598602 2220.690430
-92.489235 481.948303 2311.485352
-92.489426 165.184631 2311.485352
-92.483177 -151.578705 2311.485352
-369.299103 497.248901 2129.895508
-369.298920 180.485229 2129.895508
-369.305176 -136.278107 2129.895508
-226.411224 248.957184 2193.580566
-128.556229 3.154633 2227.723633
189.539383 36.375778 1924.658691
292.851501 -294.807617 1682.939575
-315.300354 13.476898 2105.217773
-296.966187 -470.387665 2117.997559
-273.829529 -935.409119 2130.720215
-228.903946 725.216248 2227.656006
-232.103088 490.148682 2215.777344
-92.701355 482.606262 2305.039062
-92.701546 165.842590 2305.039062
-92.695297 -150.920746 2305.039062
-371.504822 497.691040 2126.515625
-371.504639 180.927368 2126.515625
-371.510895 -135.835968 2126.515625
-228.600952 249.341507 2189.960449
-131.053925 3.446014 2224.362305
178.500275 69.036530 1935.908691
244.656342 -335.555145 1724.549072
-319.143707 13.622681 2103.924805
-294.598785 -470.050110 2111.274658
-274.124146 -934.449158 2137.576172
-229.818069 723.871155 2223.912842
-232.896820 489.315674 2211.863281
-92.955673 481.335571 2300.248291
-92.955864 164.571899 2300.248291
-92.949615 -152.191437 2300.248291
-372.837952 497.295776 2123.478271
-372.837769 180.532104 2123.478271
-372.844025 -136.231232 2123.478271
-229.473846 248.648376 2184.714355
-131.646484 2.597687 2217.190186
173.399811 74.028893 1933.958618
188.477844 -384.766937 1770.778809
-320.455261 13.364471 2097.940674
-290.043579 -470.022614 2101.309082
-274.570038 -934.564209 2129.915039
-231.234238 726.219360 2228.534180
-233.350723 492.563660 2210.557129
-92.735680 483.715759 2297.779785
-92.735870 166.952087 2297.779785
-92.729622 -149.811249 2297.779785
-373.965759 501.411560 2123.334473
-373.965576 184.647888 2123.334473
-373.971832 -132.115448 2123.334473
-228.666336 252.545868 2178.657715
-129.119232 6.559021 2205.601074
173.523865 64.398422 1926.469971
135.062881 -417.999573 1817.880005
-318.844666 18.497086 2087.915527
-288.731232 -464.945190 2092.946045
-270.532471 -929.152649 2125.823730
-232.837448 725.315674 2224.350586
-234.055649 491.176880 2206.827393
-92.938080 482.284851 2293.238525
-92.938271 165.521179 2293.238525
-92.932022 -151.242157 2293.238525
-375.173218 500.068878 2120.416260
-375.173035 183.305206 2120.416260
-375.179291 -133.458130 2120.416260
-229.247833 251.220169 2174.283447
-129.241516 5.264877 2200.032715
170.893127 31.415285 1929.470337
82.662643 -460.783691 1874.675293
-319.638550 17.262054 2083.446289
-292.592865 -466.030090 2099.211670
-272.250793 -930.475037 2127.495605
-232.109421 725.893311 2222.260986
-233.914429 491.518219 2203.445557
-91.983742 482.001221 2288.438477
-91.983932 165.237549 2288.438477
-91.977684 -151.525787 2288.438477
-375.845123 501.035248 2118.452637
-375.844940 184.271576 2118.452637
-375.851196 -132.491760 2118.452637
-229.610504 251.749146 2169.410400
-129.554520 5.559509 2192.714844
168.195480 -4.850869 1925.195068
37.580246 -499.450348 1923.797607
-321.058624 18.400635 2078.035645
-291.378967 -464.722473 2096.099609
-274.519470 -928.936157 2129.851318
-232.768188 725.389526 2221.716797
-234.578934 491.286194 2200.564453
-91.895912 480.995850 2284.192383
-91.896103 164.232178 2284.192383
-91.889854 -152.531158 2284.192383
-377.261963 501.576599 2116.936523
-377.261780 184.812927 2116.936523
-377.268036 -131.950409 2116.936523
-230.793594 251.783035 2164.635254
-130.749847 5.337646 2185.124023
162.569092 -54.296947 1928.163208
-2.238525 -543.596619 1971.964478
-323.266663 19.222076 2072.288086
-292.208893 -463.677063 2094.321777
-275.718567 -927.619812 2132.083740
-231.963364 725.439575 2215.957031
-234.787125 490.840027 2195.243408
-90.360283 480.203186 2275.712402
-90.360474 163.439514 2275.712402
-90.354225 -153.323822 2275.712402
-379.213989 501.476807 2114.774414
-379.213806 184.713135 2114.774414
-379.220062 -132.050201 2114.774414
-232.643646 251.251892 2159.726318
-133.048111 4.486572 2178.505615
152.591293 -108.391228 1934.754883
-31.312500 -586.540955 2011.155518
-327.952209 18.840958 2069.912842
-296.826111 -463.925476 2095.027100
-276.918091 -927.597290 2134.595947
-230.896362 725.837219 2212.065918
-235.047104 490.613434 2191.867920
-89.821724 479.548645 2270.858887
-89.821915 162.784973 2270.858887
-89.815666 -153.978363 2270.858887
-380.272491 501.678192 2112.876953
-380.272308 184.914520 2112.876953
-380.278564 -131.848816 2112.876953
-234.305099 250.928955 2156.929688
-135.599579 3.780609 2175.275879
141.906952 -166.468933 1944.448853
-52.544952 -629.043884 2048.149170
-331.526611 18.708344 2068.707031
-292.627594 -463.391876 2094.925049
-277.948944 -927.001465 2137.244141
-229.491547 733.700073 2222.619141
-232.589233 500.889893 2196.666016
-88.669815 488.043213 2277.727051
-88.670006 171.279541 2277.727051
-88.663757 -145.483795 2277.727051
-376.508636 513.736572 2115.604980
-376.508453 196.972900 2115.604980
-376.514709 -119.790436 2115.604980
-231.389420 262.046143 2156.683594
-133.091782 14.535141 2171.390381
129.715347 -205.622284 1953.936279
-67.510590 -665.909790 2080.786377
-327.287445 31.869614 2062.011963
-284.730286 -449.988525 2087.505615
-270.401306 -913.508118 2131.214844
-227.894714 734.582764 2221.397949
-230.394333 502.534454 2194.369873
-86.718971 489.509277 2275.877441
-86.719162 172.745605 2275.877441
-86.712914 -144.017731 2275.877441
-374.069702 515.559631 2112.862305
-374.069519 198.795959 2112.862305
-374.075775 -117.967377 2112.862305
-228.808640 263.826935 2153.428467
-130.308640 16.333450 2167.466797
112.852020 -263.874451 1974.499512
-79.913101 -691.946899 2116.719971
-324.137268 33.905365 2057.507324
-288.205933 -447.996826 2090.081543
-272.730164 -911.654785 2132.019531
-226.347656 735.353333 2221.284180
-228.244583 503.487854 2192.513916
-84.386490 490.409943 2273.712646
-84.386681 173.646271 2273.712646
-84.380432 -143.117065 2273.712646
-372.102661 516.565796 2111.315186
-372.102478 199.802124 2111.315186
-372.108734 -116.961212 2111.315186
-226.237305 264.949158 2150.538574
-127.186630 17.588409 2163.338135
87.140533 -303.578766 1996.569336
-90.061325 -721.976562 2144.840088
-321.273438 35.232513 2053.788330
-283.992645 -446.409180 2089.332520
-282.963257 -909.341553 2138.503662
-225.640656 734.633667 2221.224121
-226.357254 503.994812 2191.408936
-82.288727 491.079102 2272.270752
-82.288918 174.315430 2272.270752
-82.282669 -142.447906 2272.270752
-370.425781 516.910522 2110.547119
-370.425598 200.146851 2110.547119
-370.431854 -116.616486 2110.547119
-223.185089 265.778625 2147.708008
-122.824234 18.849503 2158.556641
64.874710 -340.155701 2021.562134
-105.403259 -755.180420 2167.903809
-317.201599 36.275406 2049.457520
-280.281738 -445.292480 2086.789551
-291.998840 -906.786621 2145.822510
-224.135040 734.557129 2222.198975
-223.026428 503.951172 2191.601807
-79.494576 491.308289 2273.453369
-79.494766 174.544617 2273.453369
-79.488518 -142.218719 2273.453369
-366.558258 516.593994 2109.750244
-366.558075 199.830322 2109.750244
-366.564331 -116.933014 2109.750244
-218.654526 265.885193 2147.163574
-117.452377 19.290024 2157.944580
15.309036 -398.335999 2068.024170
-117.649231 -826.471985 2198.532959
-311.112885 36.348434 2047.506104
-275.582855 -444.812012 2090.740479
-292.405731 -906.850952 2145.416748
-221.507492 735.251343 2222.679932
-219.756973 505.302002 2190.928711
-75.789337 493.030945 2272.070801
-75.789528 176.267273 2272.070801
-75.783279 -140.496063 2272.070801
-363.724609 517.573059 2109.786621
-363.724426 200.809387 2109.786621
-363.730682 -115.953949 2109.786621
-214.394455 267.451599 2145.444336
-111.908768 21.322937 2154.699951
-17.639061 -427.786407 2097.258789
-131.188446 -862.797607 2219.237061
-306.155121 37.879456 2045.219971
-275.301819 -443.482910 2089.826660
-294.123260 -906.035095 2140.259766
-218.455963 735.196899 2224.925293
-216.348358 505.592957 2190.886719
-72.187874 492.970337 2271.635986
-72.188065 176.206665 2271.635986
-72.181816 -140.556671 2271.635986
-360.508850 518.215576 2110.137451
-360.508667 201.451904 2110.137451
-360.514923 -115.311432 2110.137451
-210.880402 268.018555 2143.987549
-108.159790 21.928757 2151.562988
-43.231499 -444.090942 2130.183105
-146.963074 -886.384399 2230.090332
-302.665100 38.959579 2042.613647
-278.162598 -442.475952 2090.033203
-288.911743 -905.127441 2141.947754
-215.320297 737.358276 2224.545654
-213.368988 506.922668 2190.788086
-68.643250 494.357208 2270.524414
-68.643440 177.593536 2270.524414
-68.637192 -139.169800 2270.524414
-358.094727 519.488159 2111.051758
-358.094543 202.724487 2111.051758
-358.100800 -114.038849 2111.051758
-207.948151 269.415375 2143.520996
-104.890869 23.431030 2150.046631
-65.830780 -450.924255 2158.971436
-156.748932 -900.401489 2233.199951
-300.163757 40.385132 2042.461060
-276.693115 -439.723145 2101.415527
-295.177063 -903.363647 2137.719727
-212.061035 739.362366 2223.858887
-210.569611 507.508789 2190.728271
-64.843460 494.877228 2268.587891
-64.843651 178.113556 2268.587891
-64.837402 -138.649780 2268.587891
-356.295746 520.140381 2112.868652
-356.295563 203.376709 2112.868652
-356.301819 -113.386627 2112.868652
-205.878494 269.993622 2143.415039
-102.870941 23.956360 2148.631104
-83.739792 -453.814423 2181.212402
-163.584549 -908.391968 2233.845703
-299.503845 41.000549 2043.572388
-279.364624 -439.245361 2103.268066
-297.871826 -902.769165 2143.254639
-209.139114 742.356140 2228.511230
-206.347610 509.514709 2193.067139
-60.618011 497.640015 2271.053467
-60.618198 180.876343 2271.053467
-60.611950 -135.886993 2271.053467
-352.077240 521.389404 2115.080811
-352.077057 204.625732 2115.080811
-352.083313 -112.137604 2115.080811
-200.161499 272.115845 2145.359619
-95.666840 26.706360 2150.261230
-95.799072 -452.094910 2198.523193
-160.544128 -909.839233 2247.713623
-292.283905 42.727600 2045.042847
-274.559662 -437.504944 2105.948730
-294.546417 -900.647217 2150.376953
-204.766861 743.759460 2233.346191
-199.887466 510.334045 2196.099121
-54.958115 498.683289 2275.587891
-54.958302 181.919617 2275.587891
-54.952053 -134.843719 2275.587891
-344.816833 521.984741 2116.610352
-344.816650 205.221069 2116.610352
-344.822906 -111.542267 2116.610352
-192.046448 273.262939 2147.055176
-86.430603 28.331833 2151.637451
-104.083672 -450.184021 2210.271729
-158.051819 -910.581055 2248.246338
-281.980255 44.051865 2044.385010
-276.780579 -435.940674 2108.331787
-292.408600 -899.040100 2155.285889
-201.623718 741.791321 2227.750977
-196.249786 508.487854 2194.222900
-50.967384 498.564758 2273.294434
-50.967571 181.801086 2273.294434
-50.961323 -134.962250 2273.294434
-341.532166 518.410950 2115.151367
-341.531982 201.647278 2115.151367
-341.538239 -115.116058 2115.151367
-187.381622 270.879486 2148.110352
-80.500954 26.576645 2155.342041
-116.153091 -449.846191 2225.999756
-161.963196 -912.195923 2244.284668
-276.525970 39.965561 2048.653564
-286.942902 -439.314819 2115.975586
-300.207977 -902.046631 2167.278564
-199.107178 742.897034 2230.961426
-193.656235 509.459412 2195.947998
-48.275391 499.333740 2274.829834
-48.275578 182.570068 2274.829834
-48.269329 -134.193268 2274.829834
-339.037079 519.585083 2117.066162
-339.036896 202.821411 2117.066162
-339.043152 -113.941925 2117.066162
-184.615524 272.047333 2148.810547
-77.502556 27.804596 2154.885986
-123.290848 -448.639008 2223.970459
-164.819336 -911.401917 2249.523193
-273.647064 41.465912 2048.460205
-293.925720 -437.293732 2117.768066
-300.596252 -900.297302 2167.774414
-196.453979 743.617188 2240.562988
-190.495621 510.342346 2200.476074
-45.565826 498.945618 2280.006836
-45.566013 182.181946 2280.006836
-45.559765 -134.581390 2280.006836
-335.425415 521.739136 2120.945312
-335.425232 204.975464 2120.945312
-335.431488 -111.787872 2120.945312
-181.349640 273.662720 2149.893066
-74.429420 29.294479 2152.963867
-125.354034 -446.350403 2226.498535
-162.366608 -910.059753 2242.251465
-269.977905 44.671677 2045.656250
-295.608765 -432.991516 2121.014648
-298.796204 -896.474243 2166.849609
-193.545685 744.578308 2243.864990
-187.877792 512.016907 2201.723633
-42.786499 499.999634 2280.875732
-42.786686 183.235962 2280.875732
-42.780437 -133.527374 2280.875732
-332.969116 524.034119 2122.571533
-332.968933 207.270447 2122.571533
-332.975189 -109.492889 2122.571533
-179.106628 275.611145 2149.753418
-72.455978 31.098495 2151.179688
-128.367538 -443.690308 2227.892822
-162.624832 -907.320435 2252.538574
-268.214935 47.312302 2044.386597
-298.713745 -428.597473 2128.510742
-302.437653 -892.914307 2163.809326
-190.232727 737.700562 2239.014160
-185.596619 506.034180 2199.132812
-40.073662 494.282043 2277.531006
-40.073849 177.518372 2277.531006
-40.067600 -139.244965 2277.531006
-331.119568 517.786255 2120.734619
-331.119385 201.022583 2120.734619
-331.125641 -115.740753 2120.734619
-177.748520 269.185669 2149.061035
-71.728081 24.408981 2151.878174
-133.330688 -448.020386 2238.217529
-161.730209 -912.396606 2256.654541
-268.072784 40.265366 2046.100220
-300.498993 -435.709595 2129.723145
-297.450714 -899.974487 2166.122314
-187.301895 735.308899 2236.585449
-183.631531 503.464233 2198.163086
-37.959976 491.596283 2276.273193
-37.960163 174.832611 2276.273193
-37.953915 -141.930725 2276.273193
-329.303101 515.332214 2120.052979
-329.302917 198.568542 2120.052979
-329.309174 -118.194794 2120.052979
-176.607971 266.383820 2149.042725
-71.312752 21.297134 2152.616211
-135.010834 -450.809021 2239.931641
-163.477905 -915.414673 2254.405273
-267.856079 37.309647 2047.228516
-298.672577 -439.089050 2129.323242
-298.082367 -902.791626 2172.493164
-184.766068 734.153748 2236.877197
-181.695999 502.239685 2199.488281
-36.055809 489.714050 2277.554932
-36.055996 172.950378 2277.554932
-36.049747 -143.812958 2277.554932
-327.336212 514.765320 2121.421631
-327.336029 198.001648 2121.421631
-327.342285 -118.761688 2121.421631
-175.512817 265.223145 2149.924316
-71.077744 19.756561 2153.025879
-135.656525 -451.894012 2242.492676
-166.463654 -916.509033 2252.073975
-267.581512 36.656647 2047.694702
-292.766937 -439.779083 2131.446777
-306.142120 -902.779785 2178.175293
-181.511429 733.174438 2238.014893
-178.971329 501.360657 2200.284180
-33.427582 488.513000 2278.480469
-33.427769 171.749329 2278.480469
-33.421520 -145.014008 2278.480469
-324.515106 514.208313 2122.087891
-324.514923 197.444641 2122.087891
-324.521179 -119.318695 2122.087891
-173.580750 264.204773 2151.286133
-70.003799 18.381638 2155.040771
-132.277100 -453.383301 2245.701660
-168.787048 -917.646973 2250.460938
-266.376526 35.716171 2049.535400
-290.584503 -440.474182 2135.115723
-305.696625 -904.301758 2172.701172
