-39.043732 677.181213 3087.681641
-32.075867 451.547638 3030.049561
118.097389 438.479950 3098.279053
202.073853 109.984314 3175.591064
255.537399 -207.065125 3075.673584
-182.249115 464.615326 2961.820068
-240.244385 113.808167 2855.442139
-173.389832 -205.871918 2768.358154
-23.545155 218.091675 2966.560547
86.392418 -24.188446 2949.144531
-0.580170 -488.536835 3055.107910
-17.456661 -942.881287 2954.360840
-116.421318 -6.540131 2856.998535
-153.893158 -482.796722 2934.060059
-157.667969 -948.333496 2940.421875
-37.932861 677.164551 3089.022705
-36.313892 451.925110 3028.062500
116.128448 436.017822 3090.355469
199.921448 111.006470 3167.979980
254.031952 -207.583832 3070.821777
-188.756226 467.832336 2965.769531
-248.165329 112.879669 2848.806885
-172.455902 -207.730652 2768.852539
-33.541191 219.106476 2961.824219
72.083633 -24.444702 2937.614746
2.180237 -488.159973 3056.677490
-14.093685 -944.065308 2963.073486
-133.620605 -2.979584 2853.557129
-151.426102 -478.107513 2942.149658
-155.832382 -943.708496 2939.694580
-37.106667 676.253357 3087.607178
-37.184181 451.874084 3025.814209
115.649590 434.075104 3086.950684
198.961121 102.001495 3163.995850
256.699158 -214.842133 3059.861328
-190.017960 469.673065 2964.677734
-252.082718 115.438232 2849.411133
-171.706436 -208.390778 2767.908691
-37.370293 219.269379 2958.560059
65.472496 -25.334045 2932.519531
11.079990 -489.024323 3059.516113
-4.843788 -945.851807 2970.231201
-140.585312 -1.336609 2850.092285
-142.274399 -476.310089 2941.934082
-148.548065 -941.888794 2933.861084
-37.624519 673.546387 3087.903076
-35.764221 449.844666 3024.717285
117.081970 432.534729 3086.166504
197.974854 97.502228 3161.502686
262.818054 -219.705688 3060.056396
-188.610413 467.154541 2963.268066
-254.047226 119.714508 2850.209961
-167.414017 -204.745850 2762.667480
-34.709808 217.439240 2956.627441
69.411125 -26.638504 2929.973633
24.031998 -487.804199 3069.348877
7.879475 -941.828430 2967.417969
-136.721924 -3.293839 2847.101562
-123.181030 -478.713684 2936.112793
-138.069351 -943.821472 2943.874023
-37.885971 668.304016 3074.534668
-36.131580 443.289551 3017.565430
117.105522 427.616608 3078.558350
210.315277 111.931671 3190.088623
252.711548 -196.654022 3059.669678
-189.368683 458.962524 2956.572510
-254.004303 120.852814 2845.088867
-169.224213 -206.220337 2765.001709
-34.810570 209.578247 2954.191406
69.869194 -34.704514 2931.957275
21.340366 -496.318970 3069.707764
4.971794 -950.927673 2969.955322
-136.848297 -13.561630 2849.677490
-132.066742 -489.435669 2938.339111
-136.030258 -954.374268 2957.529053
-38.117641 671.872070 3080.365234
-34.854435 446.865051 3020.850830
117.784416 431.046936 3083.331787
206.282013 109.106445 3178.773926
252.531601 -204.271149 3058.701904
-187.493301 462.683228 2958.369873
-255.994370 120.917999 2847.049072
-171.600815 -207.020203 2769.338623
-32.392204 213.599426 2955.780518
73.033638 -30.336456 2932.857178
23.306725 -492.465240 3068.947266
6.071020 -946.586060 2966.903320
-132.893570 -8.995972 2848.563232
-125.948547 -483.975098 2942.554688
-137.635956 -949.105652 2947.284668
-37.086880 673.198059 3083.281006
-32.912918 448.924255 3022.930176
119.205795 433.166382 3086.707764
205.139420 95.054718 3168.395752
262.021973 -222.060760 3062.182617
-185.031631 464.682190 2959.152588
-255.995850 122.954803 2847.026611
-172.392822 -206.717438 2766.257080
-29.527308 215.816467 2957.259766
76.474777 -27.921326 2934.612549
22.662323 -490.583496 3067.467285
6.536026 -945.714294 2969.791016
-128.758179 -6.661346 2848.566162
-128.788330 -481.117828 2945.664307
-135.369080 -946.484375 2940.804932
-35.727081 674.282532 3084.928223
-25.612864 448.956665 3027.425049
121.933220 435.785889 3100.875977
201.442825 101.779602 3163.561523
264.512878 -216.804749 3063.540283
-173.158936 462.127502 2953.974121
-255.587616 125.910980 2844.212158
-168.409058 -204.043610 2767.164062
-15.159410 215.399841 2964.546387
95.045883 -27.061417 2951.325928
39.290493 -492.364868 3073.435547
22.255688 -948.752563 2982.065186
-104.457794 -9.252579 2852.009521
-104.629822 -483.779602 2949.191406
-116.612701 -949.182068 2942.836182
-34.984459 675.490356 3085.561279
-23.309383 450.658752 3028.195068
123.870689 438.991760 3103.017334
198.717636 100.389832 3163.285889
265.301147 -217.900574 3058.658447
-170.489471 462.325745 2953.372803
-255.299042 125.450867 2842.114746
-170.389862 -205.223267 2766.887207
-10.156639 217.031601 2965.893555
102.181648 -24.457993 2954.015381
25.557602 -488.569214 3067.282959
11.420414 -943.195435 2967.320801
-96.189430 -8.733109 2853.168701
-119.524979 -483.305542 2944.418457
-137.847717 -948.593750 2941.808838
-33.962776 674.918762 3086.389648
-20.208397 449.864990 3029.256104
125.742653 439.252777 3106.752930
212.593964 113.000854 3186.800537
252.242233 -201.062561 3060.650635
-166.159439 460.477203 2951.759277
-255.156143 125.716003 2841.077881
-171.878754 -206.218292 2769.761719
-4.447175 216.207214 2967.576172
109.733574 -24.606720 2958.154785
27.429291 -489.866638 3063.330078
11.349129 -945.939331 2970.489014
-87.105476 -10.294403 2853.637695
-124.178802 -484.007294 2945.445557
-131.279053 -949.509705 2939.459961
-33.971134 675.057861 3086.292725
-18.695375 449.300751 3029.073975
126.328125 439.444458 3108.494141
208.312988 116.769165 3185.090576
246.698349 -199.983368 3061.711670
-163.718872 459.157043 2949.653809
-252.084534 126.355804 2840.044189
-172.547806 -206.487885 2769.045166
-1.373319 215.462448 2968.423340
113.755493 -25.023117 2961.335205
18.846298 -489.496521 3059.030518
6.701982 -947.429749 2975.465088
-81.858017 -11.728592 2854.210205
-122.613647 -485.212280 2946.908691
-130.419785 -950.793091 2939.291748
-36.719566 675.035889 3089.741943
-19.315302 449.429932 3030.459961
125.390739 440.150269 3110.603271
203.246231 115.099609 3173.533203
244.369843 -206.386169 3062.791260
-164.021332 458.709595 2950.316650
-250.544403 127.671509 2842.529053
-173.435989 -206.845215 2770.711670
-0.008257 216.064224 2968.578125
116.898720 -23.560364 2960.750732
17.897926 -488.003204 3055.415039
8.533972 -945.837891 2970.531250
-78.301140 -11.042633 2852.641846
-126.805832 -483.976196 2944.797607
-137.291245 -949.561768 2937.492432
-36.528221 677.278015 3088.497559
-16.865021 451.928955 3031.534180
125.429085 443.231873 3115.850586
200.620895 114.739960 3168.152344
249.565704 -208.105865 3063.700928
-159.159119 460.626099 2947.217773
-249.295715 128.332031 2841.289551
-173.364685 -206.795288 2769.779785
4.487910 218.285522 2971.398438
121.864296 -21.226944 2968.161377
23.679268 -486.605774 3059.575928
5.363863 -945.186829 2980.831787
-70.182625 -9.488907 2854.364014
-116.713715 -483.615540 2941.640381
-137.690521 -948.665527 2945.614014
-34.066124 678.178101 3087.839844
-16.643471 452.218689 3030.655518
126.103188 442.520660 3114.174072
194.651779 105.399597 3162.101807
256.191162 -215.953827 3059.476562
-159.390137 461.916718 2947.136963
-244.644836 128.668030 2847.653076
-173.763092 -206.650421 2770.237549
3.102311 218.616257 2969.781250
119.124466 -21.527069 2965.236572
18.408638 -487.323395 3051.834717
-2.659466 -944.908264 2967.865234
-73.428284 -8.445282 2852.577393
-133.822220 -481.605042 2935.659668
-150.782303 -946.931763 2940.904297
-33.440002 677.468872 3087.512451
-16.139023 451.796082 3030.096191
127.128784 442.141296 3112.768799
188.793396 102.976624 3153.624512
262.027222 -219.053284 3061.645264
-159.406830 461.450806 2947.423584
-242.822693 128.833374 2848.331787
-174.226959 -205.918793 2769.100586
3.229451 218.145325 2969.245117
119.236237 -22.017822 2964.159180
17.750954 -486.648254 3056.059082
0.914564 -943.706848 2968.205078
-74.040375 -8.993011 2852.628906
-127.623573 -483.145020 2935.260254
-134.599777 -948.533081 2947.161621
-33.816254 676.515320 3086.822510
-16.513866 451.228882 3029.321289
126.819923 441.955017 3111.951416
204.680725 110.341949 3174.270020
245.682709 -205.943115 3055.042480
-159.847641 460.502747 2946.691162
-245.424744 129.406158 2841.650146
-173.903778 -205.662445 2766.593994
3.176126 217.480194 2968.931641
119.554123 -22.524307 2964.281494
26.542915 -488.856018 3056.334961
0.103987 -945.731506 2970.188965
-73.821884 -10.012680 2852.802490
-137.244629 -482.841797 2936.004883
-130.346817 -948.088196 2949.744385
-35.023724 676.266907 3087.010010
-16.730391 450.482666 3029.755371
125.986298 441.280884 3113.460449
201.335358 109.671143 3172.140137
250.909393 -208.278931 3055.888672
-159.447083 459.684387 2946.050293
-247.712585 128.201874 2842.822510
-173.632507 -206.049713 2764.738525
3.533402 216.743317 2969.510498
120.075401 -23.203613 2965.733887
22.606804 -488.082306 3060.625977
3.838444 -945.414429 2974.824951
-72.481010 -10.788422 2852.797363
-138.249390 -482.798889 2939.237549
-131.563553 -948.313354 2946.679443
-35.086876 677.116882 3087.089844
-17.496140 451.050842 3030.392090
124.691849 441.628906 3114.973389
209.822876 111.629761 3169.439697
246.937897 -210.973083 3059.685791
-159.684128 460.472839 2945.810791
-244.353683 127.602966 2847.905518
-173.918350 -206.056122 2767.438232
2.732912 217.256607 2970.341553
118.883545 -22.893814 2967.350586
20.840050 -487.950256 3060.989258
1.701136 -944.428650 2970.596680
-72.959625 -10.181473 2853.231445
-139.888504 -482.403259 2937.907227
-132.199097 -947.921143 2948.892578
-35.469864 678.798767 3086.142090
-19.070131 451.703674 3029.508789
123.165451 440.887634 3113.840088
204.791077 116.824097 3168.756836
247.667023 -206.545685 3061.592285
-161.305710 462.519653 2945.177490
-243.170715 126.806000 2849.956299
-173.372803 -205.644348 2760.503662
-0.795181 217.951324 2968.705566
113.435860 -23.097794 2964.794678
13.460098 -487.813416 3058.181396
-5.843103 -943.846436 2965.399902
-78.476326 -8.504227 2851.010010
-144.087860 -481.247437 2933.938477
-137.917755 -946.896118 2941.893799
-34.886272 680.460205 3086.679932
-20.119167 453.924805 3029.596924
123.002083 441.873352 3112.224854
200.396408 109.410339 3165.387451
254.863739 -214.091614 3058.757568
-163.240417 465.976257 2946.968994
-242.587769 127.398621 2846.492920
-173.465515 -205.718750 2760.204834
-4.287477 220.188766 2968.083496
108.103020 -21.677948 2962.316162
13.827026 -486.263641 3061.779053
-2.169142 -941.743164 2965.694580
-85.014595 -5.416565 2850.823975
-142.905777 -478.662354 2936.302002
-139.904526 -944.363098 2944.487549
-34.059883 681.472290 3086.930420
-19.207594 455.071564 3030.004639
123.139496 442.806335 3113.935303
210.807693 116.711456 3188.157959
247.618103 -199.981079 3057.440430
-161.554688 467.336792 2946.073975
-245.792908 129.700409 2840.742432
-173.550888 -205.844177 2761.252441
-3.220670 221.275421 2968.724609
108.794693 -20.794937 2964.064697
21.586258 -487.408875 3060.313477
-1.367809 -944.837463 2976.655518
-83.262192 -4.246506 2850.824463
-131.554855 -477.976624 2939.189697
-129.303024 -943.739563 2942.764648
-34.359825 680.111633 3087.055176
-20.011534 454.211975 3029.886719
122.737267 442.180298 3113.179932
204.406464 113.857910 3173.072266
248.146759 -205.904114 3054.710693
-162.760330 466.243652 2946.593506
-250.402100 127.847748 2838.878906
-173.072327 -206.067566 2756.284668
-3.904239 220.443604 2968.514160
108.500488 -21.441254 2963.330811
18.260368 -489.311401 3049.939941
-2.774832 -947.887329 2971.759766
-84.094376 -5.208252 2850.952393
-139.712418 -476.883911 2945.626221
-121.059578 -941.671143 2934.696289
-34.235134 677.604004 3087.620605
-18.612846 452.065979 3029.825928
124.305542 440.752960 3112.936035
200.790253 114.305450 3166.189697
246.890839 -206.582581 3052.274414
-161.531250 463.378998 2946.715820
-251.711304 126.919434 2832.943115
-173.133957 -206.213074 2754.999023
-1.146602 218.516846 2967.999512
112.733505 -22.664139 2962.239746
12.223091 -487.471191 3053.564453
3.243381 -945.728027 2971.812256
-80.094208 -7.400436 2850.106445
-125.272667 -480.887207 2940.999756
-120.642982 -946.141479 2933.805420
-35.520458 677.246338 3086.908691
-18.942286 452.484436 3029.364014
122.509903 441.400391 3114.934570
205.770523 115.234802 3176.308594
239.104843 -203.470917 3053.368652
-160.394485 463.568542 2943.793457
-249.858856 123.954163 2835.980225
-172.861542 -206.626190 2752.066650
-0.076565 218.942520 2967.926758
114.228218 -22.077942 2964.224609
13.026276 -486.468292 3057.451416
2.354284 -943.701965 2969.897217
-76.649910 -7.120880 2848.754395
-121.573120 -481.420746 2935.961914
-130.034668 -946.709595 2931.140625
-36.237038 675.079285 3087.034912
-19.367163 450.461792 3029.009521
122.081985 439.737335 3114.657471
201.814163 118.362152 3166.863037
242.290466 -204.594666 3058.776611
-160.816299 461.186218 2943.361572
-249.451569 125.961761 2835.482666
-172.974518 -206.812744 2753.352539
0.059141 216.932861 2967.685059
114.902283 -23.830399 2964.135742
15.803032 -488.728088 3057.368164
-0.874752 -945.824341 2969.799805
-75.931396 -9.361710 2848.585449
-135.442917 -481.000916 2940.334229
-125.938332 -945.912354 2927.318115
-36.665955 673.736084 3075.105957
-21.404776 447.436096 3022.027344
122.040009 438.966705 3104.448242
199.522705 115.987152 3162.504395
244.551254 -207.623566 3057.424316
-164.849548 455.905457 2939.606445
-249.166626 123.455200 2834.229980
-173.076874 -206.663971 2753.522949
-2.288563 212.911987 2964.658203
113.628876 -27.327515 2962.909424
13.354713 -492.662170 3052.735107
-1.873980 -950.676025 2969.616943
-79.973572 -15.896698 2851.668701
-126.494659 -488.875854 2943.912842
-136.496490 -953.673340 2930.419678
-38.956802 673.543701 3080.712891
-28.142422 448.355927 3021.313721
117.591782 435.839844 3098.850342
209.368622 121.891632 3181.624268
239.625275 -194.884369 3055.393066
-173.876633 460.872009 2943.777100
-249.141968 118.225739 2835.171875
-173.085236 -206.059509 2754.060791
-14.832642 214.913696 2958.614746
96.854156 -26.977432 2948.256592
1.895767 -493.575012 3037.255127
-15.785259 -951.494019 2953.898682
-99.899887 -10.079636 2843.574951
-147.502106 -484.988831 2924.903076
-146.436768 -950.022705 2927.812744
-39.464951 676.651611 3083.453369
-30.125103 451.974274 3022.012695
116.217896 437.984009 3098.295410
203.362366 117.884521 3171.366455
242.709991 -201.324707 3052.968262
-176.468109 465.964539 2945.729980
-251.574127 118.115143 2830.591309
-173.297028 -205.642456 2755.854492
-18.557236 218.987549 2957.090820
91.693626 -23.433197 2943.608398
13.440971 -488.435028 3051.688965
-7.669138 -946.081055 2967.571777
-105.672356 -4.565155 2840.729492
-131.607819 -480.689636 2922.721680
-137.464676 -945.670471 2937.170410
-41.662292 672.451172 3072.317871
-33.719189 446.721802 3014.924316
113.935616 433.933228 3088.905762
195.284698 114.947693 3166.743896
240.571198 -204.666595 3050.561523
-181.373993 459.510437 2940.942871
-252.756287 122.539215 2830.294922
-176.875168 -200.568359 2749.288574
-23.028763 212.814697 2953.154297
87.258949 -29.718689 2941.286865
15.069206 -498.022736 3039.819092
-7.789995 -957.364075 2966.791260
-111.935631 -12.466156 2841.481689
-132.671021 -489.697449 2920.076416
-145.044662 -954.819214 2933.826904
-44.195084 674.408264 3079.255371
-35.220749 450.227722 3017.480225
112.322144 436.352173 3091.563721
211.951782 124.986755 3187.264404
230.273941 -188.037201 3051.635010
-182.763641 464.103271 2943.396729
-253.870499 126.268890 2831.144287
-182.417252 -196.913605 2751.358154
-24.438461 217.223587 2952.365723
85.859535 -25.139404 2937.219482
19.511841 -496.251740 3026.615723
-2.554928 -957.498169 2967.548340
-113.171883 -6.421692 2837.282959
-132.313202 -485.032532 2908.222412
-142.163620 -949.713257 2933.967529
-45.286724 675.527344 3070.211426
-35.855507 450.145386 3012.836182
111.599266 438.066833 3087.429688
204.969482 117.993042 3176.639160
233.383392 -198.479340 3048.301270
-183.310287 462.223938 2938.242676
-253.931152 128.136719 2831.059814
-185.123352 -194.082306 2744.895020
-23.909296 216.217804 2951.342285
87.507416 -25.857758 2940.167969
31.222355 -499.176239 3025.001465
-6.420918 -960.122437 2973.277832
-111.433578 -9.561768 2839.528809
-138.102661 -487.093811 2915.391357
-117.028183 -950.892822 2928.110596
-46.242115 679.928162 3077.701416
-36.425323 455.472168 3017.370605
111.241051 442.532776 3091.426514
208.957413 127.996216 3200.549316
225.140289 -179.239746 3050.262695
-184.091705 468.411560 2943.314697
-253.966492 129.571747 2825.530273
-186.080872 -192.527527 2739.742676
-24.429119 222.389511 2952.724854
87.178795 -19.421722 2938.035156
33.020115 -494.636993 3013.468506
-6.035801 -955.951172 2964.110596
-112.044609 -1.964569 2838.123047
-133.573120 -481.560516 2900.745605
-119.376038 -944.955261 2932.515869
-47.075485 678.244568 3068.937256
-38.106667 452.966736 3011.623779
110.890495 441.593048 3083.179443
202.918732 124.523590 3182.482178
224.308060 -189.588654 3046.627930
-187.103836 464.340454 2940.068115
-253.953613 129.271057 2826.258545
-187.000824 -192.129120 2736.752197
-26.252226 219.111572 2949.768555
86.132538 -22.417587 2936.192871
43.473064 -501.028198 2992.635742
-1.996368 -963.122803 2971.546387
-114.928116 -7.069626 2839.633789
-132.553223 -487.522583 2897.665527
-126.396942 -951.481201 2930.956299
-49.740059 677.606323 3065.048584
-40.031200 451.627380 3010.195068
109.123405 441.216553 3081.609619
199.238220 122.425049 3182.494629
222.478607 -189.696747 3040.958252
-189.185791 462.038208 2938.780518
-261.976532 126.133148 2824.620117
-191.779297 -195.841949 2743.840820
-27.561623 217.355911 2949.999268
85.520409 -23.938187 2937.976318
56.264290 -505.133911 2976.302002
3.194881 -966.708740 2979.394287
-115.704498 -9.892899 2841.630615
-128.541199 -491.222107 2893.649658
-124.479645 -955.390991 2928.629150
-52.644814 672.788086 3063.616699
-42.509121 447.121521 3009.607910
104.897202 436.366272 3084.442383
198.395905 119.986115 3178.105225
219.482162 -194.090302 3039.790283
-189.915451 457.876831 2934.773438
-270.000458 124.571655 2829.813232
-189.800476 -194.692383 2746.125488
-29.621717 212.580627 2950.514404
82.729240 -29.217484 2941.916016
72.011353 -511.963135 2956.077148
1.758759 -969.489136 2988.077637
-116.197861 -14.703079 2840.925781
-132.840027 -496.528259 2887.255859
-127.078430 -960.568054 2925.528076
-57.929726 671.632996 3062.907471
-45.649849 445.616913 3009.135010
100.884995 436.495911 3085.888672
198.768372 116.633606 3183.770264
220.977539 -192.941345 3035.761475
-192.184677 454.737915 2932.381348
-273.506744 120.777496 2835.422119
-188.531082 -193.199310 2743.197266
-29.678959 211.094666 2950.774658
85.143494 -29.580551 2944.191895
97.401711 -512.354187 2941.724609
11.086418 -967.568298 2976.399414
-112.559647 -17.274612 2840.636719
-131.773712 -499.568726 2880.893555
-124.833771 -963.441223 2921.871826
-62.958874 671.615112 3061.537354
-49.884285 445.593903 3009.109863
96.348381 436.454712 3086.485596
198.419403 119.727844 3191.878174
219.329407 -187.843781 3039.248535
-196.116959 454.733093 2931.734131
-275.251312 116.892853 2838.699463
-193.992554 -194.152802 2738.059326
-34.335320 210.728424 2951.982910
79.851501 -30.301666 2947.048096
107.807823 -510.801788 2913.810303
11.506859 -961.304321 2972.891357
-117.424210 -17.972443 2842.663818
-142.124344 -500.365723 2878.551025
-135.009171 -963.913818 2923.368164
-66.682625 673.386047 3061.350830
-54.366085 446.654297 3010.361816
91.090889 437.283447 3089.169434
199.451538 125.036774 3202.582275
217.799957 -177.633636 3040.289795
-199.823059 456.025146 2931.554199
-276.629486 115.452087 2837.343262
-196.827332 -195.054260 2735.597900
-39.234093 211.459900 2954.465820
74.023453 -30.056107 2951.733643
125.749207 -504.914307 2888.103760
19.860863 -950.197876 2967.656494
-122.227661 -17.412918 2845.406006
-142.567062 -500.433594 2874.889893
-133.983643 -963.808105 2921.487061
-68.692368 671.874939 3048.256836
-57.524349 442.550201 3006.064697
87.081917 434.837280 3086.581055
196.140900 123.477905 3197.224609
214.277954 -181.900238 3039.845215
-202.130615 450.263123 2925.548340
-284.334412 113.249969 2835.647705
-202.102539 -200.231384 2737.936035
-42.915573 205.873138 2957.155273
69.252831 -36.007492 2962.566650
142.423584 -506.563049 2885.036377
33.582191 -936.177551 2937.326416
-125.866432 -25.600357 2853.925049
-159.793854 -506.928650 2893.136475
-102.726379 -992.868652 2895.392334
-72.680008 669.517029 3042.709961
-62.122787 439.011780 3003.807617
82.212341 432.401306 3084.927002
177.980270 120.344818 3179.001709
219.396835 -188.999969 3036.800781
-206.457916 445.622253 2922.688232
-289.167969 110.627533 2829.314697
-204.905396 -204.392181 2740.033447
-47.242523 201.697113 2957.992188
65.003448 -40.076843 2966.898193
149.869568 -505.490906 2869.977295
44.957199 -909.198608 2906.599365
-129.727966 -31.158234 2857.455322
-170.960800 -511.962524 2897.545654
-79.371468 -1002.380371 2863.954590
-74.938454 666.338135 3039.930176
-64.551392 436.130981 3002.830566
79.879776 430.155518 3083.845947
167.950989 120.338989 3173.091553
223.212799 -192.640106 3043.972900
-208.982559 442.106445 2921.815186
-291.083984 107.810852 2826.646729
-206.871796 -206.992798 2746.761475
-49.476273 198.525116 2958.429932
63.030151 -43.111710 2968.681152
157.046021 -502.560730 2852.374023
57.123421 -866.600952 2881.419189
-131.832458 -35.049789 2859.377441
-176.317612 -515.358154 2902.898682
-63.344307 -1008.802063 2848.638184
-77.832024 665.130981 3038.043213
-67.468544 434.892731 3002.380859
77.201561 429.553955 3083.021240
159.253510 112.556152 3165.762695
220.498810 -200.283234 3037.596436
-212.138657 440.231506 2921.740479
-296.039185 105.902588 2825.315674
-208.330841 -208.042236 2748.378662
-52.416702 196.967896 2959.625732
60.230515 -44.558533 2971.271240
157.755127 -500.989288 2844.355713
64.246628 -815.728394 2865.417725
-134.960236 -37.355347 2862.469971
-178.711731 -517.778931 2906.227295
-59.245079 -1010.266235 2843.961426
-80.381264 666.875549 3049.107178
-70.271027 438.253662 3007.872803
73.785233 430.746826 3089.405762
168.687195 122.527466 3199.489746
195.089355 -175.031403 3037.004395
-214.327286 445.760498 2926.339844
-297.492188 105.946564 2829.142578
-211.532684 -208.555603 2754.598633
-56.002914 201.118195 2960.829590
55.456970 -41.081985 2968.794922
201.367188 -456.414368 2786.066895
73.747047 -750.162964 2836.945557
-138.926575 -30.952560 2858.777832
-177.861572 -512.221375 2897.279541
-55.028244 -1003.082031 2830.750000
-81.900581 665.381958 3054.638672
-71.379799 437.623138 3012.224854
71.729103 429.174591 3095.314697
141.499268 131.911316 3179.611084
165.880432 -152.613525 3042.533203
-214.488708 446.071686 2929.135010
-297.739838 102.474640 2827.065918
-215.931488 -217.348297 2761.131348
-57.712685 200.546509 2964.579590
53.528282 -42.290466 2973.586426
199.621216 -357.718719 2810.911621
75.270248 -726.323792 2798.675781
-141.619415 -30.769775 2860.282227
-173.973526 -512.399414 2900.295654
-53.247627 -1008.565186 2835.211670
-83.246315 661.829590 3045.399170
-75.326790 431.824829 3009.556396
67.454460 424.529297 3093.328369
122.628403 120.301758 3162.180664
146.379013 -170.235077 3038.231201
-218.108032 439.120300 2925.784424
-302.871155 99.246735 2833.015381
-218.423325 -224.335327 2767.544189
-63.209522 193.570023 2968.154541
45.748077 -49.632889 2983.570312
239.514343 -271.659363 2773.143555
90.338852 -666.461914 2774.025635
-147.932587 -39.736649 2869.935059
-173.890076 -522.143982 2904.546387
-56.119026 -1018.780884 2843.412109
-85.328934 657.268311 3041.281250
-78.582298 426.434082 3008.811035
63.719841 419.392944 3093.427002
107.383232 110.675354 3149.339111
130.211960 -184.769928 3037.400879
-220.884445 433.475220 2924.195068
-308.276733 109.935425 2840.655029
-226.293243 -214.851471 2768.017822
-67.583778 187.588928 2970.439209
39.669289 -56.018906 2989.302490
281.074646 -167.046997 2738.829590
109.486908 -577.448242 2753.270752
-152.839798 -46.493515 2874.832275
-169.599854 -529.897827 2892.776123
-55.797180 -1016.161987 2842.268311
-86.119270 652.181030 3038.726562
-80.795738 421.175598 3008.284180
61.900917 413.960419 3092.226318
96.494431 102.355652 3137.447510
118.208122 -197.090973 3036.455322
-223.492386 428.390778 2924.342041
-311.133331 101.965179 2842.329834
-227.022141 -221.697845 2763.136719
-71.184814 182.009735 2971.388672
34.820160 -62.030106 2991.197510
303.229980 -90.345856 2720.949951
134.936127 -490.046448 2724.170410
-157.967941 -52.282150 2877.788818
-165.619202 -536.191467 2890.075439
-55.560196 -1012.988159 2838.646240
-85.383827 647.459717 3037.442139
-82.260468 416.343750 3009.513184
60.291702 408.869202 3093.684570
87.734177 95.411072 3130.155518
108.214874 -207.293518 3039.107910
-224.812637 423.818298 2925.341797
-313.563354 95.985748 2844.158936
-233.539124 -230.918335 2765.038818
-73.894501 176.894806 2974.081055
30.702614 -67.599915 2995.469727
310.417084 -15.735683 2733.797607
165.770142 -412.585999 2686.907715
-161.759674 -57.508392 2881.828125
-163.113647 -541.673035 2885.942383
-54.515327 -1012.828186 2840.885986
-85.859535 643.685242 3036.800049
-83.442429 411.885437 3010.037354
59.304062 404.216797 3093.864502
81.100883 89.570221 3123.218750
100.287506 -215.784363 3041.184326
-226.188919 419.554077 2926.210205
-315.274109 92.995453 2850.577148
-237.240479 -236.592133 2771.017090
-75.897522 172.298584 2975.271484
27.978790 -72.463394 2997.075684
304.538635 43.551018 2737.374268
204.215149 -357.374176 2629.929199
-164.684021 -62.113144 2883.935547
-154.340256 -546.130432 2881.315918
-56.287514 -1009.405518 2842.538086
-83.871193 639.873901 3038.481689
-84.642128 408.065552 3012.236328
57.929111 399.133789 3096.229248
75.261772 83.725708 3119.820557
93.135719 -223.782684 3045.940186
-227.213379 416.997314 2928.243408
-316.632355 90.502625 2856.288086
-239.114243 -239.351532 2774.008057
-79.341095 168.379974 2977.750000
22.159855 -77.332321 2999.937988
296.804321 88.336075 2744.250244
245.142609 -311.626465 2563.527832
-170.239975 -65.278885 2886.589355
-153.404617 -549.021912 2875.064941
-59.749069 -1006.566467 2845.378418
-85.231712 637.123657 3038.820312
-86.738495 404.798950 3013.473633
55.388111 395.136932 3098.135986
69.185043 79.241119 3117.075195
85.758743 -230.016571 3050.560791
-228.865097 414.460999 2928.811279
-318.312622 87.756897 2862.137451
-239.899567 -241.391937 2778.011475
-82.918839 164.980743 2979.692139
16.790920 -81.356262 3003.030762
290.940063 110.074799 2754.290039
295.609222 -259.906494 2490.928711
-174.989288 -68.318695 2888.790527
-149.735794 -551.630798 2873.084717
-59.854919 -1005.737671 2845.067139
-85.886299 634.851318 3036.988037
-88.645195 402.260376 3015.571045
52.788822 392.792542 3101.402344
63.780968 76.584381 3116.594727
79.089043 -234.093475 3056.727051
-230.079224 411.728210 2929.739746
-319.661133 82.884491 2867.560547
-245.420380 -247.271790 2788.520752
-85.427826 162.162262 2983.784668
13.209538 -84.323441 3009.905273
284.569031 119.078125 2753.479248
348.903625 -200.912537 2429.798584
-177.630432 -71.548264 2894.091309
-146.737976 -554.440796 2874.105957
-56.195580 -1005.076355 2845.240234
-87.309387 636.182617 3048.583496
-90.027779 404.642029 3021.741211
51.962288 393.471436 3106.424316
81.646446 87.371948 3156.568604
92.750641 -256.502533 3075.805420
-232.017853 415.812683 2937.058105
-320.837463 77.952240 2869.274902
-248.274200 -250.723419 2793.754883
-87.265411 165.200134 2985.524414
11.294016 -81.778320 3006.441162
286.166473 121.563354 2735.846436
395.333771 -150.431976 2370.506104
-180.300095 -66.705231 2892.174072
-148.725754 -549.441956 2868.229248
-55.939743 -994.077515 2835.055908
-86.529228 638.259460 3054.369873
-90.643105 406.861359 3026.035156
50.208096 394.363342 3112.401123
90.459152 105.771454 3179.543945
99.329842 -234.206757 3099.800049
-231.494293 419.359375 2939.669189
-324.409241 74.477783 2870.128418
-249.656189 -252.553864 2796.368408
-89.068527 167.539093 2988.834717
7.533459 -80.215164 3009.902344
281.794281 123.065353 2757.121582
422.377930 -124.932327 2346.951416
-182.521378 -63.351181 2893.366211
-155.733749 -546.696472 2882.801270
-53.842545 -997.098022 2837.165283
-84.189507 634.991516 3045.271240
-91.497093 403.028778 3023.948975
49.718601 391.206055 3109.834473
99.291756 101.668121 3197.549805
105.107910 -237.601562 3116.738525
-232.712799 414.851501 2938.063477
-326.190277 72.731781 2875.560303
-250.730865 -253.659027 2801.406006
-91.940063 163.036591 2991.640625
2.878390 -84.931000 3017.269043
281.115784 120.033447 2761.706543
430.907593 -122.965408 2341.621338
-187.644440 -68.980194 2901.395508
-159.697510 -552.442871 2894.823730
-54.942673 -1003.355835 2837.019531
-87.318939 636.545166 3053.218994
-93.855659 405.077148 3026.809082
48.271141 392.130676 3110.999512
104.559738 97.644257 3213.217773
108.104080 -210.744965 3140.949463
-235.982452 418.023621 2942.618652
-327.516998 84.009979 2875.463867
-256.780121 -243.754608 2803.811523
-93.683182 165.788818 2989.721191
2.375518 -82.233871 3009.432617
280.360443 138.077393 2750.330078
427.256348 -131.922028 2336.287598
-189.396927 -64.765121 2895.833984
-148.801498 -546.530396 2873.817383
-52.662079 -993.653442 2824.432861
-88.619087 635.377502 3057.200195
-95.118950 403.295959 3028.486572
46.849422 389.735474 3112.867676
106.685806 98.802155 3222.943115
109.152802 -209.923523 3152.079834
-237.087326 416.856445 2944.105469
-329.755188 79.006073 2875.735840
-254.748428 -247.469238 2806.090332
-95.005867 164.210358 2989.874023
0.876538 -84.022888 3008.183350
274.461792 136.387848 2756.844482
395.909729 -200.111816 2369.823242
-190.662109 -65.727600 2894.339600
-147.492950 -547.736206 2880.009521
-54.697121 -998.884155 2831.995117
-89.105278 633.942261 3058.691650
-95.409889 402.562439 3029.337891
46.891376 388.719238 3113.119385
108.691116 102.587433 3228.529541
110.295258 -236.980347 3150.426514
-237.711166 416.405640 2945.556396
-329.381439 74.005035 2878.377930
-253.678543 -251.577728 2810.631836
-95.252609 163.640930 2989.593750
0.901591 -84.619263 3006.368896
279.994781 137.492371 2754.223145
361.718750 -249.257446 2412.212646
-191.092239 -65.941925 2893.330322
-141.976608 -547.293335 2873.870605
-53.638863 -1002.173767 2837.232666
-89.186943 633.837219 3059.434326
-95.827446 402.749054 3029.394043
48.098778 388.991272 3110.307861
114.607140 107.007751 3239.744629
112.852631 -232.374725 3160.843994
-239.753677 416.506836 2948.480225
-328.196594 75.004089 2880.194336
-248.778107 -250.225800 2815.422607
-96.006531 163.906677 2989.102051
0.927102 -84.218628 3003.405762
284.013947 124.943970 2750.547363
320.375946 -304.430939 2469.041992
-193.298325 -65.652771 2894.214355
-141.986008 -547.040771 2880.281738
-54.809143 -1003.187439 2841.000488
-90.726593 635.163330 3060.311768
-97.331093 403.509521 3028.977783
46.661694 389.475342 3109.762695
112.725677 110.398102 3245.510254
111.009155 -225.756866 3154.662109
-241.323868 417.543701 2948.192871
-333.100830 76.002716 2878.607422
-246.468719 -248.734253 2817.759766
-97.189377 164.906860 2987.274414
0.082509 -83.162537 3000.064453
282.173462 100.825058 2735.418945
272.854462 -357.862427 2530.166260
-194.177841 -64.229065 2891.077637
-145.746094 -545.842407 2873.387451
-53.194427 -1002.310974 2836.408447
-91.824615 635.151306 3060.752441
-98.199364 404.521759 3028.466064
45.623188 390.200806 3109.521484
104.229675 101.933411 3227.080322
114.731064 -238.331268 3157.674805
-242.021927 418.842712 2947.410645
-334.999390 89.904663 2876.830566
-253.143478 -235.627838 2811.945312
-98.033432 166.042389 2986.036865
-0.846730 -82.097717 2998.286621
284.063416 62.951248 2729.581299
229.403900 -403.392517 2595.455078
-194.888260 -62.776245 2888.928711
-143.804382 -544.310852 2882.104004
-55.345947 -1001.413086 2839.124512
-92.308701 637.085815 3060.963867
-98.593437 406.683899 3028.274658
44.337547 391.992249 3110.817627
116.439377 113.206604 3242.787109
122.094017 -223.230896 3156.170654
-241.524414 421.375549 2945.731689
-336.494629 94.450165 2878.414795
-252.810654 -227.247620 2807.006104
-98.204559 168.322510 2985.175781
-1.388551 -79.950455 2997.763916
285.952026 17.089554 2711.647705
186.622269 -454.582275 2662.084717
-194.242813 -60.127274 2886.389893
-146.309341 -542.086853 2883.842529
-53.170563 -1001.778870 2839.582275
-91.235260 642.190125 3061.565918
-97.013390 411.432617 3029.054688
45.589882 396.260529 3112.087158
118.338768 123.816528 3231.710693
131.630417 -214.201111 3150.833008
-239.616669 426.604675 2946.022217
-337.235626 97.231415 2879.200684
-252.705719 -221.520020 2807.347900
-97.271866 173.071747 2985.944336
-1.330154 -75.524185 2998.847656
284.306152 -40.101498 2703.171631
154.141296 -505.437439 2717.890137
-193.730515 -55.054031 2886.820312
-147.917068 -537.236755 2889.988281
-52.402954 -999.640991 2843.483398
-90.462471 641.390259 3062.373535
-96.564102 411.239166 3028.775635
46.406460 396.029358 3111.172852
116.803284 125.786682 3225.001221
131.580933 -213.680756 3149.486328
-239.534683 426.448975 2946.378418
-337.123474 98.615997 2879.112305
-252.423401 -218.116364 2805.051758
-96.694496 172.994385 2985.023926
-0.375378 -75.511093 2996.858398
283.063721 -101.754669 2699.056641
125.481308 -567.422607 2765.916016
-193.274399 -54.989700 2885.686035
-148.887268 -537.349854 2889.241211
-54.001961 -1003.789551 2841.392578
-91.760971 640.152466 3062.776123
-96.650864 410.485107 3027.319824
46.907074 395.199158 3108.672363
103.893433 99.685364 3207.481934
117.073761 -210.714081 3145.694580
-240.208801 425.771118 2945.967285
-337.568848 99.310669 2876.563721
-252.300659 -216.185150 2802.550781
-96.500778 172.472748 2982.333008
0.497497 -75.851974 2992.229004
279.931915 -170.724670 2696.883789
99.140732 -629.058655 2809.313477
-193.198883 -55.227280 2882.463379
-149.419785 -537.640076 2888.326904
-50.653023 -1006.162720 2836.538818
-90.593277 644.137939 3062.434326
-94.824928 414.698730 3027.411621
48.731026 399.578430 3108.806152
92.789169 96.493378 3189.661133
105.520325 -215.104492 3134.128418
-238.380875 429.819092 2946.017090
-333.916962 103.569763 2874.040527
-251.525909 -210.664062 2794.244141
-94.636551 176.604431 2982.849609
2.395812 -71.690186 2993.197021
271.436035 -236.031860 2719.218994
75.633957 -650.106750 2870.026123
-191.292160 -51.289581 2883.378174
-151.230301 -533.561340 2901.577881
-47.454803 -1003.021851 2838.293701
-89.031693 649.269165 3062.302246
-93.152802 418.723816 3027.688721
51.295765 403.975342 3107.541260
85.492416 95.998322 3173.267578
97.651360 -216.573975 3123.368652
-237.601364 433.472290 2947.836182
-330.248535 108.020996 2874.093506
-252.177765 -206.174500 2790.998535
-92.997475 180.573273 2983.422119
4.610845 -67.527390 2993.028564
259.984497 -299.931030 2727.496826
59.083466 -709.468445 2896.400391
-190.295151 -47.627121 2885.282471
-165.718658 -529.639404 2919.557373
-27.177338 -982.335083 2837.131348
-87.153923 651.967651 3062.234131
-90.308083 421.459778 3026.921875
55.698723 407.221893 3103.927002
82.349670 96.095001 3157.115234
93.857956 -217.269012 3112.284912
-236.314880 435.697662 2949.916748
-322.631561 99.015961 2874.545898
-248.055801 -218.896393 2789.896240
-89.822876 183.434296 2981.992188
9.177635 -64.197922 2989.020264
239.956635 -354.716980 2749.825928
47.506119 -778.485657 2911.277588
-187.852982 -44.984451 2885.104736
-164.090363 -527.250549 2920.622559
-30.653534 -996.356812 2830.434570
-84.913139 659.218323 3061.701416
-88.078506 427.554504 3026.049072
59.193436 413.593811 3100.651367
80.045135 100.443176 3143.559082
90.858421 -213.563751 3103.285889
-235.350449 441.515198 2951.446777
-317.909912 113.395752 2875.156250
-249.519867 -206.196960 2785.812500
-87.569977 189.642120 2980.523438
12.293403 -57.688660 2985.327148
217.331284 -394.519104 2787.232422
36.606033 -834.403442 2919.958252
-186.416306 -38.851898 2884.668457
-186.230576 -520.587646 2927.911377
11.381943 -995.863342 2819.866943
-81.751511 663.363586 3061.936523
-85.068047 432.572021 3024.318115
63.081032 418.785278 3097.218018
79.453804 104.336182 3131.756348
89.553406 -210.192535 3095.577393
-233.217133 446.358826 2951.418213
-314.464966 117.203552 2873.081543
-246.254517 -203.284241 2786.531982
-84.087173 194.938934 2977.383789
16.832489 -51.994492 2979.626465
201.646301 -436.321411 2792.257080
30.390976 -857.964600 2942.418457
-183.045090 -33.393845 2881.272461
-195.465729 -515.638733 2918.906494
46.354401 -1002.038574 2816.260010
-78.180916 666.563110 3062.529297
-78.080017 436.207581 3024.130859
71.266983 424.450378 3094.876709
84.163460 109.168945 3122.634766
93.549545 -205.783142 3090.133545
-227.427017 447.964813 2953.385010
-307.239716 126.416534 2872.617188
-243.935364 -194.021759 2782.249756
-74.080002 198.816635 2976.234863
30.681757 -46.506699 2976.069824
181.405731 -457.023254 2838.416748
31.121811 -885.658569 2964.739990
-170.841721 -30.641953 2880.607910
-193.001053 -512.345459 2922.710693
63.710220 -1007.993408 2826.669189
-72.698830 668.419617 3062.350098
-71.602989 437.408325 3022.779541
78.203590 426.258179 3092.692871
88.389549 110.443542 3114.976562
97.076149 -204.851898 3085.777588
-221.409576 448.558472 2952.866211
-301.234406 128.757507 2870.505859
-238.806732 -190.897614 2776.685059
-66.586136 200.168091 2974.193359
39.481628 -44.593369 2972.766846
133.743134 -490.945557 2890.069092
17.824364 -932.591919 2983.364990
-162.620193 -29.550888 2878.447510
-207.758606 -508.741211 2926.157227
60.971008 -1013.278625 2830.531738
-69.068634 669.935791 3062.260254
-66.063622 439.024292 3021.955322
84.263252 428.387604 3090.845459
92.327034 112.231506 3108.719482
100.337990 -203.342285 3082.485596
-216.390503 449.660980 2953.065186
-299.625458 120.380646 2868.756836
-229.543610 -197.212280 2776.846436
-60.077267 202.025055 2972.299316
47.317547 -42.149551 2969.115723
102.371117 -507.290527 2919.637939
14.394600 -958.044739 2988.191406
-155.499374 -27.798813 2876.170898
-214.385590 -505.265198 2927.850586
61.016693 -1015.934143 2834.580566
-65.871109 670.173828 3061.710205
-61.894218 439.448792 3020.378662
89.731804 429.538849 3086.417969
96.127945 113.164124 3100.746094
103.493675 -202.635376 3077.174072
-213.520233 449.358765 2954.339355
-298.823151 114.197937 2866.876709
-220.737869 -202.848145 2777.570068
-55.335930 202.659027 2969.787842
53.526260 -40.817123 2963.754395
77.815460 -514.813721 2958.479004
9.730621 -971.525452 2980.396240
-151.081543 -27.444382 2874.639648
-224.020905 -501.647461 2937.056641
60.370819 -1018.487427 2833.900391
-61.457310 672.049316 3073.944580
-57.851654 443.321960 3025.084229
93.723511 430.916748 3090.820557
124.532082 114.790314 3128.711670
141.975281 -230.333954 3082.012695
-209.426819 455.727234 2959.347900
-293.394714 108.102753 2859.415771
-215.513153 -206.948853 2776.728760
-52.549679 207.955521 2968.442383
55.007584 -35.779724 2956.147461
52.315487 -510.671448 2996.666260
-4.241413 -967.934204 2970.966309
-149.502991 -19.042145 2867.453613
-222.832870 -491.066498 2944.796875
60.047867 -1013.013916 2820.530029
-56.892738 674.131226 3080.063232
-53.704353 446.631775 3027.260742
97.776817 432.847046 3092.974121
148.485046 98.856140 3145.498291
172.028198 -243.658142 3076.534424
-205.185532 460.416504 2961.547363
-285.190033 106.552521 2853.704590
-212.625977 -209.575653 2774.853271
-49.173096 211.975327 2967.591309
57.542145 -31.979828 2952.249756
34.861351 -505.003937 3024.697510
-19.281387 -963.611450 2985.558350
-146.825821 -13.382416 2863.593994
-207.690338 -485.085022 2952.667236
66.421082 -1017.546448 2819.483887
-48.560608 671.157471 3071.109375
-47.903873 443.335571 3022.948975
103.291801 428.992432 3089.224365
168.388062 85.573914 3152.627930
195.225372 -249.253540 3060.762207
-199.099564 457.678711 2956.673584
-274.570190 126.741760 2856.682861
-216.018311 -189.177917 2769.531494
-45.680992 207.763397 2966.895996
58.535397 -37.484344 2955.551025
9.890873 -505.783112 3051.433350
-27.514668 -963.551086 2987.745605
-145.451614 -18.133179 2866.135010
-189.759140 -491.161713 2957.897705
60.752502 -1028.352783 2824.708984
-44.539501 672.089966 3078.641846
-44.282787 445.244385 3026.426270
107.686615 430.403564 3090.779297
181.082367 82.683838 3159.867432
213.332092 -246.670349 3051.403809
-196.252197 460.085205 2962.073242
-265.804718 126.885742 2856.841309
-207.189240 -189.262451 2766.267578
-41.904610 210.573883 2966.691406
62.999325 -34.108948 2950.372070
24.914085 -498.102753 3073.533203
-53.284698 -957.653687 2950.546387
-142.052185 -14.084290 2863.541016
-164.819092 -490.199921 2945.012939
17.112473 -984.589722 2871.077148
-42.923233 670.860229 3069.905273
-42.630913 443.687653 3022.254639
110.140739 430.141998 3084.961182
190.249069 69.879456 3160.413818
229.610672 -251.735046 3034.889893
-195.402573 457.233307 2959.548096
-261.378845 121.930573 2852.412109
-194.743286 -195.959442 2769.791260
-40.366425 208.181396 2965.864258
64.964012 -36.463303 2951.778076
27.563076 -491.620850 3105.760986
-71.382248 -978.379456 2911.771484
-141.167877 -18.186417 2867.169678
-168.340485 -496.682068 2932.729248
-7.863312 -964.431030 2923.568115
-38.836090 674.124023 3079.109131
-33.932156 446.341766 3029.180664
116.700729 434.354614 3096.947754
198.243835 69.230255 3170.714111
244.643829 -247.453827 3030.129883
-184.565048 458.328918 2961.413574
-259.682129 117.417236 2855.283203
-187.504456 -201.154755 2775.656250
-26.888733 211.159943 2971.923828
81.827606 -32.112854 2960.407959
27.796791 -485.153320 3118.606689
-36.831886 -987.154053 2884.318604
-121.518219 -15.930908 2868.926025
-146.709549 -495.112274 2932.900146
8.035034 -948.296997 2952.834961
-36.106503 675.453491 3082.627930
-28.255981 447.863281 3030.802734
123.039047 437.740173 3097.488525
201.735535 90.769745 3166.889893
261.158875 -213.808472 3007.869141
-179.551010 457.986389 2964.116943
-258.398163 132.961823 2855.919678
-184.753174 -182.808533 2765.498047
-18.259647 213.033218 2972.475342
93.778915 -28.624451 2959.124756
25.161247 -488.161957 3089.683350
-33.113194 -961.868469 2909.474365
-110.305527 -14.969238 2869.171143
-147.693085 -493.669861 2930.952393
-28.305084 -948.247498 2963.427002
-33.513306 675.716125 3084.892578
-26.861305 448.693542 3032.322021
123.742714 437.010315 3100.356689
207.872162 84.384125 3164.437988
265.539215 -219.197418 3002.107178
-177.465317 460.376740 2964.287354
-258.192993 135.486328 2852.950439
-178.839447 -176.164246 2760.355469
-18.512911 213.892853 2973.520508
91.423172 -28.788559 2960.610840
9.474205 -490.652222 3076.270996
-27.235153 -957.207397 2948.366699
-111.752197 -13.027084 2868.827148
-146.487839 -491.321533 2936.107422
-80.180130 -951.314209 2959.712891
-29.415802 679.390137 3099.031006
-23.433933 453.675568 3039.244629
126.406723 438.776550 3108.301514
208.461334 74.707520 3160.742920
267.674835 -226.788086 2991.034912
-173.274582 468.574585 2970.187744
-257.044373 132.734283 2852.436279
-165.580780 -174.995575 2762.584229
-16.693802 220.516174 2974.315674
91.139008 -22.695114 2955.977295
12.421860 -486.101135 3070.438721
-14.356802 -946.418091 2955.190430
-111.046356 -2.591324 2862.796143
-128.439865 -481.612793 2930.144043
-106.009781 -944.100464 2950.997314
-26.300596 676.534729 3092.669189
-25.906265 449.536285 3031.349121
125.299149 431.186157 3096.335205
211.728271 70.851349 3160.923096
268.834686 -233.815765 2991.078369
-177.111679 467.886414 2966.363037
-253.333618 148.694550 2857.544189
-166.988586 -158.711456 2763.327393
-25.835733 216.605515 2965.412598
76.278656 -28.709183 2943.333252
3.706528 -487.645386 3077.620850
-22.048880 -940.291748 2952.207275
-127.809052 -3.941330 2855.618896
-142.163910 -481.397217 2934.303467
-143.333679 -945.183533 2940.286621
-21.720739 673.456909 3089.918945
-23.700438 446.321289 3031.049072
127.485550 427.094360 3095.975830
208.867889 70.426300 3153.952881
270.413696 -236.439606 3000.268799
-174.886429 465.548279 2966.122314
-255.666870 141.849365 2853.773438
-159.892075 -164.380493 2762.806885
-25.993752 212.759796 2967.224121
73.670380 -33.768066 2947.184814
14.792179 -493.256500 3086.827637
-6.954994 -946.529175 2972.503418
-130.244507 -7.835358 2859.613525
-144.145477 -480.219116 2962.481689
-109.250069 -974.299072 2913.156982
-16.549320 673.556641 3092.569336
-18.168833 447.438477 3032.604980
132.980621 428.101440 3097.664062
208.925629 61.204102 3149.501709
266.019684 -248.881653 3000.032471
-169.318268 466.775513 2967.545898
-254.383087 144.171600 2857.067871
-160.539185 -161.579376 2761.134277
-20.265905 214.014267 2968.098145
79.586487 -32.452682 2947.473389
25.812103 -494.807312 3080.351074
-0.613987 -947.795532 2970.538330
-124.312454 -6.367203 2859.709229
-147.233826 -481.505188 2947.551514
-90.355515 -958.066895 2919.131592
-17.167690 671.787109 3089.918213
-13.883928 445.692627 3032.894287
136.312057 430.560242 3101.027588
208.437469 55.589691 3144.792725
259.143036 -261.242249 3002.937012
-164.079910 460.825012 2964.760986
-250.560120 145.558380 2860.674561
-161.671265 -160.737244 2761.170654
-9.724048 211.486847 2971.707031
95.803490 -32.931824 2956.503174
34.911064 -497.696259 3077.316406
14.047062 -952.979309 2979.442627
-106.931816 -12.506042 2864.536377
-127.424973 -488.085693 2952.562500
-95.395889 -959.120483 2930.486816
-15.415751 671.560791 3088.076172
-8.763002 444.960571 3034.336914
140.284973 432.803101 3105.500000
206.935349 80.302612 3147.715332
247.183487 -244.083801 3025.949219
-157.810974 457.118042 2963.173828
-245.321655 146.928223 2865.280762
-165.354126 -158.579559 2756.541260
0.104216 210.237350 2975.664795
109.527489 -32.687973 2965.003174
28.531448 -493.304688 3088.888916
8.796146 -945.357300 2978.289551
-91.584618 -16.283768 2868.982178
-121.468239 -493.099670 2947.006836
-107.481987 -961.489990 2932.072998
-15.676393 672.571045 3087.627686
-6.497876 445.890991 3034.359619
142.325882 435.271667 3106.338135
206.023178 99.866058 3155.994385
240.130234 -229.044006 3046.504883
-155.321640 456.510284 2962.381104
-241.667511 140.457703 2863.145996
-158.806503 -166.018677 2761.884766
5.138915 211.243195 2975.680664
117.148178 -30.566650 2965.546875
22.652145 -492.447418 3073.688477
6.030256 -947.478760 2976.434082
-83.596771 -16.242523 2868.456543
-123.545822 -492.180847 2947.840088
-117.960663 -959.213379 2934.550293
-14.807893 674.334412 3088.395752
-4.946814 447.385742 3034.969238
144.471161 437.747711 3105.903809
205.767822 108.720490 3161.599365
237.263901 -221.504517 3055.237549
-154.364807 457.023743 2964.034668
-238.338684 135.227936 2863.572266
-155.285767 -171.145844 2760.101074
7.754448 212.744476 2976.333740
121.241447 -28.397827 2965.545166
19.370697 -491.607300 3061.368896
3.869103 -949.692749 2980.570312
-80.330025 -15.395721 2869.851318
-126.995926 -491.141998 2947.298340
-123.961067 -957.572510 2940.328369
