-94.404114 972.797363 3057.848633
-110.973091 671.465210 3032.965820
53.756313 678.047119 3017.931641
122.014923 393.617523 3105.624512
166.808365 101.385345 2971.168701
-275.702484 664.883240 3048.000000
-315.064758 377.884705 3097.397217
-291.128723 82.995850 2927.291016
-100.501564 424.861786 3039.739746
15.853681 182.489075 3036.850098
16.096447 -265.581116 3067.968506
-4.692593 -675.099976 3130.622314
-195.913757 174.027710 3056.177246
-179.275467 -274.766388 3050.644775
-136.770050 -691.159912 3149.965820
-94.562225 972.565186 3058.282471
-108.841949 671.403015 3032.417725
56.285309 677.287903 3018.196289
129.320526 382.459198 3098.716553
169.193680 109.119812 2978.183594
-273.969208 665.518127 3046.639160
-312.153564 377.051056 3095.775879
-297.273438 93.155365 2946.409180
-99.437965 424.414856 3039.403809
15.677691 181.194122 3037.285645
17.779209 -267.819214 3068.157959
-4.002743 -678.594360 3131.238281
-195.745636 173.659271 3055.494141
-177.171204 -274.815735 3050.894775
-135.466141 -687.458862 3147.166504
-92.317093 972.537659 3058.232178
-104.297188 671.151062 3032.536865
61.083836 676.231750 3018.866455
128.757126 383.171082 3097.880371
180.682541 102.631165 3008.735107
-269.678223 666.070374 3046.207275
-310.201782 374.802582 3093.918701
-290.368103 74.275360 2932.231445
-96.160484 424.602722 3039.341309
17.437191 181.294266 3037.428467
19.787769 -266.902832 3067.974121
-3.386938 -677.022949 3127.956787
-193.484756 174.814529 3054.863037
-176.014725 -271.148560 3048.371826
-133.995987 -686.547302 3145.165771
-89.806778 972.906860 3057.415771
-102.627541 669.999573 3032.325928
64.404961 674.679810 3018.989258
131.141205 376.220245 3085.334473
174.862885 98.255005 3009.206787
-269.660034 665.319336 3045.662598
-308.643616 373.131622 3091.537109
-291.602844 84.630859 2930.482178
-95.231354 424.622650 3038.847656
18.014339 182.211594 3036.917725
29.484215 -239.875565 3061.367432
-3.017033 -674.605347 3126.353760
-193.684662 176.279831 3053.821045
-175.145187 -269.070984 3045.564453
-133.585922 -686.400208 3143.795898
-86.308426 972.672974 3054.415527
-101.647507 668.759583 3031.561523
66.097702 673.479553 3018.567871
130.472351 380.432861 3089.734131
159.477173 74.702820 2990.024658
-269.392700 664.039612 3044.555176
-307.597931 370.581451 3089.120361
-286.046082 74.771454 2914.101807
-94.263779 424.099762 3038.010254
20.060501 182.449020 3036.175293
28.062286 -249.516006 3062.387695
-2.317070 -673.949402 3125.008545
-193.820602 176.430893 3052.742676
-174.127762 -267.884155 3046.213135
-133.276184 -684.611206 3143.309082
-85.396980 972.690491 3054.620117
-100.758400 668.145264 3030.527832
67.413567 672.744507 3017.174805
130.088516 382.578491 3092.383301
171.445938 85.156219 3028.295898
-268.930389 663.546082 3043.880859
-306.175415 369.853760 3088.363525
-287.029327 84.086182 2911.405273
-93.573380 423.728790 3036.832764
21.376411 182.259476 3034.581055
25.988096 -255.083694 3061.012451
-1.584970 -674.933105 3123.601562
-194.153137 176.365128 3051.694336
-173.960129 -270.592346 3047.481201
-131.677872 -687.146240 3143.697998
-84.188744 972.350952 3055.230957
-99.503586 667.928406 3030.257324
69.025650 673.164062 3014.317383
127.653778 385.595795 3091.659424
169.888199 91.560608 3010.151123
-268.032837 662.692749 3046.197266
-302.992767 369.835114 3091.437500
-290.501556 81.756409 2930.725830
-91.551842 423.475372 3034.035889
26.726357 182.449814 3027.379639
26.497925 -256.272339 3063.082520
-0.777475 -675.463623 3125.229248
-193.926544 175.594833 3048.249268
-170.431076 -271.982056 3044.776855
-130.699860 -684.223145 3140.334473
-82.307411 971.953247 3053.986572
-99.276413 668.535156 3030.110107
68.945023 673.367554 3015.030762
128.617645 385.165405 3092.853271
161.211182 73.826965 3021.446045
-267.497833 663.702759 3045.189453
-302.328796 371.677155 3091.277344
-290.241943 64.183075 2921.332764
-91.815872 423.334412 3034.759766
25.104097 181.278046 3029.597412
25.832500 -258.272369 3061.752930
-0.567293 -676.545837 3122.691162
-193.814758 174.989288 3049.221436
-171.483932 -273.878601 3047.167969
-129.371933 -686.115234 3141.884521
-79.798645 971.156067 3051.723633
-98.544403 668.453552 3029.860596
70.773712 673.774353 3015.485596
130.786499 384.938171 3094.349854
156.245972 89.214600 3015.327148
-267.862488 663.132751 3044.235596
-302.438721 371.697876 3091.033203
-294.719330 79.031067 2922.949707
-90.544632 423.755096 3033.513428
27.413483 182.512100 3027.830811
25.880911 -259.120300 3059.453857
-0.803602 -677.893555 3121.690430
-192.503204 175.601212 3046.501709
-171.745361 -274.595215 3048.604736
-129.083115 -688.343933 3142.331543
-80.281204 970.963989 3053.149170
-98.444366 668.565308 3029.897217
70.194534 674.695679 3014.628174
128.677414 387.353210 3097.024658
182.592728 89.480225 3064.847900
-267.083282 662.434875 3045.166260
-301.819733 370.690674 3092.209717
-296.238922 72.376678 2928.977295
-89.277283 424.959412 3033.337158
31.241676 185.401428 3026.694824
26.709311 -260.543030 3059.520996
0.159752 -680.468018 3123.476318
-191.462067 177.305664 3046.859375
-170.840729 -273.600067 3047.717285
-127.891815 -685.482666 3137.678955
-79.118660 970.854004 3052.559570
-97.575378 668.443359 3029.800049
70.921280 674.570923 3013.734131
129.929367 385.709351 3097.022461
187.178925 88.959625 3048.475098
-266.072052 662.315796 3045.865967
-297.877045 368.563416 3093.610840
-301.423981 72.647400 2946.832520
-88.405182 425.408752 3033.281494
31.568390 186.403641 3026.197998
28.094555 -260.287048 3058.834229
0.576805 -681.532471 3123.770752
-190.038361 178.344681 3047.327881
-170.143921 -271.415405 3046.063965
-128.502792 -686.767639 3137.646484
-79.095634 970.940918 3052.665039
-96.497101 667.926880 3029.464600
70.706299 674.051208 3013.293701
128.599838 386.093689 3097.242920
157.896744 85.344940 3009.712158
-263.700500 661.802490 3045.635498
-298.471161 368.974213 3093.953125
-302.825592 72.213226 2936.314453
-87.270042 425.777313 3033.161377
32.531013 187.677902 3026.164062
29.367319 -255.796097 3054.426025
0.545639 -681.606201 3121.937988
-188.616989 179.577621 3047.552246
-168.581543 -268.849854 3044.277100
-128.704163 -684.598145 3137.062012
-77.964699 971.535400 3052.445557
-96.030678 667.559326 3029.540771
71.071953 673.291321 3014.220947
128.113190 386.461517 3097.533936
180.663269 91.841949 3059.384033
-263.133301 661.827271 3044.860596
-295.203766 363.442444 3091.573486
-302.463135 60.612915 2949.855225
-87.347267 425.457825 3033.671631
31.282879 187.127792 3027.722656
29.010561 -255.206161 3052.144531
-0.283987 -682.063171 3120.696289
-188.610596 179.584885 3047.882324
-168.610062 -267.853027 3044.278320
-128.899368 -682.973633 3137.759033
-78.332069 971.850098 3051.607422
-93.414902 665.914795 3028.602051
73.670578 670.821960 3013.830322
128.245377 384.199890 3097.407227
173.842606 95.863037 3017.833252
-260.500366 661.007690 3043.373779
-296.834808 365.831787 3092.009521
-308.278168 64.830902 2956.094482
-85.936310 424.694763 3033.060791
32.682816 186.738815 3027.693848
27.598436 -257.934082 3053.303467
-0.925863 -683.144897 3121.773926
-189.598251 180.210617 3047.345215
-169.609055 -267.910461 3044.471680
-128.557007 -683.276489 3138.456299
-78.848419 972.239990 3050.661133
-93.330444 666.434814 3028.145020
73.462418 671.057861 3013.070801
128.402298 384.583893 3096.704102
167.068253 85.263153 3021.052490
-260.123322 661.811768 3043.219238
-295.459259 369.199921 3094.783691
-313.640747 74.499664 2958.564209
-86.243904 425.171753 3032.564209
32.263874 186.996994 3026.913574
26.921417 -261.090393 3054.011963
-1.034241 -685.770264 3122.843262
-190.578583 180.820419 3047.053223
-169.892487 -267.977966 3044.176514
-127.746735 -682.467896 3138.756348
-79.407921 972.451172 3049.636475
-93.365074 666.539490 3027.807129
72.809868 670.548523 3013.951904
127.591743 384.441223 3097.873779
169.014542 88.124481 3026.696777
-259.540009 662.530457 3041.662354
-300.769684 384.753052 3095.250488
-316.129059 84.917084 2965.838867
-87.246071 425.448242 3031.436035
32.066730 187.087814 3025.627197
26.888334 -262.477295 3051.784424
-1.487366 -688.739624 3123.729736
-194.320877 181.626144 3044.502686
-169.606262 -268.286926 3043.541504
-127.164612 -682.792969 3138.960693
-79.070564 972.470825 3048.558350
-94.062492 667.659180 3027.530273
71.623253 672.057495 3012.914307
124.314857 390.195007 3095.861084
156.846756 80.062012 3007.732178
-259.748260 663.260925 3042.146240
-299.606445 377.960327 3095.172363
-314.313843 73.278931 2966.053467
-87.388771 426.491272 3030.610107
31.059336 188.290512 3023.829834
27.172171 -265.390076 3050.972656
-3.574697 -693.560547 3121.774902
-192.489426 182.356186 3043.550049
-169.949371 -267.693848 3043.280273
-127.581161 -681.812012 3138.497070
-80.081345 972.138977 3048.182617
-94.423462 668.519043 3026.830322
70.924881 672.942688 3012.514648
124.881531 391.121948 3095.576660
168.275635 92.801147 3026.746826
-259.771790 664.095398 3041.145996
-299.492889 375.421265 3093.615479
-312.239594 63.310394 2953.184814
-87.693565 426.640045 3029.819336
29.571337 187.718216 3023.238281
27.434330 -266.983215 3047.212158
-2.410746 -691.869019 3119.493164
-191.498672 181.803848 3042.378418
-170.193497 -267.915039 3042.947998
-127.443298 -681.149963 3138.280762
-80.916161 972.099976 3047.347412
-95.018646 669.251526 3026.189453
69.651520 673.922302 3012.661133
124.395248 393.429840 3099.121338
162.097290 91.162628 3023.126221
-259.688812 664.580750 3039.717773
-299.738678 376.655670 3092.545166
-316.087158 81.808105 2941.666260
-88.082726 428.473907 3027.484375
28.424297 190.804214 3019.777588
27.464111 -264.134827 3041.797119
-2.475224 -688.826904 3113.405273
-190.717926 184.588394 3037.781006
-170.622131 -271.788452 3044.449707
-127.182434 -684.292786 3139.141357
-81.592262 971.851440 3046.572754
-97.135147 670.884583 3025.714355
66.573898 675.916016 3010.578613
123.714005 393.734985 3098.378418
164.794678 91.188080 3012.784912
-260.844177 665.853088 3040.850586
-298.756348 376.395660 3092.116943
-307.199768 64.490021 2928.342285
-89.507446 428.944427 3027.789551
27.611135 190.369400 3019.741211
26.760777 -262.262878 3023.991211
0.857882 -686.350708 3092.779053
-191.370621 183.639175 3039.987793
-171.126633 -271.834717 3042.778076
-125.891327 -683.649902 3136.878906
-85.692398 973.086548 3045.820068
-102.257248 673.856995 3025.746582
57.979893 679.146484 3008.421631
122.227890 391.635284 3096.009033
147.286087 89.064056 3010.885742
-262.494385 668.567444 3043.071533
-301.482147 381.803589 3094.767334
-310.722076 68.643402 2940.354492
-94.140427 430.839935 3026.622070
21.491199 191.372025 3015.873047
21.946564 -257.024353 3003.310791
2.671797 -683.893066 3072.199219
-193.538422 184.273758 3039.122070
-175.935974 -274.905762 3038.664551
-126.003677 -684.249878 3135.097656
-88.869080 974.419800 3045.542480
-107.928970 675.789612 3026.791504
51.882538 681.548157 3009.365723
119.114899 392.744537 3094.654785
140.355179 95.012604 3001.378174
-267.740479 670.031067 3044.217285
-307.138306 384.837921 3093.768311
-313.744324 69.090820 2943.646729
-99.457108 433.893707 3024.549561
15.930277 195.850327 3010.649658
25.217819 -209.780045 2913.458008
2.636211 -661.127014 3044.246094
-197.900757 188.145309 3033.965576
-179.097519 -275.789612 3036.713623
-126.243271 -685.309082 3134.574219
-91.470070 975.565186 3044.833252
-116.105621 673.885620 3029.450928
48.562012 680.364014 3010.464600
118.157471 392.443909 3093.324463
140.149399 95.758148 2999.929443
-280.773254 667.407227 3048.437256
-311.644653 386.509644 3095.190186
-322.371460 76.829224 2962.989258
-107.347580 435.454315 3024.053223
4.028725 201.060257 3006.823486
31.824827 -194.917465 2898.854004
1.924881 -636.066284 3020.564209
-201.207809 192.985794 3030.487549
-183.674789 -272.501038 3033.135498
-127.745041 -684.972900 3133.155029
-91.196533 975.553833 3044.957764
-120.595505 676.011414 3031.871094
40.688278 683.259399 3015.624512
103.636368 408.354095 3108.330566
155.679794 111.988922 3016.010986
-281.879272 668.763428 3048.117676
-323.178192 384.203186 3094.998291
-324.911896 76.403168 2975.871826
-110.547585 437.333282 3025.139404
6.165649 203.448624 3007.663086
44.401215 -171.413010 2861.802490
4.030479 -590.265869 3011.499512
-207.164978 193.861710 3029.152344
-186.807999 -275.506409 3035.202148
-129.134567 -691.503357 3135.884277
-95.741501 976.625977 3044.963135
-124.311707 674.799011 3032.063965
40.495480 683.911255 3016.793945
104.268684 404.998016 3107.275635
150.953629 110.596252 3022.858154
-289.118896 665.686768 3047.333984
-330.753876 370.289764 3104.262695
-327.925446 98.754578 2957.014404
-111.734810 437.051300 3025.930908
9.531979 205.313065 3009.727295
58.226833 -94.029434 2786.547607
-7.424030 -485.262756 2943.892578
-207.847794 193.294083 3029.868408
-193.813232 -266.292419 3034.980469
-130.268707 -693.931030 3137.524414
-95.374832 976.614990 3046.291504
-130.265686 674.583618 3036.042236
33.103073 681.948425 3024.113281
100.758606 398.580353 3106.591797
141.837311 111.632599 3039.460938
-293.634430 667.218811 3047.971191
-334.956421 377.238983 3102.489258
-338.492035 110.346100 2953.793701
-120.599968 448.267578 3028.690674
4.156266 227.139923 3012.935303
65.958572 -54.908508 2782.782471
-6.163109 -446.986053 2932.686768
-226.024765 216.763153 3029.742920
-204.769623 -253.670044 3030.759521
-140.166275 -696.549805 3135.585693
-100.254601 975.744751 3048.437988
-134.150986 675.224854 3038.427490
29.549835 680.902039 3029.710205
95.556671 396.136078 3109.639404
151.154938 114.740601 3041.213623
-297.851807 669.547668 3047.144775
-346.151093 377.647278 3106.363525
-337.223480 100.775360 2953.089600
-126.620193 453.824188 3035.658691
-1.285531 236.508957 3026.616699
66.931320 -21.313370 2767.839111
-14.593445 -367.361755 2868.860107
-236.893280 228.338058 3039.163086
-208.444107 -240.721512 3031.964111
-141.363098 -674.411865 3132.219971
-104.113708 975.066772 3050.352051
-138.499603 676.699097 3041.477051
27.154699 683.871399 3034.314941
83.874100 404.299103 3140.831055
150.895554 111.628113 3077.328125
-304.153900 669.526794 3048.639160
-351.514679 376.728577 3112.905762
-342.599182 107.914429 2954.281738
-128.921738 451.937744 3037.924316
-4.348021 232.155350 3029.399658
63.099007 -0.433868 2739.670410
-5.352631 -322.795837 2844.995117
-234.339737 222.197464 3039.343506
-204.756882 -243.466934 3034.929688
-142.045166 -671.701294 3129.507324
-106.123734 974.166504 3052.523682
-140.445053 678.066406 3043.098389
25.689007 685.918701 3037.064941
82.263718 407.025024 3134.068115
152.212906 107.282501 3085.124023
-306.579132 670.214050 3049.131836
-349.977325 378.408936 3113.452393
-338.974457 96.649719 2944.944336
-129.894745 451.389954 3038.594727
-5.488689 230.094910 3029.956299
84.647141 196.484329 2693.241943
-6.825081 -221.577896 2733.248291
-233.200180 219.332153 3038.225830
-203.303864 -245.601929 3035.030273
-142.522629 -676.387268 3130.272217
-108.259918 973.438477 3053.057373
-140.727982 678.402954 3046.100342
21.028324 684.660889 3043.959717
80.986221 409.653748 3131.083740
148.193527 110.327545 3095.921631
-302.484283 672.144958 3048.240967
-344.016693 397.273895 3115.268799
-339.246857 117.713043 2949.610596
-132.067612 452.668549 3040.602051
-8.094746 231.395309 3033.577637
81.414688 247.261566 2684.326904
1.241707 -180.732574 2715.068848
-238.719742 222.473007 3036.629883
-202.284912 -242.363022 3030.466309
-142.801010 -675.778625 3124.412842
-107.119598 972.789551 3052.380371
-140.886810 679.952759 3045.913574
23.417885 685.815430 3044.418701
80.454330 413.568420 3130.513428
148.638367 109.450806 3118.114258
-305.191528 674.090088 3047.408447
-344.085876 405.013733 3114.676514
-343.992645 107.946228 2960.024902
-132.825974 452.782501 3040.970947
-10.309105 229.696213 3034.987061
74.986771 263.974731 2686.614258
5.303406 -139.459442 2623.759766
-239.221161 221.528244 3037.069580
-201.536652 -242.763321 3032.712891
-144.085754 -678.473389 3127.432129
-109.223007 973.072205 3053.847168
-141.402222 681.974670 3046.110107
24.001572 688.496338 3044.545654
74.226364 427.195831 3131.878662
139.635406 207.298904 3006.729248
-306.806030 675.453003 3047.674561
-349.051697 399.370911 3115.232178
-342.538208 112.504517 2952.221924
-132.461487 454.103699 3041.462646
-10.157744 230.702469 3035.742920
62.418999 270.725708 2692.965820
7.111877 -134.754303 2614.024414
-236.883759 221.762955 3037.887451
-200.899841 -239.234177 3033.860840
-144.533051 -677.184692 3125.878418
-110.866966 974.100464 3053.748535
-141.554749 685.294556 3047.671143
23.726814 697.408875 3041.085938
74.809662 433.174133 3126.923340
139.746140 211.416885 3004.284912
-306.836304 673.180298 3054.256348
-349.816101 396.376221 3120.510254
-342.834076 105.414581 2959.744141
-124.963898 456.778900 3043.700195
8.241959 236.810532 3035.083008
52.452888 292.316254 2696.166260
13.415871 -111.472534 2598.731445
-224.988068 219.715927 3044.375488
-201.307037 -242.792526 3030.490967
-145.959625 -671.980774 3119.731689
-112.011925 975.154297 3054.292236
-142.704590 686.027039 3049.280518
20.786102 690.607666 3038.677734
75.370262 423.177277 3120.138916
128.738541 201.930771 2966.024170
-306.195251 681.446411 3059.883301
-350.191925 399.722931 3124.909912
-346.788910 114.407532 2976.451416
-136.991684 457.597504 3038.685059
-32.701424 231.929871 3021.696533
-166.072998 -222.060944 3051.290039
-140.513809 -668.269653 3093.865967
-229.856125 226.406067 3034.482666
-202.480453 -232.444824 3024.706055
-146.059708 -665.127991 3112.497070
-111.969681 974.681152 3053.989990
-146.561142 683.384949 3051.424805
18.870806 679.354553 3040.975342
71.106361 417.405548 3117.700195
129.786240 183.314590 2968.306152
-311.993073 687.415283 3061.874268
-350.787323 402.503540 3116.563721
-341.287964 112.274017 2976.053467
-152.804291 454.674957 3040.799316
-85.888298 224.182632 3025.552734
-165.754974 -232.625992 3047.508057
-136.223526 -681.351807 3099.651367
-232.206589 227.747330 3034.794922
-202.103867 -224.871994 3024.385498
-146.340912 -661.982117 3110.026123
-111.803604 973.755127 3053.067139
-145.355179 685.282288 3050.912354
17.924400 677.723328 3038.145264
70.626816 417.259674 3115.188232
124.424545 179.019913 2967.828857
-308.634735 692.841248 3063.679443
-353.834839 397.358673 3116.146240
-341.938324 125.697388 2981.850342
-156.218872 443.070343 3055.380859
-114.858772 198.440720 3055.765869
-174.420090 -247.499008 3049.304443
-137.646606 -698.064880 3103.573242
-219.306366 203.276108 3063.932861
-199.888840 -207.903030 3020.433105
-143.106750 -645.022278 3105.947266
-114.073090 973.313965 3051.935303
-145.685791 685.621216 3050.802002
16.062477 676.507935 3038.628906
70.030853 414.267914 3114.627441
118.961807 176.244629 2969.673828
-307.434052 694.734558 3062.975098
-355.709747 393.913025 3118.954102
-344.624908 117.062469 2987.184326
-158.775696 438.079620 3062.192139
-87.097527 185.761932 3067.202637
-179.362640 -248.370728 3053.770508
-138.478653 -697.740784 3102.498047
-256.633698 195.314056 3079.961914
-199.939178 -201.973938 3018.408691
-142.434006 -640.063965 3102.415771
-114.852180 972.677063 3051.308838
-145.966766 685.977905 3050.551270
14.640343 682.898376 3062.481201
70.258530 420.082703 3136.700195
116.371857 182.290573 2992.921143
-306.573883 689.057373 3038.621338
-355.710968 395.373260 3098.864746
-347.043793 139.795761 2961.393555
-149.754974 470.404724 3045.903809
-39.527107 252.645416 3049.725586
-147.341675 -170.638550 3033.268555
-108.698181 -619.255249 3079.806396
-267.559265 257.017731 3032.787109
-240.984558 -253.106689 3047.775879
-174.555237 -716.185974 3122.554932
-116.074409 971.534973 3052.014648
-146.368347 685.278503 3050.375732
13.862243 683.675232 3049.076416
71.412064 419.275269 3118.229736
110.317001 188.129868 2956.670654
-306.598938 686.881836 3051.675049
-357.725769 384.958893 3111.107666
-347.985962 157.287170 2978.949463
-148.637665 470.567200 3035.472168
-40.374069 254.749863 3019.672119
-149.384323 -153.884964 3035.924805
-121.950790 -614.732788 3089.607666
-261.439911 256.961914 3021.465088
-241.368011 -235.421143 3032.520508
-172.695572 -699.913574 3101.931152
-116.926453 970.649963 3052.543213
-146.683090 681.981262 3049.473877
13.503545 687.896240 3037.838135
69.502098 423.426880 3109.226318
105.455032 188.089203 2919.099365
-306.869720 676.066284 3061.109619
-356.371460 383.890930 3123.416504
-350.405518 116.758942 2987.045654
-140.091934 461.994965 3028.383789
-10.543973 246.548935 2998.362305
-147.237610 -144.225876 3035.173828
-137.228302 -596.655579 3103.752441
-256.457581 237.468430 3016.225098
-229.322449 -248.013046 3016.930908
-165.066895 -700.523499 3090.333984
-117.226166 969.882690 3052.861816
-147.647400 681.914673 3049.753418
11.439840 691.188843 3033.895996
68.362366 425.819122 3100.604248
99.958054 186.491547 2892.264160
-306.734619 672.640442 3065.610840
-357.737244 375.927155 3129.395508
-354.009644 110.839905 2998.239502
-136.958725 457.543610 3025.762695
0.658350 240.572021 2989.120117
-137.658630 -179.477600 3031.984863
13.217178 -113.124390 2662.409180
-253.198471 225.773132 3014.423828
-221.262543 -243.124268 3008.075684
-158.451965 -694.946655 3085.865723
-118.050941 969.184326 3052.749023
-147.974258 682.186890 3049.974121
11.046885 693.166382 3031.446289
67.688393 428.303406 3099.100342
103.022797 182.192505 2889.324463
-306.995422 671.207458 3068.501953
-357.689148 376.039368 3134.437744
-348.285004 115.077362 3007.566895
-135.511978 458.904358 3024.620117
5.523229 244.499008 2984.285889
-115.346664 -173.494705 3031.422119
-13.999092 -178.116028 2721.304932
-251.622620 226.744614 3014.246338
-213.853729 -233.813461 3002.464355
-152.856583 -683.225769 3078.119629
-119.271317 968.833130 3054.056152
-148.550201 681.633240 3050.483154
11.625842 692.194763 3035.969727
68.388626 420.644409 3100.210449
105.871994 177.359756 2894.743408
-308.726227 671.071716 3064.996582
-358.602356 378.712158 3135.026611
-349.288574 105.576050 3006.366211
-135.490585 459.610687 3033.046875
1.248090 245.743179 3004.404053
-100.966232 -173.031448 3024.764648
-13.752411 -179.948792 2716.682373
-246.110031 229.433121 3026.817139
-210.096130 -230.679428 3008.032715
-150.023499 -680.658447 3084.754639
-119.470718 967.945679 3056.572754
-148.807098 681.149902 3050.059326
11.662896 691.395508 3035.227295
68.051727 417.092407 3099.479248
107.598160 173.941162 2895.111328
-309.277130 670.904297 3064.891357
-349.457520 393.315399 3121.862305
-354.417267 86.358002 3008.863770
-136.001602 458.293732 3034.660645
-0.476609 243.272903 3007.919189
78.721733 146.033020 2687.729004
2.487694 -257.598724 2802.321533
-245.915604 227.602249 3030.604736
-208.672928 -229.442123 3008.402588
-148.787506 -678.765625 3083.118652
-119.739380 968.031067 3057.562500
-149.084442 679.016174 3048.923584
11.710411 688.712524 3035.143799
67.337433 412.520142 3098.198730
121.212494 139.266052 2936.281738
-309.879272 669.319763 3062.703369
-353.118835 388.407990 3125.309082
-361.110657 89.812927 3005.862549
-136.721725 455.371887 3035.811523
-3.146889 239.037064 3012.311768
65.025421 140.047806 2704.741699
-3.717194 -266.268860 2836.659180
-245.571136 224.418167 3033.087158
-207.167145 -228.549149 3009.686523
-147.022308 -677.492493 3086.361816
-119.546173 967.955811 3059.108887
-148.652237 678.940796 3048.886719
12.338533 687.906006 3034.892090
66.458405 414.978394 3099.826172
126.835739 111.267365 2994.679932
-309.642975 669.975586 3062.881348
-354.401123 386.162170 3126.298584
-351.804901 89.789490 2998.974365
-136.795563 449.116882 3038.053955
-6.845255 225.869324 3016.955566
58.425636 87.368973 2726.656494
-8.624680 -311.112671 2864.802490
-243.032516 212.716614 3037.486816
-203.735214 -217.712189 3011.033691
-138.853043 -679.654053 3093.296387
-120.566582 968.101257 3059.685059
-148.526321 677.085632 3048.581787
12.855283 685.890015 3037.711182
67.652786 407.055267 3103.904541
141.603409 91.313965 3058.488281
-309.907959 668.281250 3059.452393
-354.038940 384.370239 3123.197998
-349.277100 103.894989 2984.970459
-136.622406 445.730469 3037.922119
-7.980268 220.744141 3019.399170
62.171391 -20.316940 2765.279541
-12.984325 -383.642334 2947.855225
-241.456711 208.006470 3035.125732
-201.547318 -218.924561 3012.799561
-135.796722 -683.442810 3100.831543
-121.251770 967.931152 3060.250732
-147.668747 676.761719 3049.217773
14.201741 686.326294 3049.715576
69.332405 401.533234 3114.330811
155.430542 96.745300 3092.641113
-309.539215 667.197083 3048.719971
-352.711304 385.124115 3113.004883
-357.220856 93.490936 2972.239502
-133.864258 443.615479 3040.004395
-8.723996 217.047882 3031.133301
60.659855 -49.387909 2786.487549
-10.938641 -423.708740 2954.808350
-231.395554 203.890656 3030.448730
-200.668518 -220.677368 3023.107666
-135.046936 -684.440430 3109.185791
-121.646706 967.829529 3060.838623
-146.441269 674.339478 3048.357178
16.153248 683.754211 3046.091797
72.345612 400.099091 3111.364502
143.438950 102.144073 3054.222900
-309.035767 664.924744 3050.622559
-351.876404 383.731476 3117.011719
-350.162903 101.732239 2969.618896
-133.033844 439.318970 3033.930664
-12.198200 210.518890 3018.007324
52.973614 -158.471832 2846.030762
-18.526768 -527.803955 2997.720947
-227.054642 198.078033 3021.000977
-201.324387 -260.881744 3024.535400
-129.914886 -708.376221 3126.384766
-121.820229 967.800659 3060.866455
-145.126602 672.724426 3047.242432
18.025379 683.991577 3041.866943
72.752602 408.511383 3109.715332
158.334656 95.471039 3055.266602
-308.278564 661.457336 3052.617920
-346.536041 378.671173 3119.360840
-349.077850 87.267975 2959.393311
-129.343231 436.093018 3030.300293
-9.169477 206.670700 3009.918701
48.144711 -174.833694 2866.733154
-10.904110 -554.180359 3012.718994
-217.950241 192.252487 3016.797607
-203.318512 -274.387817 3023.771729
-131.165909 -699.325623 3119.216797
-120.818184 967.462524 3060.578613
-140.607162 669.794250 3045.312256
22.592308 680.989380 3038.777588
75.794495 404.047577 3108.656006
156.790009 111.176300 3045.252441
-303.806641 658.599121 3051.846924
-333.121826 360.404816 3114.451660
-338.302399 70.806488 2968.082031
-124.946404 431.447327 3028.097900
-3.396476 200.364166 3006.643555
33.172081 -212.226440 2908.107422
-7.810535 -612.150269 3027.138916
-215.174820 185.836639 3015.123535
-201.572968 -279.158844 3028.283691
-131.306427 -698.544922 3132.801514
-118.819977 967.950562 3061.637451
-137.903259 668.919312 3043.663818
27.682636 678.574829 3030.144287
78.225311 401.934723 3103.824219
153.722229 111.529297 3047.397217
-303.489166 659.263794 3057.183350
-336.068268 365.406158 3121.691650
-334.735596 61.512909 2956.782227
-124.774506 427.476898 3032.027588
0.234715 192.558411 3011.256592
25.392982 -230.864838 2957.657471
-2.899855 -646.723328 3056.851318
-223.526215 179.510620 3029.526123
-199.165115 -278.834442 3028.671875
-130.886063 -696.722290 3136.107666
-116.813950 968.959106 3061.310059
-134.872284 667.631348 3039.758789
33.526497 677.456909 3024.586426
81.083359 402.072418 3104.933594
154.828522 113.753571 3037.499023
-303.271057 657.805786 3054.931152
-331.483673 355.791077 3116.358398
-319.192261 52.792786 2949.817871
-121.566124 425.242645 3030.474365
1.156251 189.238037 3011.331787
17.547787 -237.866608 2983.418457
-4.439260 -661.394897 3071.750244
-217.676193 176.469788 3031.048096
-197.227737 -282.062897 3034.823730
-129.513138 -701.880981 3143.103760
-115.411148 969.641235 3061.330811
-132.313873 667.301392 3037.477539
37.993225 676.836365 3022.569092
90.014160 401.000458 3104.710693
156.702179 95.049896 3016.136230
-302.620972 657.766357 3052.385986
-329.813538 351.858978 3112.110107
-329.586090 60.951508 2953.964111
-119.405647 425.167725 3030.073730
1.546371 189.083115 3013.211914
9.788931 -244.157730 3006.947754
-8.277111 -672.629517 3086.012939
-214.541214 176.985031 3032.127930
-195.352936 -283.651672 3039.217529
-128.261658 -703.571289 3148.000732
-113.842827 970.633423 3061.170166
-129.006546 666.612061 3035.131348
41.376087 677.908447 3026.736816
96.022980 400.089447 3109.808105
148.024811 96.909210 2995.480957
-299.389191 655.315674 3043.525879
-327.999878 347.721344 3099.741455
-325.099304 54.910889 2932.918213
-113.293663 429.049103 3034.368408
16.608601 199.056931 3027.979492
7.252726 -251.474655 3022.529541
-10.964987 -682.544739 3088.586182
-211.770172 183.915390 3039.231445
-194.473785 -261.066650 3039.271484
-143.147430 -681.179932 3153.895264
-104.742508 971.559692 3061.049316
-128.051071 666.158508 3033.637695
42.856304 678.249207 3023.354736
106.382858 395.344238 3101.474365
152.895538 103.628479 2984.466553
-298.958466 654.067871 3043.920654
-326.682404 346.514465 3096.896973
-313.879150 46.669617 2944.156006
-111.128723 428.023682 3034.896484
16.780025 197.740463 3029.477539
6.347762 -255.514511 3033.654297
-11.355063 -689.293579 3094.221680
-205.192764 182.037216 3042.833008
-192.659134 -266.961792 3043.276123
-136.062469 -685.026733 3149.414062
-99.135338 971.983521 3060.096680
-126.134148 666.319214 3032.789307
45.835793 677.631226 3020.197754
123.963219 418.318481 3104.515381
145.899796 114.114716 2971.708740
-298.104095 655.007141 3045.380859
-326.663574 349.881195 3090.962158
-310.544830 46.191071 2924.386475
-110.292374 428.779999 3035.747803
16.992615 198.571472 3030.546387
7.603454 -254.849487 3040.196533
-10.912978 -689.592712 3098.043701
-205.893829 183.910156 3046.866211
-188.511353 -267.490662 3046.663818
-133.010117 -685.478638 3147.933350
-96.042847 973.376343 3059.689209
-122.587990 666.956177 3031.319092
48.239952 677.190979 3018.363037
128.569168 423.144379 3101.040283
141.681320 120.030487 2975.918213
-293.415924 656.721436 3044.275146
-326.598419 354.793549 3085.507812
-312.298889 59.192963 2925.587158
-108.054909 430.992767 3036.538574
18.643797 201.749481 3033.251221
9.789130 -257.106903 3044.089600
-10.692042 -694.462158 3103.957520
-205.687454 188.309174 3050.264893
-188.559372 -266.071655 3047.620361
-132.914963 -684.738647 3150.802490
-97.829643 972.685303 3059.844238
-119.746750 666.818604 3029.749268
50.594864 676.064697 3016.562744
126.689018 407.362915 3096.047607
146.462341 114.527771 2979.272949
-290.088379 657.572449 3042.935791
-324.472565 356.901123 3075.478027
-312.041748 61.267609 2920.143555
-106.514633 431.824951 3035.907227
18.353935 202.890915 3033.423096
11.242546 -260.258118 3044.710449
-10.328508 -698.743042 3105.916260
-204.918976 190.771713 3050.707275
-187.629608 -264.177246 3049.261475
-132.913483 -682.788086 3149.333496
-94.170723 972.930359 3058.095947
-116.329407 667.573853 3028.628174
52.599598 675.144470 3016.674805
129.717377 403.802399 3092.414307
141.849335 110.754028 2967.342529
-285.258392 660.003174 3040.581543
-316.849731 360.843719 3063.284668
-306.272369 63.066864 2927.074951
-105.330406 432.758209 3035.349609
16.137028 202.893295 3034.254395
11.969347 -261.628479 3044.072021
-10.150242 -700.014343 3104.304199
-204.799850 192.991867 3049.887695
-184.659729 -261.961487 3051.651123
-132.547302 -682.887939 3149.683594
