-96.162521 972.231689 3062.499268
-91.007401 737.862061 3032.165039
91.188766 740.552979 3051.163818
91.188576 419.456787 3051.163818
91.194046 98.360931 3051.163818
-273.203583 735.171204 3013.166260
-325.187469 403.913330 3040.281250
-245.333679 81.661713 2979.124512
-84.398849 494.121399 3003.311523
33.732548 252.027802 2986.087158
54.260078 -238.630585 2986.876709
-3.428097 -707.254578 2980.820312
-189.313141 248.733612 2962.828857
-214.322937 -173.618866 3094.312256
-119.671333 -632.952209 3105.988770
-96.743904 972.459045 3061.976074
-90.339294 738.092773 3031.655518
91.725906 741.139038 3051.825195
91.725716 420.042847 3051.825195
91.731186 98.946991 3051.825195
-272.404510 735.046509 3011.485840
-324.296844 410.785339 3041.800537
-278.148590 86.898651 2961.456787
-83.091812 494.335754 3003.049561
36.545998 252.459213 2986.894531
52.993462 -238.353439 2987.143066
0.552822 -707.621643 2983.916992
-188.234665 248.698227 2961.992676
-206.789139 -199.136398 3092.911621
-98.783386 -625.674255 3102.856445
-97.023872 971.666748 3062.258301
-89.475876 737.883484 3031.781494
92.585327 741.347412 3051.955078
92.585136 420.251221 3051.955078
92.590607 99.155365 3051.955078
-271.537079 734.419556 3011.607910
-319.686951 397.860382 3045.440918
-291.214996 77.641174 2941.458984
-81.598648 494.220520 3002.529541
38.975410 252.701752 2985.765137
52.142570 -238.209900 2985.718018
4.623463 -708.011841 2984.642822
-186.418243 248.413361 2960.790039
-218.643021 -205.510437 3109.088867
-75.461044 -634.612793 3092.596680
-98.098259 972.016785 3062.370850
-91.746719 737.819458 3030.662109
90.529083 740.589172 3048.813477
90.528893 419.492981 3048.813477
90.534363 98.397125 3048.813477
-274.022522 735.049744 3012.510742
-323.378571 399.082184 3041.878662
-297.541290 78.220520 2933.528809
-85.016869 494.267761 3000.244141
34.202652 252.425369 2981.028076
44.738621 -238.549789 2980.833008
1.784061 -708.791931 2981.361328
-190.776688 249.006790 2958.624268
-189.746201 -220.045090 3070.054932
-101.672363 -667.375244 3097.656250
-98.406174 973.200745 3062.398438
-90.121643 738.847168 3030.319824
92.154572 743.354675 3048.103271
92.154381 422.258484 3048.103271
92.159851 101.162628 3048.103271
-272.397858 734.339661 3012.536377
-325.968658 401.346802 3043.354980
-301.054718 79.963440 2933.479980
-81.168503 495.327026 3000.275879
44.360458 254.689682 2981.605469
52.788803 -236.326157 2981.348633
14.032436 -706.930176 2983.043945
-188.791183 248.924057 2958.858398
-194.363312 -216.363297 3098.263916
-87.373062 -662.055969 3089.169189
-99.583275 973.700684 3062.421143
-89.987450 739.559875 3030.691650
92.153923 744.861389 3049.627686
92.153732 423.765198 3049.627686
92.159203 102.669342 3049.627686
-272.128845 734.258362 3011.755615
-325.117035 403.867004 3044.244141
-302.954468 81.644745 2934.847656
-79.821114 496.030151 3001.084229
44.451775 255.821701 2983.339600
51.193230 -235.220200 2983.069580
16.273758 -706.120789 2985.587402
-183.761337 249.179184 2959.614014
-206.491470 -212.203079 3116.338379
-72.587341 -658.337341 3079.344727
-100.750252 973.786133 3062.448730
-89.282982 739.490540 3030.430908
92.642601 746.196655 3050.885010
92.642410 425.100464 3050.885010
92.647881 104.004608 3050.885010
-271.208557 732.784424 3009.976807
-325.796356 405.809967 3049.589355
-309.099548 81.795074 2944.068359
-76.913933 496.145081 3000.199219
48.410431 256.963348 2982.667236
53.802307 -234.095184 2982.409912
22.372734 -705.238281 2985.481201
-177.500198 248.635895 2957.267822
-212.909042 -264.088348 3118.638428
-80.432465 -713.268555 3082.177979
-101.939201 972.712952 3062.958740
-92.021179 738.887207 3030.145752
90.114349 744.708862 3048.930664
90.114159 423.612671 3048.930664
90.119629 102.516815 3048.930664
-274.156708 733.065674 3011.360840
-330.164246 403.114197 3051.918701
-311.318848 79.645844 2944.638916
-81.047676 495.567322 2999.154297
43.010715 255.861938 2979.825928
47.323147 -235.207306 2979.593750
19.056313 -706.548340 2983.010498
-183.159058 248.632874 2956.499756
-242.199463 -224.106567 3075.660645
-112.368927 -677.713623 3056.747314
-104.015747 974.173523 3063.718994
-93.029053 740.033386 3030.878174
88.905533 746.824646 3051.222168
88.905342 425.728455 3051.222168
88.910812 104.632599 3051.222168
-274.963623 733.242065 3010.534180
-335.085205 401.447784 3051.296387
-284.902374 77.681976 2962.492920
-80.416405 496.873932 2999.255859
45.155174 257.931030 2980.264648
48.604294 -233.145050 2980.062012
23.195812 -704.647400 2983.665527
-180.762695 249.497940 2955.002441
-249.641571 -228.365952 3044.832520
-126.428139 -684.188904 3040.716064
-105.805801 974.184326 3063.038574
-94.862053 739.144897 3029.964111
87.058998 746.470459 3050.320801
87.058807 425.374268 3050.320801
87.064278 104.278412 3050.320801
-276.783112 731.819336 3009.607422
-336.550323 399.448700 3053.596436
-253.933685 79.910553 2977.765625
-81.606384 495.926758 2999.026367
44.593491 257.256622 2980.727051
47.352184 -233.823822 2980.554199
24.521610 -705.457520 2984.224609
-181.294937 248.160614 2955.450195
-249.434814 -233.809296 3020.485596
-134.829681 -691.827271 3028.118164
-107.981743 974.485596 3062.713867
-95.968269 739.835083 3030.964600
86.004875 746.774963 3051.029053
86.004684 425.678772 3051.029053
86.010155 104.582916 3051.029053
-277.941406 732.895142 3010.900146
-338.640656 398.172699 3053.081299
-232.719940 83.560394 2983.528076
-83.351784 496.495056 3000.706299
42.237434 257.463501 2982.904541
44.444000 -233.619751 2982.759277
23.934807 -705.360229 2986.408447
-183.708038 248.846619 2957.991455
-245.737061 -236.124481 3004.068359
-140.740814 -696.206421 3020.604004
-110.321701 976.271973 3062.568359
-98.465820 740.311890 3032.198486
83.449829 747.832764 3052.587891
83.449638 426.736572 3052.587891
83.455109 105.640717 3052.587891
-280.381470 732.791016 3011.809082
-340.991058 401.558289 3062.207520
-228.714813 88.853638 2988.894531
-85.049980 496.973694 3002.259277
40.815495 258.284485 2984.923584
42.580475 -232.800537 2984.802979
24.159286 -704.627808 2988.366455
-184.083786 248.986511 2959.716553
-219.436111 -289.771667 3119.203125
-85.195023 -739.860596 3084.587891
-112.744431 977.431519 3062.486084
-101.141159 741.810364 3033.488281
80.855911 749.549622 3053.052979
80.855721 428.453430 3053.052979
80.861191 107.357574 3053.052979
-283.138214 734.071106 3013.923584
-343.282654 407.994507 3065.812256
-287.921967 89.159393 2976.707275
-87.631973 498.408325 3004.104004
37.262226 259.742859 2986.693604
38.674030 -231.343323 2986.594238
22.129395 -703.241089 2990.027100
-185.507812 250.269760 2962.745850
-228.350418 -243.997482 3137.798584
-77.002182 -714.226807 3065.998535
-116.832916 977.582336 3065.469971
-107.993645 741.846375 3036.217529
74.146278 747.692322 3055.007080
74.146088 426.596130 3055.007080
74.151558 105.500275 3055.007080
-290.133545 736.000366 3017.427979
-352.124969 400.510010 3071.417480
-315.413422 77.984497 2973.436768
-97.107552 498.373138 3006.442139
25.255619 258.477905 2988.166748
26.384939 -232.609009 2988.085449
11.525857 -704.564026 2991.357422
-197.698532 251.321945 2965.166748
-267.498047 -216.613266 3096.818848
-124.142288 -664.067810 3049.844482
-121.838158 977.924500 3068.969971
-113.455025 741.820129 3038.627686
68.853340 747.387512 3055.789307
68.853149 426.291321 3055.789307
68.858620 105.195465 3055.789307
-295.763397 736.252808 3021.466064
-352.453125 407.454865 3074.619629
-298.011749 83.097351 2985.154053
-103.143402 498.415771 3008.048340
19.027664 258.427368 2987.998779
19.931040 -232.660004 2987.932617
6.585376 -704.661499 2991.024658
-204.691223 251.595413 2966.939209
-202.865250 -240.663651 3076.269287
-105.334923 -712.292053 3060.924316
-125.021835 976.377075 3065.707031
-120.414009 740.832520 3038.785889
62.093559 744.339355 3054.133057
62.093369 423.243164 3054.133057
62.098843 102.147308 3054.133057
-302.921600 737.325684 3023.438721
-355.079742 413.207916 3075.793457
-317.357086 85.599884 2985.637939
-113.363693 497.046997 3010.648682
1.075562 255.324905 2991.541748
1.798210 -235.762802 2991.488037
-10.188913 -707.801941 2994.389893
-213.702301 251.198013 2973.481201
-230.130615 -227.436661 3105.169189
-99.869492 -691.667175 3061.641357
-128.743469 974.531006 3063.543701
-123.790504 738.792725 3040.494629
58.620689 742.002197 3057.111572
58.620499 420.906006 3057.111572
58.625973 99.810150 3057.111572
-306.201691 735.583313 3023.877686
-356.750122 416.779480 3077.878418
-337.311951 88.069397 2984.365234
-117.198944 494.672791 3015.286133
-0.548348 252.489288 3000.103516
65.079781 -200.569702 3017.860840
-3.229591 -674.311401 3054.826660
-220.666428 248.616364 2980.051758
-215.029770 -233.095642 3082.565186
-136.580475 -698.282593 3096.060791
-133.659225 973.167969 3064.471924
-128.687088 737.403076 3042.940674
53.720367 741.579956 3059.457031
53.720177 420.483765 3059.457031
53.725651 99.387909 3059.457031
-311.094543 733.226135 3026.424316
-360.388916 407.377869 3080.415283
-347.909485 78.317657 2977.734863
-120.956612 493.145142 3019.336182
-1.787735 251.439041 3005.822021
61.599072 -168.419785 2906.863525
-13.055614 -646.790649 3027.846436
-224.664551 246.335403 2985.641357
-208.096115 -236.184860 3078.143555
-144.519089 -700.470459 3123.218994
-138.245392 970.528381 3065.475342
-130.922363 734.757996 3044.839355
51.084282 740.859375 3064.521240
51.084091 419.763184 3064.521240
51.089565 98.667328 3064.521240
-312.928986 728.656616 3025.157471
-362.352997 414.110962 3077.570068
-360.361053 82.277924 2978.747803
-120.252045 490.555664 3021.868896
2.321930 250.104675 3010.999512
76.538460 -131.019836 2839.773926
-4.288887 -592.205322 2998.265381
-221.485382 242.601990 2986.797363
-201.385605 -240.573212 3073.414551
-136.438477 -704.772766 3124.120117
-140.316696 972.081665 3064.445312
-132.516373 736.465271 3046.764893
49.103130 742.265381 3069.755371
49.102940 421.169189 3069.755371
49.108414 100.073334 3069.755371
-314.135895 730.665161 3023.774414
-368.196564 404.571472 3073.773438
-368.020508 72.928802 2980.171387
-122.095795 492.040771 3026.108398
0.330892 251.193222 3019.630371
73.251411 -84.257156 2780.901123
-6.162262 -523.849915 2970.646973
-223.681320 244.039291 2991.273438
-208.908951 -237.152695 3088.055176
-137.010559 -676.573792 3108.441406
-141.578506 977.999573 3078.466797
-131.963257 742.321411 3054.409912
49.343441 748.907715 3079.633545
49.343250 427.811523 3079.633545
49.348724 106.715668 3079.633545
-313.269958 735.735107 3029.186279
-372.833130 410.976562 3068.836670
-371.342529 79.360809 2978.116211
-119.668182 498.384949 3029.728760
4.602748 258.516266 3020.625732
82.916412 -26.858917 2728.134521
2.209579 -443.655273 2930.007324
-219.348969 250.380768 2989.469482
-198.621307 -229.193939 3092.660400
-128.057129 -658.154297 3088.688477
-140.539459 976.949768 3070.935059
-131.817413 740.902710 3053.925537
49.140228 747.334351 3081.605225
49.140038 426.238159 3081.605225
49.145512 105.142303 3081.605225
-312.775055 734.471069 3026.245850
-372.816376 416.725464 3069.496094
-371.564941 88.463959 2969.115723
-119.992348 496.567657 3033.391846
3.681276 256.207947 3029.966797
81.875221 24.113647 2698.887695
-0.978188 -380.784515 2902.823975
-220.015839 248.257278 2995.749512
-205.337982 -230.604782 3103.170898
-131.376923 -662.382446 3088.512695
-145.019547 978.453125 3079.205078
-134.275742 742.715820 3058.309570
46.334072 750.536926 3087.864746
46.333881 429.440735 3087.864746
46.339355 108.344879 3087.864746
-314.885590 734.894653 3028.754395
-376.404053 407.346832 3065.268311
-365.163666 81.928162 2952.722900
-119.984100 498.701599 3035.546631
5.982738 259.523376 3031.058350
89.729340 94.513794 2657.376221
8.802628 -305.935333 2844.844482
-217.367661 249.851440 2994.509033
-198.025360 -230.692444 3093.079834
-127.181839 -658.021790 3074.885254
-145.124374 978.464722 3074.808105
-134.719421 741.823608 3057.742676
45.612118 749.731567 3088.981934
45.611927 428.635376 3088.981934
45.617401 107.539520 3088.981934
-315.050995 733.915588 3026.503418
-377.515076 413.448792 3067.874023
-359.230408 89.885376 2948.512695
-120.504868 497.567383 3037.519043
5.229787 258.201630 3036.614258
88.456932 157.787537 2643.178223
11.993591 -238.436981 2794.412354
-217.810410 248.420746 2997.976562
-201.771652 -230.626953 3104.161377
-127.360619 -664.745361 3077.513428
-146.755249 977.002014 3082.121338
-134.795486 741.313232 3061.807861
45.809448 749.892700 3091.252686
45.809258 428.796509 3091.252686
45.814732 107.700653 3091.252686
-315.400421 732.733765 3032.363037
-374.277771 396.732025 3057.950684
-352.436859 77.803375 2933.330322
-119.432358 497.387817 3038.648438
8.566618 258.813049 3033.852539
86.453743 199.777618 2668.212891
10.591385 -231.340057 2737.855957
-216.705078 248.111771 2997.125488
-194.964355 -232.731491 3093.444580
-125.837440 -664.961243 3069.179932
-146.880966 976.949951 3086.291748
-136.312668 741.995850 3064.287354
44.665882 749.492188 3091.632568
44.665691 428.395996 3091.632568
44.671165 107.300140 3091.632568
-317.291199 734.499390 3036.942139
-377.633484 384.871002 3050.996338
-348.337006 69.406097 2918.780029
-122.653358 497.988312 3040.777588
3.421848 258.637238 3034.253418
76.367416 266.947540 2643.030762
12.936234 -187.111267 2656.352295
-221.409958 249.324371 3000.282227
-203.881088 -231.995331 3095.512695
-132.092834 -658.650513 3068.522217
-146.326797 972.455322 3087.855713
-134.936661 737.361145 3066.699463
46.083698 745.709961 3093.591064
46.083508 424.613770 3093.591064
46.088982 103.517914 3093.591064
-315.957001 729.012329 3039.807861
-375.352020 379.405975 3046.008545
-344.981598 65.063873 2910.659180
-120.206757 493.395691 3043.286621
6.726871 254.605164 3036.542236
88.564972 306.524323 2637.582520
31.849380 -163.005096 2584.743164
-217.680588 244.255310 3003.205322
-190.072922 -237.404816 3093.898682
-121.481842 -670.494019 3066.605469
-145.174072 968.805237 3089.125244
-133.496567 733.465881 3069.130859
47.437328 742.567810 3096.398193
47.437138 421.471619 3096.398193
47.442612 100.375763 3096.398193
-314.430481 724.363953 3041.863525
-374.709534 374.174225 3041.468994
-342.963287 62.521179 2901.794434
-117.779602 489.504028 3046.274902
9.971599 251.178101 3040.302979
92.406982 321.871033 2634.401611
50.549183 -131.393677 2474.481934
-214.096878 239.906250 3006.534912
-187.962769 -241.572144 3099.085693
-119.484718 -671.077881 3064.185303
-144.301010 963.881104 3075.768799
-133.410217 727.608154 3066.183350
47.133537 737.072083 3095.747314
47.133347 415.975891 3095.747314
47.138821 94.880035 3095.747314
-313.953949 718.144226 3036.619385
-372.908081 373.124237 3045.716309
-337.508118 65.018951 2897.379150
-118.255669 483.105560 3051.905273
8.641245 244.460388 3055.925049
87.286049 318.449951 2635.472168
67.857147 -102.682373 2374.012451
-214.843506 232.745544 3019.329346
-189.589172 -247.631805 3117.729004
-125.240944 -676.042236 3073.233398
-143.538879 961.225281 3068.592529
-134.636719 723.480286 3066.283936
45.648518 732.917114 3097.412354
45.648327 411.820923 3097.412354
45.653801 90.725067 3097.412354
-314.921936 714.043457 3035.155518
-372.979156 373.080383 3042.846436
-329.768555 65.294769 2898.714111
-120.388779 478.643738 3057.988281
5.402364 239.645798 3068.951904
81.630257 299.748047 2636.468506
89.415810 -56.818085 2283.738770
-217.684036 227.968613 3030.433350
-192.847580 -254.289963 3118.939697
-125.542404 -672.190063 3072.325439
-144.647110 957.112732 3067.497559
-137.787994 719.151001 3066.751221
42.263206 727.448608 3099.501953
42.263016 406.352417 3099.501953
42.268490 85.256561 3099.501953
-317.839172 710.853333 3034.000488
-371.994141 372.553253 3030.406982
-322.628113 63.990143 2902.080322
-125.416130 474.085663 3060.823975
-1.657119 234.153625 3075.157715
93.810081 257.930298 2620.246582
101.286598 -30.505035 2225.571777
-224.431427 223.887085 3034.635742
-201.284470 -259.455627 3117.740723
-131.567291 -668.774414 3073.322510
-142.411880 958.676147 3064.984375
-138.150894 720.435791 3067.348877
42.360100 726.433960 3097.892090
42.359909 405.337769 3097.892090
42.365383 84.241913 3097.892090
-318.661865 714.437622 3036.805664
-374.720306 379.701385 3035.184570
-321.964813 75.319336 2903.637451
-129.042358 475.195557 3061.677979
-8.259565 233.666107 3074.902832
110.250374 354.936340 2447.854492
104.577179 -21.502106 2208.944824
-231.608078 226.244537 3037.111328
-206.285751 -258.294342 3112.103760
-131.084183 -660.481201 3073.051758
-142.982407 955.543884 3064.252441
-140.852356 717.185791 3066.454102
40.388077 720.766052 3092.362793
40.387886 399.669861 3092.362793
40.393360 78.574005 3092.362793
-322.092773 713.605530 3040.545410
-382.365662 376.353455 3041.138672
-318.977234 71.450195 2903.224609
-135.092606 471.850952 3060.064697
-17.187014 228.731491 3069.706787
90.394768 278.108032 2515.704346
92.164200 -78.942841 2249.881104
-241.478699 224.300766 3037.643799
-212.777252 -261.022888 3106.112061
-133.344666 -664.361938 3069.306152
-142.544388 956.987732 3063.845215
-142.372696 718.420288 3065.220459
38.964237 720.142090 3090.912109
38.964046 399.045898 3090.912109
38.969521 77.950043 3090.912109
-323.709625 716.698486 3039.528809
-382.052704 389.471375 3043.597168
-322.560364 78.590759 2911.216064
-139.115097 473.027100 3058.673340
-23.711855 228.698700 3068.014893
81.671204 305.987732 2561.717285
82.055916 -115.537689 2312.805664
-248.003143 226.569061 3036.237549
-203.412811 -256.893097 3107.790283
-132.285309 -658.437500 3062.435547
-141.689133 961.962463 3076.129639
-144.716965 724.358887 3068.860352
36.436459 722.843750 3095.797363
36.436268 401.747559 3095.797363
36.441742 80.651703 3095.797363
-325.870422 725.873962 3041.923340
-378.494324 389.224945 3042.754395
-329.636292 75.575531 2915.151855
-144.899170 479.255646 3056.299805
-33.024113 233.215240 3060.401855
71.724579 318.516846 2585.081543
60.916939 -152.245850 2391.125732
-257.138611 235.089630 3027.076660
-204.376892 -247.810944 3097.508057
-132.995804 -655.822632 3050.264893
-140.894211 959.858398 3069.266602
-145.857407 722.862854 3064.483887
35.140491 719.753784 3092.451904
35.140301 398.657593 3092.451904
35.145775 77.561737 3092.451904
-326.855286 725.971863 3036.515869
-376.739258 383.124847 3053.363037
-332.851135 72.378052 2918.372070
-148.361786 477.655762 3053.433105
-38.921131 230.525772 3059.680176
69.606049 302.817505 2607.657715
48.202232 -180.563843 2482.179688
-262.811218 234.371597 3025.084473
-198.932098 -247.245987 3095.019287
-129.139557 -666.396118 3053.202881
-140.228195 962.024658 3078.343262
-145.127014 724.738525 3066.055908
34.926865 720.536194 3099.135010
34.926674 399.440002 3099.135010
34.932148 78.344147 3099.135010
-325.180878 728.940796 3032.976807
-376.298370 382.512848 3066.166992
-334.925995 69.912689 2930.171387
-147.929764 479.808350 3050.196533
-39.324272 232.278030 3054.804932
69.326576 281.998199 2614.826172
40.624668 -202.192444 2568.587158
-262.140778 237.478348 3013.869385
-191.159821 -241.187363 3095.653076
-121.555763 -666.725159 3047.399414
-138.631271 968.488953 3084.379395
-144.517563 732.003357 3067.353027
35.186092 725.677063 3102.114258
35.185902 404.580872 3102.114258
35.191376 83.485016 3102.114258
-324.221222 738.329651 3032.591797
-373.082977 393.297180 3069.808350
-342.664093 73.703156 2946.761963
-149.067154 487.502319 3046.375488
-42.477169 239.088730 3046.896240
62.682491 245.963699 2622.958740
23.831539 -240.131638 2653.339111
-264.756317 246.913864 3003.899658
-198.406189 -231.369949 3092.141357
-127.837387 -658.509033 3047.822021
-138.344604 972.330872 3086.390381
-145.015411 735.778320 3065.751221
34.233360 727.692383 3102.515137
34.233170 406.596191 3102.515137
34.238644 85.500336 3102.515137
-324.264191 743.864258 3028.987305
-373.377533 409.121338 3072.295898
-350.240417 84.171570 2961.258301
-151.219116 491.508301 3042.273438
-46.556152 242.237030 3041.534424
58.273285 190.235001 2636.581055
13.347809 -282.312683 2737.771240
-268.289490 252.239471 2996.056885
-200.780029 -224.937103 3089.701416
-130.135254 -662.155518 3052.048096
-138.714752 974.578796 3086.928955
-145.366867 738.554199 3063.771240
33.810753 730.839844 3101.086914
33.810562 409.743652 3101.086914
33.816036 88.647797 3101.086914
-324.544495 746.268494 3026.455566
-377.475525 422.104401 3066.461914
-354.160522 93.282623 2966.437988
-150.540512 494.451904 3038.149902
-44.898376 245.578568 3035.607178
58.812386 133.387939 2655.054932
11.849648 -328.885895 2810.650146
-266.529938 255.120682 2989.449951
-198.608551 -221.319473 3086.779785
-126.059029 -664.361267 3054.333252
-139.852554 976.527832 3086.688965
-144.892563 740.474854 3062.611572
34.252613 733.282410 3100.250732
34.252422 412.186218 3100.250732
34.257896 91.090363 3100.250732
-324.037720 747.667236 3024.972412
-379.632263 428.058136 3067.963867
-361.416199 96.024292 2977.338379
-149.174988 496.401917 3036.354736
-42.654026 247.880417 3033.378174
55.815739 68.331024 2674.741943
6.334366 -375.805908 2874.539551
-264.260834 256.777588 2986.817627
-200.663513 -220.324829 3083.947510
-127.122520 -660.966431 3060.318604
-138.972366 976.924377 3088.609131
-142.794113 741.836365 3061.338867
36.051735 735.223816 3100.479004
36.051544 414.127625 3100.479004
36.057018 93.031769 3100.479004
-321.639984 748.448914 3022.198730
-378.910797 423.580841 3067.265137
-367.195465 90.277649 2979.543945
-145.673965 497.939941 3033.292969
-37.927727 249.953293 3029.457520
57.046364 11.103241 2702.545898
6.805676 -419.965240 2917.444580
-259.179901 258.133728 2981.036621
-201.031494 -218.648651 3082.926025
-124.577576 -661.966553 3061.160645
-139.448013 978.294922 3088.023193
-141.251633 743.770264 3058.824219
37.847290 739.238708 3097.061523
37.847099 418.142517 3097.061523
37.852573 97.046661 3097.061523
-320.350525 748.301880 3020.586914
-378.941406 421.370453 3069.721680
-369.814087 87.606140 2982.819092
-141.095062 500.054962 3029.207764
-30.151674 253.536499 3023.244141
54.440186 -33.393585 2736.509033
9.819843 -465.927826 2948.958252
-251.725311 259.142761 2975.938477
-200.559158 -217.420074 3082.363770
-123.876282 -658.156006 3065.351807
-139.040192 979.647583 3087.760986
-142.736618 744.480713 3056.600830
36.639458 738.178528 3093.231689
36.639267 417.082336 3093.231689
36.644741 95.986481 3093.231689
-322.112701 750.782898 3019.969971
-378.634827 420.919159 3069.806885
-368.200104 86.503021 2985.272217
-144.914093 500.975250 3025.369629
-36.134468 253.571426 3016.797119
36.870979 -69.451492 2783.910889
-4.939194 -518.718628 2980.635498
-258.048645 261.368103 2971.479736
-215.837204 -214.236603 3085.462891
-137.978058 -652.359497 3067.776855
-137.852722 982.538452 3088.127686
-142.291000 747.421265 3056.226562
37.255714 740.204346 3091.881592
37.255524 419.108154 3091.881592
37.260998 98.012299 3091.881592
-321.837708 754.638306 3020.571533
-379.745300 423.558624 3072.599854
-368.356079 89.573517 2986.317627
-145.630463 504.075500 3023.787109
-37.915253 256.265808 3013.401123
29.411133 -147.902283 2875.520752
-3.263088 -571.687622 3005.126465
-260.024628 265.193604 2969.294189
-212.950745 -208.136108 3090.663086
-132.809174 -658.457153 3070.918213
-137.485397 983.264893 3087.785889
-140.910248 748.549561 3053.461670
39.343102 742.497803 3085.401367
39.342911 421.401611 3085.401367
39.348385 100.305756 3085.401367
-321.163635 754.601318 3021.521973
-376.223389 424.344055 3070.772461
-375.069336 90.851166 2982.387695
-143.189377 505.290314 3020.232910
-33.951164 258.286987 3006.764404
32.076683 -187.017578 2947.216797
-2.295235 -614.675354 3014.097656
-256.985840 265.775085 2967.243896
-206.476700 -206.274109 3092.415771
-129.384521 -659.048828 3071.991211
-136.442001 986.418823 3087.631348
-139.521820 752.363403 3051.310791
41.289478 746.181458 3079.854004
41.289288 425.085266 3079.854004
41.294762 103.989410 3079.854004
-320.333099 758.545349 3022.767578
-375.315887 425.087280 3070.104492
-377.368011 90.900696 2984.117188
-142.374344 509.294739 3016.736328
-33.380924 262.402039 2999.818115
23.027344 -202.002716 3006.104248
-12.525406 -645.238525 3015.429443
-257.072815 270.050110 2964.505615
-208.033386 -201.302063 3093.024170
-131.311737 -653.537231 3078.793457
-136.810989 983.132080 3074.538818
-136.333069 748.049988 3044.712646
44.570080 745.906555 3073.165039
44.569889 424.810364 3073.165039
44.575363 103.714508 3073.165039
-317.236237 750.193481 3016.260254
-375.749298 430.059479 3075.317383
-373.275970 97.060608 2984.857666
-134.543625 504.418213 3014.981445
-20.846144 259.460449 3002.851074
31.433641 -209.727722 3065.576172
-5.507998 -676.622437 3022.206787
-244.662216 262.112366 2967.649414
-194.240311 -208.212891 3099.441895
-119.684570 -659.837219 3089.906982
-134.007507 981.835999 3068.461426
-130.176056 745.957153 3041.270752
50.832027 746.990479 3069.167236
50.831837 425.894287 3069.167236
50.837311 104.798431 3069.167236
-311.184143 744.923828 3013.374268
-373.523682 425.373474 3074.180908
-370.945160 93.571350 2979.320557
-124.450661 502.182312 3013.151367
-6.766782 259.046631 3002.286865
29.959103 -209.684540 3106.859131
-10.940948 -689.752502 3016.057373
-230.683746 257.768311 2967.777100
-190.203156 -212.886719 3101.512207
-118.575928 -647.298584 3096.001709
-135.457123 977.961853 3067.469238
-128.091675 742.139282 3038.597412
52.834457 746.026855 3066.837158
52.834267 424.930664 3066.837158
52.839741 103.834808 3066.837158
-309.017822 738.251709 3010.357666
-368.474854 423.576141 3072.465820
-364.991699 91.791687 2977.413574
-118.425049 498.509369 3010.204102
3.148485 257.284027 2999.277588
30.417686 -202.645905 3148.173096
-25.099369 -700.427490 3014.317627
-220.665329 252.474884 2964.343994
-199.526428 -219.119781 3098.061768
-124.242188 -642.277771 3099.016846
-132.541840 979.056030 3064.952881
-125.049034 742.644348 3035.587646
56.276237 747.405579 3061.016846
56.276047 426.309387 3061.016846
56.281521 105.213531 3061.016846
-306.374298 737.883118 3010.158447
-362.706451 416.033875 3072.386719
-357.319305 86.219421 2970.951904
-114.679871 498.998260 3007.268066
7.846999 258.297180 2994.677490
12.734569 -206.049683 3141.792236
-14.433774 -690.380859 3057.236084
-216.468430 252.407120 2963.219482
-202.964111 -216.361923 3107.586182
-135.485138 -662.062073 3114.409668
-131.332550 976.771118 3063.707031
-122.661339 738.943298 3033.686768
58.776344 744.591675 3058.274658
58.776154 423.495483 3058.274658
58.781628 102.399628 3058.274658
-304.099030 733.294922 3009.098877
-359.977966 418.842468 3069.039551
-353.190704 88.670105 2968.717285
-111.180161 495.383423 3004.916260
12.517144 255.316986 2991.353027
5.031559 -211.070740 3137.964844
-8.246825 -689.172241 3086.888184
-211.915100 248.330109 2960.938477
-197.581482 -221.475464 3102.485840
-143.838104 -678.236755 3130.970947
-128.609787 976.421082 3065.594238
-120.434288 740.045288 3032.937256
61.315437 745.256470 3055.202881
61.315247 424.160278 3055.202881
61.320721 103.064423 3055.202881
-302.183990 734.834229 3010.671631
-355.895660 413.928955 3063.886475
-352.733856 84.978149 2959.519531
-109.709641 496.668701 3002.354492
13.437845 256.515472 2985.544434
3.709498 -196.902344 3167.282471
-15.027099 -704.886353 3043.780029
-211.407822 250.068695 2957.999023
-203.004959 -219.255707 3101.826660
-147.993790 -680.528381 3142.766113
-128.705750 978.322266 3065.034424
-120.508179 742.220215 3031.744873
61.376759 746.743408 3053.137451
61.376568 425.647217 3053.137451
61.382042 104.551361 3053.137451
-302.393097 737.697021 3010.352295
-353.307098 415.515778 3063.087402
-353.153839 86.161774 2959.885010
-110.822357 498.831573 3000.854736
11.362240 258.240570 2983.196289
20.334370 -246.829132 3169.181885
-38.695854 -725.301147 3053.711914
-213.635315 252.645233 2956.732910
-206.656616 -215.384064 3104.961914
-152.884766 -679.758545 3145.920898
-128.596436 977.600708 3063.765137
-119.151237 742.162048 3029.748535
62.496166 747.692200 3052.843506
62.495975 426.596008 3052.843506
62.501450 105.500153 3052.843506
-300.798615 736.631836 3006.653564
-354.282104 420.019073 3058.848877
-351.403564 91.218536 2953.903809
-107.557755 499.144043 2996.754395
16.395679 259.546814 2978.045898
42.261620 -211.087128 3181.797852
-27.527626 -675.593994 3065.974365
-208.324234 252.705307 2949.474609
-190.967575 -215.676987 3095.501709
-148.738464 -680.718628 3151.851562
-127.561287 973.745422 3050.590088
-118.054901 738.093872 3024.570801
63.435139 744.577576 3048.669922
63.434948 423.481384 3048.669922
63.440422 102.385529 3048.669922
-299.544922 731.610107 3000.471680
-349.306396 418.895935 3054.638916
-350.132965 90.126587 2949.558105
-105.809097 494.403870 2997.910645
18.695660 254.724319 2986.156738
36.980381 -202.300949 3193.430664
-41.977039 -705.262146 3045.158203
-205.822250 246.703445 2956.344238
-192.401566 -217.332626 3115.617188
-148.026962 -654.396667 3149.904785
-128.486374 974.104614 3057.042969
-118.103973 738.670959 3025.966797
63.520584 745.267822 3049.035156
63.520393 424.171631 3049.035156
63.525867 103.075775 3049.035156
-299.728516 732.074036 3002.898438
-348.969360 411.770660 3048.954102
-348.724396 82.666260 2944.868164
-105.531021 495.279724 2996.578125
19.384094 255.968948 2981.458008
16.129240 -211.620377 3139.689453
-23.805315 -698.881104 3077.832520
-205.300232 247.808060 2952.920898
-201.739182 -218.296585 3106.621338
-145.221954 -628.585571 3127.592773
-128.142639 974.695190 3060.772217
-118.425491 739.635742 3026.805664
63.212734 745.744202 3049.937256
63.212543 424.648010 3049.937256
63.218018 103.552155 3049.937256
-300.063721 733.527283 3003.674072
-348.078979 411.789551 3045.327637
-348.365295 82.195435 2942.777588
-106.251175 496.449585 2995.427002
18.273792 257.041779 2978.356201
5.307873 -211.656097 3128.068115
-16.986580 -691.369507 3095.521240
-206.427505 249.485077 2949.740479
-202.143768 -215.256287 3107.866943
-146.921082 -654.260620 3136.401855
-125.048988 976.547180 3062.130127
-116.366722 740.951843 3026.709717
65.298759 745.832275 3049.910400
65.298569 424.736084 3049.910400
65.304039 103.640228 3049.910400
-298.032196 736.071411 3003.509033
-349.878876 414.201263 3039.558350
-345.228851 85.048889 2935.801514
-105.651016 497.869080 2993.937988
17.435658 257.805176 2975.517090
-0.098570 -212.133362 3118.690674
-10.505346 -687.993652 3109.130371
-207.306290 251.767456 2946.815430
-202.589905 -212.902222 3105.392578
-146.302643 -665.842529 3140.337891
-123.159798 977.076477 3062.315186
-115.855133 741.991699 3026.990723
65.886887 745.852539 3049.782471
65.886696 424.756348 3049.782471
65.892166 103.660492 3049.782471
-297.597168 738.130981 3004.198975
-350.528259 417.934998 3038.491211
-343.350006 91.281433 2927.474365
-106.459610 498.980347 2993.234863
15.353409 258.357056 2973.576904
2.167029 -199.422394 3148.256104
-18.434555 -705.834961 3061.029053
-209.481583 253.580872 2945.381104
-206.186356 -206.159851 3117.284912
-146.909439 -649.237183 3120.177002
