-108.209297 977.449707 3075.038818
-93.971085 743.165894 3044.785645
87.058762 752.516113 3071.171143
144.810471 374.249847 3095.924805
137.289246 72.962799 2977.997070
-275.000946 733.815674 3018.400146
-326.259430 400.789856 3056.108887
-317.510986 107.995636 2941.871094
-77.201042 499.992249 3015.900391
51.537182 262.601776 3003.334717
25.472029 -201.322632 3158.709473
-40.977051 -704.730713 3031.395996
-172.399185 251.035431 2970.695557
-199.506577 -222.019745 3098.843994
-139.948044 -683.767273 3171.812256
-108.058083 976.034424 3068.737061
-93.916252 741.423218 3042.821777
87.100624 751.300049 3069.210449
146.684311 401.069305 3107.488281
143.994019 97.191803 2994.104492
-274.933136 731.546326 3016.433105
-327.100403 407.438812 3055.563721
-307.008209 104.198975 2963.275146
-76.920959 497.859558 3017.402100
52.034119 260.404785 3008.303955
10.088646 -207.513611 3147.478516
-24.898705 -695.296326 3081.174316
-171.885437 248.187027 2975.660889
-196.666229 -223.489365 3109.526855
-146.347198 -686.966003 3180.901367
-108.445351 974.958984 3066.133301
-96.724762 739.914307 3040.885010
84.875504 747.807007 3063.320068
143.612457 410.024200 3111.791748
150.966324 105.138916 3000.555908
-278.325043 732.021729 3018.449951
-326.152618 405.663849 3055.293457
-307.230377 101.170471 2960.914062
-82.969299 496.151245 3015.297119
43.144165 257.271393 3003.590088
-1.853775 -215.573914 3124.637207
-28.090895 -695.378235 3094.935303
-181.571838 247.504913 2975.828369
-200.905350 -226.323212 3102.798584
-164.143204 -688.356140 3189.210693
-107.401520 972.148743 3065.824219
-97.322197 737.578064 3039.449707
84.568565 744.053833 3060.043701
142.214813 413.240295 3115.036377
155.510376 105.062134 3013.622314
-279.212982 731.102295 3018.855713
-325.910461 405.189819 3055.592285
-305.766937 100.509247 2959.153320
-85.697029 493.729065 3013.451660
38.427731 253.885361 3000.190918
13.989300 -210.551468 3151.806152
-41.284939 -710.502747 3054.894043
-186.571457 245.874802 2974.716309
-199.354004 -227.153275 3105.524902
-156.262039 -651.465332 3159.874756
-103.547699 969.223083 3064.637939
-95.553085 734.479980 3038.281250
86.318207 739.661621 3059.556641
140.245697 414.655396 3109.233887
154.652084 101.791840 3024.265625
-277.424408 729.298340 3017.005859
-322.395416 403.115570 3057.376709
-305.273407 99.911041 2954.696533
-85.551239 490.555664 3012.188965
36.937576 249.836182 2999.255371
14.802286 -217.581818 3144.882080
-30.539240 -702.355347 3079.112061
-188.036362 243.426514 2972.937988
-196.451828 -228.086823 3109.498047
-149.076218 -634.861206 3141.209717
-101.155693 968.021729 3063.536133
-93.212097 732.888428 3038.210693
88.336044 737.855408 3062.097656
138.658569 411.661530 3114.640869
155.906967 97.806061 3032.656982
-274.760254 727.921448 3014.323730
-323.414062 402.442993 3053.882080
-304.652313 97.837494 2954.985107
-83.133308 488.932068 3012.336426
39.245968 248.048141 3001.238037
12.724413 -223.915024 3131.392822
-17.923353 -702.162415 3105.535645
-185.355026 241.903305 2971.686279
-193.342178 -228.387375 3112.571045
-138.630859 -626.224182 3131.742676
-99.047600 968.706482 3064.006836
-91.469780 733.867188 3038.044434
90.440544 738.977722 3058.882568
139.867126 413.763916 3114.452148
155.121506 97.507263 3041.621826
-273.380096 728.756653 3017.206299
-321.134125 401.045624 3056.439209
-306.343475 97.411163 2953.650879
-81.699188 489.848022 3012.595703
40.598656 248.990173 3000.037109
7.104572 -224.910553 3122.360107
-13.923628 -700.061279 3108.022217
-184.455841 242.667542 2974.256836
-194.761932 -223.428497 3127.848633
-141.262695 -629.085144 3121.562988
-100.099243 970.525818 3063.311035
-92.541565 735.846313 3037.640381
89.400131 741.048096 3058.367188
140.954742 412.167969 3117.257324
155.732574 96.029816 3043.091309
-274.483246 730.644592 3016.913574
-319.904938 402.654938 3059.201172
-306.139648 99.330933 2955.073486
-82.636810 491.856903 3011.929199
39.796127 251.084702 2999.037354
7.143192 -224.074997 3117.602783
-14.874071 -697.211853 3121.466064
-185.260239 244.650253 2973.398682
-194.812256 -222.728317 3123.418701
-137.393738 -635.443787 3106.138428
-100.028275 970.546021 3063.523438
-91.327911 736.475891 3037.625000
90.674393 740.965332 3058.064697
143.224487 416.247284 3118.479492
157.968536 98.038940 3054.107178
-273.330200 731.986450 3017.185303
-319.599060 404.130188 3060.542725
-307.553284 100.057831 2958.278320
-82.362274 492.507721 3011.377930
39.176441 251.316406 2997.773438
3.380180 -223.280396 3118.177734
-7.628451 -695.903625 3115.483398
-185.969711 245.762695 2972.488281
-197.775818 -216.978882 3135.688477
-130.949402 -647.607056 3091.531250
-99.957504 971.927734 3062.953857
-93.455124 737.238708 3036.958008
88.700943 740.917847 3056.151367
144.129303 416.464447 3116.731689
156.606567 98.423950 3050.537598
-275.611176 733.559570 3017.764648
-319.507294 404.998871 3060.007080
-307.032715 100.382782 2959.342529
-85.832001 493.154419 3011.398682
34.464924 251.345917 2997.711426
-1.973003 -223.948517 3115.412354
-10.667095 -695.849854 3129.248047
-190.882675 246.794342 2973.967285
-206.677109 -215.966309 3137.132080
-129.057755 -658.816162 3082.689941
-100.296478 971.950012 3062.899658
-93.697731 737.145874 3037.183838
88.655479 740.392273 3054.439697
140.094116 415.828186 3116.470459
159.158478 98.707367 3047.553711
-276.050934 733.899536 3019.927979
-319.609894 406.340515 3061.802979
-306.508484 102.077515 2960.106934
-86.874893 493.103638 3010.994629
32.746624 251.069489 2995.479248
-0.356243 -224.090637 3114.811035
-4.703289 -695.889282 3132.640381
-192.850723 247.053253 2974.131592
-211.595657 -209.735321 3152.489014
-116.054283 -668.663513 3068.775391
-99.442612 971.214478 3064.114258
-92.235641 736.424072 3037.887207
90.051620 740.851440 3055.614990
140.188507 417.774261 3119.186279
154.474686 102.044861 3043.271484
-274.522888 731.996765 3020.159424
-322.288757 407.800415 3059.715820
-307.755005 101.643768 2964.278564
-83.757233 492.442810 3011.639160
37.473530 251.200027 2996.356445
7.245272 -222.586929 3121.681641
1.992760 -694.339661 3140.938965
-188.031174 245.723038 2974.425781
-202.852676 -280.677673 3157.939697
-74.726822 -706.288208 3012.097656
-99.997253 973.162048 3063.849854
-91.257278 737.979736 3037.866455
91.082016 742.895325 3054.968750
139.482498 418.750702 3117.426758
156.416916 101.922974 3046.633057
-273.596588 733.064148 3020.764160
-323.723785 406.823395 3056.978027
-307.847961 99.820496 2964.439697
-82.233871 493.996399 3011.788086
40.896599 253.089203 2996.412354
2.136879 -221.288757 3116.815186
4.592438 -693.119141 3133.010010
-187.317535 246.936920 2975.007080
-237.897400 -221.725677 3112.719482
-94.687714 -654.484741 2989.497559
-99.280991 971.305481 3064.134766
-91.407600 736.213135 3038.552979
90.822960 741.180603 3056.770508
136.860168 417.312927 3114.787354
160.569611 100.003632 3048.353516
-273.638184 731.245667 3020.335449
-324.641418 405.462219 3055.549072
-287.882080 97.111328 2978.188721
-82.196304 492.184265 3012.952637
41.937096 251.288086 2998.841064
16.464077 -208.595337 3162.299316
-22.539330 -710.261719 3072.525391
-187.907104 245.022705 2975.863525
-256.078674 -229.424774 3082.727539
-106.343063 -666.111145 2983.443604
-100.449631 971.620300 3063.278564
-92.856163 736.610413 3038.399902
89.333412 741.832520 3056.984619
142.392639 396.674713 3112.436279
154.620758 80.939911 3032.630859
-275.045715 731.388306 3019.815186
-325.398560 402.580109 3057.776123
-268.201752 95.371674 2989.944580
-83.236404 492.611206 3012.657227
40.107979 251.871704 2998.515381
62.374146 -214.200287 3151.645264
15.442009 -678.054932 3076.750000
-187.341263 245.352295 2975.313721
-205.073044 -281.314758 3133.403076
-95.654709 -725.936523 3065.828857
-100.685669 972.987671 3062.845215
-93.465752 737.652832 3039.339355
88.928444 743.118408 3055.568848
142.387909 401.398712 3108.611572
124.793343 85.117310 3034.246094
-275.859955 732.187134 3023.109863
-327.579651 402.429565 3060.454346
-289.693939 95.686676 2979.230957
-83.932152 493.567444 3014.397461
38.772797 252.873383 2999.525635
89.496193 -219.017914 3125.673828
35.166054 -683.527100 3060.462646
-187.569901 246.090790 2979.385498
-235.997559 -236.428040 3161.796631
-87.231934 -700.404297 3076.235596
-101.773483 970.951294 3064.145996
-93.292755 735.979065 3039.409912
89.153412 742.906738 3054.440186
137.238602 401.155273 3104.094971
102.571564 85.279938 3030.921875
-275.738922 729.051392 3024.379639
-326.964020 405.394897 3058.474365
-299.823669 97.176514 2976.258057
-81.924011 492.043640 3013.842773
42.383579 252.396591 2997.579834
104.801582 -224.941177 3094.638184
46.230152 -690.243286 3039.534424
-183.494110 243.819809 2978.971436
-221.545441 -259.773193 3140.086914
-100.715599 -723.183350 3091.850586
-102.070061 970.346558 3062.769043
-93.332336 736.101379 3039.728516
88.796585 742.443604 3058.182861
132.515457 401.594269 3103.599365
89.916885 86.445984 3028.395752
-275.461243 729.759155 3021.274170
-332.700745 400.062744 3065.682373
-305.205170 95.851837 2969.336182
-82.297386 492.093079 3014.681396
40.189331 251.965820 3000.927246
103.543755 -229.677246 3072.856445
43.331009 -695.818848 3027.475098
-182.714188 244.203735 2978.341309
-241.348785 -228.952301 3157.503906
-87.516022 -697.072754 3080.519043
-105.884125 974.643799 3075.142578
-97.072632 740.269165 3044.859619
85.273834 746.634399 3061.101074
133.464630 403.367310 3105.157471
83.285278 89.603271 3027.363037
-279.419098 733.903931 3028.618164
-334.892242 399.673920 3068.110352
-312.725922 95.932159 2967.867676
-85.931580 496.827087 3015.184570
36.789398 257.279968 2995.447754
95.385376 -227.486847 3047.747803
35.528866 -694.452271 3011.230225
-186.370453 249.490036 2975.571289
-272.185364 -214.495560 3111.662354
-126.020721 -660.547913 3060.220703
-106.997375 972.200195 3068.775635
-98.862541 738.137146 3042.142090
83.759727 743.560669 3055.147217
131.026871 406.450104 3104.350586
74.699463 94.233826 3023.737305
-281.484802 732.713623 3029.136963
-338.313293 401.106323 3070.147217
-292.150940 97.841919 2979.713135
-89.640526 494.390137 3014.293213
31.338360 253.962082 2994.402832
82.782211 -232.963852 3032.143066
24.722687 -700.699097 3003.404541
-192.175385 247.324142 2978.485840
-286.512970 -224.203629 3078.133301
-144.410172 -673.330505 3045.500244
-110.039825 974.677612 3066.086670
-107.929192 739.330261 3041.917725
74.902611 739.731262 3051.650146
129.322083 404.029755 3101.986572
66.141647 93.528839 3019.471924
-290.760986 738.929260 3032.185303
-338.674316 397.257050 3071.785400
-274.934784 94.833344 2989.359619
-106.000244 495.327759 3015.734375
7.858675 251.570755 2995.509277
51.626160 -236.804947 3022.734863
-3.666054 -705.235474 3000.629150
-216.001251 251.079727 2983.592773
-306.509491 -226.509903 3053.478760
-171.563416 -678.700806 3036.568115
-111.689148 973.770874 3064.763184
-109.968575 737.902893 3043.033447
72.788048 737.369873 3054.841309
127.534607 399.207581 3098.842773
61.388786 90.136139 3012.978271
-292.725189 738.435913 3031.225586
-341.349091 405.312439 3076.145508
-265.435272 103.804565 2999.621094
-109.060287 493.716339 3017.953613
3.702695 249.203583 3000.100830
40.209080 -240.128448 3019.825928
-11.719482 -709.171753 3003.248047
-220.006699 249.855988 2985.646729
-300.831940 -232.171722 3033.440186
-174.921326 -687.255493 3029.157959
-114.097923 971.661804 3064.090576
-116.643906 735.998413 3043.874512
66.186005 733.472839 3054.606689
124.568680 393.032318 3098.219482
56.769646 85.417206 3008.323486
-299.473816 738.524048 3033.142334
-341.930145 405.952454 3079.568115
-260.847626 105.741394 3001.576416
-118.631523 491.660339 3020.234375
-8.734297 245.776672 3003.161865
21.326523 -244.179260 3017.555176
-26.925564 -713.752930 3005.497559
-232.503967 248.867798 2990.026611
-301.755707 -236.243652 3022.255859
-185.828857 -693.959534 3027.750244
-116.829292 972.320679 3063.740723
-120.356529 736.260803 3044.479980
62.385571 732.756409 3056.639648
123.545670 389.660919 3100.739990
54.798485 84.372101 3003.985840
-303.098602 739.765137 3032.320312
-343.667023 406.772491 3080.567139
-258.649384 106.708191 3005.378662
-123.541977 491.811646 3021.903564
-14.907428 245.218185 3006.767822
9.635247 -245.141953 3017.362061
-34.833759 -715.168152 3008.940186
-238.547424 249.506821 2991.886475
-296.416382 -237.681870 3013.473389
-190.750305 -697.730042 3026.255859
-119.937737 972.220703 3064.562256
-123.905487 735.754211 3046.820068
58.852047 731.513672 3058.740967
123.089813 389.411102 3104.821045
53.013176 92.213684 2988.073486
-306.663025 739.994751 3034.899170
-344.789246 410.270172 3080.234619
-258.271027 109.748749 3008.117188
-128.197800 491.187683 3025.626221
-20.670301 244.026581 3011.726074
-0.748451 -246.594269 3019.597168
-41.471642 -717.002563 3014.054932
-244.309921 249.215729 2997.138672
-291.921265 -239.345947 3011.571045
-196.335327 -701.420654 3029.553223
-123.049652 971.982300 3065.967041
-127.572815 735.351196 3049.779541
55.133373 730.879150 3062.491211
121.919800 382.786560 3109.288818
64.399582 77.822266 3007.450684
-310.279022 739.823181 3037.067871
-344.545074 403.878937 3082.987305
-266.646271 97.001251 3040.080322
-132.223297 490.627197 3030.526611
-24.479206 243.152176 3019.093506
-12.887278 -192.021072 3052.370605
-70.982178 -673.741882 3052.552246
-249.268341 248.654251 3003.453857
-262.889984 -262.361633 3165.349121
-161.455505 -730.947388 3091.626709
-125.330048 972.119812 3064.193604
-129.825684 734.855225 3051.240234
52.571739 730.421509 3067.491455
120.629913 394.474060 3120.503174
105.959076 99.287445 2990.326904
-312.223114 739.289001 3034.989014
-354.765839 425.105011 3085.795166
-268.087158 117.767700 3052.130127
-134.269562 489.957703 3034.302246
-26.180391 242.324677 3027.390625
12.705923 -205.963135 2966.738037
-35.792450 -608.763733 3002.900635
-251.246490 247.795624 3007.337891
-250.004654 -236.627960 3176.742676
-142.217758 -712.050415 3072.052734
-125.667389 973.694824 3063.793945
-130.279144 736.697754 3052.398438
52.007153 732.502258 3070.061035
119.559128 400.020935 3128.960693
132.499664 114.147888 2978.360352
-312.565460 740.893250 3034.735840
-382.885834 433.139038 3093.431152
-273.863586 132.918610 3060.497559
-134.477173 491.660522 3037.518799
-26.083147 244.031876 3033.548584
39.971390 -170.508316 2855.342041
-20.906597 -525.271851 2959.458496
-251.267242 249.214737 3011.729736
-225.507385 -233.591446 3138.554443
-139.591217 -704.502930 3104.523682
-127.699295 974.801514 3063.109375
-131.280823 738.377441 3054.109375
50.891991 735.625977 3073.187012
114.774261 406.119446 3133.535156
158.060699 114.681152 2999.612549
-313.453644 741.128906 3035.031738
-392.681915 435.482727 3093.393066
-276.524231 137.468628 3065.148926
-133.633575 493.208435 3041.216309
-23.379707 246.338669 3040.115723
53.631500 -59.804123 2774.667969
-8.807491 -436.685852 2918.226074
-248.592941 249.740219 3016.530762
-215.838882 -225.725357 3151.438965
-128.584320 -712.933167 3069.873047
-130.079865 974.722351 3063.761475
-131.745056 738.681213 3055.604004
50.323841 737.362793 3075.820312
112.142715 411.222961 3141.442871
168.463562 117.917206 3012.349121
-313.813934 739.999634 3035.387695
-395.431763 435.048035 3094.088623
-277.358429 137.652222 3067.308838
-132.215012 493.441986 3043.842773
-20.104733 247.387527 3044.582031
58.254040 30.992157 2724.020508
-2.465462 -355.948761 2866.299561
-245.265213 249.018021 3019.581055
-200.118790 -229.306473 3126.782471
-127.744789 -706.977417 3097.378906
-131.645630 975.747070 3063.601562
-131.410019 738.757690 3056.314697
50.338257 738.852112 3079.159912
113.565125 414.710846 3146.576172
179.280441 115.731720 3034.794434
-313.158264 738.663269 3033.469482
-393.591125 433.414581 3092.261719
-276.430115 135.444458 3067.974609
-129.884979 493.490723 3045.195801
-15.948450 248.282166 3048.206543
59.155663 111.868713 2685.904785
5.295918 -277.601685 2809.544434
-240.771439 248.165344 3019.947266
-198.225586 -226.174683 3141.256104
-121.029831 -713.982056 3059.025391
-131.765533 976.096313 3063.517090
-131.936432 738.104980 3057.618164
49.662052 738.737183 3081.712158
108.614326 422.622101 3151.151611
182.904175 120.156616 3053.709229
-313.534912 737.472778 3033.524170
-382.710754 409.049438 3086.749512
-327.737854 105.075439 3033.262207
-129.667114 492.815186 3046.950195
-15.085825 247.916397 3051.183350
51.879387 184.122147 2659.108643
10.449516 -205.613052 2743.428467
-239.709778 247.134415 3021.381104
-200.031906 -232.671524 3114.913818
-125.524124 -708.471375 3099.835449
-131.163116 973.238403 3062.995117
-129.380661 735.176819 3057.194824
51.575375 737.420715 3085.360596
115.473633 428.425079 3154.773193
182.549988 121.646576 3064.166016
-310.336700 732.932922 3029.029053
-373.867188 393.527435 3082.894043
-339.279022 87.765106 3003.541504
-124.831253 489.884827 3047.508301
-8.329114 245.981064 3055.247314
53.759563 253.810806 2646.135498
24.044624 -150.056808 2677.295410
-232.234573 243.204575 3020.396240
-194.226364 -235.084091 3123.145020
-112.797638 -716.651733 3068.212646
-130.108261 972.169312 3062.187012
-128.344696 733.837646 3057.720947
52.666931 736.429321 3085.707764
116.666931 433.733032 3157.386475
186.207123 124.222626 3077.807373
-309.356293 731.245911 3029.734131
-366.863190 400.739838 3077.651855
-340.046021 93.211792 2988.391357
-123.482285 488.508453 3048.990723
-6.675889 244.782089 3057.568359
49.696552 295.673248 2635.340576
23.339085 -138.760529 2592.420410
-230.563858 241.576462 3022.952637
-193.913330 -239.938492 3109.498047
-122.148964 -714.034363 3100.596191
-131.783722 975.985352 3074.807861
-130.186584 738.800354 3063.112061
50.791744 740.343628 3091.474609
121.316208 435.282898 3162.737793
189.385529 122.825378 3093.521973
-311.164917 737.257019 3034.749512
-364.921906 390.865845 3078.816406
-340.447876 84.981476 2972.779297
-125.754005 493.837524 3048.157471
-9.385290 249.829239 3050.745361
47.287598 317.487915 2625.203857
25.108864 -122.728973 2468.743652
-233.257553 247.920181 3015.660400
-206.065018 -229.729752 3122.927246
-121.063675 -712.365234 3056.260010
-133.010406 975.768494 3070.107910
-131.059845 738.705261 3061.357178
50.029434 741.191406 3088.973145
117.967453 442.022858 3161.399170
203.858810 130.401611 3123.814209
-312.149109 736.219116 3033.741211
-363.957336 385.426636 3078.896240
-340.091858 78.622589 2959.772705
-125.803314 493.588379 3048.955078
-8.537079 250.009277 3053.634277
53.839615 315.902985 2634.907227
45.250248 -94.705444 2360.177246
-232.556488 246.933716 3019.471680
-196.185455 -231.008270 3124.058594
-125.652634 -706.403931 3103.569824
-132.705811 975.188354 3066.264893
-130.850754 738.317627 3060.918945
50.565216 740.977661 3086.225342
100.972748 434.317322 3166.979736
214.603271 135.706635 3135.003174
-312.266724 735.657593 3035.612549
-363.961121 382.200317 3079.948730
-332.254120 70.586151 2961.853271
-125.901230 493.059265 3051.216797
-8.731153 249.446320 3057.168701
52.798622 310.802246 2623.554443
58.503941 -54.501953 2276.689453
-233.172256 246.155426 3025.860596
-196.097153 -228.554016 3144.202881
-124.295723 -707.491516 3075.276611
-134.549683 973.373779 3065.341553
-131.058212 736.670959 3060.729736
50.396507 740.904724 3085.565186
98.474411 433.191406 3163.691650
221.315186 137.516602 3139.416992
-312.512909 732.437195 3035.894287
-364.089386 395.951660 3077.290771
-333.651215 81.353516 2959.753662
-124.079933 491.428680 3051.551758
-4.864020 248.805176 3057.735596
60.950516 341.762146 2546.944824
71.205246 -25.602570 2226.646240
-229.339294 243.567627 3027.011963
-185.541367 -235.562836 3120.799805
-127.278107 -709.121216 3107.437012
-135.956024 974.358582 3076.897461
-131.037613 738.129395 3063.458252
50.076313 742.634460 3090.585693
99.101761 435.321533 3169.693359
223.726471 140.720459 3141.735596
-312.151520 733.624390 3036.330811
-363.848816 399.839203 3076.669678
-333.583832 86.122833 2953.437256
-122.525757 493.388184 3047.273682
-1.981342 251.433670 3047.869385
56.931034 338.836243 2586.327393
68.558403 -29.846161 2217.677979
-226.046463 245.860245 3014.308838
-195.243286 -230.770096 3124.548828
-118.746704 -712.479675 3057.947998
-135.333237 973.804871 3069.656738
-131.036499 737.231506 3059.886475
49.841797 741.780273 3088.569580
88.703453 433.796631 3170.658447
224.367706 144.074890 3143.103271
-311.914795 732.682739 3031.203369
-363.326721 405.328125 3076.503662
-334.280457 89.316010 2957.226807
-122.778572 492.261658 3046.660645
-2.640502 250.105408 3051.176514
52.325909 339.796051 2610.890137
56.639591 -55.045135 2263.065430
-226.400787 244.478210 3015.693115
-198.070999 -235.345001 3113.223633
-128.473572 -708.665161 3106.763184
-137.575150 972.207275 3066.036621
-132.115250 736.072937 3057.272949
48.472588 741.073730 3087.664062
96.542442 435.600555 3174.140625
224.838806 142.889038 3143.112549
-312.703125 731.072144 3026.881836
-364.170166 396.666260 3079.740967
-337.194611 82.374634 2952.253906
-123.328094 491.018066 3045.381836
-2.837580 249.056442 3052.289307
53.302391 346.007507 2612.912354
45.459229 -89.413055 2318.999756
-226.244293 242.869919 3014.692139
-201.659576 -232.904800 3130.925293
-120.885773 -715.243652 3064.193604
-135.360748 972.394226 3067.781982
-133.878586 735.715332 3056.659912
47.373665 737.399719 3082.707764
99.456871 405.944183 3184.169678
202.112152 98.850403 3145.714600
-315.130859 734.030945 3030.612061
-364.027802 401.303894 3078.638916
-336.074829 82.985168 2960.144043
-129.444519 490.751282 3041.646484
-12.850756 246.829529 3042.751465
42.245117 342.300110 2597.869385
23.323536 -137.410156 2389.413086
-237.170151 244.744934 3010.514648
-207.229340 -226.853210 3141.841309
-127.939178 -724.440796 3012.417236
-133.978546 974.381836 3064.596924
-134.290482 736.797241 3054.902832
46.967743 736.913086 3081.234619
107.166534 404.247070 3181.778809
187.894592 91.663910 3136.324219
-315.548706 736.681274 3028.571045
-364.197845 406.049988 3078.390869
-340.619263 85.422058 2964.194580
-132.030334 491.741211 3040.423340
-17.675575 246.756897 3042.228027
40.881863 335.180878 2610.644531
19.921074 -158.674286 2475.916260
-241.864792 246.613525 3009.659668
-194.744736 -230.174072 3109.715576
-130.339996 -712.387695 3070.409180
-134.869415 975.683167 3063.014160
-133.807068 738.167542 3053.150146
47.066780 739.147583 3082.027588
101.686218 402.353912 3179.274658
182.050415 88.648468 3134.968506
-314.680908 737.187500 3024.272705
-363.182770 412.265045 3076.783447
-346.739807 89.448456 2967.197510
-130.271545 493.068115 3039.323730
-14.859238 248.574890 3043.359131
46.111954 313.438629 2612.712891
22.131559 -170.488953 2557.848633
-238.612793 247.362488 3007.635498
-190.773743 -226.283112 3123.686768
-118.035789 -716.873901 3044.120361
-134.486984 979.354004 3063.729492
-131.899414 742.004272 3052.845947
48.937130 744.137939 3082.016602
104.094513 403.892883 3176.756348
180.524673 92.147095 3115.373291
-312.735992 739.870544 3023.675293
-362.784943 415.906830 3077.911865
-350.592987 90.617371 2975.047363
-126.570419 497.008759 3037.730469
-9.395741 253.332932 3040.656738
48.125874 270.568726 2613.086426
17.135677 -206.895050 2635.154297
-233.087112 250.693588 3004.573242
-185.551315 -227.563248 3100.596191
-121.396194 -705.899109 3086.567627
-132.658279 979.238098 3063.583252
-127.028152 742.001953 3052.072510
53.685215 746.435425 3081.733643
101.338562 418.823273 3165.689453
173.917587 105.754120 3104.123291
-307.741516 737.568481 3022.411377
-362.130219 419.761078 3076.032959
-352.419769 92.697174 2978.373291
-118.369553 497.180878 3035.912598
2.071362 255.102188 3038.099854
53.798946 204.680603 2623.825928
15.803844 -258.051300 2711.359863
-221.493271 249.617447 3001.405518
-183.872238 -226.016129 3113.956055
-109.346710 -718.195007 3056.141113
-135.171066 978.083801 3066.013428
-126.732277 741.435730 3051.718994
53.811298 748.103943 3081.987061
101.985138 421.710510 3155.615723
167.726288 108.662048 3086.352051
-307.275879 734.767517 3021.450928
-358.684052 416.072876 3075.619629
-352.580933 88.927673 2977.669189
-114.658195 496.912354 3033.569092
9.092463 256.513672 3034.141602
49.700535 141.872223 2645.725098
7.702984 -313.993713 2780.491943
-214.260696 248.264328 2996.696777
-195.831970 -218.807053 3140.915527
-108.238846 -731.415771 3003.442871
-134.848801 981.237488 3065.232422
-125.454956 743.445068 3051.988037
55.094711 750.894043 3082.114746
105.226517 424.630890 3147.769531
166.332748 112.223724 3071.328125
-306.004639 735.995972 3021.861328
-352.282074 410.927307 3079.839111
-350.005829 84.494476 2979.292236
-112.205811 499.023315 3033.020752
12.715646 259.208923 3032.687256
43.467171 72.431229 2672.373291
1.968395 -370.501770 2842.756592
-210.628967 249.994263 2995.419678
-195.463760 -224.753265 3113.062744
-122.475006 -714.260864 3066.851318
-135.089890 981.277710 3063.817383
-125.505890 743.477051 3050.889404
54.929035 751.450684 3081.602539
111.177742 421.848755 3139.973389
161.216217 111.631409 3049.361084
-305.940796 735.503418 3020.176270
-347.796906 412.122498 3082.402832
-352.931580 85.519531 2982.640137
-111.586105 499.029755 3032.575684
13.938915 259.514435 3033.259033
38.153679 6.681488 2708.471680
0.404297 -433.285004 2895.663330
-209.271561 249.650482 2995.264893
-205.703644 -221.809967 3128.107910
-122.671684 -717.343262 3048.402344
-134.130173 981.432861 3063.628418
-124.181328 743.830994 3049.267822
56.576424 751.465881 3078.077148
114.871368 416.209961 3134.765625
158.915314 108.366730 3033.290283
-304.939087 736.196106 3020.458496
-345.666473 411.915527 3083.802002
-354.093506 86.383911 2980.716309
-110.692429 499.478607 3029.391602
15.408601 259.882751 3027.463623
36.448063 -48.937225 2742.175049
2.073368 -481.420471 2933.270996
-209.815659 250.369705 2991.567139
-242.103363 -225.019821 3110.436523
-157.436783 -685.640991 3050.164062
-133.772583 981.029907 3062.540527
-123.918930 744.192200 3047.648438
57.522213 751.430115 3071.422119
118.895203 418.377869 3129.831299
158.466873 109.486450 3028.882568
-305.360077 736.954285 3023.874756
-344.821625 410.338043 3081.145264
-324.720123 83.962372 2986.890625
-111.573273 499.769653 3027.840820
14.767757 259.894531 3022.969727
27.306339 -135.567657 2833.616943
12.362986 -576.686157 3001.058105
-213.222977 250.799667 2993.096680
-264.687836 -228.327072 3087.735840
-176.800339 -689.934998 3041.185059
-133.062164 980.716797 3062.993164
-124.669144 743.591858 3045.838379
57.200024 750.108032 3066.405762
117.684990 420.794189 3120.970703
158.423218 111.561127 3021.032227
-306.538330 737.075745 3025.270996
-348.193237 408.525635 3079.693115
-300.044403 83.249786 2994.359375
-113.512573 499.234497 3024.602539
12.646319 258.997498 3016.372070
37.919060 -182.831696 2903.071289
-21.759132 -617.189880 3026.827881
-217.358322 250.756729 2990.361328
-274.924500 -231.800217 3061.019287
-187.265961 -694.554016 3027.137695
-131.468903 978.351929 3064.727783
-125.114609 741.722351 3044.621826
57.136246 746.871765 3061.946045
118.688568 415.889374 3111.107178
160.517838 108.703186 3005.399658
-307.365448 736.572998 3027.297607
-347.872101 408.502014 3079.387939
-288.016937 84.281219 2994.361084
-115.984329 497.496857 3021.163574
9.105215 256.547729 3008.728027
55.122787 -207.480377 2960.646729
-57.725159 -633.045593 3043.722656
-222.813324 249.994980 2986.682617
-278.640533 -235.248550 3037.571289
-193.718201 -699.188660 3014.750244
-129.255341 978.150757 3065.094971
-125.190659 741.368835 3042.155518
57.365788 744.671875 3056.442871
127.832916 402.930237 3100.579834
160.548187 95.826752 2999.678223
-307.747101 738.065796 3027.868164
-348.155518 409.464630 3078.082031
-280.227509 85.669708 2995.596680
-118.794479 497.249146 3016.865234
4.226276 255.239578 3000.702148
64.581711 -217.399185 3008.234863
-79.980499 -640.065979 3054.304688
-229.022888 251.019363 2982.447754
-279.290771 -236.163589 3018.413574
-198.780029 -701.251709 3004.844238
-128.445831 977.004456 3064.243896
-124.016251 740.443726 3040.255859
58.632664 743.082886 3053.898438
125.928497 387.953735 3086.794922
148.125488 84.836090 2978.318359
-306.665161 737.804443 3026.613281
-346.574402 411.213501 3077.853271
-276.172638 87.069824 2997.467773
-118.538681 496.374695 3014.137695
1.043324 253.954468 2996.542236
60.748692 -221.372925 3048.216553
-87.133026 -646.147034 3067.620605
-227.165558 250.656921 2979.496826
-270.529938 -237.862579 3004.713379
-195.433838 -704.013184 2998.611816
-125.558533 973.350464 3064.765869
-119.661720 737.491150 3038.872803
63.190559 740.523682 3049.090576
126.954147 381.469147 3079.393311
141.874603 77.878967 2972.655029
-302.514008 734.458618 3028.655029
-345.358002 410.950043 3072.761475
-274.543640 85.894745 2995.802734
-114.095718 493.534973 3011.670654
3.142548 251.430847 2990.708740
45.249809 -221.736877 3084.953125
-86.112633 -651.976685 3070.478271
-220.201965 247.726746 2978.228271
-256.647125 -241.688568 2995.893066
-187.459045 -708.792419 2995.626709
-120.205544 974.022156 3063.048584
-115.419113 737.898132 3038.134521
67.503235 740.630676 3047.576904
125.489960 374.730133 3076.671875
142.501877 70.766510 2970.966309
-298.341461 735.165588 3028.692139
-343.799805 405.151123 3070.210693
-271.626129 80.176727 2993.745361
-110.393906 493.872864 3011.402832
6.846005 251.523911 2990.463623
31.560513 -212.452469 3130.166260
-82.887054 -654.669312 3073.785400
-217.583405 248.171310 2978.878662
-247.713898 -241.834274 2991.301758
-184.561356 -709.774048 2995.449707
-116.931282 972.683289 3063.308350
-111.503136 736.953552 3037.071777
71.418938 741.101562 3046.151367
128.730637 371.875458 3077.330566
138.843063 70.823303 2962.225586
-294.425201 732.805481 3027.992188
-340.941986 400.819000 3070.135498
-270.628876 74.733948 2996.576172
-104.642090 492.979797 3010.306152
12.282716 251.501938 2989.003662
3.263979 -271.284668 3162.423584
-77.587143 -697.409607 3019.545654
-207.844788 246.510178 2978.077393
-232.492172 -243.880234 2986.876221
-175.253967 -712.540649 2994.244629
-113.158272 973.146240 3065.423584
-107.896332 738.281555 3037.013672
75.038376 742.212097 3046.128174
126.368111 371.932892 3077.684570
136.347504 71.150848 2960.472900
-290.831024 734.350952 3027.899170
-337.303589 397.809113 3064.314453
-269.081848 70.132050 2996.136719
-101.250793 494.466980 3008.776855
15.460088 253.017319 2986.023926
49.269108 -216.827042 3124.843506
-52.419186 -659.165100 2994.576172
-204.670593 248.287521 2975.056152
-224.693024 -242.352066 2981.345459
-173.089264 -711.625610 2990.958984
-110.730560 976.329712 3064.467773
-104.176598 740.892700 3036.308594
78.531273 744.691528 3048.843262
126.115150 387.327576 3078.267334
103.762825 81.499359 2984.277832
-286.884491 737.093994 3023.773926
-332.222961 400.718292 3062.748779
-254.466522 74.413391 2998.937500
-97.218628 496.999939 3008.801758
19.684185 255.393066 2988.837646
76.292358 -219.551483 3100.151855
-36.770866 -664.428955 2989.364502
-200.205490 250.821228 2973.752197
-216.395721 -239.979034 2978.294678
-170.054169 -709.769165 2989.375000
