-108.380920 976.808105 3041.779541
-92.632843 741.369873 3019.721924
88.093491 750.717346 3048.112793
143.033356 401.563141 3093.828369
179.925446 80.858276 2988.260986
-273.359161 732.022400 2991.331055
-316.951721 407.066864 3027.189697
-306.186310 75.114868 2921.375244
-76.222107 497.603851 2995.514648
51.977219 259.619690 2988.868652
18.441090 -196.369507 3164.426270
-4.761780 -706.231079 3010.419678
-171.599960 248.055923 2953.746094
-174.894943 -224.540817 3086.630371
-146.668823 -692.059204 3145.359375
-105.199829 980.336365 3051.631348
-89.846497 746.567505 3021.889404
90.744125 754.545349 3051.572998
150.323959 408.732910 3100.030029
175.571609 87.630920 2994.028076
-270.437134 738.589600 2992.205811
-316.452637 402.523132 3025.581299
-299.627197 73.524719 2908.121338
-74.309586 503.322693 2992.740234
52.928913 265.012512 2981.951416
9.064266 -197.693634 3136.574707
-1.902881 -686.245361 3025.451904
-170.474258 255.143295 2945.230713
-177.243134 -218.797958 3073.248291
-148.782837 -684.718445 3143.091553
-103.957031 980.016479 3057.044434
-89.416374 747.401978 3022.407471
91.141167 754.542603 3052.566162
149.666992 404.865997 3104.527832
177.144333 81.428497 2999.644775
-269.973907 740.261353 2992.248779
-314.083099 407.547791 3018.696045
-295.111237 77.520325 2901.972900
-74.471115 504.455933 2990.453125
51.372864 265.895691 2977.022217
-31.854530 -201.317810 3103.324951
-26.400505 -662.147095 3000.467285
-170.424591 257.124146 2939.975342
-178.084564 -212.955139 3081.016357
-147.647064 -680.648682 3135.453857
-104.276451 978.540161 3060.751953
-89.565590 746.270142 3023.093994
91.043388 753.361938 3053.000732
149.653564 410.518860 3101.734131
150.529739 81.794403 3012.036133
-270.174561 739.178345 2993.187256
-313.548065 409.697296 3012.039795
-287.387512 78.422882 2899.330811
-74.249161 503.760193 2988.103516
52.618996 265.630463 2971.584717
-45.600136 -206.954041 3062.052979
-26.983740 -668.650635 2964.776367
-170.484467 256.870087 2934.641357
-204.014816 -197.689819 3111.089600
-108.129326 -686.037354 3087.141357
-102.379211 974.829956 3049.101807
-89.772209 740.188721 3017.725830
90.991524 746.816345 3046.801514
150.401688 414.482239 3098.505127
127.523399 84.836365 3013.881592
-270.535950 733.561035 2988.650146
-313.806885 408.422791 3012.490234
-280.239868 81.107910 2890.447754
-75.951584 497.006927 2987.234863
49.515152 257.918640 2974.702148
-47.356216 -219.836578 3034.145752
-18.569408 -682.599121 2944.729736
-173.777069 249.731674 2938.785645
-247.348801 -213.107712 3085.532227
-157.643066 -676.608459 3075.890137
-99.667801 974.451782 3042.289551
-88.656647 739.211426 3014.364258
92.405701 745.180847 3041.622559
149.852646 409.572815 3099.082275
104.602890 82.380402 3012.755127
-269.718994 733.241943 2987.105957
-313.447266 401.710815 3005.234619
-253.664764 70.071228 2915.798828
-76.397057 495.639801 2986.271240
47.697155 255.755264 2975.014648
-39.556118 -226.141006 3011.490723
-3.494160 -690.040588 2931.055908
-175.972107 248.381119 2941.341797
-265.986420 -221.629227 3051.593018
-180.314392 -685.990417 3053.026367
-98.321175 976.787109 3051.861816
-87.938713 742.806641 3017.561523
93.022377 747.203003 3045.760010
150.153656 414.254150 3101.867432
99.535812 87.082275 3015.072021
-268.899811 738.410339 2989.363037
-313.136108 398.753082 3000.149658
-232.747284 64.837952 2947.170898
-76.968040 499.741394 2985.053711
45.775818 259.391602 2969.963135
-28.929947 -225.530609 2990.871338
11.854897 -690.551025 2919.697998
-177.770554 253.960678 2935.128662
-268.537628 -222.283188 3013.364014
-188.710403 -687.573425 3023.641846
-96.606079 973.976562 3045.682373
-88.338097 739.304138 3013.315430
93.107689 742.389404 3038.202637
150.873367 413.938385 3101.153809
99.204849 86.445221 3014.351074
-269.783905 736.218872 2988.428223
-308.043060 399.582703 3003.142578
-218.373718 64.840637 2960.073730
-79.832886 496.031799 2981.464111
40.761185 254.665375 2964.986816
-21.341278 -232.356995 2975.947021
22.055462 -698.427917 2913.756592
-183.416534 250.853546 2934.238770
-266.669495 -230.144196 2987.883545
-193.654358 -696.357056 3004.835938
-94.910637 967.119751 3029.037598
-86.127472 731.761047 3006.596436
95.320374 736.173767 3031.390869
151.666916 407.676819 3101.905518
98.842468 81.169006 3011.337646
-267.575287 727.348328 2981.802002
-308.042389 398.895111 3000.438232
-209.448212 64.718781 2966.245850
-76.728012 487.824738 2981.224121
44.751083 246.614120 2971.167236
-5.981373 -241.822037 2976.066162
38.365883 -708.843933 2922.242920
-179.408188 241.162704 2940.536377
-251.837616 -243.216263 2976.572998
-185.980042 -710.298157 2998.260498
-93.398682 969.027100 3021.731689
-85.251045 732.603638 3003.342285
96.067238 737.242981 3029.101318
151.321030 397.759064 3096.408203
95.765350 70.711029 3009.093994
-266.569305 727.964294 2977.583252
-307.057220 390.373901 2998.686768
-207.313629 55.588013 2967.206787
-75.842010 488.325928 2981.107422
45.559967 246.913773 2974.782715
4.540775 -242.456406 2976.161621
48.586983 -710.317749 2929.914551
-178.425919 241.182693 2942.962402
-239.494766 -245.506088 2966.885010
-180.713730 -713.377319 2991.671143
-92.376770 966.221741 3019.086182
-84.747726 729.715881 3002.192627
96.920624 734.150574 3025.303223
151.789291 400.668976 3094.734619
93.044579 74.355042 3006.525879
-266.416046 725.281189 2979.082031
-313.241577 393.827026 2998.830811
-212.753693 58.588837 2971.245850
-76.088257 485.280884 2981.026367
44.787094 243.585159 2974.135498
11.820000 -246.394943 2973.591797
54.662792 -714.983521 2934.066162
-179.644669 238.106583 2945.584717
-230.155609 -250.122055 2961.366943
-178.099396 -718.691895 2987.928711
-91.125671 965.800720 3016.256348
-83.525803 729.239990 2999.930908
97.926590 733.750488 3024.711182
150.920197 401.016296 3091.109619
91.215424 74.927002 3002.537598
-264.978210 724.729492 2975.150635
-313.370026 393.040924 3001.204346
-212.616302 58.048828 2969.823975
-74.684662 484.713257 2979.700684
46.234947 242.972549 2974.776611
19.829222 -247.402969 2973.281982
60.850273 -716.612793 2939.629883
-177.921982 237.400528 2944.164307
-219.202225 -251.839401 2954.551270
-173.364655 -721.015625 2981.857422
-91.567276 964.392578 3014.332275
-84.338844 728.133179 2998.493896
97.202461 732.253235 3022.756348
149.709152 400.180969 3091.282227
87.826660 74.308197 3003.344482
-265.880127 724.013123 2974.231445
-314.479492 391.858612 2999.745605
-210.856842 57.552246 2969.443359
-76.174408 483.518127 2978.942871
44.117264 241.447800 2974.377197
23.005672 -249.182846 2972.502441
61.809650 -718.917542 2943.925781
-180.137207 236.358383 2944.406494
-213.618729 -253.539444 2951.244629
-173.421127 -723.234436 2978.517578
-93.475204 966.840454 3025.881348
-85.380493 731.230530 3002.764160
96.291229 735.995911 3025.917236
148.023346 397.107300 3089.214111
88.742447 70.025360 3004.044678
-267.052216 726.465149 2979.611084
-313.602173 390.264923 3000.868164
-210.767822 55.628998 2970.868652
-75.881615 487.132507 2978.470703
45.823872 245.977737 2968.477295
28.960087 -244.817032 2966.543213
65.321548 -714.991394 2942.315918
-178.589355 240.091202 2939.877197
-205.614487 -250.232071 2944.389893
-170.460510 -720.365845 2971.063477
-93.949326 967.546692 3032.690918
-85.967842 732.955994 3005.155029
95.737190 736.896729 3028.227783
144.100204 404.304413 3084.451904
87.434845 75.872528 3002.815674
-267.672852 729.015259 2982.082275
-314.210876 391.019623 3001.599365
-212.632904 56.124817 2969.980469
-77.106079 489.253906 2976.989014
43.980537 247.985687 2963.073242
30.514603 -242.914490 2961.248535
64.334137 -713.454712 2940.725098
-180.469177 243.117950 2934.572754
-202.215347 -247.479462 2937.563232
-171.525650 -717.981140 2963.241455
-94.255768 968.030823 3034.574463
-85.827675 733.503113 3006.300781
95.849892 737.903442 3029.530029
139.999268 406.733673 3086.406006
85.626343 79.714691 2998.032959
-267.505249 729.102783 2983.071533
-311.724792 391.794739 3004.938232
-213.430389 56.126404 2971.260742
-76.323410 489.796204 2978.132568
45.386593 248.806992 2964.310791
34.634396 -242.160782 2962.673828
65.903442 -713.003784 2945.290527
-179.024872 243.371628 2935.617920
-196.488281 -247.401962 2937.610840
-169.720657 -718.209961 2962.031738
-95.389381 971.698425 3036.505615
-86.168144 736.923401 3008.447021
95.606331 742.332031 3030.654785
138.699829 409.396545 3089.265869
81.831329 84.616669 2994.530029
-267.942627 731.514771 2986.239258
-310.917236 394.965851 3007.426270
-214.431458 59.192108 2969.860352
-75.559387 493.170471 2980.977539
47.316795 252.758026 2967.224121
38.730484 -238.253082 2965.801514
67.504013 -709.345581 2951.071533
-177.218063 246.077057 2939.791992
-191.223999 -244.809570 2941.129395
-167.883759 -715.871216 2964.133545
-98.530960 976.880127 3048.970215
-87.720764 743.482910 3014.269531
94.286453 749.360901 3034.255127
135.915375 409.663452 3084.656250
79.420647 84.775635 2989.839111
-269.727966 737.604858 2994.283936
-310.549805 393.802277 3010.646973
-214.646179 58.523804 2967.722656
-76.253540 500.507141 2981.300293
47.630924 261.161987 2960.675293
40.772938 -229.876862 2959.465088
67.148529 -701.174316 2946.972656
-177.203552 253.900818 2935.986816
-188.427048 -237.058289 2936.891846
-168.070770 -708.329102 2958.397217
-100.706787 974.156677 3042.716797
-89.729645 739.522888 3013.008301
91.900940 746.214600 3035.826660
132.434174 412.139343 3082.021729
77.210754 86.754974 2988.061523
-271.360229 732.831177 2990.189941
-317.552673 399.619263 3014.805176
-219.333817 65.407898 2968.821777
-77.216492 496.010681 2984.817871
47.576000 256.635132 2970.733154
42.097290 -234.421478 2969.718750
66.199501 -705.886841 2959.110840
-176.982681 248.361816 2942.521729
-174.929459 -221.316864 3065.841797
-114.452843 -700.183594 3084.588867
-103.693535 974.233765 3040.572998
-92.570702 739.188721 3014.344971
89.344749 747.044556 3034.254883
130.969208 408.338837 3079.681152
83.466583 82.801849 2982.398926
-274.486145 731.332886 2994.435059
-324.388123 396.490997 3020.086426
-253.580292 63.660431 2942.884277
-79.295853 495.354797 2989.262939
46.165958 256.365570 2976.459229
41.788219 -234.702423 2975.618164
63.757111 -706.305054 2966.596436
-178.207962 246.676178 2951.902588
-200.115448 -219.827179 3091.650635
-103.038559 -685.489014 3077.396729
-105.486092 973.203979 3039.004395
-97.216187 737.476440 3015.782471
84.796783 743.639404 3035.522949
128.990112 406.563660 3079.433105
83.398941 82.391174 2976.790283
-279.229156 731.313599 2996.041992
-329.641388 398.044403 3023.674316
-279.498718 64.785400 2931.967285
-86.572021 493.208954 2993.899170
32.220409 252.603302 2983.745361
28.721703 -238.471985 2983.053711
48.704498 -710.186584 2975.367188
-184.076126 245.279572 2960.286377
-229.244064 -218.154999 3108.500244
-86.995987 -683.298706 3059.429688
-110.457008 972.247925 3037.763428
-105.008308 735.857971 3017.788086
77.357887 739.574585 3034.351562
127.134003 404.675323 3079.221436
78.199448 87.224304 2959.907959
-287.374512 732.141357 3001.224609
-333.365021 400.661072 3033.407959
-294.430511 68.556244 2930.108643
-98.244324 491.265686 2998.198242
16.894951 248.882080 2988.451660
14.098305 -242.197876 2987.886230
32.243549 -714.003662 2981.323975
-199.855621 244.464722 2968.765137
-269.669434 -227.140106 3086.589355
-134.918274 -678.789185 3057.809082
-113.593719 971.147827 3037.608398
-108.223427 734.000488 3020.156494
73.740791 738.393005 3040.447021
124.045258 393.884613 3086.439209
78.592789 71.308899 2980.337891
-290.187653 729.607971 2999.865967
-336.178192 400.389069 3037.857910
-274.149261 68.163879 2948.136963
-100.389725 489.240662 3002.890137
15.499789 247.089233 2997.672852
13.569221 -191.399872 2979.240234
-34.684948 -645.031738 3042.701660
-200.611816 241.872437 2973.574707
-277.741913 -235.244232 3060.627930
-149.117188 -689.401001 3047.576416
-115.047119 969.403687 3037.013672
-110.281876 731.996216 3023.769775
71.081604 736.142090 3048.721436
122.311340 399.884399 3102.731934
121.195114 84.892914 2976.519775
-291.645355 727.850281 2998.818115
-337.920135 397.619995 3043.838623
-260.378906 65.687805 2964.143799
-102.700882 487.034454 3009.368652
13.094474 244.546463 3009.855469
35.315899 -150.918564 2877.386230
-63.311192 -624.734497 3044.116943
-203.334259 239.598953 2980.079590
-277.597473 -241.885544 3041.928467
-157.281616 -698.500244 3041.564941
-116.548119 967.423950 3037.211914
-113.670601 729.307373 3026.495117
67.293678 732.488586 3054.451172
122.773651 401.856812 3112.530518
143.279221 89.701965 2978.141602
-294.634857 726.126160 2998.539062
-339.124298 396.623169 3048.447754
-252.312759 65.258636 2973.819336
-107.396210 484.203796 3013.770996
8.712317 241.031052 3018.014404
46.795914 -113.756058 2789.971191
-100.017624 -605.664062 3048.836670
-210.955963 237.169418 2984.079346
-277.478394 -247.488480 3027.081055
-166.637329 -706.398071 3036.530273
-118.482063 967.614075 3037.310303
-117.020218 729.525757 3028.836670
63.804794 731.428833 3057.976074
119.972504 398.387299 3121.069824
158.614380 88.415131 2983.484863
-297.845215 727.622742 2999.697266
-340.334503 395.637054 3053.899414
-247.530487 65.243561 2980.469727
-112.563324 484.322632 3017.193115
2.183188 240.280212 3023.322266
55.954697 -68.370819 2736.674316
-127.452087 -582.324829 3067.607178
-218.396042 237.958740 2987.776855
-275.549622 -248.894287 3017.361328
-174.604828 -709.875549 3034.078369
-119.822411 966.900269 3037.357910
-118.074875 728.737671 3030.986328
62.794220 731.079712 3059.960205
115.742775 398.056152 3127.613037
166.699905 86.163635 2996.982666
-298.943970 726.395630 3002.012451
-341.836212 397.519867 3057.686523
-246.958954 67.532013 2983.980469
-113.337807 483.452393 3021.242188
-1.557472 239.553192 3028.645508
62.989090 -22.540070 2705.927246
-138.714279 -562.016968 3084.393555
-215.644012 236.781036 2994.350586
-263.519562 -251.546661 3014.639160
-172.379181 -714.353027 3036.473145
-121.668320 972.007629 3048.904785
-119.353554 734.531799 3036.954346
61.341084 736.866455 3067.047852
112.883514 400.538330 3140.814941
167.439285 87.823151 3011.405273
-300.048187 732.197205 3006.860840
-342.295197 395.907471 3060.293457
-246.154083 67.274170 2981.912842
-113.836372 489.506134 3022.835449
1.275103 245.896439 3026.968750
65.644409 39.384308 2663.490967
-78.055023 -431.989258 2967.835449
-217.913483 243.064468 2990.464355
-240.178040 -258.537720 3142.511963
-135.099335 -724.783630 3103.865723
-123.143410 971.516479 3055.178223
-120.974037 733.690063 3041.482178
59.254463 736.085388 3074.183350
112.765625 411.887390 3151.490479
177.663116 90.429810 3057.513184
-301.202545 731.294678 3008.781006
-342.216858 403.536957 3064.493408
-279.321960 70.280731 2979.325439
-114.823105 488.775238 3025.521973
1.719606 245.327621 3029.591553
63.079201 99.461243 2639.725342
-35.270515 -310.225525 2851.897705
-219.063934 242.393234 2989.531982
-227.512024 -243.919296 3134.975586
-129.819427 -711.714233 3079.910645
-123.594269 971.457031 3058.308350
-121.172241 733.365723 3044.710693
58.758163 735.491821 3079.061523
108.597229 419.575409 3154.270020
173.863571 92.826111 3077.443848
-301.102661 731.239624 3010.359863
-342.360748 403.011536 3066.947266
-306.126282 67.452026 2976.263672
-115.170425 488.452087 3028.431641
1.584099 244.847137 3033.296631
56.667076 170.540802 2625.234863
-11.007790 -218.302643 2763.821045
-219.921310 242.229767 2991.008545
-210.136124 -239.394440 3120.552246
-126.201538 -691.190796 3067.904785
-123.409126 971.104614 3060.368896
-121.013435 733.558716 3046.854248
59.032707 735.042847 3080.675049
102.158073 434.457581 3160.769043
162.221207 104.708862 3089.229736
-301.059570 732.074585 3013.033447
-345.791290 400.691986 3066.872070
-320.547638 64.653625 2971.404541
-115.957367 488.609863 3030.687012
0.194441 244.576767 3035.388672
47.008682 238.240814 2612.356445
4.671253 -150.680878 2695.649414
-221.997040 242.745224 2993.650879
-204.319061 -236.888077 3114.036133
-129.249390 -676.998596 3065.354492
-124.375435 968.857849 3061.899902
-123.201607 731.452209 3048.154053
56.736103 732.194763 3082.590820
98.243721 442.843567 3158.221680
162.460342 110.370148 3105.958008
-303.139313 730.709656 3013.717285
-350.733704 402.109589 3067.685791
-331.728516 65.421906 2971.120850
-119.110382 486.477386 3032.059082
-3.853925 241.961319 3037.239014
41.632156 275.132935 2603.477539
11.463446 -106.827881 2630.624023
-226.184372 241.043839 2994.689209
-206.632248 -240.192429 3098.398682
-129.293930 -673.451965 3064.401611
-124.971817 964.350708 3063.165283
-126.706596 727.050354 3048.537598
53.173054 725.303467 3083.173096
112.585785 419.238678 3164.981934
245.115250 113.555389 3139.439209
-306.586243 728.797180 3013.902100
-356.407166 404.091248 3067.533691
-341.017090 67.735199 2968.147705
-126.105652 482.024719 3033.058594
-14.297649 235.919144 3038.992432
31.879410 297.324371 2608.075439
15.295053 -77.156006 2561.148682
-236.711761 238.079056 2996.166748
-212.962372 -243.228317 3094.554688
-135.595535 -671.833130 3064.156494
-126.486885 959.333801 3063.333984
-131.327698 722.221558 3049.878418
49.225349 718.426636 3080.330322
95.030891 413.838043 3171.051758
271.046661 145.868866 3153.340088
-311.880768 726.016479 3019.426514
-360.119446 403.863495 3069.944092
-346.415863 68.184601 2967.509521
-133.973221 477.178467 3035.026367
-24.938789 229.788025 3039.010010
32.023064 299.549133 2607.182129
32.230885 -88.191071 2448.218750
-248.298691 234.482727 3001.338623
-213.204941 -246.640259 3094.433838
-136.638504 -668.027588 3067.018066
-127.515068 958.886719 3062.396240
-134.123291 721.895874 3051.501221
46.909317 717.187500 3078.861572
94.311348 411.538483 3165.084961
289.443268 156.611801 3158.867920
-315.155914 726.604187 3024.140869
-361.402100 402.085510 3072.510254
-349.362610 67.265930 2966.841064
-138.496796 476.778137 3038.257324
-30.912233 228.748581 3041.934082
38.377144 282.308533 2618.970703
55.481056 -100.061615 2340.489258
-254.828369 234.572250 3008.092773
-208.707611 -245.145248 3102.388428
-132.092529 -661.129028 3068.140625
-128.459839 956.314575 3062.910645
-131.824905 719.665710 3054.443115
49.287109 718.293518 3081.659912
87.619118 411.190338 3167.222900
294.348877 165.544617 3162.349854
-312.936920 721.037903 3027.226318
-363.091217 402.471924 3076.948730
-349.604095 70.110626 2964.034668
-132.008392 474.434082 3043.300293
-20.173571 228.353714 3048.991211
58.879578 260.787415 2636.560791
86.931534 -85.397644 2265.820068
-244.210190 230.051163 3015.323730
-189.604706 -249.712387 3104.214844
-115.659706 -664.636719 3069.418213
-130.970596 955.682129 3062.169678
-134.005493 718.026611 3055.252441
47.365559 716.635376 3080.858887
95.102776 413.696442 3176.000488
298.681122 165.683609 3163.824951
-315.376526 719.417786 3029.645996
-364.029083 398.074860 3079.881836
-350.610992 66.620392 2964.143066
-134.384720 472.743744 3044.612305
-22.595013 226.600525 3049.808350
58.532436 212.469360 2603.509277
77.677353 -88.253082 2228.710693
-246.932877 228.321289 3018.135986
-205.843613 -254.136749 3098.057861
-130.358673 -661.290283 3069.905762
-132.038193 961.878479 3074.305908
-134.561523 724.971069 3062.177734
46.945251 723.202209 3086.903809
90.327118 415.583771 3168.092773
299.958252 172.397003 3163.881836
-316.068298 726.739990 3037.451660
-364.373901 395.412842 3080.402832
-350.245972 64.166565 2964.029297
-134.983109 479.896912 3047.739990
-23.145035 233.728699 3048.594971
75.467545 269.203888 2590.684814
76.482414 -94.620697 2236.728027
-247.664352 235.916748 3018.009521
-207.238159 -247.289795 3094.624023
-128.538849 -652.685913 3072.428955
-133.428772 964.651978 3079.867676
-134.295593 727.905823 3065.019531
47.391079 727.638550 3088.453613
92.942200 379.451660 3173.226318
216.918106 257.323853 3174.512451
-315.982269 728.173157 3041.585449
-366.252686 405.351837 3086.431396
-349.367371 75.483795 2966.588623
-132.492371 482.985687 3048.245117
-18.306932 237.900192 3045.965820
69.852715 280.705322 2596.314697
69.360153 -137.706940 2286.836426
-243.071350 238.230881 3016.975586
-205.486328 -244.474442 3098.410156
-123.798645 -657.321655 3070.237305
-131.405548 965.587646 3083.659180
-132.681122 729.618835 3066.460449
49.084984 728.848389 3089.333252
94.751167 416.571320 3148.497070
258.975342 347.960144 3415.752930
-314.447205 730.389343 3043.587646
-366.708862 406.335022 3090.230713
-350.229767 76.075256 2971.342285
-131.259247 484.895691 3046.917480
-17.411095 239.695969 3041.521729
56.422096 292.060120 2597.026123
52.175816 -176.646057 2352.786865
-242.263657 240.649094 3013.227295
-206.886765 -243.402298 3087.323975
-125.880730 -658.897217 3065.896973
-135.078140 962.057434 3073.040283
-134.800842 726.023682 3063.211670
47.052738 726.985474 3085.341797
82.881966 415.030334 3152.446045
213.282745 418.781433 3445.847412
-316.654419 725.061890 3041.081543
-367.341064 409.889099 3090.968262
-350.663788 78.612579 2974.969727
-131.790833 480.987366 3049.126465
-16.292334 236.545959 3048.730225
53.878883 285.980103 2613.434570
39.755741 -200.872986 2439.814941
-241.269318 235.356079 3021.352295
-206.989624 -248.385834 3098.274414
-125.341209 -668.947144 3074.938965
-135.139084 961.146973 3067.242432
-133.465805 724.721985 3060.804932
48.179852 727.521484 3084.380371
89.596008 416.204376 3151.231689
191.618164 444.314240 3454.388428
-315.111481 721.922424 3037.229492
-366.835052 402.813568 3092.957031
-351.785095 71.885651 2975.724121
-128.165436 479.579895 3049.076416
-10.502796 236.169571 3051.931152
54.661221 277.193909 2610.832520
36.099651 -201.232666 2512.522949
-235.227341 232.706070 3022.764648
-199.205353 -252.745316 3085.800537
-120.641243 -664.483337 3065.814697
-134.942490 961.367188 3064.842285
-132.817596 724.151367 3059.675293
48.536507 727.599976 3085.308105
86.404282 416.479584 3155.114014
184.812286 453.819397 3458.469238
-314.171692 720.702759 3034.042480
-366.244904 398.970398 3091.054443
-352.716125 66.301544 2978.764893
-126.610687 478.964294 3048.748047
-8.225243 235.910431 3053.676270
48.227982 255.524719 2621.562500
24.447195 -219.688538 2590.407715
-232.582306 231.644073 3021.965332
-203.337753 -254.427856 3084.278076
-125.186798 -662.476257 3065.390381
-134.920837 960.893433 3063.642822
-133.444031 723.021118 3058.638916
48.130459 726.049316 3082.759766
89.643677 415.470398 3152.903564
180.188599 457.418213 3458.099854
-315.018524 719.992920 3034.518066
-365.714294 397.669952 3089.328125
-353.622406 63.252075 2982.252930
-127.861298 477.816711 3047.397705
-9.967978 234.485382 3051.076172
44.237259 212.966507 2615.809570
12.346869 -257.640137 2663.732178
-234.589142 230.739227 3021.236816
-207.336349 -255.550079 3083.380127
-132.414078 -663.610901 3069.359863
-135.721924 960.314331 3063.556152
-134.221375 722.754517 3056.784424
47.288429 725.985229 3081.425537
91.211884 415.540009 3150.687744
177.499878 460.569031 3456.677246
-315.731171 719.523804 3032.143311
-365.734711 396.877014 3088.854736
-354.084625 60.909821 2986.700928
-128.168915 477.613312 3044.341797
-9.847755 234.470413 3047.140381
40.604740 163.679077 2621.259277
7.159546 -308.624268 2732.220459
-234.385132 230.473831 3016.657959
-206.557495 -255.007431 3084.651367
-130.498749 -661.616272 3067.966797
-136.537064 965.801514 3076.498779
-133.581848 729.136230 3061.116699
47.566071 731.777344 3088.264648
89.848961 419.761963 3151.203369
176.438217 465.560364 3456.993408
-314.729767 726.495056 3033.968750
-369.069672 396.527679 3088.410889
-353.506378 59.338715 2990.976562
-127.200928 484.483551 3042.340576
-8.761696 241.464722 3040.358154
39.828568 119.844704 2644.802246
5.105968 -352.806946 2791.282959
-232.878326 238.197083 3006.770752
-204.932220 -246.277893 3081.504639
-129.835815 -649.953491 3065.366211
-138.655945 973.072510 3083.973877
-134.314209 736.424561 3064.049561
46.867668 739.259460 3091.029297
90.569962 425.439209 3143.083984
173.551712 467.716888 3450.377686
-315.496094 733.589600 3037.069824
-367.944611 404.019989 3091.852539
-354.168030 66.966980 2993.536133
-127.223648 492.031494 3042.112793
-8.069023 249.391891 3036.863525
37.029243 56.372147 2666.799072
4.167946 -401.953674 2850.539551
-232.197144 245.884995 3003.488525
-209.880508 -236.904648 3089.403564
-130.543976 -648.170959 3070.331299
-140.459549 974.322510 3085.700684
-134.523575 738.884399 3063.797119
46.860413 742.836182 3089.203369
88.125038 429.082214 3143.594727
174.202179 464.960815 3450.850586
-315.907562 734.932495 3038.390869
-367.156464 409.828918 3092.825928
-354.579742 73.161926 2992.965332
-125.837639 494.721313 3039.763672
-4.952917 253.002747 3031.445801
38.276489 -6.166351 2702.719971
6.345837 -453.329254 2889.090088
-229.350479 248.113770 3000.014648
-209.480423 -233.408142 3093.519043
-128.251556 -654.699219 3068.328613
-143.148849 975.219421 3088.577393
-136.394302 740.660156 3062.688965
45.211140 745.325745 3086.315186
89.089813 432.056305 3141.447998
173.578033 464.306030 3449.546143
-317.999725 735.994507 3039.062744
-365.298309 411.539673 3087.913574
-354.902985 73.692352 2991.912842
-126.721237 496.743469 3036.503418
-4.713741 255.712784 3024.932129
30.339031 -53.681381 2740.553955
6.873707 -506.762817 2920.239014
-229.382599 249.940811 2995.703613
-211.893173 -231.380386 3091.093262
-131.575256 -658.133667 3065.097900
-141.185150 981.423889 3088.510498
-134.129532 745.642822 3062.247559
47.774342 750.272705 3083.393799
98.563889 436.604645 3129.605225
170.790314 465.027863 3441.178955
-316.033417 741.012817 3041.101318
-361.695343 410.377319 3086.017822
-355.092468 73.761353 2985.561523
-124.765862 501.805115 3035.087402
-2.879582 260.831451 3021.008057
26.260715 -134.661407 2832.188477
10.164917 -550.621399 2952.948486
-227.924820 255.103424 2994.846436
-211.246262 -224.298523 3099.387939
-130.301331 -652.812988 3068.352295
-140.875031 982.566467 3088.486084
-132.692993 747.184875 3060.468506
49.195225 752.485718 3081.694580
112.200424 438.578735 3106.097656
167.119171 460.363434 3421.711426
-314.581207 741.884033 3039.242432
-358.009399 417.351257 3085.519775
-355.801666 80.815613 2984.571045
-122.211540 503.602661 3031.482178
0.770733 263.299103 3015.624512
26.788078 -178.580353 2897.551270
11.326153 -600.904541 2983.545898
-224.230927 256.741791 2989.367188
-211.600861 -221.536377 3099.555420
-127.684288 -657.345825 3067.624023
-138.066040 985.200806 3090.474121
-130.654083 749.720032 3060.272461
51.360588 754.698059 3080.505371
117.914253 440.750946 3091.020264
164.768036 459.561859 3408.122070
-312.668762 744.741943 3040.039551
-355.373047 421.437561 3085.694824
-355.774933 84.766571 2985.096191
-120.543053 506.381256 3029.183838
2.151731 266.121643 3010.610107
22.141138 -200.078003 2961.100098
5.215719 -624.359558 3003.937256
-223.015762 259.963379 2985.580322
-206.613022 -217.549988 3098.707764
-138.796722 -669.714050 3096.784424
-138.280121 985.363953 3089.948730
-128.748764 750.059204 3058.755859
53.359188 756.248169 3077.749023
115.829720 441.322388 3082.433105
163.969147 458.922180 3399.411865
-310.856750 743.870239 3039.762695
-354.365051 422.385895 3082.485596
-355.070038 85.880859 2981.264404
-117.051697 507.041626 3025.791260
7.291270 267.852356 3004.575195
24.299683 -207.970673 3016.263672
3.561958 -642.862061 3011.928711
-218.000534 260.195801 2981.078125
-206.706635 -214.464355 3105.699707
-133.488235 -660.230347 3092.274902
-138.150360 981.111328 3076.680176
-127.957092 745.336853 3051.188232
54.315643 752.793701 3067.889160
123.373665 439.369965 3077.854004
163.801147 454.390350 3396.040771
-310.229797 737.880005 3034.487305
-351.262878 422.893250 3081.922119
-355.981110 87.076111 2978.611084
-115.345383 501.877106 3022.248291
10.019760 263.030182 3003.639404
22.203140 -212.660522 3070.635010
-9.545309 -668.619263 3019.042480
-215.487106 253.804535 2982.977295
-202.823563 -220.396515 3109.590820
-141.932388 -677.240601 3123.270752
-136.921829 976.424255 3069.577881
-128.295731 741.175476 3045.845459
54.329205 747.519775 3058.046143
123.611832 434.865936 3081.503662
164.619354 453.415924 3399.429688
-310.920685 734.831177 3033.644775
-348.011536 416.199005 3081.835449
-354.394562 84.295746 2967.220947
-117.994774 497.426208 3018.404785
5.298406 257.602234 2998.512939
22.692612 -215.869659 3100.159912
-30.378899 -683.816528 3017.377441
-220.686035 249.751648 2983.415283
-208.067032 -227.629486 3096.897705
-151.288803 -686.728394 3146.609619
-133.031708 974.589722 3067.001221
-125.234131 738.836060 3043.141846
57.477299 745.143555 3054.553711
128.488541 433.193665 3081.892578
164.240891 455.245514 3400.229248
-307.945557 732.528564 3031.729980
-349.878174 415.963135 3078.773682
-352.935181 85.888367 2958.714111
-115.113129 495.043762 3015.844727
8.004071 255.152252 2995.605225
30.112206 -217.037109 3114.793213
-18.494762 -684.402954 3045.400146
-217.988327 247.350616 2981.489990
-197.212494 -228.825195 3098.922119
-148.976913 -692.531738 3146.578369
-130.131851 974.001709 3065.221924
-121.648582 738.291443 3040.349854
60.934547 744.926147 3053.623535
125.994102 431.896759 3083.332031
164.529175 457.412079 3401.084717
-304.231720 731.656738 3027.076172
-346.013916 410.585602 3073.031250
-351.334259 81.978271 2948.933105
-110.750526 494.617615 3012.241699
13.079851 255.047531 2992.343750
23.249977 -217.985886 3116.367676
-6.124695 -687.714417 3081.808105
-212.784790 246.840073 2975.923340
-193.927780 -229.106064 3095.001953
-145.660172 -694.506470 3143.645508
-129.799332 977.058716 3077.831787
-119.825600 742.686157 3044.202393
62.717659 749.850769 3057.918945
123.596786 435.597931 3083.249512
163.922440 462.435364 3400.670898
-302.368866 735.521606 3030.485840
-342.388641 406.240204 3069.658691
-353.173706 75.807709 2950.957031
-107.637405 500.157104 3008.679199
17.456116 262.059418 2981.639893
18.705265 -212.979584 3101.826416
-1.528233 -683.590759 3096.204834
-208.354523 253.196625 2964.672119
-199.729370 -217.059998 3103.807861
-138.006958 -666.143433 3114.843262
-126.156662 973.315430 3070.112305
-117.746124 739.115784 3040.435791
64.740448 744.736572 3055.510010
128.224854 430.584686 3075.030762
164.618576 452.612366 3393.296387
-300.232697 733.494995 3025.361572
-339.673126 406.057648 3066.864502
-348.734222 75.714966 2947.562988
-107.610985 495.978699 3008.400391
15.404620 256.318451 2985.689453
4.267070 -216.052277 3116.482422
-0.684433 -687.395874 3112.058105
-210.356308 249.364777 2967.040527
-210.300690 -213.949219 3127.190186
-140.722321 -666.085449 3107.416504
-123.080170 971.866577 3066.779297
-112.709793 736.884766 3038.243408
69.355072 744.438354 3056.885254
131.630127 429.439240 3056.542725
96.605240 440.615845 3375.527100
-294.774658 729.331177 3019.601562
-338.392120 404.851868 3065.437012
-337.553467 75.201508 2944.206055
-99.465767 493.727600 3007.421875
26.409010 255.243286 2988.132812
13.851409 -221.619324 3101.670166
16.667355 -691.625183 3127.791748
-198.852509 245.897522 2965.067871
-193.564850 -218.301849 3123.808350
-123.850906 -663.087769 3089.069824
