-111.297775 982.270386 3088.507324
-108.107063 748.887634 3047.649902
73.874413 748.944031 3068.683350
73.874222 427.847839 3068.683350
73.879692 106.751984 3068.683350
-290.088562 748.831238 3026.616455
-339.329712 432.386749 3067.139404
-345.755310 93.754791 2967.254395
-103.663467 506.333862 3009.854492
13.336981 263.815002 2985.068359
0.668088 -208.175415 3118.750732
-13.618797 -682.037109 3097.770264
-211.776733 263.745239 2959.049805
-191.019623 -206.174225 3099.691406
-151.646973 -671.363342 3161.767334
-108.803871 979.328247 3075.976074
-105.449745 744.698975 3041.615723
76.431816 745.302612 3063.546387
76.431625 424.206421 3063.546387
76.437096 103.110565 3063.546387
-287.331299 744.095398 3019.685059
-336.407837 432.152771 3062.067627
-339.644531 93.695465 2961.333984
-100.749451 501.406982 3009.330078
16.450525 258.488342 2990.609131
1.050999 -213.305176 3125.339111
-12.524264 -686.218872 3111.112793
-208.548828 257.741638 2963.479736
-186.991150 -213.189056 3100.767822
-152.305176 -676.774780 3178.296143
-108.722679 976.269104 3069.203613
-104.746696 741.115784 3037.963379
77.076469 742.550110 3060.368408
77.076279 421.453918 3060.368408
77.081749 100.358063 3060.368408
-286.569855 739.681458 3015.558350
-335.344238 426.388580 3058.566162
-327.290619 87.176453 2961.288330
-99.200836 497.458160 3008.555664
18.810341 254.687759 2993.006348
6.998155 -213.212631 3140.679199
-27.447067 -704.253418 3059.194824
-206.120300 252.913345 2965.289551
-184.717072 -220.486984 3093.648926
-151.373428 -681.299866 3187.523193
-106.634506 975.982788 3067.848877
-105.336281 741.404663 3036.922119
76.764748 741.175171 3056.806885
76.764557 420.078979 3056.806885
76.770027 98.983124 3056.806885
-287.437286 741.634094 3017.037354
-335.212494 422.274933 3054.595947
-317.909149 84.169586 2954.768311
-102.401367 497.721924 3007.232910
13.185768 253.897263 2989.844971
13.585629 -215.508560 3133.055420
-49.148998 -691.482056 3068.580322
-212.118683 254.181137 2965.242432
-191.663788 -219.335709 3093.567627
-163.685852 -682.153198 3180.511963
-106.451263 974.433044 3065.170410
-104.950417 740.148376 3034.052246
77.244118 738.983093 3053.129395
77.243927 417.886902 3053.129395
77.249397 96.791046 3053.129395
-287.144928 741.313660 3014.975098
-335.584656 408.652954 3053.821533
-310.799622 75.076141 2938.246826
-103.355591 496.488281 3003.937988
10.930222 252.107468 2985.623291
31.307804 -203.178391 3163.190430
-60.009090 -711.636169 3027.129883
-214.451736 253.548935 2962.024170
-189.616440 -217.005264 3099.794434
-156.696198 -640.337769 3155.047363
-104.822845 973.175232 3064.814941
-104.565987 738.973877 3033.022217
77.671761 737.032349 3051.689453
77.671570 415.936157 3051.689453
77.677040 94.840302 3051.689453
-286.803741 740.915405 3014.354980
-330.255585 402.852509 3050.426758
-302.891663 72.658997 2926.551514
-104.073807 495.303162 3002.874023
9.138133 250.431564 2984.272217
50.454849 -244.379288 3173.835693
-66.611412 -715.185486 3044.662109
-216.301376 252.833359 2961.179443
-191.961441 -217.365982 3100.501221
-153.495255 -661.659363 3161.945557
-101.860687 974.918823 3065.177246
-101.672234 740.976807 3032.402832
80.547035 738.972534 3051.297363
80.546844 417.876343 3051.297363
80.552315 96.780487 3051.297363
-283.891510 742.981079 3013.508301
-328.128387 402.422791 3047.747070
-299.075165 71.685486 2920.706299
-101.117752 497.431030 3001.221191
12.146152 252.645538 2981.726562
43.017441 -225.757385 3159.138428
-44.577881 -693.270569 3062.559570
-213.272690 255.124969 2958.352539
-192.762054 -212.185028 3107.390381
-146.830765 -629.163696 3140.075195
-102.413918 973.679871 3064.817627
-100.920227 739.859985 3030.810547
81.359543 738.954224 3049.189941
81.359352 417.858032 3049.189941
81.364822 96.762177 3049.189941
-283.200012 740.765747 3012.431152
-326.089020 398.192963 3046.886230
-297.208435 72.129639 2910.879395
-98.954529 496.361084 2999.315918
16.104254 252.300247 2979.224609
84.187790 -212.952438 3120.901123
-9.656128 -669.051208 3042.541260
-210.081909 253.424149 2956.417969
-193.377106 -213.866806 3106.199951
-144.234924 -623.421448 3131.467773
-100.707939 972.879517 3064.639893
-97.971664 739.714600 3029.998779
84.155151 739.657471 3049.818848
84.154961 418.561279 3049.818848
84.160431 97.465424 3049.818848
-280.098480 739.771606 3010.178711
-327.055115 395.586761 3041.936035
-295.250366 71.909698 2900.670166
-94.606735 496.247070 2998.377441
22.890234 252.743805 2979.176514
107.137253 -219.087891 3086.157471
9.413841 -676.773926 3023.334717
-205.373840 252.815338 2954.335693
-203.332367 -211.382141 3113.475586
-112.825661 -632.977905 3112.087158
-101.313911 973.286255 3063.034424
-96.822098 739.948242 3028.594971
85.272034 740.968567 3048.706787
85.271843 419.872375 3048.706787
85.277313 98.776520 3048.706787
-278.916229 738.927856 3008.483154
-326.555817 393.772278 3033.448486
-293.666199 71.167877 2897.463135
-92.034546 496.424133 2997.603027
26.862238 253.539459 2979.214111
112.272987 -223.995941 3055.585449
14.414406 -683.398560 3007.150391
-201.356216 252.260651 2954.008057
-187.348129 -221.322906 3083.197998
-97.622459 -684.889282 3077.850830
-99.196945 972.578491 3063.753418
-93.852852 739.700012 3026.837402
88.078987 740.862366 3048.351318
88.078796 419.766174 3048.351318
88.084267 98.670319 3048.351318
-275.784698 738.537659 3005.323486
-325.838715 397.791473 3023.895996
-268.122284 68.304443 2935.515137
-88.428925 496.418396 2994.114258
31.002174 253.865173 2974.872803
109.604088 -228.014221 3027.614258
14.355324 -689.123169 2991.847656
-197.012177 252.408386 2947.909424
-177.794830 -227.261444 3051.423584
-96.803658 -692.394165 3043.361328
-97.886505 970.199463 3051.117188
-90.533836 736.318054 3020.809082
91.072456 740.294189 3044.392578
91.072266 419.197998 3044.392578
91.077736 98.102142 3044.392578
-272.140106 732.341919 2997.225586
-325.765594 400.357727 3022.332031
-238.277039 71.691589 2968.290771
-81.525314 492.648193 2992.520508
41.303253 251.470337 2979.012695
109.846428 -233.496399 3014.744385
19.074203 -696.213501 2989.717041
-186.336853 246.486328 2949.451172
-165.848282 -237.204803 3031.857178
-92.901436 -703.631470 3021.957275
-95.568085 972.658691 3044.290283
-87.705719 738.104858 3017.629639
93.818222 741.919556 3041.997070
93.818031 420.823364 3041.997070
93.823502 99.727509 3041.997070
-269.229645 734.290161 2993.262207
-323.494324 398.761139 3019.710449
-213.946686 73.402802 2980.609375
-79.036606 494.181427 2991.235352
43.389008 252.648560 2980.111572
101.282318 -234.426239 3004.072754
16.140961 -698.604675 2987.874756
-184.123993 247.867371 2949.570557
-164.490402 -238.449829 3014.975098
-98.895142 -705.941162 3003.920898
-95.954063 974.465210 3041.369385
-87.842094 739.733459 3015.121582
93.333107 743.857971 3041.875000
93.332916 422.761780 3041.875000
93.338387 101.665924 3041.875000
-269.017303 735.608887 2988.368164
-328.747284 402.907532 3018.431885
-202.005875 81.893982 2986.388916
-78.508057 495.729523 2989.528809
44.366379 254.310410 2980.702148
92.315643 -234.169449 2996.700928
13.414665 -699.641663 2987.572754
-182.714417 249.140793 2947.169922
-164.957825 -238.878799 2999.027832
-106.042221 -707.243469 2987.343750
-98.444519 975.492554 3052.405273
-89.188492 742.441162 3016.784912
92.164703 747.051880 3042.281250
92.164513 425.955688 3042.281250
92.169983 104.859833 3042.281250
-270.541687 737.830322 2991.288574
-331.014771 404.941376 3014.854004
-197.055664 85.400787 2987.401367
-78.438934 499.413147 2984.273193
44.589386 259.239777 2967.546631
83.817947 -230.162598 2978.226807
11.370369 -696.758118 2974.621338
-179.968140 253.530548 2935.976318
-162.057068 -218.413422 3070.934082
-97.863304 -660.734497 3124.968994
-101.642975 976.536560 3056.931885
-91.921761 744.935913 3015.718262
89.572441 749.904297 3040.163818
89.572250 428.808105 3040.163818
89.577721 107.712250 3040.163818
-273.415955 739.967529 2991.272705
-339.236359 427.275421 3022.801514
-203.113052 138.433563 2988.984375
-80.415787 502.425507 2979.581055
41.663105 262.942047 2958.336914
73.507614 -227.060455 2965.486816
7.451294 -694.617188 2966.089111
-179.482727 256.888214 2928.550781
-201.573120 -199.607056 3099.458252
-93.658913 -652.177795 3104.754883
-101.549980 973.263428 3046.181396
-91.572426 740.760925 3008.008057
90.126991 746.020996 3030.801270
90.126801 424.924805 3030.801270
90.132271 103.828949 3030.801270
-273.271851 735.500793 2985.214844
-344.822876 424.049438 3016.539307
-202.629288 137.463776 2989.109863
-80.300980 497.870789 2974.208496
41.668320 258.185303 2954.295410
67.389618 -232.205261 2959.106689
7.481628 -700.575012 2962.827393
-179.727386 251.776016 2926.522461
-183.840027 -218.380692 3068.309082
-84.334885 -679.977539 3068.625732
-102.971069 973.215820 3029.814941
-92.282364 738.880981 2998.990967
89.183990 744.957214 3023.368652
89.183800 423.861023 3023.368652
89.189270 102.765167 3023.368652
-273.748718 732.804749 2974.613281
-337.411865 407.138947 3011.309814
-192.709732 91.201660 2990.181396
-80.366539 495.327698 2970.996338
42.105217 255.476273 2957.853516
62.813553 -235.164322 2961.114258
8.700527 -704.215881 2967.069336
-179.006653 248.072525 2928.149902
-173.265747 -229.336136 3043.109375
-83.171417 -692.849182 3039.684082
-106.082748 971.940918 3021.123779
-92.339684 737.753418 2992.305664
89.059547 746.587891 3016.236328
89.059357 425.491699 3016.236328
89.064827 104.395844 3016.236328
-273.738922 728.919006 2968.375000
-331.572784 408.890991 3006.746826
-190.938736 90.538757 2991.745117
-76.991257 494.197693 2965.873779
48.879128 256.024536 2954.022217
65.516388 -234.776703 2956.251221
16.785175 -704.395996 2963.735840
-172.164795 245.259338 2924.861572
-161.721008 -236.956268 3017.201416
-80.363083 -702.054688 3011.088623
-107.031723 970.054443 3017.295654
-92.374954 736.538574 2985.876953
89.044739 746.371094 3009.344971
89.044548 425.274902 3009.344971
89.050018 104.179047 3009.344971
-273.794647 726.706055 2962.408936
-321.605927 399.901337 2998.123291
-184.402802 79.693024 2990.401855
-75.650330 493.136658 2958.566162
51.600891 255.725037 2945.552734
64.948952 -235.179352 2947.091797
21.161873 -705.268860 2955.553467
-169.452301 243.744446 2916.958008
-157.346405 -241.616699 2990.752686
-84.024048 -708.021484 2982.785400
-110.447281 967.657837 3002.861084
-95.879112 733.885742 2974.818848
85.395012 744.420593 2999.134277
85.394821 423.324402 2999.134277
85.400291 102.228546 2999.134277
-277.153229 723.350891 2950.503418
-318.642822 397.579620 2991.660156
-180.910110 77.468018 2992.664795
-78.551147 490.143311 2951.239502
49.210426 252.818787 2942.473389
59.909786 -238.151703 2943.547852
20.628372 -708.628906 2952.560059
-171.656799 239.982971 2912.846924
-159.580841 -247.419891 2971.670898
-93.598297 -714.897461 2962.499023
-115.416115 970.166382 2995.147217
-98.461693 736.378723 2966.911377
82.736916 748.382202 2991.110840
82.736725 427.286011 2991.110840
82.742195 106.190155 2991.110840
-279.660309 724.375244 2942.711914
-314.309540 392.564362 2985.208252
-178.760071 71.594482 2993.784912
-79.238998 492.711731 2943.840820
50.370110 256.357239 2935.512695
58.941143 -234.655579 2936.271484
23.741329 -705.451355 2945.510254
-170.402710 241.732193 2906.027832
-159.221436 -246.989182 2952.868652
-99.908203 -715.345337 2942.993164
-119.651917 967.657837 2979.789062
-101.576660 733.804993 2955.757324
79.509872 746.678101 2980.370605
79.509682 425.581909 2980.370605
79.515152 104.486053 2980.370605
-282.663208 720.931885 2931.144043
-314.304810 394.331787 2979.003418
-179.616730 73.177704 2993.932129
-81.753601 489.808228 2937.526855
48.384560 253.653549 2934.290283
55.247837 -237.386398 2934.833008
23.729120 -708.443237 2944.057129
-172.245636 237.969345 2904.302490
-162.334641 -251.600693 2941.593018
-109.057671 -720.674927 2931.394043
-125.453285 964.145996 2962.112061
-105.285110 729.782349 2943.456055
75.624924 744.374817 2968.375244
75.624733 423.278625 2968.375244
75.630203 102.182770 2968.375244
-286.195129 715.189880 2918.536865
-317.522858 394.167755 2969.331543
-180.376251 74.471008 2991.414551
-83.974213 485.569946 2931.749512
47.545753 250.247147 2935.223633
53.040024 -240.810196 2935.616455
24.830399 -712.080444 2944.650635
-172.872391 232.467911 2904.862305
-164.329880 -257.647278 2934.556641
-116.500153 -727.307312 2924.318604
-130.147614 963.288879 2950.771484
-109.222496 728.556152 2932.903320
72.039452 743.774048 2954.481934
72.039261 422.677856 2954.481934
72.044731 101.582001 2954.481934
-290.484436 713.338196 2911.324707
-322.728607 391.211121 2962.369141
-180.348846 74.178619 2989.252197
-87.720657 484.182129 2924.625488
44.218819 249.079971 2929.494873
48.616310 -241.988480 2929.782715
23.374361 -713.432922 2938.502686
-176.656464 230.536270 2903.200439
-169.432312 -259.928650 2926.856689
-126.507507 -730.065979 2916.787354
-131.450607 955.964905 2922.628174
-112.265823 721.760803 2917.210693
69.483063 736.802673 2933.836914
69.482872 415.706482 2933.836914
69.488342 94.610626 2933.836914
-294.014709 706.718933 2900.584473
-324.404083 388.308807 2954.780273
-182.031876 71.489288 2984.905273
-92.324699 477.362122 2920.332764
38.379021 242.130356 2933.587402
41.898201 -248.945236 2933.800537
19.313318 -720.531616 2942.122559
-183.146164 223.796555 2913.322266
-177.118652 -266.892517 2932.177979
-138.603394 -737.418335 2922.425537
-133.623154 948.764099 2897.153320
-119.504547 715.141907 2901.956543
62.903122 725.949463 2911.973389
62.902931 404.853271 2911.973389
62.908405 83.757416 2911.973389
-301.912201 704.334351 2891.939697
-325.755676 381.530151 2947.947510
-188.706787 62.470978 2979.104492
-105.692078 470.696045 2914.170410
19.359163 232.840988 2932.492920
22.175194 -258.239136 2932.652588
1.966581 -729.941040 2940.523682
-203.118378 219.659348 2920.275635
-198.138351 -271.173340 2935.313232
-163.582718 -742.014954 2925.979492
-138.035889 942.696777 2885.291504
-124.570816 709.275146 2890.925537
58.042446 719.247070 2899.836670
58.042255 398.150879 2899.836670
58.047729 77.055023 2899.836670
-307.184082 699.303223 2882.014404
-335.213287 379.854950 2936.450928
-199.041656 60.770111 2971.294434
-111.921684 464.700256 2905.398438
12.029507 226.203217 2925.302734
14.282768 -264.879822 2925.423584
-3.802221 -736.675720 2932.814453
-210.574600 214.047516 2914.439941
-206.489899 -276.877106 2926.438232
-175.487030 -747.975342 2917.588867
-143.079727 943.007935 2879.364014
-128.666550 709.508240 2880.952881
54.046822 720.184204 2887.433838
54.046631 399.088013 2887.433838
54.052105 77.992157 2887.433838
-311.379944 698.832214 2874.471924
-336.250885 370.028168 2929.899658
-203.452759 49.638275 2965.910889
-114.840134 464.826172 2894.212402
10.325553 226.649704 2911.421143
12.128424 -264.435242 2911.513428
-4.059511 -736.307495 2918.411865
-212.352982 213.638535 2903.522705
-209.021027 -277.344971 2913.100586
-181.204193 -748.651611 2904.773926
-148.117523 937.748840 2853.411377
-132.060623 703.425049 2863.244873
50.462925 715.536682 2872.358154
50.462734 394.440491 2872.358154
50.468208 73.344635 2872.358154
-314.584167 691.313416 2854.131592
-339.358551 368.015198 2919.684814
-212.453613 44.888000 2951.736816
-116.919800 459.435394 2884.262939
10.075253 222.867996 2910.865723
60.353039 -230.019608 3029.701416
-11.987469 -689.075500 3107.212158
-213.633209 208.023453 2899.696289
-210.926682 -282.997742 2907.344727
-185.966064 -754.473511 2899.558594
-148.206207 934.872437 2840.418701
-132.725449 701.013123 2849.771240
49.669563 712.814026 2861.641113
49.669373 391.717834 2861.641113
49.674847 70.621979 2861.641113
-315.120483 689.212219 2837.901367
-343.211243 361.063171 2905.535156
-225.910461 34.304352 2936.259521
-118.360153 456.963867 2871.660645
9.421538 220.252625 2900.930908
44.216446 -250.264343 2935.310059
-55.670364 -672.804932 3061.935547
-217.411255 205.576599 2886.169189
-215.219879 -285.468719 2892.278809
-192.819382 -757.081665 2885.035645
-148.748337 929.756836 2822.921387
-133.425537 696.340454 2835.283691
48.862633 708.449829 2848.681396
48.862442 387.353638 2848.681396
48.867916 66.257782 2848.681396
-315.713715 684.231079 2821.885986
-343.765472 358.325684 2889.277588
-240.546722 27.240662 2921.776611
-119.035835 452.517578 2859.874512
8.235781 216.193451 2892.761719
68.724640 -302.485443 2851.182617
-105.072266 -640.083374 3070.844238
-217.528061 201.195953 2876.168945
-215.758240 -289.864807 2881.051025
-195.652374 -761.589111 2874.342041
-146.914978 924.150024 2805.161621
-130.771500 690.613647 2819.443604
51.448822 703.237732 2833.472168
51.448631 382.141541 2833.472168
51.454105 61.045685 2833.472168
-312.991821 677.989563 2805.415039
-344.749420 356.302673 2878.075684
-246.686676 22.862976 2901.926758
-115.864090 446.905151 2845.116211
11.609314 210.995132 2879.454834
38.373096 -264.325256 2823.972900
-56.000286 -665.344055 2975.772217
-213.522675 195.398148 2862.122803
-212.096130 -295.672546 2866.024658
-194.047012 -767.487061 2859.833008
-144.984070 915.843567 2774.317383
-127.774811 683.346069 2799.336426
54.039700 697.741821 2816.305908
54.039509 376.645630 2816.305908
54.044983 55.549774 2816.305908
-309.589325 668.950317 2782.366943
-343.994110 350.855835 2857.260010
-251.491608 15.667297 2880.749512
-111.457558 440.432068 2830.580566
15.343021 206.265930 2872.136475
25.189796 -270.132294 2787.093018
-41.652405 -669.307129 2914.736084
-205.623627 188.770203 2851.512939
-204.475571 -302.306793 2854.631836
-188.270172 -774.194458 2848.935547
-142.628311 913.654236 2749.395996
-124.736046 681.146729 2777.197510
56.057991 697.320557 2800.896973
56.057800 376.224365 2800.896973
56.063274 55.128510 2800.896973
-305.530090 664.972900 2753.498047
-343.314209 341.979614 2829.987305
-255.832306 6.282990 2862.869873
-107.610001 438.752991 2811.971680
20.026184 206.245483 2861.232178
29.180149 -262.575378 2734.522217
-39.366146 -658.977295 2855.950928
-200.994110 186.473022 2832.259521
-200.071304 -304.608002 2834.753174
-185.518906 -776.554993 2829.526367
-141.102783 909.318970 2726.424805
-123.187881 676.586731 2755.000000
57.140778 693.700256 2781.768555
57.140587 372.604065 2781.768555
57.146061 51.508209 2781.768555
-303.516510 659.473206 2728.231445
-343.193298 338.195587 2804.501465
-258.763702 2.738647 2846.573730
-105.530975 434.364166 2790.908203
24.188383 202.776520 2843.451416
34.994396 -255.676483 2679.806641
-27.625038 -646.512939 2780.562256
-199.936523 181.506683 2810.181396
-218.600708 -221.175201 3024.383057
-123.460320 -645.837891 3193.715576
-137.430832 900.385559 2696.927246
-120.637024 667.638733 2730.680176
59.737270 684.878235 2757.425781
59.737080 363.782043 2757.425781
59.742554 42.686188 2757.425781
-301.011322 650.399231 2703.934570
-341.106262 337.874390 2779.519775
-275.673553 -2.672180 2800.535645
-103.273254 425.832184 2769.438965
25.882191 194.710281 2824.774170
27.192497 -265.350464 2659.341309
-6.009865 -608.482178 2671.160889
-197.701157 173.341019 2791.621338
-208.956970 -253.950699 2994.818115
-132.191299 -644.706177 3123.166260
-133.814850 894.546997 2671.188477
-116.704941 661.900879 2703.154053
62.381775 679.942383 2736.522949
62.381584 358.846191 2736.522949
62.387058 37.750336 2736.522949
-295.791656 643.859375 2669.785156
-337.036163 317.926971 2746.757568
-279.939728 -23.312408 2788.676758
-99.404465 419.947266 2741.120605
28.829666 189.169250 2799.757324
23.366871 -272.418610 2635.581543
5.053970 -598.749512 2567.413574
-193.037643 166.817993 2758.416992
-213.105179 -265.563812 2970.640869
-133.011841 -642.787659 3067.181152
-130.447266 883.780884 2639.815674
-115.936584 651.562256 2673.719971
63.347458 667.217529 2707.561279
63.347267 346.121338 2707.561279
63.352741 25.025482 2707.561279
-295.220642 635.906982 2639.878662
-335.728088 320.283417 2713.289307
-277.245270 -19.891541 2768.386230
-102.224655 409.609497 2713.005859
22.435768 177.344894 2773.234131
10.948320 -288.388428 2620.303223
-9.308416 -618.917236 2459.207031
-199.461227 157.968613 2731.349365
-225.532288 -269.750977 2961.115234
-144.323425 -653.494751 3048.111572
-126.880112 872.567566 2607.635498
-111.685913 639.962769 2641.758057
66.646912 656.616333 2679.840820
66.646721 335.520142 2679.840820
66.652191 14.424286 2679.840820
-290.018738 623.309143 2603.675293
-331.508575 318.844208 2677.805664
-261.330872 -21.927185 2706.652344
-97.571388 398.078369 2681.438721
26.898361 166.499496 2744.685547
15.903640 -297.963562 2586.811035
-8.032500 -638.400146 2367.811035
-193.812073 145.888474 2697.553223
-211.016235 -285.046082 2927.123047
-132.284927 -661.893921 3029.308105
-124.507446 867.951904 2582.049805
-107.948433 635.284546 2609.114258
69.794655 651.994446 2649.964844
69.794464 330.898254 2649.964844
69.799934 9.802399 2649.964844
-285.691528 618.574585 2568.263672
-322.381592 303.121399 2638.240723
-238.159302 -35.553040 2643.988037
-93.266052 392.787628 2644.423340
31.417305 160.632111 2705.013916
7.772181 -305.098175 2552.831543
-21.248888 -652.634766 2299.012207
-188.584656 139.949371 2654.450928
-196.844864 -287.119995 2895.116211
-133.376434 -656.353271 3013.743408
-119.473450 861.463745 2543.252197
-102.929459 629.306885 2572.448242
73.757477 646.571533 2617.385498
73.757286 325.475342 2617.385498
73.762756 4.379486 2617.385498
-279.616394 612.042175 2527.510986
-316.812134 294.332031 2593.449219
-219.720383 -41.659851 2592.605469
-88.167831 386.765045 2607.590576
35.934029 154.907227 2670.541748
3.767921 -311.174316 2520.368408
-31.868484 -680.093018 2262.869385
-182.746429 133.539246 2614.924072
-201.234528 -286.844269 2866.783447
-133.528229 -658.139465 3007.876221
-112.754883 855.662048 2507.867432
-97.036331 623.593689 2534.868164
79.359497 641.095276 2580.998535
79.359306 319.999084 2580.998535
79.364777 -1.096771 2580.998535
-273.432159 606.092102 2488.737793
-309.260498 288.051453 2548.041016
-210.566681 -47.983765 2539.976318
-81.677826 380.833557 2568.240723
42.792969 148.899292 2630.147949
10.100887 -313.394989 2468.696289
-30.315830 -696.188721 2240.785156
-175.431610 127.247559 2573.078613
-202.795151 -298.066956 2815.994385
-129.890015 -661.660156 2990.845703
-107.150391 857.461548 2473.170166
-91.533813 624.952332 2496.616211
84.312912 642.662781 2544.764404
84.312721 321.566589 2544.764404
84.318192 0.470734 2544.764404
-267.380524 607.241821 2448.468018
-301.945038 279.116821 2502.193604
-205.812469 -57.580048 2511.155762
-75.581596 381.933716 2527.745361
49.147690 149.870651 2588.658691
17.739767 -313.417358 2429.347656
-30.259111 -695.619385 2232.083496
-168.406448 127.959579 2529.090332
-204.562149 -301.705872 2763.217285
-126.553497 -656.975891 2970.342773
-100.731102 855.770874 2433.821777
-84.016205 624.113586 2458.176270
91.513245 642.309204 2507.344238
91.513054 321.213013 2507.344238
91.518524 0.117157 2507.344238
-259.545654 605.917969 2409.008301
-295.581299 278.029419 2458.093994
-201.635010 -58.965668 2478.815918
-67.401459 381.066711 2488.805664
57.786613 149.274689 2549.847900
21.541004 -316.269043 2398.353516
-27.675423 -699.386353 2234.469482
-159.360046 126.764984 2489.022217
-206.731155 -312.191498 2702.014648
-124.256813 -661.047729 2957.080811
-95.414787 855.556702 2405.143311
-78.724495 624.190796 2422.611084
96.743874 641.781616 2472.249023
96.743683 320.685425 2472.249023
96.749153 -0.410431 2472.249023
-254.192856 606.599976 2372.973145
-289.097900 275.122681 2417.742432
-200.943542 -63.815430 2436.138428
-61.582603 380.655609 2448.319580
64.088593 148.000580 2504.729736
23.032650 -319.449127 2361.364014
-31.415691 -699.634155 2226.819580
-152.970016 126.240265 2443.326416
-207.266586 -324.513885 2627.177979
-129.297394 -655.959229 2909.594971
-90.134659 861.344055 2382.800781
-71.828712 629.276306 2391.124268
103.646828 646.722656 2440.810303
103.646637 325.626465 2440.810303
103.652107 4.530609 2440.810303
-247.304260 611.829956 2341.438232
-283.558105 274.225830 2381.088623
-201.837067 -66.684326 2389.138184
-52.028809 385.285858 2406.869629
76.312317 152.086945 2453.348389
27.608238 -320.391785 2332.193115
-27.802227 -692.955811 2226.344238
-140.770126 130.503876 2391.881592
-207.684326 -323.905304 2570.940674
-130.223053 -645.250977 2857.713623
-85.884277 867.899231 2350.132568
-68.750923 634.846436 2357.574951
107.024910 652.113770 2406.251953
107.024719 331.017578 2406.251953
107.030190 9.921722 2406.251953
-244.526764 617.579163 2308.897949
-283.432434 282.042450 2348.345215
-205.700348 -59.682343 2341.524902
-47.962105 390.618835 2369.140137
81.554161 157.072037 2410.814941
-91.035255 -327.126038 2397.509766
-89.386421 -659.482666 2493.166016
-135.900726 135.710403 2350.595703
-94.415894 -325.297791 2458.429443
-83.598511 -667.118530 2564.851318
-83.477318 873.807983 2317.785400
-66.580978 640.883423 2325.045166
110.313095 658.149231 2369.262939
110.312904 337.053040 2369.262939
110.318375 15.957184 2369.262939
-243.475052 623.617615 2280.827393
-287.061707 288.955414 2314.152588
-215.510803 -52.481873 2285.318604
-45.362961 396.567322 2335.560303
85.275040 162.931229 2373.426758
-39.479240 -327.629517 2366.680908
-65.677475 -681.246216 2379.083984
-133.564926 141.571243 2318.724121
-175.288086 -257.357544 2413.918213
-115.787926 -648.051392 2613.432861
-80.795776 869.036011 2289.628906
-64.580566 635.419312 2292.350098
113.257721 651.373291 2333.096436
113.257530 330.277100 2333.096436
113.263000 9.181244 2333.096436
-242.418854 619.465332 2251.603760
-289.712738 292.366364 2281.178467
-213.683746 -45.933838 2233.496826
-44.030945 390.894897 2298.402344
86.297585 156.218811 2329.607178
-13.335907 -331.025726 2322.257080
-54.116676 -695.606873 2301.647461
-133.260223 136.522156 2279.302002
-164.710999 -307.337219 2348.132080
-136.745834 -644.497314 2557.737305
-80.308220 868.693359 2263.545654
-64.729660 634.918335 2261.153564
114.053108 649.905884 2297.871094
114.052917 328.809692 2297.871094
114.058388 7.713837 2297.871094
-243.512451 619.930786 2224.436035
-290.159241 286.934692 2247.290039
-208.339264 -46.765900 2180.850098
-44.543541 390.293732 2262.715820
86.139908 154.932205 2286.971436
-1.910988 -330.910095 2295.924805
-46.908524 -689.270264 2267.539551
-134.854736 136.406021 2241.584717
-178.920609 -328.360229 2298.783936
-152.852570 -630.296997 2476.897705
-80.563782 861.791931 2237.010498
-64.313538 627.813965 2229.785645
115.236855 641.790283 2263.013184
115.236664 320.694092 2263.013184
115.242134 -0.401764 2263.013184
-243.863953 613.837646 2196.558105
-288.926727 287.229004 2216.001465
-205.775238 -42.385254 2132.442871
-44.898476 383.115356 2227.798828
85.538017 147.058762 2246.357666
7.301437 -336.738708 2284.002441
-53.404205 -700.381348 2250.475830
-136.504837 129.774765 2205.266357
-184.738724 -346.660583 2240.493408
-160.752289 -628.196960 2374.470215
-81.709541 849.360535 2216.238037
-63.281578 617.942261 2199.462891
116.856041 630.817871 2229.922607
116.855850 309.721680 2229.922607
116.861320 -11.374176 2229.922607
-243.419205 605.066711 2169.003174
-291.639038 281.599060 2181.942871
-204.828369 -42.760986 2082.656006
-44.534058 373.325806 2191.991699
85.616127 136.672012 2203.357910
9.028137 -340.429871 2281.908203
-52.784958 -702.652832 2231.036621
-137.189194 120.746658 2165.683105
-181.446365 -361.799316 2169.514160
-160.207230 -633.293030 2256.295654
-80.077507 826.148193 2205.822998
-60.215904 602.370972 2166.420166
120.226006 615.554077 2195.028320
120.225815 294.457886 2195.028320
120.231285 -26.637970 2195.028320
-240.657822 589.187866 2137.812012
-292.885925 274.283142 2148.333008
-207.208679 -45.905975 2034.997559
-38.413834 359.931213 2140.625732
94.982841 125.644562 2132.523926
8.385567 -339.300964 2272.871094
-44.213657 -702.738159 2225.119141
-128.206360 109.338348 2097.138672
-177.709366 -369.578674 2083.046387
-144.951355 -728.631714 2199.836914
-80.239525 802.032349 2180.629639
-59.158272 584.188477 2132.520508
121.264526 598.388794 2160.879395
121.264336 277.292603 2160.879395
121.269806 -43.803253 2160.879395
-239.581085 569.988159 2104.161621
-295.579834 263.152405 2113.204590
-215.553772 -54.564850 1988.841797
-35.231880 342.251465 2101.442871
100.284348 109.097198 2087.904785
1.068382 -333.060944 2272.957520
-41.397034 -704.939026 2247.364990
-122.895325 91.531708 2052.825684
-181.708771 -390.099518 2023.778076
-128.611481 -802.805908 2086.876221
-89.822075 811.915466 2110.070312
-67.342773 587.975586 2089.507568
113.575592 604.977783 2111.811035
113.575401 283.881592 2111.811035
113.580872 -37.214264 2111.811035
-248.261139 570.973389 2067.204102
-300.362396 245.346100 2074.708740
-222.460129 -72.718719 1949.059082
-43.041824 344.914185 2077.673584
93.271286 112.379395 2079.648438
-14.319756 -314.656403 2292.639648
-51.858437 -681.913696 2276.730469
-130.753036 91.326233 2052.030762
-194.209778 -389.975250 2000.581055
-131.803680 -819.184998 1962.902588
-100.613609 818.665405 2059.314453
-77.390099 591.638977 2050.533203
103.977959 609.766907 2067.582764
103.977768 288.670715 2067.582764
103.983238 -32.425140 2067.582764
-258.758148 573.511108 2033.483643
-302.496796 242.881409 2047.299561
-233.029877 -77.298737 1921.939575
-52.631958 347.995941 2046.214355
84.342026 115.568954 2052.444336
-15.719856 -310.297058 2273.218506
-56.095207 -683.782715 2251.857666
-140.089661 93.136826 2031.346802
-203.314606 -379.728699 1932.299683
-132.656326 -802.869141 1810.021973
-108.804543 817.919922 2015.012695
-86.213272 589.264954 2013.008057
95.488312 607.151001 2026.995728
95.488121 286.054810 2026.995728
95.493591 -35.041046 2026.995728
-267.914856 571.378906 1999.020386
-304.073822 242.843811 2021.026489
-243.306061 -79.608337 1896.936401
-62.222599 345.248596 2013.388916
74.144463 112.294189 2022.420654
-19.603416 -308.578918 2255.859131
-58.418201 -691.724487 2243.008057
-150.608307 90.170288 2005.118896
-206.759781 -378.293854 1879.102295
-138.066727 -797.621887 1710.880371
-116.269600 815.859985 1973.718994
-94.171181 586.362549 1974.461060
87.593498 603.937683 1988.660156
87.593307 282.841492 1988.660156
87.598778 -38.254364 1988.660156
-275.935852 568.787415 1960.261963
-308.856964 237.790344 1989.893799
-251.269409 -86.573669 1869.057373
-70.720421 342.132935 1976.561523
65.138954 108.772324 1987.443115
-18.565094 -311.786560 2225.752197
-57.687607 -693.234985 2231.025879
-159.678268 87.034348 1969.880859
-207.450134 -378.762939 1827.616211
-143.493622 -793.184204 1629.746826
-117.184883 810.031738 1933.611206
-95.521378 580.082092 1934.149048
86.308105 597.235779 1948.347290
86.307915 276.139587 1948.347290
86.313385 -44.956268 1948.347290
-277.350861 562.928406 1919.950806
-315.470795 234.411591 1957.141235
-258.530212 -90.089691 1836.137085
-72.565781 335.710083 1935.405884
62.849888 101.947479 1945.444214
-10.684422 -314.434753 2194.290039
-50.657124 -696.674683 2218.083496
-162.070251 80.728668 1927.881226
-203.138733 -385.669434 1782.758057
-142.062439 -805.273071 1584.900269
