122.509926 698.880798 2709.130859
114.059914 468.045471 2688.338623
295.871826 462.444214 2679.447266
450.224548 284.280151 2579.330566
253.460434 550.900879 2467.630859
-67.752007 473.646667 2697.229980
-146.687332 136.100464 2724.892578
-155.846893 -161.577942 2583.566406
105.192627 227.244415 2658.713379
208.195877 -17.003113 2623.617188
241.665054 -501.135986 2638.753906
237.093994 -964.660034 2597.464844
-15.545186 -10.110138 2634.559082
28.105762 -493.336090 2650.636475
53.416496 -958.674927 2650.949707
1 1 1
122.164017 706.175781 2716.281738
114.656998 474.890167 2692.858398
296.529419 469.489563 2684.883057
458.115417 286.642883 2586.701904
277.259521 566.787048 2474.107666
-67.215439 480.290771 2700.833740
-148.840820 135.039062 2724.465820
-158.028320 -160.895874 2578.732910
106.101166 234.408875 2660.593262
209.443405 -9.395187 2623.421143
242.809814 -493.716248 2630.836182
238.482086 -958.926270 2606.543701
-14.352743 -2.749649 2633.235107
29.682444 -486.162842 2639.453369
52.219833 -952.076782 2643.453369
1 1 1
120.875389 704.852722 2711.313477
112.754776 474.027222 2691.793945
294.537476 469.078156 2681.806641
462.068420 285.836090 2591.822266
320.855652 582.741089 2477.300293
-69.027939 478.976318 2701.781250
-149.408386 136.508118 2726.226074
-161.001404 -160.596191 2582.663086
104.560822 233.210434 2661.985596
208.219040 -10.651566 2626.031982
244.044220 -494.354919 2645.694580
233.197800 -955.637085 2587.214844
-15.485306 -4.561172 2638.322510
27.363094 -488.184998 2643.895752
49.176559 -954.108337 2657.340332
1 1 1
121.407005 711.370728 2707.308105
112.983276 477.814392 2690.430420
294.749756 472.849823 2679.993896
466.035400 289.423615 2592.864014
374.489685 601.791016 2477.134277
-68.783203 482.778992 2700.866943
-151.201263 135.256470 2725.582764
-161.646439 -160.447510 2580.135742
104.807281 236.740784 2662.710449
208.465744 -7.387375 2628.569336
242.586349 -491.477112 2633.710449
239.301987 -955.529846 2609.937012
-15.203170 -1.278305 2641.411621
28.762238 -484.866455 2644.478271
50.135765 -951.009399 2656.893799
1 1 1
120.679321 710.093994 2705.335205
111.141411 475.970337 2689.280518
292.842865 471.053528 2677.715820
467.518921 290.714813 2590.877930
435.643524 615.602966 2484.385254
-70.560051 480.887115 2700.845215
-155.592957 137.126465 2721.326416
-162.165558 -160.831421 2583.282471
102.868546 234.859497 2661.808105
206.394684 -9.276581 2627.220215
239.915115 -493.575287 2627.329590
238.454056 -959.086548 2614.928223
-17.203333 -3.226074 2641.451172
26.234652 -486.877258 2640.029785
47.971519 -952.968872 2655.983398
1 1 1
119.526176 707.290405 2705.858887
109.959480 472.321014 2689.562500
291.601685 467.043488 2677.215576
471.296295 293.330139 2585.386230
500.573547 622.475159 2495.068604
-71.682716 477.598541 2701.909424
-153.749664 135.086304 2721.719482
-162.156250 -161.177368 2586.641602
101.086166 231.227783 2662.074219
203.975174 -13.112656 2626.989014
239.592987 -497.353516 2627.156982
235.721680 -963.458740 2613.637451
-19.549458 -6.618240 2642.182861
26.336864 -490.062988 2641.193115
46.314117 -956.378845 2653.361084
1 1 1
118.217270 706.669434 2705.077393
109.292038 471.017639 2689.250244
290.965668 465.297394 2677.555664
475.671204 294.644165 2576.185303
564.662231 615.879761 2505.248291
-72.381607 476.737854 2700.944824
-158.853973 134.070770 2718.784180
-161.547989 -161.783112 2588.144287
99.979004 229.852173 2662.535400
202.448074 -14.832886 2628.625000
237.969330 -499.085388 2623.989746
238.824936 -965.572205 2621.245361
-21.116123 -7.793671 2643.016113
25.656258 -491.161560 2644.397217
47.056900 -957.525879 2650.628662
1 1 1
115.495132 704.452698 2706.239502
106.506126 469.354919 2689.163330
288.035706 463.494019 2675.572754
482.335754 299.815369 2570.081787
615.580322 610.524048 2512.049805
-75.023460 475.215820 2702.753906
-158.422028 128.038422 2719.927734
-158.901337 -170.439911 2591.116455
96.663689 228.299469 2661.651367
198.520355 -16.362335 2625.776855
234.878784 -500.476837 2615.731201
237.926941 -967.027466 2623.098389
-24.877846 -9.149658 2642.501953
23.506580 -492.360016 2641.188477
46.731167 -958.636963 2649.344238
1 1 1
115.886932 700.481018 2706.328369
106.008255 466.625732 2689.144531
287.533569 460.286438 2675.637207
479.809326 292.289062 2572.079102
633.421753 599.289307 2526.852539
-75.517044 472.965088 2702.651855
-159.563904 132.620361 2720.463379
-163.908768 -163.886627 2588.407227
95.537956 225.604462 2661.550781
196.756073 -19.317276 2625.646240
238.670624 -503.035522 2621.354492
238.097031 -969.748291 2620.783936
-26.620750 -11.516373 2642.267822
24.653244 -494.429199 2642.675537
50.937614 -960.574219 2643.893311
1 1 1
115.789894 700.437439 2705.232910
106.123154 466.136230 2688.390137
287.635406 459.769501 2674.679688
480.904572 293.153076 2570.385010
645.268860 596.738342 2521.330566
-75.389084 472.502991 2702.100586
-161.275574 134.327606 2721.645996
-166.332138 -158.476807 2585.271240
95.635391 225.035202 2661.502930
196.829529 -19.983215 2626.179932
243.549347 -503.110107 2633.526855
236.014221 -967.608154 2601.047607
-26.534279 -12.148468 2643.051514
24.983929 -495.039612 2645.082275
53.614166 -961.081177 2646.698486
1 1 1
116.839935 698.960693 2705.437012
106.858734 465.575562 2688.242188
288.358032 458.996490 2674.440918
478.029144 290.506348 2571.802246
638.214233 598.941772 2521.037109
-74.640579 472.154663 2702.043457
-162.052917 135.696381 2722.976074
-172.217209 -155.139832 2588.424805
96.036057 224.550064 2660.811035
196.888290 -20.523499 2624.887939
243.477951 -503.785065 2631.068115
237.604263 -969.412415 2608.079590
-26.461531 -12.427399 2641.871826
22.197206 -495.613220 2641.779297
55.954460 -961.227722 2648.724365
1 1 1
116.831627 698.406799 2704.210938
107.138527 465.255615 2686.669189
288.645142 458.696716 2672.942627
475.488190 284.783447 2578.234863
611.504028 602.235352 2513.556885
-74.368080 471.814514 2700.395752
-161.056763 136.363342 2720.265869
-174.879120 -153.069031 2589.355713
96.391403 224.167725 2659.756836
197.324066 -20.955826 2624.398682
244.270874 -504.025635 2638.060303
234.865631 -966.450867 2584.706787
-26.035515 -12.884537 2641.290283
23.584690 -495.944336 2645.489014
55.052780 -961.740723 2644.635254
1 1 1
118.762703 699.585327 2705.355225
108.086365 465.710754 2687.143799
289.624298 458.980652 2673.927246
469.761292 282.872955 2585.714355
555.847656 602.409424 2493.092041
-73.451569 472.440857 2700.360352
-161.014557 137.684662 2720.159668
-176.021576 -151.568451 2586.765869
97.127373 224.736420 2659.322754
197.868164 -20.378937 2623.369629
242.543777 -503.810913 2629.794678
234.935089 -968.459045 2599.257080
-25.531387 -12.096893 2639.633789
25.315868 -494.326508 2660.432861
53.576057 -956.239014 2616.290527
1 1 1
119.648605 698.868225 2704.333740
109.158760 465.556610 2686.758545
290.764832 459.097412 2674.390625
462.857635 278.451630 2591.862305
485.265503 599.890137 2477.365967
-72.447304 472.015808 2699.126465
-161.035187 138.335999 2717.009277
-177.499390 -150.574036 2584.642578
98.741676 224.471680 2659.705078
200.067047 -20.587616 2625.041748
245.183960 -504.055206 2629.355713
240.682968 -969.863342 2613.652344
-23.417854 -12.638885 2640.261475
29.958530 -494.964325 2650.663818
52.373726 -959.169128 2635.066162
1 1 1
122.094833 707.669800 2713.349609
110.744270 473.409424 2691.347168
292.464203 465.668701 2682.370117
464.467651 273.746643 2596.445557
411.516724 582.964661 2470.206543
-70.975655 481.150146 2700.324219
-159.980408 140.644409 2716.482666
-174.972626 -149.943237 2586.350586
98.984085 232.842819 2660.723633
199.057083 -12.487564 2624.575439
239.138077 -496.379150 2622.673340
237.937607 -962.703735 2620.230713
-24.609280 -2.960037 2635.624756
26.570251 -485.650757 2646.147705
50.581688 -950.800171 2631.974121
1 1 1
121.774483 708.909424 2718.883545
111.296158 476.324585 2693.633057
293.105103 469.841736 2685.200684
459.719116 270.385742 2595.748779
340.619751 555.709717 2467.230957
-70.512802 482.807434 2702.065430
-162.504807 137.803680 2709.767578
-169.752106 -153.574005 2585.896484
101.195648 236.000122 2660.619385
202.953094 -8.312912 2622.417725
243.802567 -492.189941 2621.885010
241.387604 -958.822083 2618.657227
-20.762815 -0.335770 2632.793701
29.408022 -483.258423 2637.726074
55.719257 -948.531250 2643.383789
1 1 1
123.111130 710.951416 2721.158936
113.347992 478.990173 2693.590820
295.172424 473.381836 2684.675537
455.328796 277.712158 2593.393066
280.236267 537.266907 2469.359131
-68.476440 484.598450 2702.506104
-164.282135 137.374390 2704.433350
-169.491028 -152.324921 2578.234619
104.257706 238.793564 2659.296387
207.037521 -4.853622 2619.516602
246.744339 -488.216980 2636.747070
238.212692 -950.098083 2588.018066
-16.702675 2.047562 2630.487305
31.416058 -481.111267 2636.919922
56.284111 -946.932983 2638.035889
1 1 1
123.797829 708.079468 2721.261719
112.845093 478.106781 2692.891846
294.537720 473.252319 2681.444580
453.158020 279.361328 2596.674561
243.338226 522.146057 2475.655029
-68.847519 482.961243 2704.339111
-159.144226 134.182129 2705.233643
-169.834885 -153.580170 2572.792236
104.258034 237.900955 2658.460938
207.472916 -5.291992 2616.986084
243.668289 -488.891479 2638.741455
235.103485 -950.479553 2578.339600
-16.130974 0.682251 2631.073975
29.043720 -482.687653 2641.735596
51.446175 -948.861938 2640.239014
1 1 1
121.939247 706.792358 2723.342529
110.529442 476.620453 2693.463379
292.238037 470.902100 2682.510498
452.601624 283.661865 2598.378418
229.970047 523.300354 2478.071289
-71.179161 482.338806 2704.416260
-161.049301 133.098389 2704.634521
-165.870071 -153.454834 2566.346924
100.795929 236.727570 2657.228516
202.860504 -6.683594 2614.254639
241.553528 -489.573029 2645.517822
227.377609 -948.884033 2568.438232
-20.735683 0.352966 2627.732666
23.082592 -483.186157 2637.505615
46.734097 -949.372681 2641.773193
1 1 1
122.123550 706.783813 2723.859375
110.332001 475.906738 2694.190918
292.048584 469.549805 2683.619141
454.876160 282.763794 2600.730957
251.349564 539.287903 2476.693848
-71.384583 482.263672 2704.762695
-161.948395 133.607880 2701.783203
-162.256729 -152.494110 2558.135010
99.830399 236.046463 2657.911133
201.134262 -7.725082 2615.126709
244.244293 -490.589233 2641.523193
232.600128 -953.565186 2595.486084
-22.476665 0.097427 2628.135986
28.138542 -482.783081 2635.351318
46.509659 -948.918335 2650.295166
1 1 1
123.330948 706.755676 2725.125244
111.863594 475.255920 2694.749512
293.598480 467.828522 2685.283447
460.962128 287.862396 2600.400146
289.896606 564.443970 2472.746582
-69.871300 482.683289 2704.215576
-162.449524 133.815491 2703.384521
-162.084427 -154.727753 2559.897217
100.124695 235.617645 2657.406982
200.207855 -8.590714 2614.239990
245.514481 -490.734924 2648.826904
232.274109 -950.723267 2578.394775
-23.436253 0.549484 2625.888916
28.336369 -482.090515 2638.781738
49.775818 -948.093628 2635.940430
1 1 1
123.866653 703.883240 2715.239014
111.288269 472.131897 2691.339600
292.927002 464.796997 2680.156250
464.501770 285.448242 2599.678223
346.490814 583.767029 2471.766602
-70.350494 479.466797 2702.522949
-160.704132 135.392914 2707.681396
-162.737000 -156.208435 2564.162842
99.559616 231.881775 2658.417969
199.594040 -12.881531 2618.615234
244.843613 -495.623199 2642.920410
237.078964 -958.968140 2599.857666
-23.932114 -3.855164 2632.377441
27.128040 -486.643707 2643.635010
54.032513 -952.395386 2651.211426
1 1 1
123.669121 706.494873 2718.837891
110.297028 473.597351 2693.143311
291.959595 465.786377 2682.605957
466.764252 288.214081 2590.882080
406.738708 602.900024 2469.554688
-71.365540 481.408264 2703.680664
-159.838776 136.195312 2710.359863
-162.251968 -156.601379 2565.843994
97.947357 233.667877 2658.086426
197.370911 -11.067490 2616.546143
240.487411 -494.005188 2642.463135
233.441101 -955.036743 2577.343994
-26.175529 -1.455673 2629.512939
26.587383 -484.140137 2633.987305
49.698616 -949.798096 2653.092529
1 1 1
121.488785 704.475098 2711.094727
108.154144 471.183960 2689.987305
289.654327 463.439575 2677.066162
466.702728 266.843018 2593.447998
470.108734 588.448364 2483.767334
-73.346054 478.928375 2702.908447
-160.896545 135.581421 2708.176025
-163.437820 -159.406433 2563.071045
95.641251 230.802368 2658.295898
194.811600 -14.344635 2618.653809
241.524170 -496.737152 2648.552734
231.419388 -957.616333 2578.511475
-28.554890 -4.813843 2634.555176
25.796642 -487.348419 2639.592529
46.517662 -953.261963 2659.297119
1 1 1
121.611832 706.785889 2716.765137
108.096893 473.544403 2692.437500
289.536041 464.973572 2679.082031
467.864258 273.403931 2587.252197
525.475586 595.109924 2492.703125
-73.342270 482.115234 2705.792969
-160.433228 134.797424 2707.618652
-161.528122 -159.748260 2560.779785
94.253868 233.553741 2658.387207
192.045059 -11.710312 2616.119629
243.163727 -494.058411 2637.309570
230.748032 -957.647766 2592.169922
-31.223392 -1.163528 2632.554199
26.674572 -483.250427 2640.172607
45.511063 -949.530640 2648.077393
1 1 1
118.896385 706.020752 2711.053223
106.133202 472.485779 2690.704102
287.423187 464.525696 2675.215820
464.450012 281.221313 2577.102539
570.553284 594.445923 2496.615723
-75.156776 480.445862 2706.192383
-161.698624 137.382111 2710.795654
-161.240433 -160.308380 2566.880127
92.960052 232.000793 2660.107422
191.338455 -13.382187 2619.980469
246.410446 -494.189636 2656.436279
231.485336 -953.969849 2584.247314
-31.764645 -3.586166 2639.041016
27.226650 -485.501221 2649.351074
50.063534 -951.722351 2650.360352
1 1 1
118.367836 706.824036 2716.739258
104.720039 472.899048 2692.108398
286.042084 464.577789 2677.088623
463.235107 284.605011 2575.585205
591.967957 594.715637 2502.372559
-76.602013 481.220337 2707.128174
-162.339417 136.187134 2711.418213
-159.206238 -167.674683 2577.123779
90.931587 232.825165 2658.656738
188.704498 -12.368530 2615.963867
241.443130 -494.266510 2631.146484
233.964493 -957.622131 2598.102783
-34.418221 -2.128937 2634.446289
27.225315 -483.724396 2644.481689
47.174553 -949.933411 2634.602295
1 1 1
119.065987 706.585449 2719.577637
106.457451 473.007324 2693.036621
287.930267 465.693970 2679.409180
464.602417 291.817078 2568.832275
601.524170 603.749146 2505.895264
-75.015343 480.320618 2706.664062
-163.187851 134.073517 2707.714600
-157.393448 -173.589630 2578.947266
94.176117 233.025452 2658.278320
193.555923 -11.456329 2615.135010
250.541000 -492.566803 2641.410400
240.315125 -954.503235 2586.752686
-29.766338 -2.456482 2631.905029
34.014328 -483.809570 2640.203857
55.922592 -949.725342 2648.379150
1 1 1
119.301628 706.176392 2712.449951
107.487740 472.860168 2690.271240
288.983978 465.628571 2676.826416
466.296051 290.412323 2569.389160
586.046143 611.564331 2502.731445
-74.008507 480.091766 2703.716064
-157.598480 133.540955 2714.825439
-158.105026 -168.679565 2572.648682
95.549255 232.462616 2658.412354
195.280701 -12.384354 2618.281250
246.310730 -493.946716 2650.695557
235.554749 -954.025085 2578.732910
-28.059151 -3.485519 2634.825684
31.501492 -485.390442 2641.647949
51.620369 -951.288940 2658.777344
1 1 1
119.612991 704.278992 2707.875488
107.379990 470.275696 2688.130615
288.824738 463.144318 2673.932617
465.146973 293.715515 2572.137695
548.072510 621.078064 2496.634766
-74.064774 477.407074 2702.328613
-150.297180 132.770233 2723.390381
-159.837067 -165.737000 2579.395508
95.561600 229.644653 2657.959961
195.384308 -15.374252 2619.053467
241.767273 -498.078918 2634.044678
236.005997 -961.602844 2597.616455
-27.897896 -6.598526 2636.525146
32.663628 -488.385376 2643.841064
48.156128 -954.697144 2647.121826
1 1 1
120.769768 705.217102 2706.595215
108.572479 470.789429 2687.744629
289.940033 463.431213 2672.695068
459.091980 287.348450 2585.488525
491.684845 611.820801 2486.645264
-72.795090 478.147614 2702.794189
-153.120300 136.399353 2719.710693
-160.498703 -163.097717 2579.615967
96.353516 230.094391 2658.171875
195.729019 -15.128098 2619.339355
240.229111 -498.336792 2622.912354
238.129745 -963.272949 2616.726074
-27.459919 -6.073166 2637.858887
32.055828 -488.025208 2641.349365
51.213131 -954.253662 2650.887695
1 1 1
121.010376 705.028687 2704.441162
109.748581 470.714844 2686.746094
291.166046 463.205444 2672.375488
459.544464 285.672302 2588.721436
420.573700 602.683594 2476.114746
-71.668884 478.224182 2701.116699
-152.564087 135.211609 2720.285889
-160.745667 -162.038849 2578.558105
97.541245 229.857971 2658.497559
196.958771 -15.619354 2621.406982
241.288651 -499.037720 2624.736328
237.221909 -964.941406 2617.877686
-26.290951 -6.378418 2639.091064
33.478443 -488.297791 2643.922607
51.465141 -954.741943 2647.301270
1 1 1
122.013176 707.543152 2713.419434
111.050529 473.848236 2690.475586
292.596100 466.028198 2678.165283
461.295715 281.848022 2589.885010
353.345825 581.550964 2471.255127
-70.495064 481.668274 2702.785889
-153.760406 133.088531 2716.145508
-160.026321 -161.343842 2573.025391
98.529190 233.498352 2658.497559
197.718414 -11.663437 2618.944580
240.616821 -495.310669 2620.683105
237.670624 -961.745605 2616.776611
-25.702698 -2.039627 2634.094482
30.381153 -484.381592 2639.990967
53.902000 -950.596069 2637.327148
1 1 1
122.139221 708.137207 2718.425049
110.707191 475.922546 2691.923340
292.195404 468.237610 2678.655518
461.643372 278.917969 2593.458740
303.509613 555.429077 2471.906006
-70.780998 483.607483 2705.191162
-154.381287 130.040710 2716.123047
-158.160202 -169.484711 2580.504150
98.063309 235.831787 2658.033691
197.085800 -8.987350 2615.980469
238.883163 -492.781677 2617.081787
238.753632 -959.408081 2620.954834
-26.246933 0.469437 2632.307617
30.859070 -481.715881 2640.852295
49.815071 -948.169067 2643.171387
1 1 1
121.968521 708.035156 2720.412109
110.574844 477.369385 2692.702881
291.980682 470.104919 2678.139160
467.310333 280.464569 2593.215576
275.256226 539.456787 2479.187256
-70.830994 484.633789 2707.266602
-154.196625 129.009827 2716.110352
-157.228577 -174.212402 2583.043457
98.180344 237.366684 2658.030029
197.404358 -7.105789 2614.396240
241.509155 -490.694702 2618.188477
238.611496 -957.474121 2621.101562
-25.832664 1.833786 2632.318115
31.712635 -480.309937 2640.805176
50.708916 -946.761292 2647.541016
1 1 1
123.259140 706.957520 2722.419189
111.912613 476.948547 2693.660645
293.424377 470.063354 2680.268799
465.644257 277.239990 2596.163818
263.329773 532.425781 2480.595459
-69.599167 483.833740 2707.052490
-152.613556 131.989319 2720.555420
-158.696213 -168.403168 2575.457520
100.175674 237.067551 2657.909668
200.121704 -7.049866 2613.918701
247.818375 -489.619934 2634.074707
237.664368 -952.724731 2594.657227
-23.244232 1.422974 2630.398682
35.264297 -480.642517 2633.312500
48.892620 -947.083496 2647.124023
1 1 1
123.777069 706.855469 2722.396484
112.747650 476.643188 2693.636963
294.374664 469.891266 2681.878662
466.315063 283.122192 2594.117432
267.507019 545.379456 2477.399658
-68.879379 483.395081 2705.395264
-151.316986 135.991028 2724.752197
-159.774078 -164.186646 2576.897217
101.505112 236.758270 2657.723633
202.018753 -7.281128 2614.575439
245.807571 -490.558197 2627.140625
239.651611 -955.592773 2608.060547
-21.493603 1.027863 2629.045166
33.119404 -481.490997 2632.803711
51.256660 -947.615845 2651.660156
1 1 1
123.088417 704.989014 2723.402344
113.305298 474.226501 2693.961670
295.006256 468.080627 2682.989746
466.114136 286.090271 2593.118896
290.561584 564.873169 2472.320801
-68.395676 480.372314 2704.933594
-151.207611 135.963104 2725.858154
-160.103943 -161.877716 2572.671387
102.999603 234.358170 2657.653564
204.491867 -9.291595 2614.594482
244.116364 -493.081207 2624.400146
241.664368 -959.013428 2609.156738
-19.104053 -1.728699 2628.096436
31.994465 -484.415771 2640.491211
52.016891 -950.645508 2655.258789
1 1 1
121.100426 703.333496 2713.375977
112.432961 471.694702 2690.090332
294.211945 465.884155 2680.293701
468.538574 287.537018 2590.553467
328.691223 580.707520 2467.402832
-69.346016 477.505219 2699.886963
-151.621155 135.494476 2727.407959
-160.006348 -160.813019 2572.888428
103.046158 231.158966 2658.580566
205.507385 -12.951965 2621.042969
242.059265 -496.530548 2642.458496
237.227417 -959.351318 2593.979248
-18.188684 -5.801544 2633.098633
31.814219 -488.482117 2650.356934
51.351418 -954.887878 2657.430908
1 1 1
123.017433 712.746948 2717.929443
114.344238 479.178406 2693.201904
296.138367 473.612305 2683.469238
469.761230 293.269104 2585.831543
381.257751 601.814819 2462.225342
-67.449890 484.744507 2702.934570
-152.318344 134.231781 2726.256104
-159.589844 -160.702271 2570.124756
105.208694 238.838776 2660.010742
207.927902 -4.925568 2620.831299
243.980118 -488.842560 2626.840088
238.951035 -953.714355 2600.500732
-15.781601 1.923889 2632.807861
32.713486 -481.086548 2644.175781
54.146454 -947.473389 2649.865723
1 1 1
120.868889 711.064697 2710.636963
111.489746 477.224670 2690.982178
293.143951 472.217346 2678.880615
468.400208 294.154602 2582.392090
440.577911 613.979858 2465.432129
-70.164429 482.231995 2703.083740
-151.639099 134.598633 2726.616943
-160.177460 -161.623901 2573.242188
102.862289 236.438873 2661.107910
206.014450 -7.428146 2623.787109
237.791733 -491.804443 2629.704834
237.142166 -957.689209 2612.849609
-17.544796 -1.265701 2638.680176
25.028767 -484.666626 2655.067383
51.831928 -950.529114 2646.876221
1 1 1
120.911133 710.897156 2708.456543
111.918648 476.819031 2690.726318
293.558685 471.955750 2678.229492
469.693420 295.588867 2574.633301
498.317719 619.585632 2471.494385
-69.721397 481.682251 2703.223145
-151.324005 132.299469 2726.769287
-158.731552 -170.428955 2590.290771
103.522766 235.814163 2662.481934
206.883957 -8.182892 2626.548584
243.979843 -492.267303 2628.904053
240.646835 -958.669678 2618.776611
-16.630207 -2.198486 2641.926514
30.365726 -485.351013 2652.089111
49.409992 -951.697876 2647.107666
1 1 1
119.695847 708.355957 2707.428223
111.316376 474.723877 2689.522949
292.916138 470.074036 2676.327148
469.324707 295.314941 2566.257324
546.367432 616.956848 2479.129150
-70.283401 479.373718 2702.718750
-152.173828 131.626923 2727.967529
-158.034637 -176.461151 2600.882324
103.084503 233.714783 2661.161133
206.588074 -10.155289 2624.680176
242.238739 -494.340210 2619.665771
239.428116 -961.005371 2617.555176
-16.882809 -4.433334 2640.918457
30.332989 -487.656067 2648.895020
45.883823 -954.151123 2640.070312
1 1 1
120.172722 704.809692 2706.447021
110.808456 471.705902 2688.698730
292.419708 466.630615 2675.784668
470.766785 297.066284 2556.727051
582.380920 617.073730 2488.871094
-70.802780 476.781189 2701.612793
-149.984955 135.386078 2732.972900
-159.988983 -170.157318 2599.846680
102.041443 230.736816 2660.108887
205.017532 -13.355026 2623.573242
239.418884 -497.691956 2618.464600
239.523849 -964.504272 2616.791016
-18.468676 -7.109512 2639.464844
26.957880 -490.435547 2651.321777
46.022881 -956.668945 2636.632568
1 1 1
119.684448 704.354492 2705.877197
110.469109 470.460327 2688.633057
292.026489 465.228027 2675.033936
471.907654 296.520081 2553.757812
604.753784 612.557617 2492.345215
-71.088264 475.692566 2702.232178
-148.455887 139.211334 2736.021240
-161.924789 -165.713165 2603.526855
101.408440 229.457947 2660.392090
204.058960 -14.763809 2623.783691
239.274338 -499.069946 2618.269287
237.888962 -965.939697 2620.282471
-19.363428 -8.325027 2640.518555
25.989374 -491.732056 2649.800537
49.841064 -957.889893 2640.953125
1 1 1
121.035675 706.484863 2706.123047
110.991753 472.286011 2688.681396
292.437775 466.842102 2673.785889
472.464905 299.753174 2551.834717
607.458496 616.593384 2486.749023
-70.454277 477.729919 2703.576904
-148.208405 139.611328 2737.047119
-162.475250 -163.174072 2602.999268
101.456329 231.281067 2660.608398
203.565964 -13.073532 2623.370117
243.005539 -497.061401 2622.408691
235.685013 -963.771362 2616.049561
-19.724161 -6.374191 2641.700684
27.007494 -489.651245 2651.582031
50.691925 -955.875610 2642.643555
1 1 1
120.695877 706.934631 2704.714844
110.901276 472.598999 2688.224121
292.279602 466.961823 2672.576904
471.753479 298.364563 2554.322021
589.178955 621.958252 2484.215088
-70.477081 478.236206 2703.871338
-146.070801 137.822906 2741.546631
-162.946640 -162.653564 2606.045410
101.028152 231.553177 2660.618164
202.755539 -12.961182 2623.384521
241.858978 -497.005035 2622.644775
235.496796 -963.825806 2618.089111
-20.445473 -6.024139 2642.639893
26.146656 -489.340149 2651.636230
49.277596 -955.509766 2638.665527
1 1 1
119.995850 704.779297 2703.420654
109.995285 470.510315 2687.041260
291.388702 464.747681 2671.589844
469.891113 297.673706 2557.569824
555.265198 628.112915 2479.063721
-71.398163 476.272949 2702.492676
-145.024445 134.445770 2738.616211
-162.848572 -162.339508 2601.319092
100.045898 229.384872 2660.166748
201.705841 -15.286240 2623.785156
240.854919 -499.041931 2635.443359
233.316681 -962.162720 2591.576172
-21.512817 -8.194870 2642.799316
25.924225 -491.467285 2645.396240
50.900288 -957.505737 2647.169434
1 1 1
120.332268 706.566162 2713.910645
110.500793 472.317749 2690.804199
291.929901 466.064819 2675.981934
468.458771 299.340759 2560.807129
500.570343 629.108521 2464.931152
-70.928314 478.570679 2705.626465
-145.499557 134.216187 2736.315430
-163.457825 -162.133820 2600.268555
99.591927 231.933899 2658.684570
200.316071 -12.297348 2617.444824
241.606842 -495.087036 2644.577637
231.712219 -953.145508 2566.282715
-22.949944 -4.602524 2635.685059
28.187481 -487.472900 2641.248779
49.283249 -953.813110 2640.508057
1 1 1
121.508133 705.538330 2718.656982
112.116600 472.949707 2692.240479
293.687469 466.642944 2679.430664
465.740784 299.175537 2566.937988
442.298615 624.582031 2458.061768
-69.454277 479.256470 2705.050293
-148.240326 130.096649 2727.659180
-160.973099 -170.581726 2602.765381
101.358513 232.836273 2657.967773
202.326141 -11.157883 2615.812744
242.328491 -494.573120 2633.298096
239.825989 -957.055115 2591.097900
-21.125294 -3.396439 2631.577393
28.963093 -485.712769 2652.772217
54.032314 -950.090820 2623.289795
1 1 1
124.406509 706.174622 2721.515869
114.638145 473.977020 2693.010986
296.321777 466.738098 2682.738525
465.388397 295.090027 2572.490967
376.856537 603.276062 2455.836426
-67.045479 481.215942 2703.283447
-149.103363 127.042450 2723.815674
-159.125809 -176.704987 2603.642822
103.045540 234.147873 2656.983398
203.250595 -10.135696 2614.634766
242.562103 -493.898865 2622.957520
240.522552 -958.600403 2605.176270
-20.344738 -1.226852 2627.276855
29.165688 -482.978638 2659.783691
52.067352 -945.045288 2605.491211
1 1 1
125.290688 705.392578 2722.479248
115.503128 473.933411 2693.009277
297.239288 466.779297 2683.416016
459.173645 292.049133 2573.857666
311.519226 576.896362 2458.186279
-66.233017 481.087524 2702.602539
-150.079559 125.506531 2722.375244
-157.876038 -179.472809 2598.428711
104.141899 234.136444 2656.606689
204.594818 -10.062149 2614.301758
242.307922 -493.522339 2635.126465
237.321030 -956.130981 2587.751953
-19.033493 -1.258926 2626.106445
31.061325 -483.430603 2652.267578
51.743408 -947.734619 2629.005859
1 1 1
126.215324 704.142395 2722.918457
115.729630 474.310913 2692.141602
297.323639 467.601013 2680.047852
456.581726 291.024841 2575.411621
265.183441 553.300598 2463.256592
-65.864380 481.020813 2704.235352
-150.042419 127.251373 2719.212891
-157.379135 -181.379608 2600.546875
104.413651 234.582840 2655.231934
204.837799 -9.274017 2610.880615
242.443176 -493.103180 2621.967285
234.599274 -957.822998 2596.266113
-18.642460 -1.016449 2625.763916
30.135662 -483.608307 2647.541260
49.826027 -949.026978 2639.750488
1 1 1
126.300507 703.095520 2713.133789
115.200172 473.444458 2688.250000
296.584839 467.136017 2673.297363
454.323486 285.538635 2578.686279
247.832458 544.560913 2472.347656
-66.184502 479.752930 2703.202637
-146.988983 131.600037 2718.596680
-159.994766 -173.945282 2596.512207
104.144409 233.130585 2655.523438
204.700485 -11.065094 2613.596191
241.416367 -495.114655 2622.840576
236.551651 -960.921875 2614.105469
-18.523209 -3.301514 2631.997559
30.339447 -485.961243 2653.301758
50.137615 -951.938904 2647.899658
1 1 1
127.781029 705.245972 2707.726562
116.162491 474.214478 2686.197266
297.463165 467.699799 2670.179932
459.170197 286.775269 2581.304443
249.737289 548.417175 2476.776855
-65.138199 480.729187 2702.214600
-144.983246 131.299011 2719.783691
-160.709503 -167.655396 2584.371582
104.856842 233.562012 2656.107910
205.096130 -11.098618 2616.163818
240.176651 -495.367554 2622.219727
238.555939 -961.729370 2621.326660
-17.993742 -3.082321 2635.873291
30.434160 -486.023804 2649.975586
50.675346 -952.255798 2649.756348
1 1 1
127.733582 705.635437 2705.490967
116.765884 474.256195 2685.548828
298.107086 467.491821 2669.991211
464.090027 284.882355 2585.112793
273.022705 556.649170 2475.873535
-64.575333 481.020569 2701.106445
-144.988190 133.667297 2722.315186
-161.964462 -164.189758 2586.046387
105.319611 233.428101 2656.840332
205.446030 -11.561874 2618.559814
242.917816 -495.326355 2635.064453
234.629517 -957.530640 2589.808838
-17.699347 -3.238113 2637.703857
28.654840 -486.494507 2648.424316
52.394974 -952.697021 2647.505859
1 1 1
128.173904 705.215637 2704.252686
117.184647 474.440002 2685.129639
298.535126 467.454956 2669.715088
466.641235 287.367493 2587.934814
305.405670 574.013916 2472.238037
-64.165833 481.425049 2700.544189
-145.400024 133.939514 2721.918945
-162.053345 -162.061798 2581.647217
105.504044 233.560760 2656.861816
205.404388 -11.616241 2619.109619
240.596024 -495.741089 2623.953369
236.358612 -960.198303 2609.127197
-17.757519 -3.020752 2638.078369
29.218044 -486.300415 2644.899902
50.782909 -952.561279 2652.064941
1 1 1
127.599556 703.090393 2704.903564
115.597626 470.892548 2685.260742
296.949371 463.721802 2669.915527
468.348755 292.154633 2585.063232
357.881470 596.021851 2464.446777
-65.754105 478.063293 2700.605957
-146.670639 132.474182 2721.042480
-161.708298 -161.567108 2577.054443
103.603455 230.141785 2656.013184
203.192719 -15.021057 2617.323975
238.185196 -499.275024 2621.872803
237.852417 -964.962524 2611.417725
-19.974159 -6.196899 2636.207275
26.613136 -489.498383 2645.093994
47.039558 -955.898804 2645.926514
1 1 1
127.362602 700.817932 2704.132568
115.373550 468.408539 2684.339355
296.889313 460.406311 2671.904785
470.178589 294.572723 2579.044678
416.510315 611.738281 2461.677490
-66.142227 476.410767 2696.773926
-147.831299 131.741364 2724.499023
-161.257462 -161.955658 2577.456543
102.755112 227.692062 2655.051270
201.837311 -17.948807 2618.111328
239.635559 -502.039490 2622.691895
238.328918 -968.327026 2613.202148
-21.563972 -8.100021 2633.415039
29.176594 -490.093140 2658.980469
49.607071 -953.836182 2623.885742
1 1 1
125.013039 698.261475 2704.784668
113.182343 465.800659 2684.782715
294.664764 457.869568 2671.653564
475.087830 302.788910 2568.482666
480.626068 626.126465 2461.838135
-68.300079 473.731781 2697.911865
-146.906555 134.358978 2730.354004
-158.914948 -161.687134 2585.057129
100.522774 225.122803 2655.180176
199.521042 -20.434723 2617.500000
239.667480 -504.347687 2623.330078
233.691620 -970.787170 2610.823486
-23.794628 -10.675415 2633.655273
29.154427 -491.692871 2670.795898
48.779823 -952.819702 2610.017822
1 1 1
123.717857 698.022034 2704.069824
112.604057 464.896637 2685.072998
293.983490 457.432678 2670.348389
480.035675 304.906403 2557.699951
540.061768 623.263428 2458.637939
-68.775368 472.360596 2699.797607
-148.456085 131.170013 2727.696533
-158.426727 -169.410126 2592.950439
100.332397 224.139740 2655.949707
199.663010 -21.209717 2617.766357
245.980911 -504.537384 2624.566895
236.192703 -971.076904 2612.739990
-23.541531 -12.024597 2635.886475
29.096157 -493.467377 2669.629639
51.450626 -955.271118 2609.473145
1 1 1
123.765244 699.591309 2703.718018
112.574936 465.555634 2685.426758
293.762970 458.312836 2668.482422
484.017700 308.457397 2547.821533
582.862488 621.604980 2460.854980
-68.613098 472.798431 2702.371094
-150.222305 127.080719 2725.368164
-157.157730 -175.587952 2592.475098
100.262756 224.752441 2656.701172
199.438828 -20.507385 2617.549316
242.722977 -504.147736 2623.450684
238.929733 -970.860352 2613.209473
-23.537680 -11.594116 2638.401855
26.344164 -493.952393 2659.781006
53.472519 -957.731995 2635.084961
1 1 1
122.076004 702.576965 2713.068848
112.095772 468.950195 2689.323730
293.380890 462.063232 2673.197754
481.514282 301.733002 2542.939453
604.748047 611.036377 2465.448242
-69.189354 475.837219 2705.449707
-149.606155 129.527893 2729.706787
-159.022812 -170.851624 2587.819336
100.093330 228.608826 2657.037598
199.629730 -15.969910 2614.829590
242.198395 -499.696716 2620.466797
239.247162 -966.512207 2611.996582
-23.447948 -7.495209 2634.673340
27.766884 -490.030457 2649.925293
51.542755 -954.934631 2626.831055
1 1 1
121.735977 702.843872 2718.247070
111.579269 469.621277 2691.083740
292.962769 463.008240 2675.938721
477.758667 305.369476 2542.016113
617.669617 611.154297 2469.777588
-69.804230 476.234314 2706.228760
-149.803436 128.250153 2732.374023
-158.282364 -175.312042 2594.743652
99.938782 229.581894 2656.484375
199.900681 -14.526398 2612.566406
242.060867 -498.314911 2614.804199
239.905960 -964.986511 2620.715332
-23.304104 -6.388580 2631.203613
28.395882 -488.773895 2650.886963
51.496437 -954.328491 2632.058594
1 1 1
122.362984 702.643860 2720.859131
112.442177 469.507507 2692.348145
293.861664 462.689209 2677.686523
475.391602 303.170776 2543.575439
600.523926 617.906982 2470.777588
-68.977287 476.325806 2707.009766
-143.390747 126.621399 2735.721924
-160.297546 -170.109558 2589.172363
100.503860 229.713013 2656.140625
200.189926 -14.276642 2610.912109
241.123764 -498.175751 2613.879395
239.660202 -964.995972 2616.247070
-23.058819 -5.886292 2628.954102
29.846451 -488.255127 2646.922119
51.635544 -954.292236 2638.203125
1 1 1
123.588409 703.323853 2731.616699
114.113029 471.042542 2697.383301
295.715790 463.696472 2685.921143
472.731262 300.604492 2547.310303
570.276917 623.871704 2464.479004
-67.489723 478.388611 2708.845459
-142.662292 122.283051 2732.356201
-159.244644 -174.427948 2592.687256
101.916359 231.880096 2657.420898
201.475296 -11.802994 2610.404785
241.980362 -495.729431 2614.982910
240.417068 -962.619385 2617.557373
-22.035921 -2.761703 2624.512207
31.924456 -484.442444 2652.698730
53.438591 -950.188110 2632.820801
1 1 1
127.018639 703.371887 2727.970459
115.092384 471.939148 2696.859375
296.727234 463.099426 2687.038086
468.870819 297.286499 2554.143555
521.161438 624.391907 2458.134766
-66.542442 480.778809 2706.680664
-138.324341 119.662842 2728.145508
-158.076385 -178.766998 2595.389160
101.368759 232.590027 2658.481445
199.402817 -12.198044 2614.060547
239.321640 -495.989990 2626.149414
233.478943 -961.729126 2604.429688
-24.112545 -1.320114 2626.146484
29.313793 -482.806274 2659.059570
45.689125 -949.083252 2646.582031
1 1 1
125.509171 699.187927 2726.670166
114.387207 468.461853 2695.626953
296.109863 460.128662 2686.834961
466.400116 296.665985 2560.118164
456.703979 622.012146 2455.220215
-67.335464 476.795044 2704.418945
-136.702591 120.811127 2727.031250
-157.719467 -180.752716 2598.859863
101.551376 229.051971 2657.236816
200.521973 -15.484985 2613.437256
243.553162 -499.093872 2622.031982
240.624863 -965.432800 2608.432373
-23.090881 -5.230865 2624.256104
31.118111 -487.021881 2650.899902
51.188065 -953.342651 2645.184326
1 1 1
127.916420 702.151489 2725.007812
116.745796 470.660889 2695.622803
298.377441 462.325104 2685.097412
467.207642 295.837036 2569.517578
392.104126 607.906738 2456.029297
-64.885841 478.996674 2706.148193
-138.840210 120.903870 2724.531494
-157.614319 -181.174561 2599.388428
103.577744 231.126465 2658.090820
202.166214 -13.536896 2614.082764
244.519760 -497.247192 2621.737305
238.859177 -963.825806 2619.185547
-21.346817 -3.279022 2627.034912
32.283504 -485.111298 2654.841797
55.448349 -951.334961 2647.021973
1 1 1
130.478729 704.511536 2724.150391
118.885460 473.629517 2695.448242
300.485504 465.690369 2684.010010
464.589203 292.941162 2574.188477
330.777039 583.795715 2457.402588
-62.714577 481.568665 2706.886475
-139.430878 120.440735 2719.764648
-157.395874 -181.872162 2600.940186
106.098846 233.933014 2658.810059
205.046478 -10.648254 2615.134277
248.382584 -493.886505 2633.351807
238.862610 -958.098450 2598.231689
-18.422028 -0.878693 2629.209473
34.234924 -482.952911 2654.898193
54.272903 -949.393555 2649.698730
1 1 1
131.421158 704.678345 2723.726074
119.516670 474.654236 2695.927002
301.067108 467.007324 2683.503174
461.285217 295.987823 2570.025391
283.212280 570.136841 2460.843994
-62.033775 482.301147 2708.350830
-139.719666 120.712372 2717.886963
-159.189407 -173.408966 2587.721191
106.964523 234.817886 2660.120605
206.118088 -9.723511 2616.669922
241.627640 -493.772430 2626.137207
242.804977 -959.280884 2610.460938
-17.293327 -0.313416 2631.958496
31.022533 -483.124268 2649.896484
54.434891 -949.342224 2654.239014
1 1 1
132.606888 709.477661 2733.065674
121.189835 479.383240 2700.315186
302.761627 472.096375 2687.932373
458.639435 297.992706 2568.539795
256.910461 563.593384 2463.891113
-60.381962 486.670105 2712.697998
-143.861969 121.848022 2717.974609
-160.683578 -168.131042 2581.104248
108.920273 240.063873 2661.234375
208.368866 -3.738968 2614.534668
243.719254 -487.946594 2620.554199
242.049469 -954.172729 2613.806641
-15.067440 5.228012 2629.772461
31.381290 -477.883484 2645.464844
56.551872 -944.088623 2648.202637
1 1 1
132.155319 712.643982 2738.226318
120.548767 482.866272 2703.265137
302.213226 475.216064 2692.692383
460.832397 295.495880 2573.307617
259.532837 564.545410 2470.439941
-61.115677 490.516479 2713.837891
-142.420197 118.915863 2715.486572
-158.985626 -173.011627 2583.802979
108.094147 243.887894 2662.184082
207.421143 0.202179 2614.597412
241.716690 -483.528778 2635.043945
235.482254 -947.489746 2597.093262
-16.142099 9.616821 2627.608643
27.238272 -473.792328 2643.493652
51.619446 -940.031372 2649.728760
1 1 1
132.705444 712.670227 2740.806152
121.070229 483.516174 2704.889160
302.810303 475.742859 2695.819580
461.917603 293.244141 2576.204834
286.375427 577.331665 2473.111572
-60.669834 491.289520 2713.958740
-142.710907 117.954193 2720.229980
-160.385773 -169.035034 2578.998779
108.760834 244.673218 2662.934082
208.275665 1.047333 2615.398438
246.074249 -481.513580 2650.181885
234.995590 -940.964600 2579.156006
-15.372798 10.613159 2626.559570
29.291595 -472.681122 2642.902100
52.825874 -938.972412 2650.231445
1 1 1
133.669556 712.396606 2742.093018
122.311836 482.617065 2705.054199
304.130249 474.678741 2698.053223
462.962036 298.621460 2573.639404
327.322266 600.969788 2473.281494
-59.506599 490.555420 2712.055176
-142.352905 119.971893 2724.603516
-161.562683 -166.149292 2582.838379
110.236450 243.938782 2662.084961
210.036926 0.375900 2614.807617
243.777985 -483.173279 2625.161377
237.223846 -945.959839 2603.684082
-13.714790 10.145065 2623.423340
31.078068 -472.962219 2644.102051
53.136345 -939.192383 2638.756836
1 1 1
133.873016 713.286011 2742.731689
123.625305 481.948425 2705.250244
305.510101 474.290894 2699.757568
464.465271 298.317017 2569.864746
381.603516 615.929565 2472.937744
-58.259472 489.605957 2710.742920
-144.193771 116.977325 2722.774170
-159.844666 -172.359955 2589.659180
112.271774 243.277374 2662.027344
212.829758 -0.105255 2615.424805
245.715317 -484.175690 2620.174316
239.725143 -948.972412 2614.996826
-10.993267 9.317932 2622.184082
32.895584 -472.100647 2663.616943
53.267117 -934.836243 2619.681641
1 1 1
131.690033 712.066772 2743.048340
123.556816 480.423431 2705.693115
305.515839 473.602356 2701.888916
467.708252 310.171021 2556.961670
444.644012 635.402588 2470.453369
-58.402199 487.244507 2709.497314
-145.621765 112.976349 2726.362549
-158.556061 -178.000153 2597.969971
113.706604 241.650665 2662.675293
215.816437 -1.319138 2617.316650
244.850647 -485.848511 2618.284668
239.961609 -951.713623 2613.415527
-8.103643 7.074936 2621.998291
33.073441 -473.822388 2672.777344
52.118454 -934.590515 2608.237061
1 1 1
129.060623 704.307983 2733.180908
120.413788 473.320557 2700.654053
302.406982 467.189941 2696.962158
472.346252 319.594452 2545.459961
505.566193 642.863647 2464.185547
-61.579391 479.451141 2704.345947
-145.318237 110.987946 2726.148926
-157.371826 -181.303314 2600.278809
111.546783 233.941925 2661.052979
214.655029 -9.208679 2619.180420
243.416351 -493.476501 2633.647461
232.898468 -956.851562 2594.518311
-9.295472 -1.664703 2623.723389
29.730061 -483.688507 2665.405273
49.183372 -947.287964 2627.890381
1 1 1
127.133728 699.880737 2727.751221
118.969826 468.175140 2697.984375
300.938019 462.876190 2692.487793
475.179016 321.314972 2538.697754
560.522339 636.043213 2462.443359
-62.998375 473.474091 2703.480957
-146.652771 109.481567 2726.562500
-155.091949 -181.541626 2601.067871
110.861244 228.395203 2660.701660
214.720413 -14.645264 2620.036865
243.816010 -499.098358 2621.898926
241.711929 -964.124329 2609.993164
-9.215087 -8.124207 2626.801025
30.820503 -490.859283 2658.255371
50.116463 -955.948120 2639.811768
1 1 1
128.239456 699.812927 2726.068115
119.081161 467.179749 2696.990479
300.900177 461.505920 2688.407715
475.596832 319.154816 2532.838623
594.284546 628.272827 2460.510254
-62.737850 472.853516 2705.573242
-147.816574 109.239563 2724.306396
-153.839172 -181.293488 2601.492676
109.850739 227.388733 2659.968750
212.504181 -15.893692 2617.665527
245.596619 -499.801147 2633.100098
235.660309 -962.610718 2589.730469
-11.263553 -8.910843 2628.228516
28.651386 -492.087891 2653.764404
45.102043 -958.015686 2645.723389
1 1 1
126.691551 697.470581 2724.204346
117.791748 465.158875 2695.613281
299.505310 459.562286 2684.907959
475.805573 319.583344 2531.385742
612.596191 626.783813 2465.651611
-63.921803 470.755432 2706.318604
-142.397552 105.615234 2730.666748
-151.739975 -182.059906 2600.514404
108.281441 225.216049 2659.621826
210.575882 -18.170227 2617.043457
244.840012 -502.283905 2627.682861
236.633377 -967.140991 2608.238281
-13.033597 -11.283295 2630.217285
29.116344 -493.092926 2670.649170
46.552940 -954.612610 2619.800049
1 1 1
126.616943 695.212280 2733.291016
117.053352 463.956299 2698.550049
298.622009 458.067657 2685.721680
473.881195 313.268677 2530.709229
610.161560 626.450439 2471.017822
-64.515297 469.844940 2711.378418
-139.717056 105.324493 2730.859863
-154.094315 -182.906616 2600.686035
106.454117 224.767548 2658.327148
207.572235 -18.044434 2610.210938
242.644424 -501.522919 2634.443359
231.630920 -961.132935 2571.276367
-15.862480 -10.797974 2625.997559
27.778858 -493.373718 2653.274170
43.820324 -957.485840 2630.771973
1 1 1
125.935463 695.582642 2728.285889
116.086456 464.308228 2696.758301
297.641296 458.024323 2683.736572
470.948486 315.633484 2533.305664
580.990540 640.124756 2471.936279
-65.468369 470.592102 2709.780029
-138.848358 107.175446 2731.891846
-150.490540 -181.894073 2602.137451
105.067429 224.768311 2658.720215
205.750351 -18.637772 2612.670410
244.008179 -501.794983 2640.657471
232.230774 -963.274902 2580.739014
-17.653561 -10.905411 2628.693848
28.219685 -492.294739 2669.474121
48.811012 -955.295654 2626.255859
1 1 1
127.272598 702.734924 2735.351074
116.742073 470.573425 2700.448242
298.238495 463.519653 2686.947510
468.985107 317.799622 2538.181885
537.343872 652.018494 2472.724609
-64.754341 477.627258 2713.948975
-136.911224 108.592987 2739.477051
-149.652130 -181.832794 2607.502686
104.428802 231.524704 2659.812012
203.786606 -11.864105 2610.869141
243.275650 -495.377686 2628.969727
233.989334 -959.544556 2595.033447
-19.555559 -3.183960 2627.482422
27.139215 -483.635254 2678.142090
49.805786 -943.704712 2610.503906
1 1 1
128.648743 705.181396 2729.331299
117.229454 474.233826 2698.641602
298.769592 466.603821 2686.051514
466.487000 311.393433 2547.068115
475.091583 645.939575 2468.218506
-64.310677 481.863800 2711.231689
-136.459961 112.311371 2738.206299
-153.590317 -182.743195 2611.730713
104.553772 234.712677 2661.023926
203.578094 -9.503128 2615.659668
246.044403 -491.600525 2650.864258
232.945724 -950.741089 2580.145752
-19.821905 -0.113785 2631.152832
28.376474 -479.765930 2688.440918
51.140671 -938.341553 2608.212158
1 1 1
132.660446 710.291382 2736.332520
120.333733 479.483521 2702.466797
301.983673 470.627960 2693.077148
465.263794 302.202026 2556.049072
407.045044 624.873047 2466.102051
-61.316227 488.339111 2711.856445
-134.211044 120.148346 2741.083252
-158.081345 -174.691162 2603.810547
106.641495 240.276459 2663.179443
204.735062 -4.380264 2618.113770
244.313065 -487.491577 2629.961426
237.706558 -950.192993 2607.459473
-18.836559 6.519028 2629.670410
30.193302 -473.306641 2685.564209
51.915592 -931.478455 2600.498047
1 1 1
134.560944 710.435181 2729.325684
120.763489 480.075439 2700.425293
302.436523 470.783844 2691.598633
461.128082 300.597595 2561.498779
328.536377 594.449585 2462.692139
-60.909546 489.367065 2709.251953
-133.107788 127.585358 2745.511963
-160.981750 -169.682190 2603.236084
106.756386 240.376038 2664.451660
204.521790 -5.039948 2623.047363
241.930756 -488.774719 2627.320801
239.443329 -953.609192 2616.441406
-19.023241 6.393188 2633.908691
29.526690 -473.316315 2691.584473
48.933041 -930.601379 2600.393555
1 1 1
138.624969 717.647827 2725.840576
124.650261 487.128845 2698.609619
305.804474 478.765442 2683.101807
459.601105 301.324585 2559.742432
267.230042 564.106750 2467.102783
-56.503941 495.492249 2714.117432
-133.018265 131.262390 2740.756836
-154.757294 -173.011475 2607.656494
110.657623 247.134476 2664.583496
208.199188 1.990860 2621.009521
243.431549 -481.994690 2614.804443
248.575638 -947.614380 2618.919678
-14.869235 12.289322 2640.105225
32.411240 -469.277222 2672.124756
56.786285 -930.926819 2629.333496
1 1 1
139.017014 713.163818 2725.102051
123.777802 484.075500 2697.788086
304.683319 475.918579 2679.119629
459.302063 302.663696 2562.356445
233.083908 548.488037 2474.319580
-57.127716 492.232422 2716.456543
-131.503601 137.128143 2737.895508
-150.870026 -168.888611 2602.793457
109.466064 244.057266 2663.973145
206.440338 -0.978790 2618.674072
239.584198 -484.947540 2628.626465
237.021194 -948.878052 2597.937500
-16.131691 9.056854 2641.642334
28.198498 -473.660217 2655.682861
47.106163 -937.689453 2643.562744
1 1 1
137.408127 710.174072 2723.734619
122.017914 480.835480 2696.688721
302.860657 472.839478 2676.940674
458.644897 301.839264 2564.627197
218.204559 544.227600 2485.740967
-58.824833 488.831482 2716.436768
-131.746368 137.555847 2741.499268
-152.184097 -163.553345 2592.197266
107.711975 240.810883 2662.867920
204.650757 -4.132431 2616.899170
239.629730 -488.163696 2615.677979
238.280014 -952.932739 2618.162842
-17.838673 5.705002 2641.195068
27.453331 -477.373352 2647.420654
46.483799 -942.604614 2647.168213
1 1 1
