136.986572 703.393677 2700.078857
124.414551 468.442200 2687.649902
302.532593 461.299042 2650.289795
491.853149 304.074463 2514.168457
539.418335 622.812500 2379.013672
-53.703491 475.585327 2725.010010
-119.379616 159.545349 2776.567871
-173.925217 -158.671204 2627.457764
110.100418 227.073517 2665.554443
205.379196 -18.690201 2620.471924
245.412933 -502.524170 2611.688965
234.588898 -968.914551 2622.275635
-13.806619 -9.900101 2666.446045
30.646370 -492.969971 2645.121094
51.395493 -959.296753 2642.966309
1 1 1
137.863571 706.374756 2701.753906
126.226479 470.973022 2688.275635
304.543915 463.729706 2651.886719
492.437622 307.034729 2517.625244
496.621033 624.350708 2376.074219
-52.090935 478.216309 2724.664551
-118.686028 158.269592 2781.286133
-175.125397 -159.145782 2627.996094
111.683304 229.716492 2665.031738
206.856705 -15.996735 2619.398193
247.077591 -499.792328 2622.113037
236.996109 -964.676758 2598.879883
-12.576455 -7.083313 2664.177490
33.382401 -490.128143 2644.930664
54.800163 -956.478394 2639.679932
1 1 1
138.393860 704.882507 2702.584229
126.735550 470.412964 2687.950195
305.309357 462.989075 2652.885254
490.229767 303.516418 2519.843750
442.537262 617.944275 2383.108887
-51.838257 477.836884 2723.015137
-121.837929 158.631378 2778.640381
-170.645126 -160.657227 2629.652588
111.902756 229.293182 2663.461182
206.946487 -16.394547 2617.396729
244.914398 -500.448792 2616.454346
237.478378 -966.364136 2604.606689
-12.806565 -7.258682 2660.547607
31.195625 -490.645691 2646.077148
54.937565 -956.611328 2631.034912
1 1 1
141.524277 706.563049 2702.992676
129.411880 472.300323 2688.045654
307.642639 464.641235 2651.340332
489.616028 299.752502 2520.912354
385.575958 600.646179 2389.453125
-48.818855 479.959412 2724.750977
-121.410057 157.818695 2778.344971
-167.889221 -162.086884 2628.250244
113.920502 231.262650 2663.119385
208.095703 -14.487717 2615.608154
244.666260 -498.690369 2612.755127
242.572357 -965.109863 2609.733154
-11.237464 -5.062332 2660.778076
34.315914 -488.357788 2647.402588
53.407322 -954.688049 2636.374756
1 1 1
141.916885 707.551941 2703.731689
129.449158 473.659302 2687.488525
307.659882 466.456604 2650.567383
488.751038 295.423584 2526.476074
330.474731 573.302246 2402.596680
-48.761589 480.862000 2724.409668
-120.755714 159.359436 2776.738281
-170.716553 -159.372498 2629.246582
114.459732 232.629257 2662.158203
209.119446 -12.832443 2614.111084
246.688492 -496.615295 2626.178955
238.343781 -959.926147 2585.736084
-10.178818 -3.969131 2659.544678
32.430145 -487.428772 2642.977783
55.650116 -953.672974 2639.075928
1 1 1
141.615112 709.357483 2713.068848
129.171585 475.916504 2690.982910
307.472595 469.414490 2654.360840
490.376343 293.214233 2531.246094
289.254761 546.814636 2415.299316
-49.129440 482.418518 2727.604980
-122.374657 159.672546 2774.386963
-172.567398 -159.983093 2629.710938
114.338989 235.387970 2661.471680
209.213425 -9.141190 2609.427246
244.669449 -493.265137 2612.400391
238.931870 -958.329468 2597.949707
-10.200644 -1.139938 2654.493652
33.936562 -484.604919 2643.619141
49.137737 -951.101685 2635.434570
1 1 1
141.103455 708.282532 2708.202637
128.848557 475.201904 2689.401611
307.064758 468.674500 2652.363770
490.185822 290.611572 2533.094482
268.798584 534.111572 2425.570312
-49.367664 481.729340 2726.439453
-121.687271 159.337311 2774.673828
-169.274261 -161.302917 2630.589600
114.367958 234.374802 2662.166992
209.541977 -10.468567 2612.143311
246.600571 -493.401520 2637.535645
235.308136 -955.002686 2585.904541
-9.767247 -2.436066 2657.721436
33.961029 -486.025299 2651.900635
51.517914 -952.507507 2643.528564
1 1 1
142.190948 705.794678 2705.282471
129.850891 472.796600 2688.014893
308.374176 465.937561 2652.579590
488.588501 290.799988 2533.049316
270.711334 537.422058 2417.671387
-48.672390 479.655640 2723.450195
-119.852203 161.677155 2776.312744
-171.099091 -157.221893 2630.937500
115.444138 231.809967 2662.079590
210.885681 -13.397141 2614.340332
250.058273 -496.628418 2636.396240
235.208664 -959.414978 2585.816162
-8.810916 -4.956192 2657.948242
35.062275 -488.464294 2647.680176
51.994766 -955.030579 2646.383057
1 1 1
141.459396 704.127808 2705.368164
130.204453 470.851746 2687.728027
308.850098 464.254547 2652.846191
488.279907 291.414734 2527.093506
293.696411 555.141357 2407.546387
-48.441208 477.448914 2722.609863
-119.954910 161.818756 2776.154053
-168.727875 -158.457794 2629.289795
116.141853 229.891907 2661.279297
211.997147 -15.127060 2613.368164
252.355331 -498.225891 2639.171631
233.862320 -958.603455 2569.618896
-7.838655 -7.008774 2656.292969
33.999741 -490.769348 2652.002930
52.950813 -956.255859 2629.283447
1 1 1
139.943604 703.265991 2704.853760
129.256088 469.514191 2687.576660
308.018188 463.208557 2653.232422
488.110535 290.730591 2525.561035
341.234039 574.936157 2394.180176
-49.506020 475.819824 2721.920898
-121.521355 161.894562 2775.519043
-170.251511 -155.764496 2624.551270
115.736946 228.482574 2661.462402
212.208420 -16.428833 2614.216553
248.349213 -500.257446 2623.967773
235.934113 -963.667358 2599.836426
-7.772825 -8.669250 2656.479736
34.651291 -492.414062 2652.597168
49.213425 -958.584473 2642.416260
1 1 1
140.019608 711.249695 2713.635742
127.706009 476.775330 2692.166016
306.158386 469.924835 2656.370850
489.547058 291.850952 2524.796631
396.646606 589.232971 2384.029297
-50.746368 483.625793 2727.961182
-120.267532 159.958374 2774.277588
-168.138565 -157.750641 2622.609375
112.567856 236.249084 2662.728027
207.233612 -8.492325 2611.264893
242.009216 -492.654602 2615.233398
230.982819 -957.788574 2601.395752
-12.374199 -0.061966 2655.315186
28.420101 -483.961304 2651.522217
45.084408 -950.153442 2637.021240
1 1 1
139.090210 713.015442 2718.534668
125.703400 479.580872 2694.737061
304.030701 472.635345 2658.326416
487.776794 292.918030 2524.915527
455.712799 595.655762 2375.447266
-52.623917 486.526428 2731.147705
-119.626236 159.978973 2774.172363
-169.322769 -155.369324 2618.628662
109.978607 239.303284 2663.556152
203.976013 -5.247803 2609.972168
243.913574 -489.091705 2614.447266
236.405396 -955.120056 2610.228516
-15.468392 3.299164 2654.778320
28.194851 -480.307648 2647.937744
49.118698 -946.348389 2650.366943
1 1 1
136.718857 712.254089 2721.476807
124.561806 478.312317 2695.931152
303.166534 471.851318 2660.828613
486.890442 292.465027 2522.486572
514.102173 595.044739 2371.505371
-54.042919 484.773315 2731.033691
-120.315475 161.477997 2775.092529
-170.508987 -154.028534 2619.267334
109.422592 238.212952 2663.093994
204.179916 -5.861893 2608.657959
248.586685 -489.374207 2611.787354
237.495712 -955.516479 2620.302734
-15.613149 2.089066 2651.855713
30.191677 -481.154114 2638.635010
51.122978 -947.288818 2647.823486
1 1 1
135.215698 706.493103 2712.418213
122.990334 472.805115 2691.831787
301.666382 466.712555 2657.009766
486.438599 294.733917 2519.734375
557.542114 592.919434 2372.570801
-55.685719 478.897644 2726.653809
-121.665222 162.741730 2775.029053
-167.799728 -156.946472 2625.591064
109.064621 232.201599 2662.473633
205.075531 -12.150558 2611.689941
249.378998 -495.280518 2627.889648
235.966843 -959.007324 2596.769531
-14.797717 -4.653244 2654.541016
31.877628 -487.893188 2652.332031
54.777630 -953.450500 2639.340332
1 1 1
134.888000 707.563599 2707.872803
124.220276 472.616516 2689.055176
302.979553 466.653503 2654.630615
488.208496 293.372223 2514.845947
579.848450 591.773071 2370.515625
-54.539001 478.579529 2723.479736
-125.346069 163.873383 2772.976807
-171.261261 -157.840881 2630.011475
110.821136 231.792053 2661.191406
207.410828 -12.701385 2612.146484
251.069183 -496.094025 2624.803955
238.817535 -961.331787 2604.649902
-12.566828 -5.363434 2654.508789
36.276512 -488.391388 2647.439209
51.642799 -954.621704 2641.593994
1 1 1
136.068832 706.951538 2706.556641
125.212799 472.284241 2688.295410
303.991821 466.037170 2654.017822
489.130310 290.162231 2517.366699
580.422363 590.618286 2370.981445
-53.566208 478.531311 2722.572998
-123.150208 159.973694 2773.400879
-172.827881 -158.602234 2628.094971
111.581573 231.385040 2661.103516
207.951691 -13.357941 2612.820801
247.776642 -497.187866 2622.523682
236.776978 -963.222778 2609.490479
-12.050996 -5.670380 2655.002441
33.952698 -489.043945 2650.032227
50.834499 -955.350220 2639.847168
1 1 1
136.141296 708.343445 2705.372314
125.537270 472.958679 2688.154053
304.274536 466.628723 2653.670654
489.566772 289.074951 2518.545166
559.363770 592.508057 2365.870361
-53.199993 479.288635 2722.637451
-125.056152 159.512939 2771.142822
-169.909943 -160.148682 2629.441895
111.853714 232.000931 2661.459473
208.146088 -12.851593 2613.547363
245.704239 -496.902893 2623.151855
238.253387 -963.397522 2616.926270
-11.805760 -5.062042 2655.982422
33.023300 -488.394287 2643.751953
49.964455 -954.759094 2646.111328
1 1 1
136.813721 708.320007 2704.373047
125.796066 473.516785 2687.901611
304.163879 467.313660 2651.579834
490.283142 291.541016 2520.751465
525.810669 596.989319 2363.346680
-52.571758 479.719971 2724.223389
-122.021347 161.253052 2773.081299
-175.764542 -156.679657 2629.301514
112.109383 232.486176 2661.853271
208.177292 -12.361420 2613.455078
243.126724 -496.669769 2617.016357
238.317062 -963.350464 2618.716064
-11.331904 -4.727478 2658.154785
35.742706 -487.958496 2650.561523
49.122955 -954.412842 2643.050537
1 1 1
138.442734 711.403564 2723.374756
126.547089 477.662811 2695.462158
305.668549 471.735565 2663.249023
490.742828 291.341095 2522.873047
476.706879 595.108704 2363.907715
-52.574371 483.590057 2727.675293
-123.913872 164.046814 2768.541992
-176.473602 -156.665222 2630.502197
112.366333 237.916885 2660.722900
208.424118 -5.476898 2606.158447
244.849991 -489.702484 2610.433350
242.006149 -956.527710 2610.973145
-12.052962 1.818817 2645.808838
32.448784 -481.552429 2633.146240
51.056732 -947.892944 2623.767822
1 1 1
139.413086 706.670044 2713.369873
127.149269 474.789093 2691.147461
306.513245 468.403656 2660.281982
486.856445 287.160828 2528.927734
417.687775 580.069336 2366.535645
-52.214714 481.174530 2722.012939
-120.971260 162.536774 2767.758789
-175.199844 -157.703827 2627.099365
113.222824 234.489899 2659.931396
209.645737 -9.737778 2609.726074
243.929977 -493.920166 2622.252930
240.488937 -960.794312 2619.860352
-11.052969 -1.880814 2647.704590
33.566460 -485.261353 2648.241699
54.607216 -951.608643 2641.062500
1 1 1
140.955765 702.217468 2708.866699
128.195343 470.937073 2688.351074
307.184479 464.996399 2655.287842
483.933228 284.590271 2531.943848
357.446594 563.067383 2378.906982
-50.793777 476.877686 2721.414307
-119.476944 160.759796 2768.878906
-174.534912 -158.105011 2623.606934
114.715530 230.377991 2658.599609
211.365921 -13.836288 2608.504639
246.490219 -497.615479 2629.850098
238.571991 -961.134399 2589.417969
-8.894479 -6.525864 2649.191650
38.521385 -489.730103 2647.316650
48.715305 -956.290161 2650.522217
1 1 1
140.744446 704.554138 2709.120361
129.296539 472.588013 2688.036621
307.966888 467.049530 2653.195801
479.962341 289.300293 2531.952881
297.541962 540.016296 2388.731201
-49.373814 478.126495 2722.877441
-123.236267 162.375488 2769.450684
-178.201294 -155.105194 2622.413818
116.090927 231.949844 2658.568604
212.817032 -12.096024 2607.663818
247.251556 -495.946899 2629.913818
235.363068 -958.889832 2577.966797
-7.046391 -5.280624 2650.537354
36.221149 -488.918335 2649.920654
49.620937 -955.461060 2645.603760
1 1 1
142.623062 704.848633 2708.250488
129.891449 473.904297 2686.873535
308.016235 468.466980 2649.367676
480.982605 287.152161 2531.465332
261.785828 517.422363 2406.083984
-48.233307 479.341675 2724.379395
-118.611259 160.184875 2772.236572
-179.785599 -153.012177 2620.063232
116.428146 233.214981 2657.825928
212.569229 -10.820068 2605.700195
242.919327 -495.205414 2618.981689
238.326126 -959.986816 2601.957031
-6.639550 -4.128632 2651.856445
32.542217 -488.116913 2648.384277
52.929550 -954.471558 2646.831299
1 1 1
142.108414 705.416382 2706.799316
129.718597 474.112274 2685.966309
307.603882 468.598877 2647.293213
483.991394 290.078186 2529.697754
247.943344 511.963989 2412.163330
-48.166695 479.625671 2724.639404
-121.796181 162.592957 2768.122803
-180.701401 -151.358185 2618.126709
116.137161 233.316071 2657.824463
212.000443 -10.872284 2605.888672
240.495163 -495.488403 2616.701660
239.856735 -961.348511 2610.365234
-6.888987 -4.087982 2653.476562
32.557793 -487.764984 2639.128906
50.234455 -953.466919 2658.145996
1 1 1
142.041916 705.245483 2704.559570
130.034119 473.835815 2685.803955
307.844635 468.051636 2646.782959
483.996490 294.037842 2528.308350
240.119461 513.217285 2407.623779
-47.776390 479.620026 2724.824951
-120.892998 163.804077 2768.536377
-180.150269 -150.219330 2614.660889
116.371811 232.862549 2659.267578
212.109924 -11.669540 2608.723145
240.515121 -496.319885 2619.934570
245.028961 -962.684692 2616.198975
-6.690933 -4.551926 2656.739258
34.465107 -488.266724 2648.924805
51.205002 -954.426147 2653.933594
1 1 1
142.072723 705.970032 2703.468994
130.325836 473.511230 2686.458496
308.612274 467.337646 2649.789307
483.998291 294.515259 2529.164307
259.164581 528.410339 2402.250488
-47.960617 479.684784 2723.127686
-121.950874 166.906006 2763.753662
-181.630127 -149.161194 2614.694092
116.598923 232.496262 2660.294434
212.577362 -12.317474 2611.566650
244.384216 -496.805573 2620.512207
242.623291 -963.432861 2616.969238
-6.833343 -4.719910 2656.694092
32.577740 -488.457703 2642.633545
52.194977 -954.635010 2652.521484
1 1 1
140.407608 707.051819 2713.443848
130.224930 474.984924 2690.691650
309.089447 470.213715 2656.819824
487.031189 292.782349 2530.091064
305.737854 551.326538 2389.757324
-48.639576 479.756104 2724.563477
-122.941147 167.420410 2765.903076
-183.369049 -148.157471 2617.410156
117.937340 234.518936 2659.677246
215.714767 -8.883011 2607.819824
247.102859 -493.455933 2611.349365
248.437012 -960.234985 2611.682617
-4.415257 -3.011063 2649.505859
34.737206 -486.841431 2636.118896
52.786690 -953.269836 2641.371338
1 1 1
138.014832 706.852417 2708.409424
129.007675 474.176636 2689.532471
308.188354 469.845947 2657.248047
487.500702 294.385681 2526.549805
360.711609 572.704712 2374.935547
-50.173038 478.507324 2721.816895
-124.987915 169.218323 2767.436768
-184.340164 -147.602112 2619.486816
118.037750 233.333130 2660.955566
217.310089 -10.174881 2612.515381
248.244812 -494.665955 2622.560791
242.963028 -961.440552 2619.334961
-3.174434 -4.845871 2652.241943
32.697979 -489.037659 2646.195801
54.660255 -955.375244 2647.545410
1 1 1
137.680832 708.174194 2715.905518
128.418121 474.977966 2692.429443
307.892761 470.732452 2661.774414
488.266174 298.201782 2522.790527
426.667755 586.036743 2358.354492
-51.056541 479.223480 2723.084473
-120.979813 166.595673 2768.723633
-179.399887 -152.370819 2621.104736
117.295746 234.548584 2660.609375
216.599884 -8.492966 2609.927979
244.004135 -493.064148 2604.964111
241.868713 -959.088379 2623.232910
-4.253129 -3.268631 2647.650635
29.878777 -487.621643 2641.009033
51.558456 -953.921143 2634.533447
1 1 1
137.187698 707.442505 2720.182129
127.857178 474.584106 2693.959717
307.330322 470.550598 2663.206299
489.130310 298.601624 2519.432861
485.258789 590.567993 2348.677734
-51.615963 478.617645 2724.713135
-126.491074 162.785492 2768.906738
-180.262253 -152.170929 2616.367432
116.781616 234.309784 2660.837402
216.128952 -8.446228 2608.793701
246.409485 -492.671631 2618.729980
239.026031 -958.651611 2613.667969
-4.716846 -3.482880 2646.636475
29.930836 -487.775635 2637.437988
52.377594 -953.480347 2651.491455
1 1 1
135.012238 705.825012 2711.787354
126.452446 471.616638 2690.180176
306.484741 467.247925 2663.170898
487.027863 289.774353 2518.722656
534.554810 582.302490 2354.780518
-53.579826 475.985352 2717.189453
-127.281952 160.921906 2771.453125
-181.239624 -152.308289 2615.346680
116.152649 230.875397 2660.465332
216.646851 -12.554382 2614.128662
248.939941 -495.416382 2645.733398
236.303452 -956.229248 2592.881592
-4.941147 -7.177277 2647.372314
30.870129 -491.435272 2640.750732
54.055031 -957.457642 2645.730469
1 1 1
135.354797 710.210571 2717.087646
127.039391 476.278076 2692.424805
306.510651 472.814911 2661.881592
485.986176 283.871155 2520.353760
560.776489 576.830444 2362.428467
-52.431847 479.741211 2722.968018
-127.664032 159.977570 2772.240479
-181.484680 -152.745056 2613.639893
116.920044 235.843018 2660.225098
217.237640 -6.723053 2609.230713
249.710266 -490.429291 2624.716553
234.878479 -954.164307 2597.410400
-3.636261 -2.460999 2646.820068
32.523220 -486.723114 2645.014648
54.873741 -952.853027 2640.059326
1 1 1
133.945633 707.920715 2709.720947
125.966713 475.038971 2689.898682
305.179443 472.104187 2657.699951
486.003723 288.449646 2520.158936
566.883728 583.535706 2364.574951
-53.246044 477.973755 2722.097412
-130.825836 156.014252 2773.938232
-179.581070 -155.333832 2617.155518
116.790642 234.179321 2660.779297
217.870575 -8.485870 2611.850342
246.812393 -492.822205 2617.500488
236.133850 -957.171143 2625.229492
-2.641431 -4.874786 2651.469482
29.347946 -489.431427 2651.105713
53.941360 -955.595764 2648.879395
1 1 1
134.733704 706.960266 2706.524902
126.806519 473.560028 2688.652100
306.003906 470.249115 2656.299072
486.503326 291.723389 2522.049316
555.883179 590.376160 2369.364014
-52.390884 476.870941 2721.005127
-129.909424 156.513855 2773.946289
-181.334091 -154.405487 2616.720947
117.479309 232.448486 2661.664551
218.400314 -10.700043 2614.772461
243.678558 -495.445251 2615.724365
238.356506 -960.939758 2628.379395
-2.096113 -6.626068 2654.581543
29.783096 -491.174896 2650.322998
53.061626 -957.447510 2645.076416
1 1 1
135.084900 706.408569 2704.450195
126.900146 472.030975 2687.538086
306.362244 468.294373 2656.718994
487.756531 297.355927 2521.038330
532.942383 597.411377 2365.635498
-52.561932 475.767578 2718.357178
-129.455460 157.263245 2771.949463
-184.122040 -153.113403 2615.678955
117.297440 230.882278 2660.857910
218.115356 -12.565491 2615.215088
241.206451 -497.504669 2611.673096
240.457123 -963.583862 2626.248291
-2.725895 -7.967346 2653.140381
30.080830 -492.323761 2642.307617
51.409039 -958.689209 2644.765137
1 1 1
136.274292 709.064697 2713.427979
127.239563 475.311951 2691.405273
306.701965 471.104004 2660.603027
489.383728 297.174530 2521.536133
490.575897 599.630127 2366.764404
-52.222858 479.519897 2722.207520
-129.722900 158.131134 2770.483887
-183.555115 -153.366211 2615.248779
116.349289 234.709686 2660.824219
215.876877 -8.481598 2611.291504
239.904892 -493.451965 2608.296631
238.617111 -959.765015 2625.488525
-4.958844 -3.303558 2649.194824
29.187199 -487.657471 2643.986816
47.299816 -954.106689 2638.380371
1 1 1
136.984543 707.082642 2717.923340
127.006020 474.094910 2692.640137
306.445282 469.445801 2661.743408
486.697876 299.581177 2521.287354
434.803223 599.462036 2371.332764
-52.433235 478.744019 2723.536865
-126.355362 158.565857 2771.756592
-183.456757 -153.251221 2618.332031
115.011948 233.936600 2659.118896
213.423798 -9.082214 2606.587402
239.773132 -493.968750 2605.174561
238.418549 -960.396851 2623.736328
-7.388054 -3.361176 2644.607910
28.907295 -487.595428 2643.640869
47.215591 -954.121582 2641.339355
1 1 1
136.620758 704.985718 2710.638672
127.178261 471.854980 2689.938232
306.568542 466.604523 2658.845703
484.850220 299.790619 2524.122070
373.975647 588.065674 2383.228516
-52.212013 477.105438 2721.030762
-123.173958 158.286621 2772.866699
-179.320770 -156.223511 2620.718750
114.895462 231.277832 2659.696777
212.989990 -12.529877 2610.324463
242.465729 -496.971466 2621.239258
236.958374 -963.531738 2624.065186
-7.764672 -6.068756 2648.586182
31.032932 -490.130646 2647.593506
49.300537 -956.602234 2653.240479
1 1 1
136.919968 706.873169 2707.499268
127.845047 472.676819 2688.737549
306.935638 467.399780 2655.999268
485.930450 295.401459 2526.037109
324.507538 567.729614 2401.057861
-51.245548 477.953888 2721.475830
-122.576920 157.638794 2772.933350
-180.805573 -154.471771 2617.484619
115.526199 231.882004 2660.162109
213.404663 -12.159882 2611.442383
245.075989 -496.600372 2619.504395
238.369965 -963.302002 2624.689941
-6.989948 -5.665771 2651.730957
31.622265 -489.684509 2645.178467
50.597469 -956.158081 2652.332764
1 1 1
138.111725 708.720215 2715.455566
128.368057 476.025665 2691.731934
307.259216 471.070007 2657.867676
488.455505 293.693848 2527.526855
289.057739 550.069885 2423.577637
-50.523121 480.981323 2725.596191
-125.294418 158.822815 2773.489746
-181.957031 -153.776855 2616.141113
115.748871 235.612946 2660.251465
213.200272 -7.848969 2607.934570
242.565567 -492.513397 2610.659180
242.658371 -959.043762 2624.690430
-6.940898 -1.750580 2649.607422
31.797573 -485.767792 2642.029785
52.113052 -952.224976 2643.043457
1 1 1
139.687668 706.696228 2709.400635
128.618469 474.866119 2690.132568
307.512848 469.130920 2656.394775
489.727539 293.343323 2529.740723
271.705383 540.040527 2432.837646
-50.275909 480.601318 2723.870361
-126.644981 161.419067 2771.229492
-182.373108 -152.751801 2618.399414
115.533875 234.104889 2661.679199
212.520752 -10.185150 2612.467285
243.203659 -494.801697 2616.325195
242.658722 -961.507568 2627.876953
-7.622201 -3.127533 2653.984375
29.623470 -487.254120 2645.375488
53.268459 -953.514282 2651.342529
1 1 1
136.710327 706.293518 2706.857422
126.705643 473.489502 2688.794189
305.532013 467.615784 2654.707520
488.362244 293.673126 2531.327148
270.227295 544.581543 2431.790039
-52.120712 479.363220 2722.880859
-127.320015 164.215363 2770.088379
-181.470581 -151.917511 2620.053711
113.655609 232.539825 2661.850342
210.635208 -12.023865 2613.933350
243.749130 -496.502838 2614.663086
238.568954 -963.276489 2622.929199
-9.424067 -4.795807 2655.879639
31.332579 -488.595734 2645.456055
48.133446 -955.132080 2644.949707
1 1 1
138.415085 710.055054 2715.123535
128.256287 476.710632 2693.259277
307.460052 470.370697 2661.375732
487.706848 294.350220 2530.175293
290.025574 557.391235 2416.478760
-50.947456 483.050537 2725.142822
-129.638062 162.090759 2769.538330
-177.922150 -154.926514 2621.355713
114.337250 236.238861 2662.842773
210.689163 -8.134094 2612.807129
244.973404 -492.544159 2611.416992
239.295898 -959.313599 2621.753906
-9.852743 -0.331696 2652.045410
31.509230 -484.013214 2638.753906
50.151978 -950.508484 2642.464844
1 1 1
139.326813 712.712952 2719.278076
128.077469 479.412994 2695.141113
307.183044 472.932861 2662.698730
485.857086 296.167358 2529.105225
330.133362 577.491211 2400.302002
-51.028084 485.893127 2727.583496
-128.811996 161.045532 2769.800537
-172.179703 -158.039459 2625.838379
113.548309 239.202530 2662.909668
209.217880 -4.994995 2610.717285
245.193100 -489.289429 2611.420654
236.324936 -956.079590 2617.573486
-11.179594 2.979126 2650.639160
29.881964 -480.803741 2640.450195
49.162552 -947.294067 2646.062988
1 1 1
138.877853 710.373901 2721.370117
126.853348 477.672363 2695.803711
306.028442 471.041870 2663.755859
484.943848 297.072021 2527.108887
374.625031 587.977051 2381.310547
-52.321747 484.302917 2727.851562
-124.395363 162.521210 2772.424805
-179.393402 -154.104095 2625.373047
112.017349 237.612717 2662.524414
207.424713 -6.526596 2609.526611
244.374313 -490.740662 2612.709473
237.570297 -957.601624 2613.906494
-13.062004 1.632706 2648.963623
29.041420 -482.115112 2645.871338
51.208160 -948.244141 2637.557861
1 1 1
137.582169 708.299194 2722.390137
126.895828 475.220184 2695.804199
306.274963 469.568237 2664.741455
485.955383 301.550537 2522.582520
434.720337 598.744995 2364.124756
-52.483311 480.872131 2726.866943
-126.719421 161.743744 2776.212402
-177.516632 -155.966919 2624.853516
113.441246 235.180267 2661.783447
210.359665 -8.337341 2608.649658
251.793503 -491.407104 2629.574951
237.806046 -953.155396 2582.482178
-10.386334 -1.381958 2646.875732
32.964638 -485.050446 2643.895996
58.023975 -951.181641 2639.408936
1 1 1
135.916199 705.410156 2712.872070
125.233208 471.847473 2692.545166
304.375305 466.875793 2660.049316
486.992310 298.791077 2520.278076
486.637909 599.801392 2360.660645
-53.908901 476.819153 2725.041016
-123.346298 161.358704 2777.588135
-180.252792 -154.178741 2623.157959
113.129051 231.222183 2662.631836
211.252228 -12.462234 2612.723633
248.631592 -494.813416 2649.526367
232.866394 -951.635132 2567.788574
-9.202443 -6.344009 2652.713379
32.294933 -490.190002 2650.054932
54.457676 -956.541992 2647.444824
1 1 1
133.862991 706.428833 2719.639404
124.088226 471.765564 2694.861328
303.478455 466.926270 2663.743408
488.002716 290.898682 2523.668457
524.475342 589.298096 2362.188477
-55.302002 476.604858 2725.979248
-126.670731 161.171051 2779.297363
-178.673538 -156.314148 2625.927979
112.131287 231.323212 2663.323242
210.552490 -12.096756 2612.638428
245.306778 -495.362244 2640.958496
231.770462 -955.661133 2573.416748
-10.203789 -6.141556 2650.931885
30.777100 -489.959839 2643.180664
51.234901 -956.425964 2643.684326
1 1 1
133.596069 710.031982 2721.062012
123.573357 475.058990 2695.465576
303.031586 470.300232 2664.699707
487.004333 285.947174 2523.905029
543.378418 582.603699 2364.791260
-55.884865 479.817749 2726.231445
-123.838654 160.073364 2783.180908
-181.369934 -154.715637 2625.001221
111.632217 234.728851 2662.985352
210.108017 -8.529236 2611.575439
244.947281 -492.358154 2625.623779
235.750534 -955.880188 2598.696289
-10.725862 -2.673340 2649.434814
31.296028 -486.448364 2644.462646
54.221783 -952.808411 2642.250732
1 1 1
132.818695 706.930054 2711.709229
122.340332 472.245209 2692.290039
301.133698 467.996277 2657.979248
487.044006 287.506317 2523.437988
559.650269 583.516785 2368.152100
-56.453030 476.494141 2726.600830
-127.378799 160.004089 2782.077148
-182.376007 -153.717987 2623.164062
111.192108 231.375214 2664.024658
210.074860 -12.109604 2614.644043
244.242462 -496.270691 2621.591064
236.835297 -961.410034 2614.619141
-9.987086 -6.879959 2656.874512
32.273251 -490.612122 2649.530762
51.737900 -957.064514 2654.377686
1 1 1
133.548599 709.757263 2717.559814
122.702385 475.331543 2694.585449
300.841736 470.758301 2657.109375
489.006958 291.736542 2521.229492
557.371155 591.794067 2368.168701
-55.436974 479.904846 2732.061523
-124.201027 160.015228 2780.560547
-182.449463 -152.685364 2622.033447
110.181046 234.747726 2664.424805
207.273727 -8.650162 2611.204102
243.336487 -492.798279 2612.029297
233.613449 -958.763245 2610.958008
-11.954316 -3.022049 2657.324219
30.063278 -486.652161 2644.833496
49.658119 -953.155457 2647.231445
1 1 1
133.980499 708.266968 2709.959229
121.551041 473.318054 2691.460693
299.518860 468.059845 2653.166992
489.009888 295.871826 2520.093262
526.068665 598.371887 2365.041016
-56.416779 478.576233 2729.754395
-123.590256 160.506195 2782.274414
-184.023438 -151.677460 2624.771240
108.658646 232.365631 2664.629395
205.256592 -11.821762 2614.238770
239.979141 -496.135010 2617.004395
236.246323 -962.308838 2628.130371
-13.724099 -5.351791 2661.357422
29.497433 -488.953308 2651.975830
50.381851 -955.375305 2648.260986
1 1 1
134.262787 706.204346 2706.641113
122.799271 471.693451 2690.218506
300.832001 465.927795 2652.240479
489.507629 304.429169 2518.520020
482.036194 604.465454 2357.331543
-55.233463 477.459106 2728.196533
-126.292892 159.265411 2780.603271
-178.868576 -156.138123 2624.909912
109.649651 230.547943 2665.185303
206.035294 -14.144897 2616.785889
244.401291 -498.215271 2618.856201
237.848465 -964.707825 2628.334961
-13.035229 -7.050232 2663.518311
32.539726 -490.305206 2649.366211
52.322124 -956.813049 2648.437744
1 1 1
137.006653 710.846008 2714.511475
124.197235 476.466736 2693.427490
302.432434 469.500885 2656.620850
485.775513 301.720337 2515.274170
430.599091 604.452087 2366.588379
-54.037960 483.432556 2730.234131
-129.630051 160.624268 2777.289551
-182.432587 -153.994507 2625.902588
108.849518 235.897400 2664.635254
203.169556 -8.957993 2613.195801
241.774796 -493.012695 2617.865967
237.986343 -959.662964 2616.457275
-16.165958 -0.385849 2658.490234
28.646343 -483.750977 2644.951660
48.036346 -949.699280 2627.797119
1 1 1
136.010437 711.316467 2718.974121
126.687294 478.176453 2695.025146
305.508850 473.953674 2660.912598
486.896790 301.871704 2518.160156
381.251160 593.298157 2377.494385
-52.134270 482.399170 2729.137695
-125.303764 159.792297 2777.178711
-180.228836 -155.548035 2631.512451
115.017548 237.743790 2663.613770
213.396576 -5.287582 2611.209229
254.753693 -489.118958 2610.659912
250.202148 -955.729370 2619.249268
-6.700956 -0.090134 2653.195557
40.700706 -483.185486 2638.743896
63.742516 -949.106323 2638.718750
1 1 1
137.537811 712.646606 2722.692139
129.955353 479.875366 2696.210938
309.182343 476.810852 2664.111572
488.950500 297.444885 2520.102539
341.986664 572.599976 2386.710938
-49.271618 482.939880 2728.310303
-122.151733 161.382202 2778.099609
-176.478561 -154.659607 2630.404541
119.908066 239.581497 2663.052246
220.132812 -2.597839 2610.144043
251.100311 -486.392120 2628.653320
243.107101 -949.745483 2593.442871
-0.411260 1.173126 2649.643066
39.047890 -482.637329 2647.352783
57.216583 -948.750122 2636.791748
1 1 1
137.471573 708.694458 2713.038086
129.737274 476.093811 2692.022461
309.343109 473.463135 2662.033691
489.451233 296.707031 2521.060303
319.880066 561.225708 2393.985352
-49.868561 478.724487 2722.011230
-120.601501 163.708252 2778.541504
-180.032074 -153.078857 2630.891113
121.291473 235.267639 2662.565186
223.352417 -7.177094 2614.656494
247.561584 -491.730774 2626.281982
239.629913 -956.859253 2608.164307
2.338929 -3.939941 2651.559326
35.026634 -488.316284 2652.361572
52.848190 -954.672363 2643.861572
1 1 1
136.809540 708.878601 2708.686768
130.653473 475.126343 2690.198486
310.175415 472.752319 2659.598877
490.719360 299.362305 2520.996338
308.143860 553.907593 2393.612061
-48.868488 477.500336 2720.798096
-122.803970 163.351196 2778.752930
-177.437378 -156.134644 2630.489990
122.737778 234.056152 2662.461182
225.271957 -8.474625 2615.897705
246.936844 -493.360291 2618.034668
240.806992 -959.372437 2612.562256
4.372203 -5.553421 2653.550049
34.038254 -490.036560 2645.029541
54.151009 -956.212097 2650.886230
1 1 1
136.425674 707.069824 2706.004639
131.088333 473.632233 2688.844482
310.551208 471.492554 2657.834961
486.850525 300.690063 2519.461182
308.252075 559.212646 2390.354980
-48.374546 475.771912 2719.854004
-124.908356 165.673248 2776.852783
-175.426590 -154.695312 2631.425293
123.700768 232.351715 2662.738037
226.731064 -10.245270 2617.552490
248.399918 -495.265686 2617.004883
237.856888 -961.614563 2617.537842
5.895351 -7.612335 2655.710693
33.090466 -492.309875 2646.328613
56.774712 -958.363220 2656.791748
1 1 1
137.242722 706.781555 2705.194336
132.052322 473.294739 2688.226562
311.344574 471.319763 2656.223389
486.917236 303.850159 2513.199463
330.934021 571.268494 2374.994873
-47.239918 475.269714 2720.229736
-121.950546 165.331299 2777.457275
-178.136902 -152.447144 2624.684082
124.733139 232.001221 2662.112793
227.730576 -10.507462 2616.307861
247.420944 -495.656189 2612.569092
238.585831 -962.283936 2614.368408
7.097339 -8.077103 2655.690186
33.513138 -492.811035 2643.997070
55.124092 -959.099182 2652.250977
1 1 1
135.957001 707.282410 2705.284668
130.572311 472.598022 2687.732910
309.638000 470.611115 2654.489502
486.957611 304.425446 2510.570801
372.460602 583.006958 2360.434082
-48.493393 474.584930 2720.976318
-123.966225 163.165558 2779.749268
-180.554123 -151.866180 2624.611084
123.087555 231.280090 2661.839355
225.781631 -11.260391 2615.491211
243.486084 -496.525818 2611.820557
238.395508 -963.271362 2617.687500
5.423975 -8.815292 2656.400391
32.080803 -493.626953 2648.643799
50.896378 -960.076904 2648.337158
1 1 1
135.563919 707.354736 2704.335938
128.824203 472.323181 2687.227051
307.452850 470.170990 2651.771484
487.979736 302.711334 2510.273926
423.923553 588.964294 2352.967529
-49.804428 474.475372 2722.682617
-123.975761 156.583069 2777.389893
-179.978287 -152.163208 2606.944580
120.806053 231.004395 2661.479004
222.703522 -11.638702 2613.914062
240.878250 -496.913177 2613.492920
238.396942 -963.765259 2618.124756
2.872267 -8.990082 2657.547852
29.751471 -493.819855 2650.361816
49.591988 -960.230225 2644.620117
1 1 1
133.845474 710.166748 2705.367676
126.360435 474.306213 2688.142822
304.703796 471.653931 2651.297607
488.997070 301.846252 2510.126953
476.623596 588.032959 2344.620605
-51.982933 476.958435 2724.988037
-126.972252 156.798004 2776.219971
-181.080948 -152.741913 2612.069580
117.390915 233.053528 2662.093262
218.153671 -9.831039 2613.373291
240.158356 -494.880798 2618.926025
235.727188 -961.735474 2617.196777
-1.310884 -6.567245 2658.714111
29.512215 -491.175415 2653.081787
49.625454 -957.592590 2645.336182
1 1 1
132.807266 709.150574 2704.363281
124.676270 472.945465 2687.767334
303.198120 469.653595 2651.827393
488.516479 294.407654 2513.071777
512.249023 582.291138 2349.889893
-53.845615 476.237335 2723.707275
-128.475815 159.915771 2776.075439
-181.400146 -152.257690 2618.507812
115.075546 231.667114 2662.177734
215.316025 -11.636658 2614.475098
240.951569 -496.544556 2617.755371
236.378494 -963.396973 2621.647949
-4.366375 -7.585815 2658.701172
29.085743 -492.028351 2653.156738
50.422688 -958.350281 2642.469727
1 1 1
133.466156 706.663940 2704.908447
124.872063 470.994141 2687.266846
303.334686 467.320496 2651.045898
489.309082 290.162964 2516.545898
534.615845 578.802124 2355.439453
-53.590565 474.667725 2723.487793
-128.674927 162.486053 2776.597412
-176.730865 -152.088593 2623.130615
114.635269 229.782349 2661.293457
214.202957 -13.689728 2613.034180
244.043579 -498.272552 2621.584961
235.410431 -964.868164 2613.178467
-5.406009 -9.169128 2657.605957
31.589771 -493.266876 2647.844238
50.966198 -959.715576 2646.556641
1 1 1
133.806778 708.592285 2704.643555
125.853203 473.339355 2687.508545
303.994843 469.670532 2649.757812
487.653320 290.082336 2517.749023
538.802551 576.536499 2357.650879
-52.288445 477.008209 2725.259277
-125.829155 159.242157 2779.815918
-171.238678 -155.892059 2628.132812
115.442734 232.102737 2661.827148
214.644363 -11.391357 2612.917480
244.992828 -495.996033 2620.384766
240.859436 -962.773682 2617.792725
-4.579825 -6.876434 2659.374023
33.032063 -490.974426 2651.204102
55.832886 -957.235474 2644.441406
1 1 1
134.494736 707.712036 2704.513916
126.002769 472.431458 2686.668213
304.470764 468.402588 2650.544189
488.334229 295.037598 2512.394043
534.726562 580.665039 2352.169189
-52.465244 476.460327 2722.792236
-123.913849 161.623566 2781.391113
-171.846893 -155.174988 2630.820801
115.311661 231.232010 2660.750000
214.432953 -12.446442 2612.604492
246.482437 -496.984070 2617.440918
239.311188 -963.724915 2622.166992
-5.191859 -7.488464 2657.059082
31.352562 -491.708374 2651.387939
53.646568 -957.962402 2640.919922
1 1 1
134.375061 709.572815 2704.520020
125.946800 473.473816 2686.911621
304.372894 469.267883 2650.570557
489.742584 300.958496 2510.709229
516.120422 588.144409 2350.107666
-52.479267 477.679810 2723.252686
-122.354691 163.848206 2782.325439
-171.843506 -154.003510 2632.075684
114.930275 232.316788 2660.733398
213.694977 -11.428085 2612.195312
244.707520 -496.044128 2617.283203
239.728653 -962.861816 2623.628418
-5.867480 -6.252426 2656.915039
30.757736 -490.472534 2650.955322
53.036060 -956.818909 2645.213135
1 1 1
135.391159 709.398743 2705.479492
126.401840 473.700989 2687.269287
304.964111 469.304688 2651.616455
489.888794 307.468719 2507.908936
484.480530 591.082275 2341.571533
-52.160412 478.097321 2722.922119
-125.170074 164.426727 2774.662354
-169.266891 -157.195068 2634.364502
115.101120 232.634415 2660.396484
213.667908 -11.137177 2611.586914
248.076065 -495.371582 2622.977539
234.566269 -959.876831 2594.710449
-6.067112 -5.727173 2655.460449
31.946278 -489.723877 2644.315430
52.595268 -956.153198 2645.526367
1 1 1
135.566925 708.017395 2704.438965
126.180626 472.826050 2687.198730
304.605164 468.393951 2650.862305
488.446350 313.730347 2507.412842
437.781616 593.435791 2341.596680
-52.243919 477.258179 2723.535156
-126.063087 163.214569 2771.883789
-167.907959 -160.348572 2635.094727
114.705032 231.775330 2660.251465
213.012741 -12.002457 2610.946533
248.266434 -496.131714 2624.907471
234.065018 -961.478027 2599.491699
-6.553854 -6.548355 2655.661865
31.992109 -490.541077 2645.519043
51.987495 -957.038208 2645.008057
1 1 1
135.986893 709.211121 2703.398926
126.934090 474.596863 2687.163574
305.083954 470.216156 2649.513428
483.721313 311.369385 2506.174561
382.482819 583.856934 2348.116455
-51.215782 478.977570 2724.813721
-123.524559 160.105377 2773.448242
-166.704407 -161.998566 2632.496826
115.493652 233.449570 2661.088379
213.670120 -10.393204 2611.846924
245.063065 -494.892090 2618.624756
239.162186 -961.042664 2607.437256
-5.563700 -5.002243 2658.179443
32.641464 -489.069824 2650.460205
54.839550 -955.404907 2644.097900
1 1 1
135.687988 709.349060 2703.392578
126.853928 474.999023 2686.867432
305.263153 470.475098 2650.488770
484.365387 304.681732 2512.612061
336.735077 564.764404 2364.584473
-51.555298 479.522949 2723.246094
-123.767372 158.055420 2774.698730
-165.842514 -162.603302 2629.463379
115.422226 233.850327 2660.791992
213.765656 -10.081924 2612.332764
244.717834 -494.663635 2618.226807
240.717987 -961.101196 2620.144531
-5.784613 -4.514786 2657.100342
31.655375 -488.635193 2648.577881
52.203415 -954.923584 2636.402100
1 1 1
137.107925 710.616699 2702.872559
127.715622 476.134064 2686.817871
305.989380 471.846619 2649.740967
487.661713 302.855682 2514.254150
300.742035 546.586426 2378.424072
-50.558121 480.421509 2723.894775
-122.389679 159.517151 2775.369629
-168.742325 -158.497314 2624.687744
116.553062 234.941010 2661.036377
215.080231 -8.890045 2612.441895
247.617432 -493.360809 2620.051758
239.341721 -959.936035 2616.440430
-4.299215 -3.614044 2658.067871
32.873398 -487.795258 2652.886230
53.666206 -953.741211 2632.370605
1 1 1
138.864319 712.445862 2712.633545
129.388641 479.490326 2690.331299
308.094940 475.514709 2655.417480
489.356262 296.944824 2515.637695
280.732727 532.773010 2391.561279
-49.317650 483.465942 2725.245117
-121.170952 160.237061 2776.191406
-170.458740 -155.983978 2622.737549
118.184822 238.816132 2660.389404
216.944809 -4.304382 2608.963867
247.367783 -488.948914 2613.930420
240.286667 -955.702881 2611.635742
-2.982817 0.588257 2651.931152
32.392868 -483.675079 2643.475586
54.844521 -949.782043 2637.544189
1 1 1
139.959000 711.718445 2707.491211
130.060104 479.348297 2688.429443
308.913849 475.129150 2654.274902
489.170776 300.468719 2513.306152
266.984863 527.018921 2392.910645
-48.793644 483.567444 2722.583984
-123.593628 152.126373 2772.574707
-167.458344 -158.791870 2606.485352
119.160568 238.343079 2661.124268
218.305267 -5.258072 2612.804688
251.079468 -489.622498 2623.718750
237.026489 -956.227051 2619.430176
-1.783200 -0.066208 2654.833496
34.527214 -484.301270 2648.840576
50.867386 -950.758728 2649.314697
1 1 1
141.207138 717.050049 2715.442871
130.606369 483.869690 2691.816406
309.667755 479.103943 2658.841553
487.103027 300.740051 2516.668457
271.047607 532.443848 2390.179443
-48.455032 488.635406 2724.791260
-122.781921 154.053894 2770.286621
-169.678711 -158.805450 2610.725342
118.511444 243.372574 2660.895996
216.592239 -0.056870 2609.686279
244.526352 -484.782043 2613.272949
237.246292 -951.331848 2621.664062
-3.759192 5.807816 2650.264893
32.970703 -478.373291 2642.352783
44.490597 -945.031311 2638.711182
1 1 1
140.273422 714.480225 2708.897949
130.016190 482.410034 2690.195801
309.072632 477.760986 2657.151123
487.548401 303.872986 2516.818604
294.876434 550.282104 2381.500977
-49.040268 487.059082 2723.240479
-121.393715 148.027771 2768.626709
-167.529053 -160.588318 2601.912354
118.649330 241.484360 2662.498535
217.452347 -2.301773 2614.469482
245.040482 -487.106873 2616.089844
239.348007 -953.771606 2626.645996
-2.887396 3.419174 2655.133057
33.768593 -480.782959 2654.543213
50.855789 -946.791504 2636.994141
1 1 1
138.140656 714.851868 2715.652100
129.012177 481.446747 2692.334961
307.805054 477.486053 2657.832520
488.757965 308.928711 2513.411377
339.778687 574.521851 2367.643066
-49.780701 485.407440 2726.837402
-119.708366 149.019653 2772.335205
-174.248962 -157.389893 2607.405029
117.723167 240.903687 2661.447754
216.447632 -2.076431 2609.330811
244.352234 -486.786072 2602.922852
237.586487 -953.413635 2616.772949
-3.579324 2.797684 2651.790283
34.922359 -481.137024 2642.926514
47.729836 -947.544312 2638.659180
1 1 1
138.943115 715.999451 2710.000977
129.258942 481.708832 2691.049805
307.972168 477.283997 2656.172852
490.881195 307.464966 2513.181641
394.666534 587.016846 2355.470703
-49.454300 486.133667 2725.926758
-120.849312 152.513031 2776.153320
-170.184631 -159.390106 2616.308594
117.795639 240.834930 2662.870117
216.291580 -2.761505 2613.231201
245.774246 -487.314514 2617.950684
238.101669 -954.071411 2623.698730
-3.626907 2.683563 2656.149658
33.068172 -481.479401 2650.767334
50.427898 -947.900146 2646.356689
1 1 1
136.651672 712.898438 2706.186768
126.680878 478.433075 2689.137939
304.857788 474.033203 2651.691650
490.449951 302.740723 2514.574951
454.944458 588.154541 2346.813232
-51.496033 482.832947 2726.584229
-120.910744 153.747925 2777.581055
-172.384567 -159.394135 2619.762451
115.141037 237.368271 2662.553467
213.242355 -6.403992 2612.926514
243.206650 -490.654572 2628.729980
233.162674 -954.469482 2594.510254
-6.039965 -0.989075 2659.011475
29.898191 -485.150177 2649.114014
49.494522 -951.528809 2652.285400
1 1 1
136.717575 709.573547 2705.784668
125.965363 474.610687 2688.105469
304.321655 469.585510 2651.565430
490.246582 298.854126 2514.309570
509.007263 582.057129 2340.156006
-52.390930 479.635864 2724.645508
-125.441795 156.388214 2776.766846
-177.223801 -155.747955 2618.941650
113.721283 233.573059 2661.489258
211.214539 -10.556427 2612.390869
244.334930 -494.309113 2636.140869
231.906570 -956.346924 2580.292725
-8.260125 -4.372711 2657.355225
30.624065 -488.269806 2645.248291
50.653503 -954.719238 2647.556641
1 1 1
135.525513 706.239075 2704.966797
125.396179 470.835815 2687.023926
303.733643 465.780579 2650.361328
492.107544 294.932983 2513.507568
552.365662 574.696106 2338.723633
-52.941284 475.891083 2723.686523
-124.223633 159.214386 2778.794922
-179.360794 -153.400116 2620.004150
113.190132 229.736816 2660.894043
210.710266 -14.472549 2612.206543
246.512970 -497.468140 2645.416992
232.256454 -956.688354 2568.759277
-8.742088 -8.251846 2657.321777
34.914593 -491.690674 2643.520508
49.572372 -958.276306 2650.722656
1 1 1
135.075775 706.275024 2704.224121
125.266869 470.121613 2686.401611
303.625732 464.827087 2649.859619
492.195068 288.356110 2516.351562
578.709045 566.274841 2343.888916
-53.091972 475.416138 2722.943604
-125.984642 162.192902 2776.895752
-175.882812 -153.053650 2622.149170
112.733124 229.048920 2660.153809
209.940796 -15.281418 2611.422363
243.560593 -499.083435 2630.376465
235.407059 -962.173035 2593.374512
-9.542048 -8.766129 2656.389648
32.286514 -492.389771 2642.686523
54.295979 -958.671753 2650.289551
1 1 1
135.124054 706.633728 2703.691406
125.441566 470.244751 2686.395508
303.844513 464.854919 2650.074951
492.628052 289.151672 2516.649902
591.535522 567.216675 2345.657227
-52.961372 475.634552 2722.716064
-127.994705 163.645508 2778.746338
-174.518539 -153.118622 2623.484863
112.872147 229.141235 2660.434326
210.072388 -15.278564 2612.125488
244.372101 -499.226166 2630.058594
238.331665 -964.114746 2603.664795
-9.466934 -8.645966 2656.820801
32.477074 -492.356384 2652.563477
53.937721 -958.012207 2637.842773
1 1 1
136.545807 708.600403 2704.031738
127.027573 471.849609 2686.674561
305.590942 466.047852 2651.225586
492.831757 292.061340 2516.349365
586.506226 574.904419 2347.904785
-51.535812 477.651367 2722.123535
-128.489197 163.336517 2776.337891
-177.975159 -152.381653 2620.966309
114.067444 230.751541 2660.850586
210.977814 -13.916351 2613.214844
245.081238 -498.093567 2625.924805
239.954681 -963.982849 2608.922852
-8.763184 -6.776703 2656.838379
33.612923 -490.472168 2650.340332
54.381477 -956.414429 2634.468750
1 1 1
135.702011 707.523193 2703.680664
126.047318 471.419800 2686.630371
304.604645 466.012268 2651.080566
493.825958 296.101501 2516.630127
558.033020 582.962830 2340.854980
-52.510025 476.827332 2722.180176
-129.331543 163.612244 2775.656494
-177.124939 -155.697937 2627.960938
113.637573 230.274017 2660.980469
211.092529 -14.198975 2613.457031
244.908264 -498.520752 2622.249268
238.335297 -964.914368 2614.736084
-8.636870 -7.544556 2657.204102
32.480083 -491.321564 2647.870361
52.718910 -957.536987 2636.004150
1 1 1
136.566864 706.698364 2704.555664
125.705276 471.643799 2686.780518
304.108276 465.855957 2650.525879
492.428131 297.535828 2518.320312
516.739685 587.417847 2340.714844
-52.697742 477.431641 2723.035156
-128.642212 161.813934 2774.869141
-175.138550 -157.132660 2626.566895
112.507767 230.629913 2660.313965
209.081345 -13.945221 2611.540039
243.703491 -498.279999 2617.337646
235.484192 -964.784241 2621.246582
-10.460828 -6.822723 2656.154785
29.984947 -490.716248 2650.080322
50.606064 -956.683716 2630.672607
1 1 1
136.838959 710.536865 2703.447266
126.877174 474.796051 2687.296875
305.112885 469.132263 2650.212158
489.706604 297.774963 2519.617676
455.409882 585.337158 2342.058594
-51.358559 480.459839 2724.381592
-128.320343 161.904877 2771.929688
-173.684616 -158.287994 2627.064941
113.916504 233.662048 2661.832520
210.623947 -10.956863 2613.550049
249.232712 -493.218933 2645.858154
235.824142 -952.615112 2590.472656
-8.712290 -3.987045 2659.186279
32.811813 -487.821899 2655.583252
55.759457 -953.712646 2635.387451
1 1 1
139.215027 713.454224 2705.418945
129.089935 478.201233 2688.567383
307.513428 471.646515 2652.565674
488.873657 295.874634 2520.328369
398.158630 575.943115 2350.952637
-49.333542 484.755951 2724.569092
-127.145416 165.962402 2771.450439
-178.831100 -154.094666 2630.118896
115.008949 237.177856 2662.664551
210.713394 -7.878693 2614.609619
245.197830 -491.358795 2630.107666
238.835373 -954.540039 2603.378662
-8.857466 0.187653 2658.913818
33.463676 -483.533722 2651.636230
49.026470 -949.920227 2639.546143
1 1 1
140.469421 713.300110 2704.401855
129.380707 478.757996 2687.439453
307.904175 471.758423 2652.010986
488.472870 294.908813 2523.199219
337.502289 557.593262 2369.423828
-49.142761 485.757568 2722.867920
-122.547623 167.005402 2769.691650
-179.781647 -151.749084 2628.680664
114.786118 237.766251 2661.509766
210.035049 -7.532242 2613.781250
245.854095 -490.820129 2638.067383
234.883484 -952.354980 2584.948242
-9.652001 1.081253 2657.378906
32.250641 -482.589294 2645.886230
46.714245 -949.172363 2639.988281
1 1 1
