107.965752 705.930664 2745.532227
94.777641 474.747894 2721.393066
275.766113 466.559021 2702.747559
422.471191 304.330261 2546.223145
194.473663 546.880371 2464.245605
-86.210808 482.936768 2740.038574
-181.482208 128.972321 2750.063232
-205.589691 -161.455566 2632.048096
80.592712 234.484177 2689.223145
177.772873 -10.818298 2645.580322
204.548096 -489.533295 2716.555420
173.710007 -951.621826 2581.115479
-44.957314 -0.740784 2668.526123
-25.630293 -484.334015 2705.101562
-3.743519 -945.574829 2644.248535
1 1 1
107.670708 705.512085 2744.440430
94.324249 474.448029 2721.099609
275.362610 465.984650 2703.011475
421.242767 305.657654 2546.107422
187.647964 550.026123 2464.957275
-86.714111 482.911407 2739.187744
-181.236328 131.499054 2755.489502
-207.222687 -157.963043 2631.210693
79.939377 234.109772 2689.579102
176.943069 -11.435791 2646.929443
207.553696 -490.424408 2717.690430
169.463684 -952.344482 2566.699951
-45.834064 -1.021179 2669.187744
-27.339890 -484.912811 2704.087402
-3.083920 -946.119751 2639.483887
1 1 1
109.080940 702.029297 2745.433105
96.206528 470.392395 2721.047363
277.616272 461.989014 2708.049316
420.129333 307.832520 2548.570557
197.172989 564.415283 2462.124756
-85.203217 478.795776 2734.045410
-179.110443 134.241455 2754.254639
-207.949829 -155.167786 2630.183594
82.771019 230.084839 2688.892822
180.997711 -15.395203 2648.737793
206.422089 -497.352966 2692.662354
181.433716 -961.722412 2616.707764
-42.326702 -5.050232 2664.738770
-22.549429 -489.500183 2688.882812
-0.287971 -953.284546 2650.298584
1 1 1
109.534210 702.211243 2744.910400
97.342712 470.444122 2720.591797
278.895844 461.636047 2709.673828
424.062439 313.913147 2547.290527
240.412292 592.388367 2450.183594
-84.210434 479.252197 2731.509766
-180.057526 131.624847 2751.616455
-205.518600 -158.380402 2634.980225
83.776886 230.078064 2688.922607
181.904419 -15.706818 2650.536621
204.685684 -496.731903 2707.717773
176.131790 -952.689270 2588.734131
-41.482292 -4.869171 2663.970215
-27.931522 -488.954285 2697.354004
-3.210070 -951.617554 2645.267578
1 1 1
108.498169 701.604248 2744.117188
96.826050 470.100372 2720.769287
278.426544 461.678741 2709.921875
427.494019 311.490021 2548.616455
301.728851 611.381104 2445.086914
-84.774414 478.522003 2731.616699
-180.568680 130.792023 2752.268799
-207.233780 -157.428314 2628.870361
83.812485 229.639557 2689.590332
182.521851 -16.002350 2651.738037
199.045654 -499.003174 2692.034424
179.799042 -959.512817 2612.045898
-40.924015 -5.640167 2665.084717
-26.239288 -490.106598 2693.267822
-5.301760 -954.727844 2662.993164
1 1 1
106.694176 701.144897 2743.754150
94.698830 469.400635 2720.991211
276.264099 461.149597 2709.279053
431.743408 312.750000 2546.783447
375.213135 627.814758 2440.118896
-86.866447 477.651703 2732.703369
-181.784851 129.891571 2755.156494
-208.435562 -157.297455 2625.861816
81.761703 228.930573 2689.843506
180.534439 -16.616058 2651.489746
193.133774 -500.669891 2682.266846
179.384201 -964.095154 2630.870361
-42.885292 -6.462952 2665.901855
-27.874912 -489.961639 2706.377441
-8.323963 -951.587646 2648.258057
1 1 1
105.151939 699.551453 2743.562744
92.624664 466.998779 2720.100342
274.154144 458.110779 2708.203613
442.407288 318.846649 2541.871094
447.357727 640.865540 2445.337158
-88.904831 475.886810 2731.997070
-182.352600 128.473083 2756.074219
-205.592087 -161.437073 2631.514893
78.828735 226.540848 2689.236328
176.723373 -19.385681 2651.052490
197.180740 -500.847748 2704.313232
173.876831 -957.507812 2593.608887
-46.657761 -8.448517 2665.692139
-30.963337 -492.033447 2706.237793
-8.955244 -952.917969 2639.323730
1 1 1
103.203743 698.558350 2744.016113
90.671516 466.822449 2719.907959
272.179840 457.894165 2707.663086
451.716431 323.912292 2537.431152
515.558716 642.186035 2451.755615
-90.836815 475.750732 2732.152832
-184.156677 128.235687 2757.118652
-203.935165 -163.431152 2634.242676
76.742706 226.411560 2688.731934
174.492859 -19.492752 2650.021729
201.633026 -499.771729 2712.634277
172.073868 -952.492676 2569.499512
-48.865063 -8.505905 2665.090088
-27.690613 -490.889038 2715.403564
-6.555046 -949.028076 2631.281494
1 1 1
101.540474 697.107727 2744.246582
89.145981 465.347839 2719.165771
270.636597 456.476227 2706.592773
451.357605 323.453857 2533.235596
563.711426 630.515747 2454.020264
-92.344620 474.219482 2731.738770
-185.075806 126.109192 2757.120605
-202.661682 -164.271271 2632.545654
75.193832 225.023529 2687.341309
172.910980 -20.759415 2647.780762
200.783798 -500.572998 2715.359863
169.551514 -951.456665 2560.958984
-50.427620 -9.842178 2663.252930
-28.262047 -492.723572 2708.803711
-6.540804 -952.018250 2629.495117
1 1 1
98.556442 699.894531 2743.312744
87.293076 467.264343 2718.897949
268.698944 459.370972 2704.684570
450.675690 320.736023 2530.601807
592.880371 619.541626 2459.491943
-94.112778 475.157715 2733.111328
-185.039658 125.548279 2755.558838
-201.989319 -165.395233 2634.907471
74.388657 226.796448 2687.740723
173.107986 -18.528427 2647.837646
201.770187 -498.075439 2717.953369
172.261826 -948.356567 2555.603760
-50.139511 -8.814468 2665.329346
-26.748102 -491.316772 2714.594238
-4.781462 -951.276367 2638.220459
1 1 1
97.575584 702.533020 2743.349365
86.894958 469.526917 2720.302734
268.161530 462.133911 2704.225098
444.336365 317.872437 2532.287842
596.171387 613.907349 2462.367676
-94.371613 476.919922 2736.380371
-185.019073 124.270660 2756.285645
-201.347168 -165.515991 2634.286133
74.348251 228.999817 2689.446777
173.337021 -16.076279 2648.697998
202.001343 -495.240601 2721.841797
169.769455 -945.838501 2556.137451
-49.733925 -6.978287 2668.483643
-22.992844 -489.528564 2715.750488
-5.557322 -950.074707 2641.328369
1 1 1
96.318985 702.429260 2744.419189
85.770218 469.311157 2720.414062
267.071136 462.079498 2704.563232
443.656311 319.442261 2533.205811
580.271301 623.944214 2463.593506
-95.530701 476.542816 2736.264893
-186.524536 120.618530 2756.674072
-198.902893 -174.646729 2640.688232
73.422577 228.861023 2688.883057
172.623917 -16.038528 2647.599609
198.545624 -496.216064 2714.887695
169.556931 -949.105591 2556.037842
-50.474037 -7.139694 2667.104492
-26.915524 -490.112305 2711.773193
-3.050224 -949.175903 2630.506348
1 1 1
97.432159 705.252563 2753.417969
86.244476 472.893311 2724.588379
267.513794 465.643677 2708.346680
440.324951 319.216553 2540.111816
545.170532 634.229553 2460.465820
-95.024841 480.142944 2740.830078
-187.264557 119.810547 2753.847900
-198.050659 -180.828247 2649.639648
73.507446 232.979980 2689.520508
172.302490 -11.393921 2644.459473
199.421722 -490.677460 2717.465332
169.821777 -944.914307 2551.891602
-50.761662 -2.472778 2664.445801
-23.222521 -486.023804 2697.745117
-9.433407 -948.911377 2649.556396
1 1 1
98.224380 708.204834 2749.391113
87.161720 475.100830 2724.141113
268.502319 467.778717 2708.746582
435.657013 313.107239 2547.548584
489.705933 633.744995 2453.307129
-94.178886 482.422943 2739.535645
-187.138290 119.411346 2753.400879
-199.279907 -184.933929 2655.856201
74.628868 234.930420 2690.742188
173.674026 -9.745255 2647.871094
197.849686 -491.540833 2698.960938
178.139450 -951.536865 2600.070801
-49.481995 -0.734726 2666.815430
-22.780907 -484.718384 2694.951660
-5.879580 -949.409790 2667.557129
1 1 1
98.817902 709.222290 2755.904297
88.588226 476.731964 2726.659668
269.997009 469.835144 2711.877686
432.830933 310.556885 2554.284912
420.164825 627.456360 2449.182373
-92.820572 483.628784 2741.441650
-185.066559 121.198761 2753.711914
-199.742432 -176.917084 2642.600342
76.521072 236.954010 2690.440674
176.073730 -7.067520 2645.126465
198.969421 -486.467407 2714.986572
177.790512 -947.419800 2569.604980
-47.165894 1.419632 2663.316895
-25.532232 -482.519409 2696.276123
0.720596 -945.589966 2651.521240
1 1 1
98.968895 706.328674 2759.662842
88.811295 475.733765 2727.960449
270.325806 469.084656 2714.452148
429.419739 306.282684 2559.160645
346.985840 609.012939 2452.357178
-92.703232 482.382874 2741.468750
-185.029816 124.090973 2753.861816
-201.010376 -171.758362 2639.562500
77.199539 236.225754 2689.821289
177.274719 -7.373489 2643.370361
196.609039 -486.369751 2718.785156
176.393616 -948.849731 2560.407715
-46.099140 0.808975 2659.993896
-27.248173 -483.485107 2689.822021
-3.868216 -947.923828 2654.547607
1 1 1
98.716644 707.228027 2761.536133
89.248581 476.565247 2728.711426
270.693695 470.565796 2714.037842
424.700592 304.144775 2560.574951
277.479126 583.438599 2456.481201
-92.196533 482.564667 2743.385010
-183.021988 125.040558 2753.949951
-201.125778 -168.335297 2636.927490
78.176178 237.167480 2689.676270
178.747238 -5.921738 2641.612305
199.965652 -484.994873 2717.191650
176.067093 -947.814209 2554.815186
-44.539684 1.461197 2659.669922
-26.078810 -482.734192 2691.755615
-4.288691 -947.854126 2661.049316
1 1 1
98.696320 708.298950 2761.972900
88.887970 477.947449 2728.488525
270.276428 472.309998 2712.973145
419.841919 307.579102 2561.275391
223.704849 562.634094 2462.233887
-92.500519 483.584839 2744.003906
-182.016052 124.011841 2756.500977
-201.015518 -166.057220 2632.132324
78.081436 238.585846 2689.120605
178.881485 -4.244385 2640.206299
197.748123 -482.892517 2719.485596
174.439148 -947.452332 2552.366455
-44.331680 2.692902 2659.299072
-27.509550 -480.845520 2700.094238
-4.820230 -943.258667 2645.448975
1 1 1
98.271004 706.098816 2763.230225
87.769073 477.147858 2729.088867
269.153198 471.426270 2713.517334
423.932312 303.775208 2565.182129
198.743469 544.625000 2476.291748
-93.615051 482.869446 2744.660400
-182.995148 126.503021 2755.802490
-201.406067 -164.756470 2628.873291
76.781548 237.910721 2689.006104
177.397110 -4.846832 2639.342285
197.947617 -482.673065 2723.220703
173.672226 -949.661743 2555.504150
-45.809067 2.194000 2658.504395
-28.246363 -480.729370 2705.824951
-6.973841 -942.253174 2641.475830
1 1 1
96.615738 705.232971 2763.333252
86.662323 476.333771 2729.600342
268.071045 470.573029 2714.315430
422.470215 298.873566 2565.190430
195.343521 544.393799 2473.606689
-94.746429 482.094513 2744.885254
-183.505936 127.759308 2754.340332
-197.864685 -163.609802 2625.230469
75.682449 237.105621 2689.448242
176.321823 -5.667068 2639.891602
195.976929 -484.050232 2720.946533
170.989090 -950.844788 2555.182861
-46.916664 1.422012 2658.700684
-28.602074 -481.280945 2708.354980
-6.488029 -942.263184 2639.000977
1 1 1
97.530373 705.227234 2763.339355
86.599663 476.265137 2730.696045
268.036896 470.163391 2715.891113
425.744873 292.927856 2574.088623
226.528030 553.420044 2466.936035
-94.837563 482.366821 2745.500977
-183.244324 127.395325 2753.131104
-199.232208 -162.952271 2623.746094
75.327667 236.942841 2691.189941
175.693436 -6.133804 2642.574463
200.179398 -484.363464 2723.224609
170.909836 -951.482544 2558.529785
-47.582088 1.374924 2660.793213
-32.703701 -481.630981 2708.735596
-3.982620 -942.768738 2642.347900
1 1 1
96.856956 708.970093 2764.347656
86.588814 478.777161 2731.449707
268.063263 472.481018 2717.192383
429.878601 290.456848 2580.052246
267.728149 566.264771 2457.225830
-94.885643 485.073273 2745.707031
-182.618881 127.710449 2752.520020
-200.233658 -163.064178 2626.347168
75.209930 239.396530 2692.325195
175.491608 -3.858078 2644.428223
201.036850 -482.112244 2724.745850
170.058990 -948.243164 2554.809814
-47.829514 3.889908 2661.973145
-31.250999 -479.059021 2710.116211
-4.380159 -938.713867 2633.580078
1 1 1
96.222443 710.880249 2763.360596
86.241089 479.406830 2731.400146
267.785522 472.858276 2718.220459
434.438232 295.225067 2578.030029
324.566315 589.066650 2453.342529
-95.303345 485.955383 2744.579834
-183.811462 126.862183 2752.234375
-200.454575 -162.863983 2626.025146
74.816170 239.907486 2693.025879
175.096420 -3.621216 2646.541992
202.241013 -482.012878 2725.557129
169.231339 -950.031433 2553.627441
-48.313919 4.437500 2662.761230
-28.870855 -477.939270 2715.215820
-5.725929 -936.570801 2631.451660
1 1 1
95.406502 712.001587 2762.874023
85.423866 479.552307 2730.735840
267.045166 472.669373 2718.896729
432.220764 297.108948 2570.028076
392.475037 604.338623 2452.842529
-96.197426 486.435242 2742.574951
-183.404861 126.434967 2753.601807
-204.686996 -160.923492 2624.178711
73.851349 240.045654 2692.446289
174.031631 -3.696121 2646.872070
196.084457 -484.162964 2712.462646
170.751892 -948.214050 2551.106201
-49.473984 4.774094 2661.441406
-28.295542 -477.919373 2710.207031
-5.955505 -937.934692 2634.013672
1 1 1
93.588303 711.530945 2763.642334
82.951332 478.678284 2731.532715
264.542999 472.034515 2719.077393
435.601013 305.063599 2561.995605
456.415649 615.447449 2453.323486
-98.640343 485.322083 2743.988037
-183.708466 128.206360 2754.835938
-207.526947 -159.641724 2624.830811
71.549416 239.195435 2693.041504
171.878510 -4.375259 2646.886719
198.246735 -483.179260 2722.257324
170.755310 -950.251282 2548.913086
-51.583511 3.800400 2662.213867
-28.387468 -479.167358 2707.195801
-8.398315 -940.598389 2639.418701
1 1 1
92.176697 710.533875 2753.012451
81.786575 478.079620 2728.197998
263.405365 471.226105 2716.237793
437.792786 309.027710 2555.490234
511.557983 616.429871 2458.730469
-99.832214 484.933136 2740.158203
-183.860931 127.109741 2756.913086
-205.022705 -162.270111 2630.801025
70.510757 237.906189 2694.597168
170.983307 -6.484146 2653.637207
200.261261 -484.652710 2732.498291
171.063080 -951.387573 2557.675293
-52.513432 1.949661 2668.355469
-26.941095 -481.085388 2711.380859
-7.175770 -942.699646 2644.238770
1 1 1
91.632240 712.310120 2757.709229
81.560410 478.635529 2730.232910
262.969086 472.049805 2715.538818
439.880371 307.502533 2549.744873
555.469849 612.814270 2471.790039
-99.848282 485.221252 2744.927002
-183.944077 126.565826 2757.968994
-203.595642 -162.988068 2633.094482
69.965439 238.754303 2694.596680
170.002335 -5.179520 2649.918213
200.697571 -484.864807 2717.937256
173.004913 -947.339233 2549.748779
-53.261398 2.925674 2668.002686
-26.094507 -480.242798 2708.539795
-6.014805 -941.099426 2636.384521
1 1 1
91.729607 712.380371 2760.060059
81.379036 478.738953 2731.189209
262.652863 472.331970 2714.807373
439.434937 305.247498 2548.869629
579.855469 607.318359 2485.675293
-99.894783 485.145935 2747.571045
-182.974747 121.784760 2757.502197
-201.466904 -164.452881 2625.398438
69.585876 239.019882 2694.446045
169.327789 -4.641327 2647.623291
200.233398 -482.731415 2725.905029
174.344772 -949.290894 2550.927734
-53.742363 3.242920 2667.782471
-26.240831 -479.801270 2709.668945
-5.950956 -940.498047 2636.351074
1 1 1
90.947777 712.095337 2761.727295
81.067673 478.696533 2731.806885
262.131439 472.812256 2713.130615
437.710999 308.122101 2544.927979
587.982605 610.376465 2488.718750
-99.996094 484.580811 2750.483154
-182.491333 122.893921 2760.261719
-201.186462 -165.664490 2630.957764
69.414871 239.075287 2694.331055
169.173431 -4.166641 2645.363525
201.658600 -482.359802 2723.000977
174.350616 -947.940308 2551.838623
-53.649288 3.074753 2668.346924
-24.142477 -479.621582 2712.756592
-4.543209 -938.937195 2631.375244
1 1 1
91.428604 712.191101 2762.014648
80.797508 478.806976 2731.678467
261.837616 472.871063 2712.673584
437.861633 306.062378 2550.884033
576.580139 617.317017 2496.107666
-100.242607 484.742889 2750.683350
-182.731445 122.958679 2761.619629
-201.389069 -165.601196 2633.899658
69.050003 239.117828 2694.635254
168.688339 -4.223419 2645.899170
200.579361 -485.588013 2689.746338
175.672073 -951.406189 2613.483887
-54.083363 3.080780 2669.284912
-27.836008 -480.268341 2707.840088
-3.937206 -941.119019 2637.712402
1 1 1
89.654236 706.305664 2753.700439
78.929092 473.604065 2727.535645
260.152771 467.564819 2710.442627
434.912628 302.019165 2555.441406
540.787292 622.662231 2482.182129
-102.294571 479.643311 2744.628662
-184.383682 123.493561 2761.302734
-200.907944 -165.626556 2632.102295
67.734070 233.434662 2693.698730
168.047440 -10.450729 2649.344482
199.643448 -488.850098 2718.273682
175.415802 -953.411377 2592.444580
-54.969345 -3.018753 2670.379150
-28.547546 -486.654358 2705.211670
-6.067760 -948.441528 2640.545166
1 1 1
91.096741 705.738037 2758.553711
79.924606 473.940857 2729.502930
261.180695 466.951752 2713.082275
433.467316 301.508118 2562.235107
491.121674 625.616211 2468.420654
-101.331467 480.929962 2745.923584
-185.681671 123.745453 2757.150146
-200.653458 -165.824738 2632.653809
67.391045 234.202866 2693.192871
166.380951 -9.835388 2646.779541
198.442505 -489.828857 2708.035889
171.385742 -946.486023 2566.939697
-56.665989 -1.234863 2666.986084
-29.630117 -484.546906 2705.693848
-7.828833 -945.072510 2632.457275
1 1 1
95.220078 708.876953 2760.479248
82.974182 477.722473 2730.994873
264.293793 470.119232 2715.551514
426.245270 299.245026 2563.138428
422.404266 624.571411 2464.606201
-98.345428 485.325684 2746.438232
-184.330566 123.378601 2758.066895
-200.051956 -165.953522 2629.633545
69.783783 238.095581 2694.102051
168.157227 -6.209473 2647.707275
195.745010 -488.551392 2688.294434
180.471649 -950.356812 2618.756836
-54.970459 3.146881 2666.711182
-26.209497 -479.897644 2707.585938
-4.176289 -941.287231 2639.791016
1 1 1
95.875801 704.590210 2752.425781
82.842911 475.483215 2728.028564
264.254578 467.334961 2714.034668
423.609680 293.613831 2566.560547
353.592621 607.733398 2460.681152
-98.568756 483.631439 2742.022461
-183.176788 125.202026 2757.022949
-200.640366 -166.180481 2630.234863
69.452126 235.425720 2694.213379
167.684418 -9.645386 2651.787598
198.530380 -489.042084 2715.917969
176.864288 -954.930359 2589.997314
-55.561729 0.381866 2669.008789
-27.673443 -483.275269 2701.781738
-8.384886 -946.962097 2655.166260
1 1 1
97.120773 706.419495 2757.421631
84.389732 476.836945 2729.542480
265.689392 468.545563 2714.230957
419.299683 295.299011 2570.286621
281.329468 582.924683 2458.812012
-96.909935 485.128326 2744.854004
-184.091522 125.605804 2755.530029
-200.397507 -166.273804 2627.305664
70.398430 237.104462 2693.692627
167.959534 -7.729645 2648.421631
198.218384 -488.676147 2703.792480
175.957352 -948.840088 2565.602295
-55.145287 2.473602 2667.263916
-26.557657 -481.183136 2700.040283
-3.770002 -944.134155 2646.203613
1 1 1
99.057884 704.030762 2759.928711
85.636787 475.446045 2729.641357
266.890839 467.069031 2713.793213
415.652100 299.143066 2569.656494
226.260361 563.153137 2466.009033
-95.617256 483.823059 2745.489502
-182.541245 127.302094 2756.795166
-201.236969 -166.263489 2635.111572
71.315918 235.928375 2692.458496
168.517242 -8.743530 2645.524658
200.682098 -488.042023 2713.660645
173.901154 -950.894043 2559.071045
-54.527153 1.564911 2665.026611
-26.736336 -481.412994 2706.488037
-3.302444 -942.047058 2636.478760
1 1 1
100.002602 699.790039 2751.152832
85.466385 471.539124 2725.629883
266.809021 462.704407 2711.130127
414.310333 302.562012 2565.319824
195.076538 548.058350 2470.527588
-95.876266 480.373901 2740.129639
-184.284637 127.164795 2754.891357
-201.705185 -165.711731 2634.299072
71.106888 231.479446 2692.309570
168.328384 -14.016296 2650.067627
198.278168 -495.486816 2701.284912
177.792572 -959.282471 2602.322754
-54.833603 -3.144196 2667.910889
-26.658638 -486.815460 2699.021729
-9.370325 -950.483337 2658.377441
1 1 1
98.573891 698.929382 2746.760742
84.833641 469.683105 2723.960938
266.111572 461.042877 2708.540771
411.659790 303.787781 2564.644775
181.151474 545.091797 2470.241699
-96.444313 478.323334 2739.381104
-184.637177 127.578125 2754.437012
-202.367798 -165.554321 2636.730469
70.746407 229.277176 2693.056641
168.197678 -16.444992 2652.664551
198.247116 -497.944275 2706.011230
173.877243 -954.442993 2580.493164
-54.879333 -5.812515 2671.640137
-29.005844 -489.341248 2707.431152
-6.068933 -951.081177 2648.971680
1 1 1
100.917702 700.608704 2755.085938
86.234604 471.878632 2727.586182
267.445587 462.728333 2711.659180
410.828186 301.887451 2564.834961
187.826965 552.849304 2467.994141
-94.976379 481.028931 2743.513184
-181.319672 129.292847 2755.726562
-205.674164 -160.258636 2632.879639
71.100845 232.021317 2693.201660
167.464371 -13.466095 2649.017334
198.016312 -494.195526 2709.343506
170.763702 -948.026001 2561.811279
-55.530197 -2.205902 2668.616943
-30.029243 -485.932281 2702.651367
-5.204683 -946.968750 2636.537598
1 1 1
100.226318 704.142029 2758.756348
86.124092 474.520081 2729.828613
267.366455 465.041138 2714.445068
412.421539 298.439728 2566.439697
223.804962 571.921143 2460.259521
-95.118279 483.999023 2745.212158
-181.652893 126.644714 2756.372803
-204.303009 -160.905060 2630.656738
70.523415 234.942139 2693.648926
166.439697 -10.468109 2648.003906
198.495361 -490.814880 2711.197021
169.224457 -947.506287 2559.706543
-56.594231 1.196533 2666.934570
-31.188517 -481.935028 2708.310547
-5.075495 -942.502197 2637.767578
1 1 1
101.095917 706.195251 2760.588867
86.977966 476.126221 2731.261475
268.230530 466.098450 2716.348877
418.228882 302.202820 2563.248291
277.392059 596.558716 2449.126465
-94.274612 486.154022 2746.174072
-183.308472 125.831940 2757.189453
-202.774399 -162.025055 2630.297363
70.700211 236.680328 2694.427734
165.946259 -8.935623 2648.418457
198.950989 -488.020874 2719.975342
169.123886 -949.217407 2557.262451
-57.101349 3.404465 2666.769531
-29.288122 -478.217896 2720.751709
-4.362282 -936.020142 2634.393555
1 1 1
102.669098 707.272766 2762.002441
87.517395 476.224213 2731.777588
268.776428 465.600159 2717.365479
422.135010 301.081848 2560.651367
339.572968 610.328613 2446.145020
-93.741653 486.848267 2746.189697
-182.633575 125.928375 2756.092529
-201.949417 -162.715057 2630.096436
70.521667 236.898834 2694.445312
165.053986 -8.963486 2648.245361
196.192398 -488.767029 2716.030518
170.898544 -948.907288 2555.243164
-58.002106 4.110397 2665.980713
-27.890678 -478.165710 2712.871826
-5.913538 -937.596680 2633.902100
1 1 1
99.969391 708.861511 2762.193115
85.373482 476.554443 2731.823486
266.599762 466.607330 2716.559570
426.055298 302.554108 2560.307129
405.555054 617.675293 2447.108887
-95.852791 486.501556 2747.087402
-184.327728 126.954132 2757.555664
-201.825073 -163.430328 2631.307129
69.103828 237.146744 2694.671387
164.342896 -8.381424 2648.127441
197.319916 -488.093689 2715.958496
172.163803 -947.364014 2552.086426
-58.674545 3.859512 2666.911133
-26.894865 -478.343933 2714.266357
-6.781269 -938.594971 2638.926758
1 1 1
97.720604 708.088013 2762.799316
82.856171 476.065399 2731.940186
264.046783 466.469177 2716.031494
428.013794 307.289978 2552.135010
471.547272 619.820496 2447.802246
-98.334442 485.661621 2747.848877
-183.674255 126.963837 2758.808350
-201.742050 -163.643341 2631.953857
66.899055 236.662018 2694.607422
162.427277 -8.645859 2647.486084
196.146576 -487.728394 2719.319580
171.533875 -948.731812 2553.457031
-60.543415 3.163132 2667.063232
-28.020855 -479.442871 2709.792725
-6.927710 -939.874023 2635.339600
1 1 1
95.621910 709.656006 2762.590820
81.942139 476.687378 2731.978027
263.060486 467.481537 2715.062256
432.500244 310.653442 2543.044922
522.221741 618.343384 2452.656494
-99.176193 485.893188 2748.893799
-184.340668 122.475525 2759.417236
-199.868988 -172.623291 2641.785400
66.304504 237.227951 2694.861572
162.109116 -7.895813 2647.336914
196.381744 -485.462616 2728.025879
174.416641 -947.975342 2555.378662
-60.775375 3.432892 2668.153320
-29.929735 -479.530518 2708.265625
-4.732801 -940.653564 2639.693359
1 1 1
95.564713 711.763062 2762.955566
82.014603 479.058716 2732.334717
263.135681 470.181641 2715.250000
432.710754 302.364746 2547.470703
546.388977 607.389771 2462.102783
-99.106461 487.935822 2749.419434
-185.209229 119.715912 2763.687256
-198.678772 -178.850861 2649.651855
66.810776 239.508972 2695.621094
163.048721 -5.502762 2648.395508
205.218246 -478.178589 2749.002686
166.312271 -948.466125 2547.816162
-59.834824 5.421188 2669.419434
-29.290874 -477.379150 2711.851074
-3.152386 -937.396973 2636.553711
1 1 1
94.860886 713.285767 2762.673340
81.712341 480.350983 2732.015381
262.753235 471.836304 2713.942383
433.848724 302.688904 2549.218506
562.338745 606.756409 2469.097656
-99.328552 488.865662 2750.088379
-183.607727 122.351746 2764.361328
-200.889191 -173.313354 2645.610352
66.774780 240.792542 2695.245117
163.231995 -4.005005 2647.354492
201.709732 -480.881348 2725.989746
169.906845 -944.921387 2551.365479
-59.557549 6.473206 2669.595215
-31.226578 -475.955261 2717.245117
-2.743004 -934.123901 2632.468750
1 1 1
94.570190 712.847351 2762.598877
81.088577 479.729370 2732.282227
262.109406 471.234863 2713.979004
431.929932 302.338013 2548.124512
559.067444 609.794189 2470.072510
-99.932266 488.223877 2750.585449
-184.788116 125.160858 2766.295410
-205.675812 -166.314117 2640.910889
66.101349 240.219849 2695.212402
162.494247 -4.516235 2646.880859
197.415314 -482.435242 2723.170410
171.629501 -946.717163 2552.718506
-60.266014 5.936890 2669.404297
-31.189861 -477.253662 2706.979492
-5.535185 -938.294312 2640.478271
1 1 1
94.936852 711.454224 2762.994141
81.574265 478.498444 2732.279785
262.708618 469.568359 2715.408691
432.469696 303.664948 2553.077393
536.469482 618.438232 2465.325439
-99.560089 487.428528 2749.150879
-183.891724 126.583710 2766.634033
-207.828461 -162.361267 2638.800537
66.299133 239.034821 2695.031006
162.478104 -5.923584 2647.401123
197.485504 -483.316559 2728.037598
173.151871 -947.996765 2552.021240
-60.430099 5.065979 2668.163330
-30.688648 -478.237488 2704.556396
-5.152779 -939.326538 2636.780762
1 1 1
96.955086 707.642578 2764.200439
82.517418 475.738953 2732.857666
263.667480 465.898987 2716.674805
428.249695 302.821503 2557.056152
492.120209 624.474854 2459.505371
-98.632637 485.578918 2749.040527
-184.931396 124.298035 2770.315674
-204.624542 -163.408081 2635.211182
66.109711 236.504791 2694.656250
161.162918 -8.783875 2646.497559
198.611084 -487.331207 2719.029785
172.269501 -949.657104 2552.854492
-61.758911 3.325134 2666.412109
-29.221504 -480.035309 2699.731445
-6.698019 -941.994690 2636.390625
1 1 1
99.660408 708.697876 2763.787354
84.522217 477.163574 2733.259521
265.602478 467.066589 2716.441162
424.141968 300.899689 2557.989990
434.189148 627.152832 2456.643066
-96.558044 487.260559 2750.077881
-184.941620 121.660278 2771.175781
-201.321274 -172.318298 2643.128418
67.656654 237.920654 2695.301025
162.207718 -7.534821 2646.994385
199.611862 -485.924438 2721.188721
174.321152 -946.152222 2551.874023
-60.625523 4.890289 2667.690674
-26.138317 -478.079376 2704.633545
-3.297060 -939.476440 2637.057373
1 1 1
100.273743 706.457275 2764.098145
85.747253 475.558929 2732.852295
266.941803 465.585693 2717.252441
422.569336 293.951538 2565.517090
366.386322 612.883118 2458.255371
-95.447281 485.532166 2748.452148
-180.974976 128.326294 2770.081299
-197.467407 -166.013062 2641.651611
69.266579 236.377335 2694.338867
164.275208 -8.940811 2646.226807
197.626022 -488.436157 2715.025635
176.181564 -950.613525 2551.413818
-58.703403 3.332291 2665.424072
-26.270603 -479.724060 2703.297119
-1.752787 -940.798828 2633.862549
1 1 1
101.888657 705.843628 2764.737793
87.434616 475.693939 2732.712158
268.606689 465.829315 2716.753174
419.269257 295.495178 2568.194336
291.171051 588.774048 2460.014648
-93.737457 485.558563 2748.671143
-179.994080 130.647125 2767.093018
-195.364487 -160.498932 2634.408447
71.021576 236.500504 2694.235840
166.081284 -8.762497 2645.940186
199.482101 -487.275085 2721.272217
175.368484 -949.422607 2552.305176
-56.864216 3.376633 2665.578857
-27.232504 -479.817749 2704.045166
-2.043053 -941.665161 2640.277344
1 1 1
105.202324 703.182678 2765.605469
89.392883 474.976349 2732.512695
270.540375 464.869263 2716.408691
419.702026 297.187744 2570.610352
239.846756 569.245728 2469.349609
-91.754593 485.083435 2748.616699
-179.418823 132.359589 2764.116943
-194.508713 -158.208130 2633.200928
72.611153 235.842346 2693.824463
167.287827 -9.510452 2645.227539
200.461380 -488.393799 2718.551025
172.493805 -950.539185 2550.553711
-55.628983 2.927139 2665.044922
-27.449965 -480.225769 2705.163330
-3.383652 -942.072754 2640.747314
1 1 1
102.960411 701.406006 2765.024414
87.593994 473.951172 2731.920410
268.729401 464.168335 2715.479736
417.325653 301.614777 2569.807129
202.562103 550.571533 2470.406738
-93.541412 483.734009 2748.361084
-179.232269 132.153412 2762.110107
-193.983871 -157.500214 2632.997803
71.135834 234.854492 2692.864014
166.129364 -10.261536 2643.691650
199.371689 -489.774750 2712.791260
169.408966 -951.664307 2552.037842
-56.774014 1.777161 2663.923584
-27.096596 -480.886322 2708.437256
-6.080029 -942.939209 2644.386475
1 1 1
104.796471 698.462097 2766.209229
87.902664 471.523926 2732.394775
269.033325 460.618591 2716.666992
418.178955 305.293884 2568.413818
182.446442 541.602539 2473.814941
-93.227997 482.429230 2748.122559
-180.099884 131.087280 2762.046631
-193.151230 -157.065216 2628.420410
70.094238 232.587311 2692.975586
163.737198 -13.059433 2643.878906
200.186050 -491.246155 2719.923340
168.415100 -953.237183 2554.431885
-59.165585 0.360855 2663.233887
-28.815363 -482.154724 2709.020508
-8.396650 -942.853394 2636.154541
1 1 1
103.346466 702.181274 2765.296143
87.092468 473.788910 2732.503174
268.101959 463.086365 2715.341553
415.090088 304.650391 2564.690918
176.087830 542.038696 2462.674072
-93.917023 484.491455 2749.664795
-182.046783 130.041016 2763.032471
-192.801102 -156.945648 2625.591797
69.265152 234.779434 2693.525391
162.814163 -10.815384 2643.988037
204.328125 -487.728638 2725.175781
168.466873 -948.981689 2554.236328
-59.938488 2.355301 2665.107178
-27.699623 -479.435608 2716.575439
-6.741262 -938.680298 2635.344482
1 1 1
102.543541 703.366882 2763.806396
87.055710 474.542358 2732.060791
268.032227 463.705933 2714.596436
414.551575 300.824982 2566.792725
188.882050 547.021362 2458.316162
-93.920807 485.378784 2749.525146
-181.512939 130.531708 2760.991699
-192.141602 -155.949432 2621.419678
69.055969 235.411835 2693.913574
162.407974 -10.386169 2645.020752
198.550125 -491.148010 2689.545166
175.926239 -954.901245 2616.134277
-60.295517 2.948792 2666.511963
-27.979126 -479.418396 2712.070312
-5.670578 -940.255859 2641.204590
1 1 1
103.272034 703.788879 2764.087158
87.964767 474.301086 2732.369141
269.030426 463.584473 2715.774170
418.267639 296.416443 2571.902100
228.178833 563.372559 2450.649170
-93.100906 485.017670 2748.964111
-181.767700 128.767090 2760.465576
-191.515366 -156.186462 2619.329834
70.365250 235.041199 2694.850098
164.174622 -10.812546 2647.120361
204.927170 -488.485352 2715.664551
175.419800 -952.100342 2588.680176
-58.643150 2.375198 2667.541748
-28.208347 -479.643616 2717.861084
-3.072807 -938.755005 2637.487061
1 1 1
102.865135 703.350708 2764.247803
87.322250 474.008545 2732.313477
268.451721 463.346375 2716.381592
425.127045 300.210510 2570.989502
284.171539 587.193726 2444.736572
-93.807205 484.670776 2748.245361
-182.896042 127.880432 2759.708008
-185.511612 -159.340515 2622.843994
69.926346 234.754288 2694.656738
163.978119 -11.060364 2647.197266
201.725082 -489.465973 2717.089600
172.141769 -950.086731 2566.890381
-58.917229 2.060394 2666.802734
-27.685865 -481.152924 2698.652832
-6.835043 -944.046204 2657.796631
1 1 1
101.423904 706.344482 2763.317383
86.391037 475.667786 2732.660645
267.440460 465.174622 2715.747803
430.061523 301.109009 2567.473877
356.295471 603.739136 2437.143799
-94.658401 486.160950 2749.573486
-184.446442 127.436890 2761.872070
-187.540955 -157.601013 2621.086426
69.012787 236.400208 2695.076172
163.034134 -9.323792 2647.085205
197.011642 -489.474487 2708.106201
174.525848 -950.175171 2595.904053
-59.765068 3.589050 2667.898193
-26.286125 -479.527588 2701.649658
-10.800008 -943.774597 2664.080811
1 1 1
98.936478 709.221375 2763.341309
84.369240 477.040283 2733.050293
265.412903 467.205566 2715.681641
431.009277 300.076080 2566.711914
420.826843 608.256592 2434.862549
-96.674416 486.875000 2750.418945
-184.743988 126.203888 2760.434082
-189.776505 -156.117310 2617.046387
67.803299 237.644577 2695.927002
162.632584 -7.802368 2648.116943
191.858780 -490.123840 2690.073486
178.951065 -953.603333 2621.186768
-60.157860 4.300110 2669.490479
-24.860489 -478.352814 2708.568115
-9.394971 -940.915527 2652.992676
1 1 1
97.611679 711.325195 2763.355713
83.357834 477.742859 2733.790283
264.438202 468.163330 2716.645752
432.935547 299.094299 2562.886719
479.170898 605.065125 2433.996338
-97.722534 487.322388 2750.934814
-180.379196 145.229492 2761.971436
-194.352859 -140.602570 2625.881836
67.182648 238.309662 2696.730957
162.424515 -7.017746 2649.122803
192.143112 -490.186401 2683.059814
180.853561 -954.968994 2635.084229
-60.409584 4.770645 2670.220459
-28.481596 -478.560486 2703.680420
-6.839142 -941.313904 2648.639648
1 1 1
96.718369 712.368225 2762.841553
82.404022 478.735535 2733.958496
263.463287 469.410309 2716.448975
434.452393 301.565094 2551.894775
523.528198 603.042114 2442.471924
-98.655258 488.060730 2751.468018
-179.702545 140.608154 2766.970459
-194.661545 -143.616150 2627.649414
66.548248 239.176636 2697.583496
162.097214 -6.119995 2650.435059
191.900604 -489.180603 2688.135498
181.429245 -953.308105 2636.031738
-60.712261 5.355499 2671.981934
-28.532269 -477.090332 2715.653564
-7.195728 -937.304321 2642.984131
1 1 1
95.398758 713.307251 2763.127197
81.578773 479.444641 2734.286377
262.614380 470.483154 2716.347900
436.697479 298.808136 2549.427246
546.536316 593.103943 2440.532959
-99.456825 488.406067 2752.224854
-181.375931 134.778748 2771.025391
-194.079941 -148.328094 2626.069824
66.101013 239.883301 2697.760742
162.013794 -5.191986 2650.197510
191.683685 -488.601318 2684.551514
181.705566 -952.652100 2632.518311
-60.767288 5.835938 2672.272705
-26.779758 -476.864868 2712.330811
-6.682573 -936.706665 2635.395020
1 1 1
94.687584 713.641235 2762.770264
81.119255 479.709290 2734.201660
262.199005 470.912659 2716.626221
436.814575 302.427917 2546.774902
558.854065 596.296204 2446.561035
-99.960487 488.505981 2751.777100
-181.233704 134.367310 2770.972656
-189.904099 -150.138428 2630.925049
65.928909 240.140503 2697.601318
162.155960 -4.840836 2650.186768
195.182922 -485.142090 2708.651611
175.562302 -950.923462 2596.338379
-60.678841 5.984238 2671.815186
-27.334785 -477.124329 2707.642822
-5.110352 -938.036377 2637.390137
1 1 1
94.707672 714.519409 2762.556885
81.272552 480.353088 2734.197266
262.316742 471.680450 2716.197510
437.394531 304.230042 2543.823242
553.680725 600.948486 2444.212646
-99.771652 489.025696 2752.197021
-182.122345 129.176025 2770.001953
-195.374542 -156.507324 2634.219971
66.180969 240.738678 2697.854004
162.485107 -4.211945 2650.435547
195.808319 -484.314362 2712.901855
173.082443 -951.495117 2575.943848
-60.306343 6.460510 2672.585938
-27.509342 -476.718994 2708.419922
-5.151108 -937.745789 2638.277832
1 1 1
95.177223 711.854187 2762.475342
81.714584 478.478912 2733.559814
262.957336 469.545990 2718.015381
436.199249 309.114838 2548.422607
533.418457 610.844604 2442.791260
-99.528168 487.411835 2749.104248
-183.560669 125.087280 2770.993652
-198.781601 -160.573730 2635.541016
66.766388 238.896210 2696.949219
163.345993 -6.183380 2650.773438
197.563889 -484.208069 2726.999023
172.744461 -952.530396 2566.685303
-59.709614 4.810394 2669.903809
-28.397760 -478.740234 2701.837891
-4.534212 -940.461609 2636.809814
1 1 1
95.532341 712.002869 2763.436279
82.704834 478.918518 2733.928711
264.047028 469.850952 2719.620361
433.600403 310.555573 2550.731689
489.629272 615.593018 2434.271240
-98.637375 487.986084 2748.237061
-184.281616 126.544556 2773.482422
-196.215210 -158.582489 2633.577148
67.821869 239.362518 2697.115967
164.515411 -5.772568 2651.499512
198.296890 -485.373962 2717.947998
172.120300 -948.368530 2560.402832
-58.637592 5.385635 2669.106934
-28.885620 -478.530396 2696.612061
-2.787710 -941.562622 2643.820068
1 1 1
96.068771 711.639709 2763.408691
83.833801 479.593994 2733.524658
265.130981 471.033813 2718.316162
428.789673 308.789368 2555.843750
431.958923 615.187134 2439.686523
-97.463364 488.154175 2748.733154
-182.648956 130.263214 2775.253906
-196.098236 -156.183441 2639.850342
69.446518 239.981842 2696.883301
166.608505 -4.897232 2650.884277
195.741791 -487.205505 2686.137207
180.873032 -952.079163 2614.277344
-56.490044 5.636642 2669.599609
-27.269558 -476.982971 2712.338135
-2.675404 -936.740173 2638.107422
1 1 1
97.217850 711.328796 2762.396729
85.142822 479.697144 2733.344971
266.361084 471.865601 2716.871094
427.886658 304.903625 2565.405273
362.628113 600.270813 2447.813232
-96.075439 487.528687 2749.818848
-181.830353 133.624420 2775.136230
-192.259018 -153.112488 2638.776367
71.464462 240.027283 2696.814697
169.289764 -4.461334 2650.148193
198.759735 -485.538971 2702.104248
177.578979 -949.036194 2584.704346
-53.717560 5.176178 2670.420654
-26.617237 -478.010529 2709.211182
-3.271021 -938.289185 2635.912354
1 1 1
99.216644 709.280457 2762.330566
86.854317 478.463257 2733.222900
268.101807 470.802734 2716.935303
423.386475 305.001007 2565.680420
289.293152 580.896729 2458.518555
-94.393181 486.123779 2749.510498
-180.481720 134.288605 2772.466064
-193.205185 -153.183228 2637.054932
73.465485 238.732254 2696.984619
171.594437 -5.712097 2650.724854
199.566833 -485.571960 2715.614990
173.761688 -951.482788 2566.792725
-51.441135 3.714630 2670.767822
-27.462347 -480.180573 2702.204346
-2.367765 -942.082886 2640.630615
1 1 1
100.418640 710.191895 2762.865479
88.423920 479.247070 2732.614990
269.613525 471.956848 2715.526367
418.182373 307.009766 2564.324707
230.424408 561.528748 2463.196289
-92.765717 486.537323 2749.703613
-181.747803 132.633820 2766.761963
-188.856628 -152.910004 2628.780029
75.336319 239.539795 2696.109863
173.733627 -4.653137 2649.090332
198.582214 -484.355225 2718.349121
172.428879 -949.047363 2553.060303
-49.236187 4.318146 2670.119141
-25.680998 -479.646973 2701.888916
-3.947239 -941.899109 2640.590820
1 1 1
102.558022 709.455933 2764.643799
89.628143 478.978851 2732.786865
270.823822 470.990082 2716.070557
419.106964 308.492004 2564.687012
193.024216 545.139771 2474.949219
-91.567535 486.967621 2749.503174
-181.358337 131.822723 2764.390869
-188.893600 -153.222198 2626.285889
75.588127 239.522949 2695.036621
173.036667 -4.848389 2647.000977
197.729050 -484.112976 2720.290039
168.956741 -950.741699 2550.238037
-49.940445 4.982483 2667.571777
-30.504749 -478.942383 2702.671875
-4.099598 -940.740845 2639.399658
1 1 1
101.318596 704.361206 2764.023193
87.338753 474.739136 2732.036865
268.596863 466.733307 2716.012207
423.550720 305.244598 2569.883545
180.114731 535.123291 2489.005615
-93.919380 482.744995 2748.061523
-177.048019 152.174622 2764.575928
-187.230515 -136.964600 2634.939941
73.414177 235.294189 2694.158203
171.016586 -9.076721 2646.419678
196.047485 -488.001526 2722.333984
167.290909 -953.503784 2550.569580
-52.037384 0.775177 2666.139404
-29.922947 -483.104126 2700.615479
-8.123581 -945.949707 2643.631592
1 1 1
101.263214 702.861938 2763.711182
87.846512 473.006348 2731.482666
269.037659 465.542603 2714.486328
419.264221 305.631622 2570.427490
172.611496 531.539062 2480.519531
-93.344635 480.470062 2748.479004
-179.032196 142.577698 2765.310059
-190.446564 -141.893799 2629.217285
74.403488 233.579437 2693.312500
172.447693 -10.439896 2644.684570
202.335617 -489.057617 2720.941650
171.593399 -952.000549 2550.854492
-50.526764 -1.255020 2665.600098
-30.058466 -485.033997 2702.564453
-1.774986 -946.730835 2639.617676
1 1 1
98.012253 703.505249 2764.037842
86.822906 472.780029 2732.424316
267.942780 465.977234 2714.435303
419.124084 304.327942 2572.190918
183.514709 545.235107 2472.122803
-94.296967 479.582825 2750.413330
-175.522064 138.281036 2764.154541
-191.569550 -147.675812 2625.954590
74.108337 233.195160 2695.011230
172.837021 -10.575455 2646.529541
200.096161 -488.433899 2728.319580
169.980469 -949.948242 2556.124268
-50.049488 -2.203934 2668.666748
-29.767883 -485.643555 2709.875977
-2.751389 -946.796753 2642.216553
1 1 1
97.758507 704.176880 2763.701172
87.397079 473.020569 2732.835205
268.607941 466.417419 2715.697510
422.051575 295.169464 2579.099854
220.057922 554.886841 2464.327881
-93.813812 479.623718 2749.972900
-178.774612 135.640259 2766.045654
-192.742081 -151.593262 2628.895264
75.190491 233.299957 2696.128662
174.481613 -10.483521 2648.877441
202.643448 -489.409485 2723.748047
171.946915 -950.310547 2555.992188
-48.513802 -2.357788 2669.966797
-28.919580 -485.755951 2712.162109
-2.726206 -945.276367 2634.295166
1 1 1
98.375145 700.382812 2764.042969
87.489922 469.970764 2732.946777
268.899139 462.754517 2718.590088
426.532990 290.587463 2582.557129
276.785645 572.963379 2456.008789
-93.919289 477.187012 2747.303467
-179.380981 135.316864 2766.514404
-189.645584 -152.084564 2631.319580
74.994080 230.383011 2695.476562
174.130737 -13.645370 2649.171875
200.840912 -493.471191 2718.703125
168.812149 -953.363831 2553.141357
-49.134281 -4.764145 2666.840820
-31.840006 -488.249451 2709.084229
-4.377977 -946.957764 2626.655029
1 1 1
97.327759 698.017456 2764.739014
86.311348 467.679138 2732.593506
267.777710 460.369537 2718.876465
430.269775 295.787476 2577.323730
337.600433 593.482422 2441.594238
-95.155006 474.988739 2746.310547
-181.690109 133.157806 2767.753662
-188.136398 -152.828217 2631.637207
73.790009 228.178864 2694.570801
172.917267 -15.818695 2648.108643
198.117279 -495.931488 2716.454102
167.873993 -952.272705 2551.864746
-50.379929 -6.824127 2664.987549
-32.796906 -490.780670 2700.823975
-5.203512 -952.214844 2638.111328
1 1 1
95.196350 699.479004 2763.557617
84.393677 467.545380 2732.607666
265.791168 460.634583 2717.776855
432.629578 298.901764 2570.138672
402.001038 606.363525 2434.301270
-97.003815 474.456177 2747.438477
-182.847748 130.072998 2765.388184
-190.365540 -154.473389 2627.458984
72.182419 227.981689 2694.880371
171.582443 -15.834106 2648.027832
197.484039 -495.026306 2722.214111
168.194962 -949.062805 2554.378174
-51.640125 -7.329895 2666.278320
-31.489384 -490.712769 2707.834229
-6.159733 -951.118958 2636.161621
1 1 1
94.559288 701.955750 2763.971436
83.474258 469.032471 2733.332520
264.702881 462.599121 2716.449219
434.815002 297.955383 2564.056396
466.799255 607.830078 2439.777344
-97.754349 475.465820 2750.215820
-182.921631 130.032654 2763.700439
-189.959869 -153.796814 2627.298340
71.491135 229.392624 2696.017090
171.021545 -14.205811 2648.312988
198.198425 -494.271545 2715.998535
168.708740 -947.892273 2552.509521
-52.005531 -6.288666 2669.090332
-30.522083 -490.268860 2701.268066
-3.999783 -953.226990 2653.245605
1 1 1
92.610710 704.646118 2763.649902
82.293427 470.936707 2733.969482
263.567688 464.869171 2717.355225
434.883759 301.997925 2553.010010
513.516357 607.197510 2439.219727
-98.980835 477.004211 2750.583740
-183.487137 127.007660 2765.308350
-190.763763 -154.865662 2623.210693
70.916382 231.152649 2697.406006
171.071716 -12.364548 2650.620117
194.982697 -494.982361 2687.612061
175.272980 -955.146912 2611.920166
-51.993034 -4.898239 2671.064941
-30.159317 -489.409973 2692.068359
-4.867474 -954.050293 2670.626221
1 1 1
92.765846 705.351196 2764.548096
82.377731 471.313995 2734.864746
263.702545 465.508850 2718.669922
435.916168 301.515381 2550.061523
544.882324 604.080688 2449.227295
-98.947083 477.119141 2751.059570
-183.775330 127.481934 2769.150635
-191.834167 -155.307281 2624.821777
71.404114 231.566086 2697.937988
171.996536 -11.753647 2651.046875
196.295898 -492.980713 2704.911133
174.554932 -952.379822 2588.271240
-51.135536 -4.610001 2670.975586
-28.271082 -488.482300 2702.517090
-4.080383 -950.451172 2651.254395
1 1 1
90.630585 705.018799 2763.962891
80.789375 471.855652 2735.081543
261.976318 466.703949 2717.266846
435.955627 300.264984 2549.514404
555.458435 601.686584 2448.651611
-100.397560 477.007324 2752.896240
-184.888153 125.735565 2770.579102
-197.030762 -159.229340 2630.609619
70.390625 232.002136 2698.680664
171.478943 -11.021286 2651.318115
196.239243 -492.053284 2709.933838
171.328140 -950.248474 2569.185303
-51.495201 -4.681442 2673.241455
-31.717386 -488.261230 2711.431396
-5.470425 -948.285522 2642.718750
1 1 1
90.939697 706.826050 2763.670654
80.624756 473.810669 2735.141357
261.696289 468.757507 2716.147217
436.478119 301.135864 2550.732666
550.504883 605.034729 2448.115967
-100.446762 478.863831 2754.135498
-184.439590 123.366089 2771.301025
-199.655487 -161.965851 2633.723633
70.156677 233.893860 2699.175781
171.100220 -9.132095 2651.523193
197.500870 -489.725159 2714.451660
171.049667 -949.098328 2562.161621
-51.723019 -2.913773 2674.897217
-32.301781 -486.524658 2713.882812
-3.461823 -945.100220 2634.501953
1 1 1
92.237442 707.684082 2763.537842
81.309341 474.367615 2735.985107
262.375061 468.833435 2717.030518
435.298370 301.018372 2553.375244
525.246948 610.539795 2445.133301
-99.756363 479.901794 2754.939697
-185.657974 123.725403 2767.651611
-201.041550 -163.016479 2634.990479
70.206924 234.487427 2699.965332
170.511063 -8.797836 2652.283203
198.560669 -487.924133 2725.024414
169.618637 -948.158691 2559.734131
-52.302048 -1.987686 2675.607910
-29.334549 -485.517517 2714.009033
-5.095085 -944.097656 2631.376221
1 1 1
94.594498 707.749268 2765.465820
83.131615 475.354370 2736.735352
264.298096 468.928375 2719.115967
434.160522 302.504120 2557.201904
478.430573 612.554443 2435.543701
-98.034874 481.780365 2754.354736
-184.318909 124.865540 2768.816650
-203.008026 -163.660675 2641.427490
71.042892 235.655380 2699.856934
170.428009 -7.997589 2652.136963
199.937225 -487.573303 2721.945557
169.457550 -947.470764 2553.838379
-52.519653 -0.089630 2673.820068
-28.269272 -483.830688 2708.784424
-4.276724 -943.768311 2633.172119
1 1 1
95.731163 705.511292 2764.419434
84.052597 474.320587 2735.906250
265.241760 467.345581 2718.696289
432.108795 302.726868 2564.110352
422.465637 612.015991 2438.604004
-97.136566 481.295593 2753.116211
-183.631866 122.957550 2774.380859
-202.580139 -163.896729 2637.563965
71.340057 234.624237 2699.212158
170.110306 -9.363724 2651.929199
203.426712 -488.231201 2725.047852
168.946304 -950.003052 2551.789062
-52.855282 -0.780502 2673.106934
-30.894831 -484.658997 2707.891113
-2.598001 -945.002197 2635.771973
1 1 1
99.210945 703.959045 2765.921631
86.578896 473.316406 2736.367920
267.737122 465.524658 2719.170166
430.581604 298.839081 2566.571777
354.975952 595.494629 2443.591309
-94.579338 481.108154 2753.565674
-183.286530 125.494843 2769.703857
-201.902786 -163.975098 2636.999512
72.733406 233.781586 2699.046875
170.353149 -10.547455 2651.144287
202.945496 -489.924072 2721.430420
168.843460 -952.017334 2552.234619
-52.577324 -0.959045 2672.307373
-30.155491 -483.898315 2717.121826
-2.252691 -942.390503 2634.200684
1 1 1
