151.351273 707.407715 2719.425537
135.730804 471.623596 2697.904785
312.484619 462.870972 2654.894531
510.925659 313.111176 2506.878174
577.658264 617.786743 2368.225098
-41.023010 480.376160 2740.915039
-108.461319 119.859894 2789.151123
-135.602264 -156.517761 2637.335449
116.735550 231.331039 2668.741699
206.490982 -14.346680 2613.115723
252.813843 -497.126312 2632.846924
235.705795 -961.364685 2603.908203
-11.010382 -3.576324 2666.041504
37.265343 -486.712524 2661.911621
53.779846 -952.547180 2638.288818
1 1 1
150.927048 707.004272 2721.438721
135.086685 472.056885 2698.221680
311.691193 463.359009 2654.550537
510.965637 321.548981 2504.960938
572.519409 625.056396 2367.046875
-41.517818 480.754761 2741.892822
-108.219299 115.425171 2787.628174
-130.185059 -161.845490 2634.101807
115.661659 231.988647 2667.480957
204.894867 -13.431061 2609.870850
255.226440 -495.397156 2638.412354
233.187225 -956.323364 2579.434814
-12.421612 -2.728119 2663.609619
37.702785 -485.715515 2659.230469
54.414619 -951.483887 2632.439453
1 1 1
152.220490 707.001526 2722.937988
135.011398 472.040436 2698.960449
311.420319 462.848328 2654.588623
506.007263 322.750427 2506.489014
543.963989 628.306641 2368.173096
-41.397507 481.232544 2743.332275
-107.071869 121.222809 2788.864746
-136.570618 -159.031433 2644.598389
114.559647 232.166260 2667.342773
202.649170 -13.363663 2608.423828
255.274628 -493.950684 2650.976562
232.303268 -953.381470 2577.369629
-14.433386 -2.052170 2663.026367
37.274086 -484.831726 2654.911865
52.293602 -951.106262 2641.596436
1 1 1
151.712646 707.134521 2723.161133
134.380814 472.310852 2698.588623
310.406250 463.159119 2652.720459
503.000549 324.374176 2512.219238
496.368225 625.725464 2367.674316
-41.644630 481.462585 2744.456787
-105.522934 125.109985 2789.464600
-136.316132 -157.487396 2649.597412
113.640091 232.471878 2666.845947
201.208557 -12.998199 2606.880371
255.615814 -494.326721 2636.919189
233.332413 -957.272583 2598.570557
-15.409834 -1.735992 2663.326172
37.606842 -484.423828 2658.114502
53.594597 -950.803589 2645.015869
1 1 1
151.544815 706.362671 2722.733154
134.547104 472.538025 2698.315674
310.740906 463.321503 2653.094238
500.500153 321.186707 2518.128418
434.136963 612.324463 2376.153809
-41.646721 481.754578 2743.537109
-105.788048 123.066315 2788.643311
-132.402802 -161.732819 2651.498291
113.958923 232.627563 2666.994629
201.779556 -12.953674 2607.849609
253.041351 -495.023682 2633.281006
241.339783 -959.817261 2605.351318
-15.038065 -1.612152 2663.497559
40.090088 -484.079865 2658.849121
53.626957 -950.270508 2638.321045
1 1 1
153.123245 704.917175 2724.557129
136.218338 471.953979 2698.467285
313.150146 462.402466 2656.413574
499.262329 313.597351 2523.581299
370.648621 584.697144 2387.887695
-40.713486 481.505493 2740.520996
-105.887390 119.026093 2788.311523
-129.650574 -163.889862 2642.644043
115.581802 232.186890 2666.100586
203.826431 -13.458038 2607.854736
254.745697 -495.829803 2629.567627
244.165390 -961.637207 2612.047607
-13.935900 -1.702332 2659.613037
40.607018 -484.176514 2651.029785
55.345985 -950.620239 2641.420166
1 1 1
154.302170 705.574524 2723.438232
137.441223 473.565430 2697.529785
314.219696 464.514130 2654.667969
496.101990 314.822998 2522.737305
304.200836 551.490967 2399.914795
-39.337288 482.616760 2740.391602
-106.460182 119.998230 2786.160400
-129.905273 -166.414001 2642.927734
117.458939 233.660568 2665.776611
206.239471 -11.813126 2607.652832
258.020905 -492.851013 2645.751709
240.180481 -954.389771 2591.341064
-11.286148 -0.675491 2660.394043
42.967659 -483.231384 2655.056396
58.008904 -949.678833 2642.346680
1 1 1
153.213165 704.322754 2713.384766
136.751129 472.829163 2692.427490
313.336121 464.590881 2648.594971
489.556183 310.924683 2523.351318
262.511993 531.505981 2413.218262
-39.833885 481.067413 2736.260010
-107.226593 119.488922 2782.556396
-128.850311 -166.513580 2634.913574
118.608467 232.335632 2664.537598
209.115021 -13.226730 2609.678467
254.387238 -495.719971 2634.786133
241.964691 -959.946655 2608.506104
-8.183395 -3.089035 2663.616943
43.891247 -485.824768 2654.647217
59.116329 -952.359680 2652.984131
1 1 1
153.211014 705.271240 2717.895020
136.552826 473.736816 2693.723389
312.739990 465.665222 2648.290283
492.768463 303.953247 2526.683105
244.472092 512.859558 2427.609131
-39.634331 481.808411 2739.156494
-108.114838 114.249054 2776.811279
-125.100754 -174.648651 2629.140869
117.758446 233.566254 2663.507812
207.371643 -11.570740 2605.337402
247.643753 -494.994019 2619.738037
238.578384 -960.565735 2608.727783
-9.443525 -1.637878 2661.247070
39.569199 -484.622101 2649.172363
50.491467 -951.324951 2644.814209
1 1 1
154.262939 707.396606 2720.664795
137.342285 476.568176 2694.996338
313.336914 468.851746 2648.742920
489.871826 301.483337 2525.346680
237.757889 515.240906 2430.101562
-38.652359 484.284607 2741.249756
-107.054405 118.608948 2780.469482
-130.542511 -168.290894 2627.064941
118.617981 236.503296 2663.799805
208.179520 -8.309357 2604.144531
252.944839 -491.276489 2623.718262
238.393036 -957.252930 2612.108398
-8.392166 1.186157 2661.062012
40.332298 -481.906769 2652.481201
54.444572 -948.519714 2644.853271
1 1 1
153.526062 708.131287 2723.528809
137.005188 477.048706 2696.724121
313.515564 469.410309 2652.494141
486.446838 302.245392 2525.704102
237.239349 525.971802 2428.456543
-39.505165 484.687073 2740.954102
-105.025177 123.295319 2779.230469
-130.133163 -165.813812 2631.401855
118.445114 237.158539 2664.083740
208.495300 -7.431656 2604.227783
249.044632 -490.852722 2624.020752
243.976303 -957.238281 2612.193848
-8.725235 1.968430 2658.658936
39.723461 -481.182007 2651.008789
52.919891 -947.887207 2645.525635
1 1 1
152.047653 706.421753 2723.455322
136.477081 475.099976 2696.811279
313.667847 467.261475 2655.500732
484.725433 300.621185 2529.369385
264.869659 548.322083 2420.392334
-40.713680 482.938507 2738.121826
-104.516342 123.147919 2779.104248
-129.417938 -164.703888 2631.846191
118.232185 235.192108 2664.075684
209.021896 -9.539215 2605.919678
248.966751 -493.011597 2627.139893
246.773453 -959.589661 2614.396729
-9.047329 0.107666 2656.760498
39.102558 -483.088837 2656.201172
53.326206 -949.071289 2635.002441
1 1 1
152.540237 710.728394 2733.426270
137.736908 479.394287 2701.426025
315.418182 472.784943 2662.046875
486.878571 298.825745 2529.700439
316.937012 576.150146 2412.638916
-39.944347 486.003632 2740.805176
-105.241379 120.049744 2779.074219
-127.915115 -164.983490 2624.332520
120.655518 240.041779 2664.525879
212.899963 -3.377411 2603.396240
250.502991 -487.264252 2618.023926
250.584442 -954.004150 2615.499756
-5.751713 4.755951 2651.855225
45.757469 -478.092316 2654.688965
54.656605 -944.224243 2631.530762
1 1 1
152.715775 710.383301 2727.378662
137.482925 478.679199 2699.654785
315.396912 472.063538 2661.281006
486.927979 302.412842 2525.839844
374.780884 602.935059 2405.822998
-40.431080 485.294861 2738.028564
-105.636581 123.033325 2777.000244
-128.510666 -165.799286 2631.548584
121.029419 238.978729 2664.694824
214.037994 -4.792053 2606.125244
253.377304 -488.464050 2623.901367
243.433548 -955.091187 2620.019043
-4.886166 3.348572 2653.344482
42.235497 -479.863953 2661.525635
52.508083 -946.018433 2637.646240
1 1 1
152.348129 709.830139 2724.323975
137.578232 476.714783 2698.043701
315.495850 469.489166 2659.757568
488.983521 306.187500 2521.868896
435.871765 620.242676 2398.328857
-40.339394 483.940369 2736.329834
-107.796890 123.547089 2782.444336
-127.835434 -165.238281 2632.240967
120.597824 236.851227 2664.403076
213.084473 -7.457993 2607.206299
248.796204 -491.538269 2621.020752
239.116898 -958.268433 2615.917236
-5.849646 1.433365 2654.318604
38.556519 -482.069641 2662.330566
50.873653 -947.993286 2634.691162
1 1 1
150.507019 709.711914 2715.335205
136.467804 475.190857 2694.572021
314.152405 467.602478 2655.278320
490.999359 310.600861 2512.407227
497.245453 628.603394 2390.123291
-41.216797 482.779297 2733.865723
-108.387115 117.768372 2781.710938
-124.396675 -173.977997 2632.065430
119.611160 234.834030 2664.764160
212.082077 -10.191879 2610.779297
244.543900 -494.531799 2624.122803
240.869781 -961.347046 2617.678711
-6.573051 -0.853745 2659.133301
37.975906 -484.323486 2657.066162
49.784035 -950.555298 2651.529785
1 1 1
150.223892 713.058411 2718.877197
136.213623 477.025696 2696.909424
313.660004 469.558136 2656.526855
494.995667 316.299561 2503.691162
545.754211 631.557861 2382.474121
-41.232761 484.493256 2737.291992
-107.681915 123.378906 2782.908936
-125.422089 -172.277954 2638.086426
119.165405 236.747177 2666.429199
211.298737 -8.126083 2611.101807
244.527390 -492.525085 2618.031006
240.642929 -959.370117 2619.083496
-7.064350 1.063400 2660.796143
37.824806 -482.434875 2661.477295
50.063614 -948.005737 2637.732178
1 1 1
149.658432 712.483765 2721.152100
134.828491 476.381470 2698.112305
312.011749 468.964417 2656.581543
497.496765 316.644653 2500.343262
579.358887 628.513428 2381.738525
-42.354767 483.798523 2739.643066
-109.328636 130.186829 2787.504150
-130.288544 -165.102875 2638.505615
117.398010 236.250916 2666.633301
208.987732 -8.443344 2609.600586
244.595612 -492.673645 2617.992676
238.640259 -959.530640 2621.293457
-9.052673 0.684036 2660.708008
36.537884 -482.728210 2655.837646
47.457474 -948.946350 2642.708252
1 1 1
149.440598 711.304077 2712.747803
133.800507 475.226318 2694.682617
311.107819 467.163635 2653.800049
498.238831 316.316589 2497.150879
599.160278 625.011963 2381.653564
-43.506798 483.289001 2735.565186
-105.171738 136.604614 2790.734375
-132.713745 -160.525543 2645.553955
116.497742 234.634003 2667.088623
208.290604 -10.919205 2614.340088
245.665390 -494.900818 2627.565186
239.139618 -961.695923 2622.662354
-9.900656 -0.997421 2664.649170
35.011398 -484.459900 2656.859131
51.296616 -950.802734 2649.761963
1 1 1
149.094391 708.918640 2718.080078
133.702026 473.552673 2696.387695
310.469177 465.335571 2653.305908
496.107910 315.644135 2498.583740
593.397461 627.110962 2380.835205
-43.065132 481.769775 2739.469482
-107.589745 134.812408 2791.396729
-136.807953 -159.443329 2639.873535
115.260437 233.308334 2666.542969
205.589691 -11.992279 2610.188477
246.874725 -495.715149 2621.149658
234.198181 -962.335266 2612.860596
-11.952002 -1.879761 2663.208008
34.893387 -485.135956 2653.418213
49.677906 -951.583618 2642.553955
1 1 1
148.351898 708.562622 2711.203613
133.279526 472.944702 2693.551514
310.031647 463.983673 2650.526367
495.554016 315.317566 2500.260986
579.212280 632.719482 2381.140137
-43.472595 481.905701 2736.576660
-108.791580 136.416229 2789.674072
-141.329758 -157.218445 2640.768066
114.530838 232.380341 2666.632812
204.532837 -13.697464 2613.241943
250.613983 -496.785278 2629.977051
239.127350 -963.334961 2616.438965
-12.968536 -2.670547 2666.186279
35.538258 -485.787964 2657.092773
53.452980 -952.236694 2648.357178
1 1 1
150.133850 710.363464 2717.312988
133.694916 474.432190 2695.816162
310.022095 465.020813 2651.186279
493.774231 315.644226 2501.643799
543.284485 637.185242 2381.009521
-42.632248 483.843628 2740.446045
-105.891808 133.216888 2793.367920
-138.559631 -156.344086 2642.638916
113.498734 234.242096 2666.673584
201.797775 -11.738907 2610.070068
245.094406 -495.213806 2623.236816
238.706589 -961.871216 2609.569824
-15.192675 -0.157120 2664.991943
32.203484 -483.363770 2654.559814
57.152557 -949.515869 2648.097900
1 1 1
152.864166 710.273621 2731.349609
135.951462 476.307953 2701.232422
312.742920 467.096802 2658.449463
490.423218 310.844116 2507.327637
492.609741 634.891235 2383.465576
-40.839981 485.519104 2744.015381
-109.912140 133.577728 2789.189209
-135.522705 -157.860138 2637.196045
114.851135 237.161377 2665.527588
202.531921 -7.652893 2603.498047
244.527481 -491.091095 2621.510742
249.504669 -957.636353 2607.012207
-15.030304 3.682495 2656.147461
37.160114 -478.963715 2643.829834
55.616352 -945.430054 2643.541504
1 1 1
151.245361 710.051880 2727.346191
135.604263 476.647217 2699.540283
312.679962 467.982849 2657.813721
486.192322 307.931458 2511.665283
420.271423 622.374390 2388.841309
-41.471436 485.311554 2741.266846
-104.983658 133.787964 2789.558838
-146.690384 -154.783112 2637.007324
115.783684 237.149689 2665.157715
204.914566 -7.678848 2605.101562
249.038101 -490.696838 2628.390381
249.199615 -957.335327 2614.034912
-12.988367 2.983200 2656.448730
37.733253 -479.776489 2658.404541
58.067905 -946.027710 2648.529297
1 1 1
152.831253 711.967529 2734.384277
136.223862 479.342712 2702.708740
313.420471 470.753693 2661.458740
486.104309 303.964539 2518.861572
357.674805 596.374756 2396.198730
-40.972755 487.931702 2743.958740
-108.984993 136.385620 2786.300537
-140.790375 -155.194641 2636.183350
115.965378 240.297974 2665.458008
204.732025 -4.031372 2602.827148
251.230362 -485.835358 2639.473389
239.646606 -946.277588 2579.432129
-13.318251 6.537872 2653.587402
34.256393 -476.646606 2653.570312
56.755821 -942.813171 2641.195312
1 1 1
151.089432 707.628723 2719.369629
133.651337 476.208740 2696.692871
310.842224 467.468262 2655.435303
481.048767 306.983826 2521.916992
295.385742 572.981567 2413.778076
-43.539551 484.949249 2737.950439
-109.494247 135.694794 2785.140137
-137.724976 -155.275360 2631.512451
114.539993 236.265930 2665.446289
204.451553 -9.054794 2608.814453
247.957687 -491.788147 2635.575928
243.249573 -955.473145 2608.537598
-13.594244 1.701004 2659.584961
36.841545 -481.244934 2661.052002
54.213009 -947.719055 2652.272461
1 1 1
150.910797 707.132141 2711.368408
133.099213 475.742004 2693.075928
309.394592 466.565002 2648.368652
479.063416 307.517883 2522.441162
257.596069 557.575195 2427.816650
-43.196148 484.919037 2737.783203
-108.704788 127.815643 2781.075195
-130.290375 -167.887177 2632.626465
113.731209 235.293152 2666.057861
202.856995 -10.803329 2611.526611
248.733643 -493.773193 2628.049805
238.203888 -958.957886 2614.337891
-14.130596 0.491898 2666.552979
37.846024 -482.301086 2663.747559
53.165760 -948.820312 2652.225586
1 1 1
151.082932 706.066406 2716.889893
133.483505 474.755188 2694.534424
309.461426 466.201416 2648.427002
479.017334 309.254028 2522.227051
239.169220 550.093018 2435.878174
-42.494415 483.308990 2740.641846
-110.858688 124.909210 2780.569824
-130.949310 -175.294464 2631.262207
114.030159 234.599258 2664.839844
202.848358 -10.819458 2606.777344
250.942551 -493.794281 2618.748047
242.414093 -959.752625 2605.176514
-13.694740 -0.293915 2663.513184
38.254990 -482.837646 2650.364746
55.943977 -949.321838 2649.201172
1 1 1
152.235458 707.997925 2730.132568
135.017776 477.229370 2700.277832
311.503296 469.318298 2656.027588
482.535522 306.645081 2524.621582
241.869522 550.011841 2436.637695
-41.467747 485.140442 2744.528076
-109.402512 121.928070 2779.298340
-126.437981 -179.513794 2625.865234
115.490669 237.839203 2665.194824
204.553589 -6.418579 2602.885010
252.505295 -489.240753 2621.118408
243.875778 -955.379333 2602.793457
-12.626446 3.316650 2657.338623
37.531868 -479.532043 2646.326416
58.236877 -945.897339 2651.072021
1 1 1
152.039871 708.683105 2726.243896
135.979706 477.555237 2699.018311
312.887970 469.721069 2656.459473
488.254486 307.319031 2524.814697
270.907684 562.523926 2424.731934
-40.928551 485.389435 2741.577148
-105.220787 128.472992 2781.622070
-127.521240 -173.665100 2628.724609
117.354431 237.799759 2665.730225
207.577911 -6.775970 2606.256348
252.832733 -489.816833 2626.605713
244.723053 -956.334229 2615.703125
-10.119612 2.864502 2658.627930
38.127541 -480.248993 2656.799561
60.240723 -946.620239 2658.673340
1 1 1
152.241333 714.184448 2734.332031
135.853729 482.748535 2703.175537
312.792877 475.149384 2660.660400
492.630035 306.157623 2527.439941
314.457611 579.112793 2410.736572
-41.085411 490.347687 2745.690674
-102.606903 131.727478 2782.844482
-127.877853 -169.885254 2627.886719
117.009399 243.331894 2667.542236
207.029175 -0.760223 2605.750977
247.141602 -484.373505 2622.945312
239.310120 -950.902222 2608.202148
-10.699036 8.590729 2658.066895
36.907982 -474.633179 2654.085449
51.202759 -941.278442 2653.748047
1 1 1
152.925690 716.687561 2738.382080
136.175552 484.993073 2705.395264
313.182892 477.100281 2663.199219
494.827423 304.072357 2530.749756
366.099884 593.208191 2400.375244
-40.831772 492.885864 2747.591309
-103.792427 127.859497 2781.942383
-125.176544 -177.185913 2628.985840
116.406296 246.049835 2667.159668
205.546219 2.250320 2602.961670
246.924789 -481.126709 2623.929443
240.717300 -947.719604 2608.310791
-12.272142 11.962875 2654.886475
34.516754 -471.364563 2649.848389
52.153877 -937.935303 2650.564697
1 1 1
150.225983 714.495239 2731.851562
134.414246 481.387878 2702.396484
311.392883 473.563263 2660.055908
496.907837 309.041931 2527.847900
425.923126 612.204102 2390.585938
-42.564396 489.212463 2744.737061
-102.900970 132.432526 2787.945801
-131.394897 -170.492096 2629.605957
115.355209 241.952789 2666.979492
205.188828 -2.296661 2605.510742
247.102234 -485.632690 2626.946777
244.058777 -952.384216 2615.371094
-12.596478 7.332092 2657.614258
34.485218 -475.991821 2653.309082
55.847168 -942.412598 2656.127197
1 1 1
146.302338 709.293823 2719.606445
131.619171 475.130066 2697.177734
308.829224 467.146759 2655.853516
506.436310 313.512329 2523.414307
489.309662 624.278687 2388.712646
-45.590866 483.113342 2738.501953
-104.967178 127.229584 2787.959473
-126.455482 -176.887726 2629.515625
113.653046 234.987167 2666.525879
204.724533 -10.067841 2610.447266
248.781235 -493.431641 2624.830566
242.125931 -960.219910 2621.822266
-13.350695 -0.243591 2661.300781
33.380745 -483.518402 2652.122803
57.676788 -949.783997 2657.459961
1 1 1
144.192032 705.717896 2711.971191
129.464783 470.717072 2693.690674
306.607239 462.791138 2652.058350
511.216217 316.760925 2516.185547
533.529480 625.033936 2376.467529
-47.677666 478.643005 2735.322998
-103.984337 132.613922 2787.460693
-126.557076 -173.471344 2641.685059
112.374756 230.058472 2666.790039
204.278641 -15.476883 2614.273438
249.342117 -498.806396 2627.769775
238.629959 -965.541870 2622.701416
-13.709188 -5.723373 2665.505371
36.485725 -488.678284 2657.756592
53.891365 -955.032349 2650.645508
1 1 1
145.231888 702.519958 2707.133301
130.500504 467.218567 2691.004883
307.666626 459.284668 2649.469238
514.597961 320.884674 2510.552979
565.856079 623.215759 2364.623779
-46.665581 475.152466 2732.540527
-107.002609 121.812256 2784.185547
-122.964500 -178.591797 2630.332764
113.826996 226.310959 2665.902100
206.162399 -19.478302 2615.242676
247.604477 -503.225983 2623.479248
245.901764 -970.015137 2625.010010
-11.855421 -9.714966 2666.355957
37.682869 -492.713287 2656.629395
57.737541 -958.446350 2635.628906
1 1 1
144.504150 701.076599 2706.218018
130.337051 465.446899 2690.775635
307.338776 457.622589 2648.527588
513.779053 314.453888 2512.196045
583.074585 614.813416 2367.639160
-46.664677 473.271179 2733.023682
-107.500870 120.902924 2786.096924
-133.331421 -185.897217 2654.448975
113.843102 224.442932 2666.306152
206.258072 -21.375305 2615.841553
246.179474 -505.307190 2618.181885
241.266769 -972.108337 2623.457031
-11.559757 -11.746735 2667.831787
34.971073 -494.995117 2656.065674
55.504417 -961.091003 2642.538818
1 1 1
143.267410 700.362793 2705.291748
129.766296 463.931519 2690.056641
306.390869 456.293335 2646.251221
513.382446 311.731812 2511.564453
592.042603 608.295410 2365.172607
-46.858295 471.569702 2733.862061
-106.822601 132.688660 2786.356201
-138.544464 -173.402100 2655.973389
113.370628 222.871277 2665.981445
205.655029 -22.888855 2614.951904
248.635818 -506.570038 2618.908936
239.947311 -973.369751 2622.760010
-11.705097 -13.489044 2668.860596
34.346901 -496.665253 2653.112061
54.963547 -962.966553 2645.254883
1 1 1
144.806030 700.617126 2705.915039
131.147278 464.244202 2690.566895
307.867798 456.533020 2647.146973
510.231934 310.343842 2510.926270
587.278442 608.742188 2367.900146
-45.573250 471.955383 2733.986816
-107.400444 126.845947 2788.193848
-136.637909 -177.565247 2659.638184
114.597321 223.238205 2666.009277
206.780548 -22.512360 2614.736084
249.616074 -506.143433 2623.470947
245.237686 -973.005127 2622.073975
-10.685808 -13.023224 2668.167236
37.006325 -496.117004 2654.768311
59.162899 -962.351196 2643.970947
1 1 1
145.617493 700.802673 2704.646973
131.451019 464.275452 2689.696045
308.422577 456.390869 2647.347900
505.127045 307.164978 2516.502930
558.809448 608.846313 2368.656006
-45.520542 472.160034 2732.044189
-109.706909 121.929199 2788.055420
-135.007172 -181.018372 2656.453369
114.841156 223.268982 2665.155273
207.121902 -22.588867 2614.557617
249.232956 -506.259216 2625.404297
240.437592 -973.062012 2621.652832
-10.659313 -12.886108 2666.671387
38.123085 -495.793549 2650.632080
52.668442 -962.369629 2644.646240
1 1 1
145.846008 702.122925 2703.989990
132.108780 465.188538 2689.597412
309.294250 457.059296 2648.200684
502.072205 305.573547 2520.767090
509.969727 608.141235 2370.090332
-45.076691 473.317749 2730.994141
-108.360840 119.477661 2783.465088
-138.133774 -183.330688 2661.844482
115.448502 224.127365 2665.625977
207.809753 -21.935669 2616.183350
248.511841 -505.776672 2624.942139
242.171921 -972.654175 2622.299561
-10.233316 -11.931915 2667.125732
34.915131 -495.178009 2650.769287
58.296829 -961.389526 2646.152100
1 1 1
148.407684 704.947510 2705.191650
134.806824 469.304199 2690.461182
312.322357 461.110657 2650.532715
498.041870 304.785278 2522.420898
453.621704 600.504883 2371.443359
-42.708691 477.497772 2730.389648
-110.687027 126.238373 2785.208496
-137.517242 -172.368408 2659.972656
118.221222 228.267548 2666.186035
210.862350 -17.810684 2617.342529
248.775742 -501.865784 2626.856689
245.632034 -968.669800 2618.043701
-7.591114 -7.727554 2666.479248
37.925194 -490.972168 2650.777588
59.666229 -957.345703 2649.259521
1 1 1
150.783478 704.146729 2705.282959
136.964203 469.223633 2690.533447
315.145874 460.586975 2653.932129
496.018005 301.388184 2527.721680
392.076691 584.018799 2382.304443
-41.217445 477.860291 2727.134766
-108.348938 130.123993 2787.090088
-136.083740 -164.416290 2655.882812
120.382919 228.142426 2666.699219
213.452988 -18.253693 2620.340820
251.490067 -501.743835 2642.293701
239.982132 -962.815979 2587.063721
-5.849730 -7.623871 2665.389160
37.486206 -491.149109 2652.696289
57.057411 -957.578247 2645.793945
1 1 1
150.937393 705.623169 2713.850586
138.376556 471.811554 2692.972412
317.218903 464.672729 2659.480225
493.541656 297.719238 2532.877441
332.507263 562.378296 2401.355957
-40.465805 478.950378 2726.464600
-106.140350 129.526611 2788.074219
-135.666031 -160.056519 2649.633789
123.456436 231.162338 2664.595459
218.586777 -13.879761 2615.609131
255.347336 -497.650909 2635.100342
241.106308 -959.135010 2574.221924
-1.514144 -5.093994 2656.827881
41.023735 -488.615326 2641.475830
59.772537 -955.073120 2643.747803
1 1 1
150.333130 705.924988 2708.086426
138.518845 473.302582 2690.619385
317.344421 466.624451 2656.805908
490.762299 297.869446 2532.910645
285.545685 542.022034 2415.566650
-40.306732 479.980713 2724.432861
-103.078033 130.760101 2787.010254
-138.276154 -154.795349 2647.485352
124.637733 232.293747 2664.806641
220.771927 -12.823547 2618.191406
246.426056 -497.424042 2628.645020
246.373520 -961.510803 2602.179688
0.741302 -4.606628 2659.796387
43.259377 -488.240570 2655.233643
50.196262 -954.886963 2661.446289
1 1 1
151.915268 706.592407 2715.248047
139.724197 474.222900 2692.990479
318.753326 467.767609 2660.168213
492.391541 295.939697 2535.480957
262.619781 528.425781 2426.224365
-39.304947 480.678192 2725.812744
-108.530067 134.368591 2785.020996
-141.019211 -152.020905 2645.515625
125.705002 233.605118 2663.845703
221.835358 -10.984344 2614.506592
249.205475 -495.195862 2634.944580
240.237488 -956.234009 2577.025146
1.536263 -3.040985 2654.895264
41.115387 -486.961060 2648.817627
50.249386 -953.538696 2643.220947
1 1 1
153.469818 709.281067 2728.806641
140.574036 477.383820 2698.919189
319.928680 470.705048 2667.983154
490.228943 294.988708 2536.252441
249.628967 526.135010 2433.857666
-38.780579 484.062592 2729.855225
-108.734917 134.658875 2787.510010
-146.021957 -150.666534 2644.041504
125.646896 237.618073 2664.140137
221.077164 -6.257141 2610.326172
251.220764 -489.565002 2643.229492
235.260223 -947.130615 2561.037842
0.362357 1.961792 2648.395996
37.099964 -482.181580 2640.465820
51.152416 -948.557800 2647.454590
1 1 1
152.975189 706.833923 2726.084229
140.451935 475.380432 2697.814209
320.132935 468.971436 2668.779541
488.604279 292.495026 2538.644043
259.010193 534.235779 2432.936035
-39.229061 481.789429 2726.848877
-108.883530 138.830811 2785.230225
-144.529037 -149.186676 2645.075928
126.389145 235.416321 2663.754883
222.884048 -8.491257 2611.830566
251.194229 -492.391541 2638.548096
245.302780 -954.632324 2594.540527
1.768665 -0.604324 2647.560547
38.865211 -484.777039 2644.152588
50.416302 -951.252808 2656.125732
1 1 1
154.705246 708.588135 2734.235352
142.710907 476.557068 2701.197510
322.692657 470.107361 2674.105469
489.321960 293.257263 2539.344971
292.549011 557.848328 2425.069824
-37.270824 483.006775 2728.289551
-110.424438 138.398407 2785.120117
-148.948151 -149.421844 2641.804932
128.496262 237.104187 2663.770020
225.024246 -6.317184 2609.672852
252.053360 -490.497253 2634.113770
245.771606 -954.891846 2602.755859
3.538976 1.619827 2643.012207
39.200062 -482.664673 2644.645508
52.432598 -949.223145 2646.008789
1 1 1
155.228134 708.182068 2727.783691
143.095032 476.139099 2698.640625
323.281342 469.874329 2672.861084
491.145935 298.625977 2535.666748
342.463257 585.062378 2413.079834
-37.091259 482.403809 2724.420166
-112.729141 135.208282 2782.031494
-153.374832 -160.350708 2648.601074
129.771164 236.234924 2663.812500
227.312027 -7.523804 2613.122803
253.975220 -491.159760 2646.477783
241.575806 -953.092529 2590.161621
5.582568 0.185333 2644.845947
37.748302 -484.204193 2654.305176
56.132858 -950.631287 2650.619141
1 1 1
156.477234 710.152405 2735.095459
144.544586 478.006256 2701.891357
324.749451 471.843872 2676.164307
493.075073 296.809845 2534.358154
399.355042 599.581848 2407.043213
-35.660286 484.168640 2727.618408
-114.361565 135.098633 2781.540771
-160.647751 -162.853821 2649.922119
130.932220 238.602264 2663.887451
228.194672 -4.593262 2610.054443
254.646866 -488.411530 2641.819824
235.742645 -949.219116 2574.583984
6.445031 2.989807 2641.712646
37.205784 -481.582123 2647.782959
56.130058 -948.072144 2647.628906
1 1 1
155.131516 710.970459 2738.761963
144.630127 478.935455 2703.505615
324.960297 473.515625 2678.492432
494.025085 299.415710 2530.222656
456.784882 610.737061 2398.432373
-35.700027 484.355286 2728.518799
-116.196281 134.028503 2783.292480
-163.450302 -164.348022 2643.625732
131.929901 239.749725 2663.770508
230.185577 -2.770782 2608.645020
247.990753 -487.321625 2632.772949
246.124542 -951.068787 2596.193848
8.273767 3.898773 2639.425781
39.213440 -480.579773 2650.499023
54.620049 -947.224426 2648.241211
1 1 1
154.465027 708.426575 2730.554443
143.947815 476.628845 2701.009277
324.412842 471.152405 2676.997070
496.999329 302.703125 2527.599365
504.133728 616.231323 2392.889648
-36.517227 482.105286 2725.021484
-120.611267 135.525269 2781.124512
-164.608444 -165.342133 2634.061279
131.865356 236.852814 2664.887695
230.822021 -6.292831 2613.991699
250.164764 -489.798950 2651.798340
239.354813 -949.865662 2585.075195
8.743769 0.446396 2643.540527
34.773140 -484.380615 2650.972412
55.460617 -950.752869 2655.727051
1 1 1
155.548813 709.744934 2736.478516
144.958527 477.621887 2703.399658
325.564117 471.833099 2680.553223
502.513123 300.850220 2521.833008
541.757507 610.064270 2384.181152
-35.647076 483.410645 2726.246094
-120.794556 139.255371 2778.070801
-165.936234 -166.657715 2636.736084
132.408386 238.241333 2664.841309
230.984772 -4.701035 2612.225586
249.116394 -489.043518 2637.668213
241.248444 -952.287720 2593.256104
8.731725 2.422623 2640.340332
35.962040 -482.363708 2648.212646
53.282616 -948.712280 2640.488281
1 1 1
156.749908 712.149109 2749.423828
145.787888 480.797455 2708.986328
326.550476 474.886993 2687.461914
506.279236 302.937134 2518.430664
569.198364 608.520508 2382.971191
-34.974720 486.707916 2730.510742
-117.375748 138.108521 2778.040527
-165.570221 -166.314178 2633.940674
132.724579 242.488525 2664.718018
230.884674 0.542877 2607.205811
246.491074 -484.258362 2627.126221
243.632965 -949.363220 2605.269775
8.437871 7.816315 2633.693604
37.351257 -476.781830 2645.795654
51.028622 -943.383911 2640.589355
1 1 1
155.996841 708.641907 2736.386719
144.257095 477.972961 2704.344971
324.982727 472.309631 2682.416504
507.143860 304.476074 2515.701660
583.714844 608.480347 2383.741455
-36.468521 483.636292 2726.273438
-120.183548 141.051208 2778.003418
-166.103607 -166.422333 2635.347656
132.034378 238.709518 2665.402832
231.009201 -4.038498 2612.968506
248.149063 -488.731140 2636.017334
244.089188 -954.676025 2619.048096
8.614120 2.930618 2639.952881
37.802063 -481.383240 2659.261475
52.018478 -948.049316 2655.309326
1 1 1
155.774429 708.344543 2729.862305
144.413956 476.577881 2701.479736
324.977539 470.640503 2678.337891
503.582031 302.746002 2516.822021
579.472839 608.400513 2382.488525
-36.149666 482.515259 2724.621582
-116.578796 140.021484 2777.492188
-165.753265 -166.497131 2633.389160
131.944763 236.801270 2665.706787
230.576797 -6.628616 2615.694580
245.269180 -491.683411 2622.851074
244.324524 -958.028076 2621.553467
8.374358 0.677933 2644.173096
35.435719 -483.971802 2656.222412
54.541451 -950.102295 2640.947754
1 1 1
156.583237 711.204712 2736.639404
144.764313 479.042114 2704.136963
325.342041 472.734192 2681.181152
499.301544 298.364197 2521.443359
560.304504 608.298401 2386.022949
-35.813408 485.350037 2727.092773
-113.278923 141.009003 2779.770264
-166.086517 -166.444946 2638.381348
131.543549 239.660065 2665.916504
229.429810 -3.603165 2613.571777
251.065552 -488.515991 2620.162598
237.861023 -954.758667 2613.891113
7.215773 4.159195 2641.820312
38.618881 -480.330811 2648.591797
52.834427 -946.793945 2645.333008
1 1 1
159.716324 713.592957 2740.040283
146.997513 481.487762 2706.208984
327.486816 474.717926 2682.692871
495.169434 297.661041 2525.244873
515.021912 608.897095 2386.001465
-33.491821 488.257599 2729.725098
-111.615524 141.010284 2778.934082
-164.478455 -171.826447 2647.547363
132.868958 242.362122 2666.609619
229.794510 -0.928955 2612.541016
250.885971 -485.811462 2625.214355
239.508682 -952.258972 2614.899170
7.686287 7.401917 2641.479492
36.441269 -477.313965 2646.051270
57.186539 -943.621826 2642.206787
1 1 1
159.408722 706.622803 2721.209961
145.854385 475.507294 2698.482422
326.662415 467.989624 2678.044922
493.013214 291.284729 2528.111816
464.569916 598.909302 2394.051025
-34.953651 483.024963 2718.919922
-107.872658 142.560455 2777.971680
-158.716217 -175.438080 2646.719238
132.264725 235.309418 2666.609375
229.941467 -9.514709 2622.159424
249.272186 -494.557190 2634.099121
244.073151 -961.220581 2624.342773
7.408654 -0.262207 2647.313232
40.193771 -484.708984 2653.851074
53.788094 -951.322510 2653.234619
1 1 1
161.428696 709.155029 2722.308594
148.119110 476.962341 2698.870850
328.822693 469.380615 2677.448486
493.513763 291.635681 2531.025635
410.224091 588.090210 2401.587646
-32.584473 484.544006 2720.293213
-111.917152 145.780640 2775.046631
-155.531067 -176.616516 2650.218994
134.223450 236.755325 2666.669434
231.506592 -8.116348 2621.287842
251.828552 -493.212280 2624.453369
245.987045 -959.934631 2613.766602
9.148978 1.212997 2647.648193
41.601509 -483.256958 2646.163818
54.682335 -949.964661 2645.819092
1 1 1
161.845367 704.847900 2712.333252
148.164764 473.604675 2694.437500
329.080078 465.371155 2675.200684
491.729370 291.799591 2535.501709
350.471313 569.622803 2416.523193
-32.750546 481.838135 2713.674316
-108.984009 147.414246 2776.510986
-150.502243 -168.989227 2638.821289
134.240448 232.866425 2666.521240
231.635971 -12.938004 2626.768311
251.027176 -497.897827 2639.086914
247.826675 -964.173828 2617.432373
8.996289 -2.805618 2650.441650
40.750401 -487.360657 2647.740234
53.120892 -954.125122 2648.547119
1 1 1
162.484833 707.651245 2717.367432
148.683136 475.614746 2695.857910
329.186066 467.625366 2673.164551
493.340393 288.882446 2539.251953
306.891785 546.695312 2432.661133
-31.819771 483.604126 2718.551270
-107.010658 150.223450 2775.278809
-155.002579 -160.370270 2630.896240
134.228027 235.175476 2665.530273
230.849182 -10.180237 2621.237793
254.226608 -494.728668 2640.798096
239.511383 -956.389282 2583.917725
8.696648 -0.347351 2649.167480
39.774246 -484.946564 2644.201660
55.113892 -951.630432 2646.023438
1 1 1
162.347946 706.691528 2709.859863
148.222458 475.512604 2692.311768
328.419403 467.612549 2667.229736
493.690948 289.958405 2543.103516
279.228577 533.488464 2440.419678
-31.974464 483.412659 2717.393799
-105.982552 147.094604 2772.134033
-149.966370 -159.107788 2621.712402
133.916565 234.658279 2665.395020
230.481277 -11.056747 2623.045898
252.154953 -495.880737 2638.640869
242.386200 -960.123535 2604.885254
8.740052 -1.335342 2653.910645
45.290653 -485.548828 2651.144775
49.937477 -952.317261 2647.765625
1 1 1
162.118225 708.062744 2716.141602
148.675323 476.287018 2694.888916
328.773407 468.651794 2668.909424
494.338196 290.473846 2545.067139
264.754639 528.429077 2444.890137
-31.422779 483.922241 2720.868408
-105.994614 148.046844 2775.601074
-152.953186 -154.642517 2622.994873
134.206238 235.749359 2665.276855
230.540619 -9.485794 2619.681152
253.850128 -493.741577 2645.364990
237.398346 -951.987793 2571.485352
8.933681 -0.090805 2651.648438
42.886070 -484.380188 2642.159668
54.128098 -951.072266 2642.315674
1 1 1
162.136749 707.899902 2710.248047
148.471848 475.912994 2692.481934
328.849640 467.746155 2668.723633
494.655060 290.725586 2546.530273
270.542297 538.160583 2444.116943
-31.905941 484.079834 2716.240234
-107.012131 145.539062 2771.777344
-149.507645 -155.732269 2616.831787
133.976669 235.091583 2665.212891
230.469360 -10.754959 2623.325195
253.994995 -495.206726 2646.273438
242.590652 -957.534546 2598.336914
8.493626 -0.704697 2652.562500
38.559837 -485.289856 2651.720703
55.175072 -951.070923 2632.599121
1 1 1
161.333618 702.927734 2706.833740
149.865494 470.640808 2690.591064
330.844482 462.688477 2672.683105
495.298035 292.840149 2547.292969
295.743103 559.026733 2435.647461
-31.113478 478.593140 2708.499023
-107.534470 144.290558 2771.399902
-147.144440 -157.957306 2614.848633
136.739395 229.551498 2664.997070
235.019333 -16.433044 2628.379395
260.064545 -500.841614 2651.475586
241.959503 -961.785278 2587.973389
12.207258 -6.642548 2650.426758
42.797321 -491.261017 2649.817139
60.154709 -957.331665 2632.469482
1 1 1
163.149719 704.168274 2705.128174
152.120224 470.562805 2689.062256
333.247986 462.972412 2671.996826
498.123810 289.438629 2549.212158
345.698975 576.653076 2434.592041
-29.007536 478.153137 2706.127686
-109.801651 148.124390 2764.676758
-152.588745 -155.494354 2614.483887
139.569595 229.472122 2663.085205
238.434631 -16.287552 2626.610840
254.141769 -501.239136 2632.911621
246.072021 -965.132324 2595.772949
15.603292 -6.949539 2647.605469
43.350674 -491.751709 2649.761719
60.593342 -958.058105 2635.916504
1 1 1
161.992172 705.264160 2704.761475
151.673035 469.950256 2688.950439
332.671997 462.641327 2670.252197
499.555664 290.721802 2545.585693
398.378540 591.220459 2423.666992
-29.325926 477.259155 2707.648682
-108.901260 145.057892 2766.872559
-148.779236 -157.734314 2617.209961
139.212524 228.893585 2662.558105
238.107300 -16.659714 2624.662109
255.051880 -501.677795 2635.196045
236.300079 -966.057007 2600.074951
15.396734 -7.666428 2647.669434
42.101494 -492.490967 2654.241455
51.134415 -958.893127 2636.822021
1 1 1
160.102951 703.111511 2705.067139
148.985886 467.160461 2688.889404
329.762299 460.184998 2667.999268
501.775024 297.364960 2539.769531
458.767395 609.327698 2419.678223
-31.790525 474.135925 2709.779541
-107.448105 146.024841 2774.954102
-149.806717 -154.650360 2622.240723
136.655365 226.072891 2662.686768
235.553391 -19.306549 2623.630859
250.961258 -504.465820 2634.955322
238.383408 -969.852783 2606.250244
13.096296 -10.722778 2649.337402
38.304024 -495.664215 2654.348877
51.433632 -962.177612 2643.065186
1 1 1
160.231110 701.114136 2705.732910
148.431396 466.001282 2688.646484
329.312683 458.664307 2668.696045
509.408020 299.664673 2537.937744
514.117310 612.226929 2415.629150
-32.449890 473.338257 2708.596924
-110.210793 151.025543 2770.946289
-151.346222 -152.216064 2624.874023
135.734436 224.960739 2662.173828
234.325134 -20.593903 2623.426758
250.772415 -505.827179 2631.674316
239.007553 -971.769043 2608.337402
11.749825 -11.565704 2647.975586
36.339882 -496.563507 2649.550293
53.663528 -963.023682 2639.926270
1 1 1
157.925400 703.986572 2714.074219
147.529968 469.026001 2692.360352
328.386353 462.457397 2671.863525
514.193176 305.329926 2530.979736
567.926453 613.220703 2414.710938
-33.326431 475.594635 2712.857178
-111.113518 148.010315 2776.001465
-158.745209 -155.605774 2627.690430
135.359924 228.437012 2662.077637
234.466095 -16.193497 2619.183594
259.866028 -498.851013 2655.700439
236.348511 -952.484985 2569.787109
11.913675 -8.110489 2644.406250
39.793335 -492.919800 2647.788086
56.412247 -959.483887 2640.252930
1 1 1
157.376022 706.635010 2718.260742
147.628860 471.003479 2694.381836
328.423065 464.827118 2673.190918
517.586060 309.667389 2525.008789
602.937195 612.809814 2410.940918
-33.165375 477.179871 2715.572754
-114.062836 147.493164 2776.054443
-162.209579 -158.800690 2624.020752
135.682220 230.595505 2662.526855
234.975159 -13.612701 2617.633301
256.324341 -497.611847 2636.346191
240.062134 -957.807373 2598.834229
12.496004 -6.012268 2643.710449
40.621933 -490.825592 2646.242432
54.726471 -957.510376 2644.714111
1 1 1
157.489090 705.854553 2721.328369
147.792374 470.766724 2695.608887
328.802002 464.251831 2676.539795
522.804688 310.334717 2522.032715
626.036804 615.577637 2419.075195
-33.217236 477.281677 2714.677979
-111.023285 146.240814 2778.518799
-163.465912 -161.723358 2625.572021
135.642029 230.554108 2662.341797
234.871597 -13.667328 2617.341064
255.701050 -496.988129 2651.695068
235.023422 -953.244141 2576.277832
12.111759 -5.649719 2640.808350
39.292015 -490.526703 2642.037842
54.188324 -957.213135 2643.403564
1 1 1
159.053406 707.898804 2722.358643
148.782684 473.279541 2696.012207
329.984863 466.346649 2679.087646
521.910767 310.665924 2521.042236
636.593750 613.316406 2414.364014
-32.419510 480.212433 2712.936768
-111.005951 146.118622 2776.246338
-164.159332 -162.587372 2622.871338
136.409195 233.193512 2661.882812
235.531754 -11.158417 2617.339600
258.609436 -495.151489 2643.375244
236.659637 -956.333252 2597.506592
12.539650 -2.626617 2638.167236
45.586796 -487.063599 2643.478516
53.783592 -953.885437 2645.778564
1 1 1
159.974686 711.161072 2732.382080
149.700836 477.097717 2700.688477
330.986725 470.704315 2684.364746
519.958252 308.336639 2524.040039
624.794067 612.971680 2410.071289
-31.585030 483.491089 2717.012207
-110.999397 147.047852 2776.144775
-164.839600 -163.617340 2622.999023
137.820190 237.622955 2662.538574
237.478729 -5.785431 2614.345215
257.516907 -490.388184 2633.184814
240.961090 -954.277588 2602.756836
14.400360 2.081848 2634.432129
42.954475 -482.566589 2643.938232
54.042690 -949.327881 2641.314941
1 1 1
160.636856 708.713867 2727.376953
149.620239 476.047546 2698.879395
331.137909 469.457886 2685.777588
512.457520 302.654144 2527.527832
592.457153 612.497559 2410.607178
-31.897415 482.637207 2711.981201
-115.520721 150.540588 2774.559326
-165.246338 -163.859253 2623.022705
138.316315 236.199646 2662.903076
238.713287 -7.703369 2618.864258
257.555359 -491.415283 2652.922363
237.797241 -951.591919 2589.814453
15.311501 0.406830 2634.989258
40.146736 -484.253632 2650.949707
55.198483 -950.433105 2634.481689
1 1 1
162.047699 702.546753 2717.864746
150.454773 470.604797 2694.925293
332.117126 463.083435 2684.798096
506.193359 300.803070 2530.750244
547.152832 613.649170 2408.050049
-31.207573 478.126160 2705.052490
-117.792336 151.800812 2773.266602
-164.766571 -163.093658 2617.013916
138.725525 230.217484 2663.058105
238.778168 -14.797928 2624.959229
254.153839 -499.065918 2654.828125
234.830597 -958.304688 2579.497314
15.214409 -5.541702 2637.422607
42.381012 -490.138489 2652.704102
51.388901 -956.684692 2641.106689
1 1 1
162.875870 699.643616 2710.597656
151.298355 467.364288 2691.818115
332.934265 459.425232 2681.173584
504.603760 296.903076 2539.342285
487.859741 600.818359 2405.231934
-30.337557 475.303345 2702.462646
-121.887215 159.403656 2767.614990
-161.309540 -159.232574 2620.848877
139.076477 226.631409 2662.812988
238.601669 -18.985779 2627.259033
253.222687 -503.838409 2640.308105
237.105011 -966.843018 2600.368408
15.107531 -9.217163 2640.356689
40.569618 -494.049530 2648.284912
52.044136 -960.696167 2644.398193
1 1 1
163.755890 701.432495 2706.449219
152.567505 467.826141 2690.230713
334.225189 459.634644 2679.966064
505.303040 290.948975 2545.137207
424.793213 578.905151 2413.442139
-29.090195 476.017639 2700.495361
-121.941742 163.712646 2766.259521
-159.628326 -155.788605 2623.080811
140.172699 226.862137 2663.170166
239.544373 -19.141754 2629.794189
254.401215 -504.263763 2633.908936
242.401154 -969.210083 2611.993896
16.011414 -9.061981 2642.425049
39.211342 -494.076874 2645.920654
54.421886 -960.638916 2649.018311
1 1 1
164.770752 702.893921 2704.873779
153.804626 469.405701 2689.511230
335.417175 461.156738 2678.445801
500.156738 294.477173 2542.495361
356.732635 560.247864 2420.799072
-27.807917 477.654633 2700.576660
-124.960762 167.860718 2761.121582
-158.418427 -153.659180 2622.056152
141.267242 228.325684 2663.457275
240.472626 -17.829742 2630.594971
254.719833 -502.806000 2644.991943
238.464844 -963.703247 2586.782471
16.987085 -7.678894 2644.211670
36.570511 -492.878204 2646.875732
56.743912 -959.155640 2640.045410
1 1 1
166.082977 705.493286 2713.638184
153.884079 472.728119 2692.666016
335.317566 464.743835 2679.015625
496.048248 296.717865 2545.251953
303.860901 538.974243 2431.105713
-27.549404 480.712402 2706.316406
-120.505905 168.951111 2762.584473
-158.100372 -152.130249 2621.027832
141.034439 232.158966 2662.586426
239.829254 -13.323273 2624.107178
251.854645 -498.583527 2630.035156
238.427917 -962.221191 2590.431396
16.540340 -3.497101 2640.906494
35.582775 -488.735291 2640.031494
53.746590 -955.154053 2631.082764
1 1 1
167.394730 707.725586 2718.020020
154.120895 476.112732 2693.942627
335.278839 468.021423 2677.233887
495.007294 298.343262 2549.129883
271.340332 524.888184 2442.025879
-27.037069 484.204041 2710.651367
-117.765091 170.988464 2763.318848
-158.414001 -151.225647 2622.596680
140.418182 235.858292 2661.720459
238.190262 -9.375107 2619.216553
250.959381 -494.169739 2638.753662
235.362732 -956.080322 2580.294678
15.240690 0.582809 2639.780029
33.862625 -484.614258 2633.252686
55.663742 -950.712830 2639.562256
1 1 1
166.722824 709.105469 2722.231445
152.487183 477.320862 2695.796875
333.587097 468.954041 2678.420654
496.010132 297.658508 2552.089600
259.093872 521.275513 2446.786377
-28.612740 485.687683 2713.173096
-114.872406 170.995880 2761.205078
-158.273132 -150.410980 2621.327148
138.123199 237.366272 2661.631348
235.178833 -7.735901 2616.775391
253.128326 -491.200165 2653.318115
233.096924 -949.850159 2573.879639
12.339622 2.559296 2638.156250
34.337986 -482.511963 2631.746582
46.409431 -948.872925 2643.834473
1 1 1
166.624130 710.497742 2722.779541
152.215088 478.701813 2696.468750
333.351562 469.938049 2679.579590
496.060089 294.778931 2554.083252
262.360779 528.110168 2449.217529
-28.921385 487.465576 2713.357910
-115.386986 171.047852 2761.017822
-157.392868 -150.131042 2618.300293
137.436005 238.735168 2662.480713
234.103867 -6.623520 2618.101318
251.981094 -490.945923 2642.261963
240.163528 -953.658569 2596.027588
11.209974 4.160568 2638.884033
36.641251 -480.753723 2638.547119
52.417625 -947.216064 2644.937500
1 1 1
167.672455 710.694458 2724.070312
152.664917 478.887909 2697.533203
334.005676 469.029480 2684.149658
499.537048 288.389404 2561.548340
293.869690 543.563660 2449.623535
-28.675827 488.746338 2710.916748
-113.686234 167.524170 2762.489014
-157.262115 -150.560852 2615.480713
137.085159 239.028564 2663.116455
233.103348 -6.897705 2620.463379
255.238831 -490.436829 2655.489014
237.395584 -949.086914 2580.308594
9.907447 5.236145 2636.936035
35.959457 -479.669769 2638.922852
53.157520 -946.192383 2640.138184
1 1 1
166.410843 707.569580 2723.728027
151.809418 476.506287 2697.160156
333.230774 466.337524 2684.906982
501.277039 285.183289 2566.317139
338.592163 561.301636 2446.701416
-29.611961 486.675079 2709.413330
-113.837456 168.270477 2759.711914
-157.678909 -150.528442 2617.601562
136.031158 236.680420 2662.573730
231.869873 -9.401657 2620.448730
256.480713 -493.163574 2652.801025
234.798920 -952.335205 2576.183105
8.635940 3.110733 2635.525879
39.994743 -481.369934 2643.618896
51.115040 -947.791992 2632.178467
1 1 1
166.119736 706.796326 2723.045166
151.536530 475.455780 2697.020020
333.034637 465.014313 2686.092285
503.140778 290.084747 2566.185303
395.931549 584.714661 2439.136230
-29.961601 485.897247 2707.947754
-112.918312 169.643219 2758.815674
-153.983032 -150.018799 2619.546387
135.670227 235.598236 2662.680908
231.474396 -10.683640 2621.618408
254.805145 -495.110229 2641.537598
239.883804 -958.093811 2598.296387
8.133461 2.165024 2635.065186
39.818382 -482.371826 2639.511475
55.028526 -948.864014 2635.286133
1 1 1
165.751984 706.276306 2722.772461
150.989395 474.582642 2696.188721
332.518066 464.028442 2685.750244
504.083923 293.516815 2561.224121
450.152283 603.507568 2440.378418
-30.539276 485.136841 2706.627197
-115.450813 167.327057 2756.900879
-159.242676 -154.699829 2617.029785
135.047836 234.793121 2661.406250
230.795135 -11.490051 2620.201416
252.578766 -496.034546 2641.872314
237.723572 -956.951721 2577.534424
7.417427 1.497284 2633.046143
39.981724 -482.919891 2642.217773
55.220650 -949.437744 2633.665039
1 1 1
