5.622945 796.488770 2776.505127
7.271236 564.120239 2752.180420
183.099747 567.091003 2728.755615
266.766968 225.489105 2762.679688
288.519775 -69.552063 2616.284180
-168.557266 561.149536 2775.605225
-222.036209 216.698883 2777.355225
-222.460678 -64.617401 2640.787354
8.219266 323.737366 2728.810791
119.670975 85.221512 2690.719238
141.302216 -395.102966 2737.988037
125.549393 -813.758484 2657.956299
-101.336380 81.487442 2720.163086
-66.644905 -397.552673 2772.954346
-18.964184 -815.167908 2708.987061
0.879669 1.391876 -3.270752
-3.729324 -2.404724 -16.947998
5.833876 792.045837 2770.721436
8.287613 559.433716 2749.513672
184.219345 562.543701 2726.825195
268.378479 228.241272 2758.339355
288.699432 -68.687592 2613.833984
-167.644119 556.323669 2772.202148
-219.424301 224.505676 2774.960938
-222.515457 -61.573273 2645.040039
9.813875 318.817352 2728.366211
121.902527 80.155441 2692.960449
146.220078 -398.392883 2753.487305
126.009346 -815.760864 2669.924805
-99.222260 76.246567 2721.477051
-65.264198 -401.757141 2782.813721
-18.003799 -818.401062 2717.020508
0.179657 0.864471 -2.450195
0.459953 -2.002380 11.968506
8.531091 792.688599 2777.326416
10.422894 560.548218 2751.593994
186.323639 563.509583 2728.602783
269.187439 227.618469 2757.172607
288.802979 -69.123779 2609.784424
-165.477844 557.586853 2774.585205
-221.214203 216.254547 2777.482178
-222.423691 -65.322540 2640.831299
11.335056 320.185699 2727.613037
122.792168 81.684219 2689.183350
142.960907 -397.598328 2745.962158
124.278275 -815.820862 2668.068359
-98.297737 77.962112 2718.080811
-67.176598 -400.919800 2773.825684
-18.123390 -812.862427 2715.957275
0.103546 -0.436188 -4.049561
-1.731071 -0.059998 -1.856445
9.072355 787.342651 2781.628906
10.576491 556.309204 2752.878418
186.490952 559.270264 2729.967773
269.094696 229.309235 2758.589600
288.763306 -68.807526 2608.562500
-165.337967 553.348145 2775.789062
-222.606201 211.626495 2778.244385
-222.248962 -67.836426 2635.976562
11.200500 316.171326 2726.633301
122.379692 77.894379 2685.989746
139.616562 -400.996674 2747.237305
123.283066 -817.465698 2668.227295
-98.730675 74.172516 2714.786621
-67.787117 -403.896515 2777.173828
-18.954250 -819.077026 2713.379639
-0.039673 0.316254 -1.221924
-0.995209 -1.644836 0.158936
6.937004 787.185425 2772.281738
10.104174 555.358521 2750.010986
186.025711 558.722412 2727.201904
268.546875 232.153809 2759.797852
288.878784 -69.488770 2611.391846
-165.817368 551.994629 2772.820068
-223.304611 208.314056 2779.117676
-222.309006 -70.002319 2635.205078
11.853895 314.822510 2728.031738
124.164520 76.400604 2691.717773
142.053253 -401.987793 2756.861572
126.631470 -816.330933 2676.935059
-96.957291 72.172394 2720.387207
-65.730728 -405.941895 2782.628662
-17.988064 -811.643677 2726.934326
0.115479 -0.681244 2.829346
3.348404 1.134766 8.707764
4.922459 790.426453 2767.586426
7.508858 557.764404 2748.905029
183.339813 561.071411 2725.402100
268.277771 232.080475 2758.895508
289.178772 -69.999969 2609.026855
-168.322113 554.457336 2772.407959
-223.647675 206.653778 2779.057373
-222.471603 -70.935516 2634.779297
9.416113 317.007874 2729.297363
121.828247 78.329758 2694.918701
137.186203 -401.040771 2752.896729
121.088623 -810.990051 2674.307617
-99.181503 74.172958 2724.460693
-71.790482 -404.015747 2787.964600
-22.604549 -809.320801 2723.739014
0.299988 -0.511200 -2.364990
-5.542847 5.340881 -2.627441
3.731344 790.153870 2765.245117
5.901641 557.247437 2748.461914
181.721680 559.954468 2724.800049
267.141724 231.538452 2759.441650
286.233246 -70.014130 2606.880127
-169.918396 554.540527 2772.123779
-224.320618 205.829254 2779.526367
-220.082504 -73.744995 2639.784180
7.115374 316.384827 2729.925537
118.826843 77.223450 2696.518311
138.850662 -401.303131 2759.766113
121.206993 -812.563965 2673.154297
-102.168640 73.820923 2726.260010
-74.169029 -404.714966 2786.898193
-22.682243 -812.015015 2718.635010
-2.945526 -0.014160 -2.146729
0.118370 -1.573914 -1.153320
1.947458 789.648071 2764.075439
4.747163 556.545776 2749.097656
180.591782 559.403198 2725.629395
267.068024 230.770416 2760.715820
284.518066 -71.193542 2609.229004
-171.097458 553.688354 2772.565918
-223.358261 214.017395 2778.163086
-221.379639 -69.244720 2642.189941
6.306277 315.608856 2731.444336
118.378067 76.467712 2699.041992
138.861816 -403.304077 2751.094238
123.152084 -813.986206 2672.303955
-102.647293 72.876160 2728.540039
-71.493576 -405.850494 2785.998291
-21.328938 -813.775269 2723.202881
-1.715179 -1.179413 2.348877
1.945091 -1.422241 -0.850342
-0.183430 787.300537 2764.996826
2.424783 554.729370 2750.328369
178.059769 557.306335 2725.352051
266.035400 227.384766 2759.856201
285.994904 -72.156311 2612.989746
-173.210190 552.152405 2775.304688
-224.400009 219.256927 2777.744141
-223.029465 -63.719818 2639.218018
3.473479 313.771271 2732.841797
114.907494 74.432785 2699.657959
135.958511 -406.154480 2743.496338
120.832588 -815.150024 2670.513916
-105.863136 71.193588 2731.052490
-73.683304 -408.102478 2782.757568
-25.637482 -812.098755 2726.979248
1.476837 -0.962769 3.760742
-2.319496 -1.163818 -1.790039
-2.854341 789.519043 2774.473389
1.026247 556.310486 2753.663574
176.637405 560.157898 2728.689453
265.514771 220.693146 2758.422607
281.692261 -73.864502 2608.906982
-174.584915 552.463135 2778.637695
-225.872849 219.668610 2778.731201
-225.194305 -62.412750 2637.438965
3.354417 315.637939 2732.957764
116.049690 77.383377 2696.556396
136.839081 -403.729431 2734.970459
124.795807 -808.106995 2670.343018
-104.684517 72.547379 2727.947510
-69.795204 -407.075073 2774.539551
-21.037815 -810.853943 2722.129150
-4.302643 -1.708191 -4.082764
3.963219 7.043030 -0.170898
-4.634328 792.322632 2768.686523
0.073992 558.147888 2753.265869
175.679642 561.806946 2728.196533
265.257782 214.347107 2759.207520
274.600800 -78.136688 2608.666748
-175.531662 554.488831 2778.335205
-227.855850 222.154419 2781.996826
-224.877136 -60.821136 2642.053467
2.582021 317.235626 2735.671387
115.450668 78.622925 2702.321777
135.699158 -401.754272 2749.100342
122.727570 -806.788513 2680.480957
-105.270569 74.023804 2733.832031
-72.098389 -405.457977 2783.242188
-21.690369 -812.127991 2731.004395
-7.091461 -4.272186 -0.240234
-2.068237 1.318481 10.137939
-6.124902 790.690247 2765.301025
-0.924033 556.264282 2752.649902
174.669556 560.296814 2727.541504
267.628021 214.674561 2753.602051
269.186218 -80.950623 2609.399902
-176.517609 552.231812 2777.758301
-227.088318 222.675507 2782.991455
-227.320038 -61.693298 2645.665527
2.329599 315.236389 2736.694092
115.937691 76.742752 2704.958496
135.318237 -404.366943 2743.923584
124.146904 -809.894165 2674.496826
-104.771233 71.674210 2736.518066
-72.719437 -408.234192 2782.475342
-21.550533 -814.652161 2726.249268
-5.414581 -2.813934 0.733154
1.419334 -3.105652 -5.984131
-8.628912 796.449341 2785.120361
-3.429850 563.239868 2760.629883
172.162521 568.512939 2735.766846
262.814270 212.841827 2751.780762
266.515076 -83.829895 2606.420166
-179.022232 557.966797 2785.492920
-228.681931 222.723480 2784.614014
-231.376022 -62.183472 2648.288574
0.350240 323.044861 2736.384521
114.487114 86.163849 2696.513184
132.424103 -395.455597 2729.821777
121.880676 -797.585449 2663.488770
-106.226448 79.535797 2727.765137
-74.059242 -400.598175 2771.344971
-23.479408 -803.790344 2714.031006
-2.671143 -2.879272 -2.979736
-2.266228 12.308716 -11.008057
-8.949352 794.820068 2795.523193
-4.365014 561.891602 2764.526367
171.413361 566.974060 2740.988770
255.423676 214.433502 2757.389893
260.502045 -82.057983 2603.495361
-180.143372 556.809204 2788.063965
-229.050110 227.475739 2787.318359
-232.971268 -58.308746 2652.791504
-1.256489 322.122986 2735.967773
112.325043 85.548553 2692.616211
129.886307 -395.682556 2731.519043
121.000870 -807.115601 2666.556152
-108.620972 79.160126 2722.202148
-79.249870 -400.702545 2770.312012
-24.410587 -811.704590 2719.342041
-6.013031 1.771912 -2.924805
-0.879807 -9.530151 3.067383
-12.773478 796.756836 2799.731689
-8.281138 564.797485 2767.126465
167.458344 570.098511 2743.321045
246.210159 218.715729 2760.196533
261.649384 -83.298737 2609.574707
-184.020630 559.496399 2790.931885
-227.960754 224.753510 2790.181641
-235.518707 -60.739288 2655.180908
-5.170118 325.201233 2736.739258
108.385864 88.936478 2691.391357
125.970062 -392.618530 2726.398193
118.126190 -803.855103 2667.005859
-112.504059 82.273514 2721.312744
-82.215019 -397.084351 2773.700439
-26.407978 -809.059082 2720.564697
1.147339 -1.240753 6.079346
-2.874680 3.260498 0.449707
-18.436563 794.693787 2792.823486
-12.149309 562.357910 2764.866455
163.368042 568.732971 2739.765625
245.117462 221.368500 2760.097168
257.800781 -80.433258 2611.165527
-187.666656 555.982849 2789.967285
-236.969131 212.868317 2788.576172
-237.927170 -73.504181 2653.449219
-7.339347 322.412048 2737.559082
107.781967 86.472870 2694.476074
128.310211 -394.662628 2733.464355
121.427292 -810.085205 2670.696777
-112.840744 78.459503 2726.027344
-79.180222 -400.884766 2776.489258
-24.094585 -812.899292 2725.938721
-3.848602 2.865479 1.590820
3.301102 -6.230103 3.690918
-21.819611 797.677002 2800.880371
-14.275731 565.602661 2768.489746
161.328705 573.118896 2744.339600
249.064743 222.190948 2760.045898
255.856995 -78.099945 2612.892578
-189.880157 558.086426 2792.639893
-236.380615 222.234222 2790.919678
-236.095062 -66.594910 2660.131592
-8.247610 326.093903 2737.780273
108.143555 91.308868 2691.893066
128.028915 -390.426941 2722.188477
122.870598 -804.469727 2664.734375
-112.582535 81.861359 2722.248535
-81.054817 -398.578094 2761.129883
-23.637764 -806.648071 2720.837891
-1.943787 2.333313 1.727051
1.443306 5.615479 -5.962402
-22.247948 794.110474 2802.410156
-15.251432 562.680786 2768.984619
160.537720 570.398010 2746.288330
243.533936 224.096710 2761.527832
253.589645 -76.542175 2614.266846
-191.040588 554.963562 2791.680908
-236.362122 230.013123 2796.420654
-236.665436 -58.654968 2664.690430
-8.769012 323.221436 2737.771240
108.192078 88.612137 2692.293945
126.432808 -393.565063 2715.941650
122.293747 -812.844971 2667.550781
-112.765259 78.912003 2720.821777
-77.951538 -400.669128 2766.992188
-24.136032 -814.478394 2719.881348
-2.267349 1.557770 1.374268
-0.576851 -8.375244 2.816406
-26.669670 795.898499 2803.666748
-19.430635 564.518555 2770.062500
156.197403 572.628113 2746.266602
239.265121 224.049194 2760.260498
249.484879 -79.706604 2615.433838
-195.058670 556.408936 2793.858398
-237.990631 232.569153 2797.990967
-243.236191 -57.808197 2670.035645
-12.624806 325.074219 2738.691406
104.556946 90.726486 2692.365479
120.406502 -391.723145 2712.605225
117.986229 -806.958252 2667.645508
-116.194901 80.533310 2722.275146
-86.667587 -399.349915 2769.441650
-27.907646 -810.143921 2724.103271
-4.104767 -3.164429 1.166992
-4.307518 5.886719 0.094727
-31.618061 797.588806 2805.801514
-23.488005 566.007202 2771.892334
152.229187 574.539490 2748.896484
236.631287 225.525879 2760.135010
246.350418 -81.892365 2615.121826
-199.205200 557.474976 2794.888184
-238.624985 236.388519 2798.712891
-247.511108 -56.600769 2677.067627
-16.007450 326.614960 2740.230469
101.904701 92.584915 2694.116455
120.336388 -389.934753 2710.373291
119.158180 -805.677490 2668.036865
-118.958488 81.860489 2723.020752
-88.370667 -397.786438 2772.337891
-28.999538 -810.055908 2722.572998
-3.134460 -2.185760 -0.312012
1.171951 1.280762 0.391357
-37.139656 799.359741 2807.872803
-29.896290 567.190063 2773.207275
145.191986 575.865845 2746.161865
235.809418 221.756195 2761.573486
241.956177 -90.887573 2616.825195
-204.984558 558.514343 2800.252686
-241.186035 238.794739 2796.905518
-253.122162 -56.372742 2680.855713
-23.015835 327.853149 2740.974609
93.929695 93.970001 2691.740479
113.145439 -388.677338 2701.706055
113.430946 -804.381348 2661.766357
-126.200447 83.062408 2725.743408
-96.165085 -397.231476 2768.510986
-35.357567 -807.490234 2725.632568
-4.394241 -8.995209 1.703369
-5.727234 1.296143 -6.270508
-38.326206 798.173889 2806.897217
-32.557346 566.073181 2773.427002
142.633575 574.165100 2746.708740
228.514526 238.270294 2760.751709
245.797302 -78.665833 2623.599365
-207.748291 557.981262 2800.145264
-245.200989 239.103027 2796.842529
-256.741058 -55.918671 2680.159424
-26.287697 326.609924 2742.012695
90.069397 92.231506 2693.809082
117.184196 -389.933594 2706.551514
116.877090 -814.622559 2667.627441
-130.105484 82.061829 2727.387695
-93.753990 -397.645569 2771.726318
-30.984478 -810.843323 2722.596924
3.841125 12.221741 6.774170
3.446144 -10.241211 5.861084
-43.786495 797.227539 2805.419922
-36.381294 564.514648 2773.529785
139.075867 572.933044 2748.708252
229.250839 232.629578 2758.882568
240.590652 -81.297638 2614.002197
-211.838440 556.096313 2798.351318
-248.162033 238.205841 2795.169678
-260.656708 -57.231110 2679.535889
-29.165350 324.930206 2743.281250
88.318634 90.636368 2697.433350
117.752296 -391.483459 2699.305176
118.087456 -811.041260 2665.913086
-132.217453 80.055130 2728.632080
-91.692322 -399.107056 2775.362061
-30.625336 -810.925293 2724.720215
-5.206650 -2.631805 -9.597168
1.210365 3.581299 -1.714355
-45.731606 797.023499 2805.178711
-39.533455 563.883667 2774.359619
135.901596 570.850098 2748.904785
227.127136 225.312683 2760.945068
238.358673 -85.227844 2612.012451
-214.968491 556.917236 2799.814453
-250.240601 235.180725 2797.333984
-262.381439 -58.502228 2677.312500
-34.435444 324.274780 2743.919434
80.915405 89.043991 2697.481934
112.142738 -392.890198 2689.571289
113.529160 -812.817444 2663.190430
-139.590271 80.287827 2729.476562
-97.300980 -398.934814 2774.243164
-38.628601 -808.223145 2724.578125
-2.231979 -3.930206 -1.989746
-4.558296 -1.776184 -2.722656
-50.507355 798.415405 2807.561523
-42.174316 565.458740 2776.623779
133.328201 573.765503 2752.034424
223.772995 234.725220 2760.709473
239.800598 -75.236420 2612.554443
-217.676834 557.151917 2801.213135
-258.125183 220.589355 2802.166748
-261.100647 -65.627411 2667.041748
-35.013126 325.830200 2746.784180
82.444862 91.422195 2701.490967
122.000954 -389.139099 2677.719971
122.492119 -804.235229 2664.077881
-138.148743 80.981155 2732.398193
-91.868362 -397.862671 2777.304688
-29.185822 -808.532959 2729.284912
1.441925 9.991425 0.541992
8.962959 8.582214 0.887451
-54.481941 797.360291 2807.243896
-45.404686 564.881592 2777.295166
130.114594 573.632690 2752.925049
223.884064 221.363007 2760.353760
234.917923 -88.375610 2608.024170
-220.923981 556.130493 2801.665283
-261.544128 222.511688 2803.197998
-265.771271 -65.497253 2671.811279
-37.355858 325.075684 2749.152344
80.997017 90.769363 2705.694336
119.995750 -387.341919 2655.882324
123.038193 -811.458679 2662.236816
-139.611084 79.770218 2736.324707
-98.395462 -400.046082 2774.750488
-30.272041 -811.823853 2725.602783
-4.882675 -13.139191 -4.530273
0.546074 -7.223450 -1.841064
-58.987911 797.372314 2806.584473
-49.941971 564.233521 2778.198486
125.623840 573.013672 2754.145264
221.369171 233.320435 2759.741211
234.864655 -80.028687 2613.555420
-225.507782 555.453369 2802.251709
-264.942871 222.233917 2805.568359
-266.284576 -65.845612 2674.156006
-41.558929 324.241425 2751.782227
77.159554 89.767258 2710.249512
120.454071 -383.896362 2632.768066
121.404488 -801.905273 2655.077393
-143.511337 78.731369 2740.482422
-99.961609 -401.378784 2771.857666
-33.798523 -811.345337 2728.997070
-0.053268 8.346924 5.531250
-1.633705 9.553406 -7.159424
-63.105370 795.608093 2805.760254
-54.084259 562.279846 2779.190918
121.624344 571.003479 2756.188232
217.695679 240.273743 2763.717285
235.852951 -70.985840 2612.805420
-229.792862 553.556213 2802.193604
-266.082947 219.981659 2803.688477
-262.470795 -69.423920 2675.311279
-45.420776 322.133179 2754.293457
73.670975 87.469101 2714.939453
127.108688 -378.228333 2605.621094
122.134621 -798.250610 2644.955078
-147.185562 76.503952 2743.852539
-102.852051 -403.674255 2773.797607
-34.120888 -812.380249 2725.793213
0.988297 9.042847 -0.750000
0.730133 3.654663 -10.122314
-64.844429 796.110596 2805.353271
-56.091801 562.753662 2780.023193
119.665459 570.809631 2757.137207
214.609711 244.522308 2767.401855
236.165359 -64.581085 2612.117188
-231.849075 554.697632 2802.909180
-267.561707 219.078400 2804.983887
-258.385437 -71.190277 2678.880371
-48.334068 322.578735 2755.057129
69.881096 87.466751 2715.708008
132.869171 -368.549133 2575.888428
123.028809 -787.980713 2628.904053
-151.033768 77.340897 2744.474121
-109.966736 -403.449585 2768.215576
-34.568535 -808.237305 2721.334229
0.312408 6.404755 -0.688232
0.894188 10.269897 -16.051025
-66.897942 795.336975 2794.116943
-57.810658 561.460327 2777.825439
118.163910 569.446716 2756.707031
212.703079 248.329224 2772.835205
243.060822 -59.859711 2617.124268
-233.785233 553.473938 2798.943848
-270.572510 221.607147 2802.249756
-259.945618 -71.705811 2683.665527
-49.027382 320.790039 2759.999512
70.355148 85.139175 2728.900635
138.083466 -358.153809 2555.498291
127.372467 -761.821594 2631.761230
-150.843369 75.100357 2755.446533
-100.966003 -404.906555 2777.138672
-30.179077 -812.273193 2735.827393
6.895462 4.721375 5.007080
4.343658 26.159119 2.857178
-68.906960 792.219971 2799.062500
-59.049450 558.143066 2780.315918
117.190140 566.812744 2762.020264
214.852386 247.163879 2775.927979
244.239349 -54.990906 2617.286865
-235.289047 549.473389 2798.611572
-271.091309 221.305206 2800.322021
-261.421844 -74.027496 2686.682617
-49.073227 317.474976 2762.371094
71.675980 82.256073 2732.926758
140.022461 -346.205597 2526.185059
123.311523 -716.645020 2613.804932
-149.869980 71.357635 2755.925781
-96.596512 -408.536987 2771.312500
-29.680885 -811.240845 2724.403809
1.178528 4.868805 0.162598
-4.060944 45.176575 -17.956299
-71.526848 792.256714 2801.504395
-60.195873 557.636230 2782.183838
116.271935 566.737549 2766.548584
210.040131 253.376678 2784.868896
246.248276 -44.106781 2623.375000
-236.663666 548.534912 2797.819092
-275.250275 216.631470 2798.653320
-260.433990 -78.996704 2686.291748
-49.362617 316.968109 2764.360352
72.379265 82.020050 2736.710205
140.062866 -275.895905 2456.353027
117.707397 -661.115601 2606.663086
-149.437988 70.579865 2756.363525
-95.819580 -409.448059 2766.194336
-31.905224 -800.026672 2725.390869
2.008926 10.884125 6.088135
-5.604126 55.529419 -7.141846
-71.641319 795.296875 2804.218018
-61.206375 560.129150 2785.233643
115.200745 569.283447 2768.786133
206.020279 242.189392 2791.927490
253.584488 -53.020416 2628.631836
-237.613495 550.974854 2801.681152
-276.679871 219.447266 2800.241211
-263.070129 -77.631775 2691.536865
-50.343906 319.420837 2767.766113
71.375488 84.465240 2739.962646
136.175369 -215.884888 2403.532471
108.997650 -599.994690 2591.687500
-150.338364 72.959869 2760.634521
-97.003220 -407.147247 2770.337646
-30.565773 -799.743164 2730.240479
7.336212 -8.913635 5.256836
-8.709747 61.120911 -14.975586
-74.441597 796.596863 2804.084961
-64.501381 561.679565 2787.029785
111.823586 569.605591 2769.132568
209.048279 250.674561 2795.261475
264.909790 -47.247345 2639.378662
-240.826355 553.753601 2804.927002
-277.989319 228.160919 2799.798584
-268.511566 -70.304657 2694.531982
-55.391205 320.857117 2770.132812
64.534439 85.015930 2741.987793
126.735886 -161.114517 2369.665283
98.647018 -540.669495 2573.242676
-157.096481 75.053345 2764.483887
-102.194672 -404.931793 2766.700195
-36.079468 -799.468140 2725.838135
11.325302 5.773071 10.746826
-10.350632 59.325195 -18.444824
-75.527214 793.583618 2805.509766
-66.084061 559.419800 2787.899170
110.358330 566.861816 2770.904541
205.527008 242.836243 2801.133057
267.115051 -57.534668 2649.456787
-242.526459 551.977844 2804.893799
-284.992615 212.081726 2797.395264
-271.619080 -87.378998 2689.775635
-57.570263 318.581116 2770.827637
61.828133 82.419296 2743.075928
129.083008 -106.428635 2343.400146
95.538567 -478.706116 2549.688721
-159.941071 73.065536 2764.436279
-96.289238 -405.750122 2760.618896
-33.014542 -798.268372 2721.443115
2.205261 -10.287323 10.078125
-3.108452 61.963379 -23.553955
-74.400185 790.946899 2806.750977
-67.122902 556.841187 2788.761963
109.282417 563.606750 2771.073730
212.260864 250.966949 2806.149902
273.870117 -49.680786 2653.460449
-243.528229 550.075623 2806.450195
-287.993378 208.543274 2799.202148
-275.725616 -91.731476 2689.892334
-59.620270 315.983337 2771.460449
58.745632 79.377365 2743.042725
125.305435 -49.958923 2325.125977
83.533218 -406.597656 2526.270264
-162.980896 70.873642 2765.275146
-95.263474 -407.444702 2761.160889
-32.623005 -800.831299 2719.582520
6.755066 7.853882 4.003662
-12.005348 72.108459 -23.418457
-73.479065 789.985229 2805.830322
-67.411301 555.708130 2789.119629
109.011887 561.084778 2771.146484
213.133606 239.981293 2807.575195
272.857300 -53.079132 2641.921143
-243.834488 550.331482 2807.092773
-289.493530 200.773773 2799.102051
-274.925171 -101.752411 2694.030518
-61.808369 314.786743 2772.046143
54.672161 77.244446 2743.677002
120.117371 5.407089 2315.210205
62.731266 -332.412231 2518.282471
-167.083023 70.486267 2766.268311
-95.611282 -407.252319 2758.178223
-32.396355 -798.705322 2719.863770
-1.012817 -3.398346 -11.539307
-20.801952 74.185425 -7.987793
-73.687798 792.901733 2806.795166
-68.298546 558.690796 2791.360596
108.287926 563.916504 2775.050781
219.564056 230.488190 2803.288574
275.570526 -68.963013 2656.270508
-244.885010 553.465088 2807.670410
-290.750122 200.889130 2802.548584
-276.296722 -99.129791 2686.643555
-62.685081 317.720398 2774.930176
54.418575 80.049286 2748.202393
115.952011 57.496002 2317.745850
75.337540 -338.997101 2464.350830
-168.561798 73.450653 2768.797119
-94.434723 -403.704071 2753.914551
-27.130951 -797.193176 2722.463867
2.713226 -15.883881 14.349365
12.606274 -6.584869 -53.931641
-75.279915 790.864380 2806.880371
-68.382668 556.193420 2792.780518
108.255959 562.017822 2777.212402
220.777710 224.746857 2807.650146
277.653839 -79.170532 2673.639160
-245.021301 550.368958 2808.348633
-291.879944 204.441132 2802.271973
-277.667969 -96.480377 2686.472168
-61.889465 315.246338 2776.309082
55.868118 77.968063 2750.031250
110.740326 -45.007301 2321.933105
85.758652 -315.468506 2385.696289
-166.660629 70.630478 2769.644043
-91.244156 -405.994263 2746.912354
-23.932373 -802.412476 2721.361328
2.083313 -10.207520 17.368652
10.421112 23.528595 -78.654541
-75.174873 788.598633 2816.990723
-68.091003 555.495972 2796.651367
108.678192 561.895996 2782.982422
232.408630 222.889099 2811.825684
278.820007 -84.622620 2678.158203
-244.860214 549.095947 2810.320312
-291.918518 205.205017 2801.645020
-277.835663 -94.671875 2681.572510
-60.960899 314.902863 2776.209473
57.396622 78.336792 2747.166748
120.175392 -1.591301 2303.689453
90.684555 -270.821930 2299.571045
-165.058212 70.282715 2764.368408
-90.659325 -406.453735 2739.620850
-22.306664 -805.646362 2713.975830
1.166168 -5.452087 4.519043
4.925903 44.646576 -86.125244
-75.168457 795.274109 2831.945557
-66.186890 562.860168 2804.667480
110.640137 570.492920 2792.498779
231.723526 223.461243 2820.906250
275.472351 -86.393860 2684.286865
-243.013916 555.227356 2816.836182
-292.436737 205.085876 2801.841797
-277.869812 -93.957642 2679.071533
-57.605110 322.879639 2778.844971
62.176704 87.699112 2745.369873
121.589386 95.392715 2309.473877
96.343971 -245.222580 2210.914795
-160.223358 78.099136 2760.675049
-85.760574 -398.798401 2739.002197
-18.146820 -798.343323 2714.429443
-3.347656 -1.771240 6.128662
5.659416 25.599350 -88.656250
-75.973679 795.096802 2828.957031
-65.709824 562.145691 2804.144775
111.127213 571.479248 2793.476318
219.807922 245.048096 2829.040283
282.579803 -65.783569 2700.064941
-242.546875 552.812134 2814.813232
-292.728699 204.548615 2804.920654
-276.797455 -93.542267 2672.361572
-54.455406 322.023560 2780.617676
67.974922 87.769333 2750.383545
122.683762 122.096420 2319.635010
102.561050 -238.211288 2112.855469
-154.376892 76.033493 2763.797607
-84.326584 -401.759094 2750.003662
-17.667007 -807.156738 2721.685791
7.107452 20.610291 15.778076
6.217079 7.011292 -98.059326
-76.297905 790.434326 2827.452148
-64.959442 557.720093 2804.322021
111.933456 567.423584 2794.853271
213.681396 249.611115 2833.889160
285.952911 -62.745331 2711.461426
-241.852341 548.016541 2813.790771
-292.871460 206.277832 2806.457275
-276.739899 -93.342010 2672.256592
-52.946091 317.445557 2782.520020
70.253601 83.270233 2754.766357
117.235687 131.011383 2319.690430
107.174332 -217.142456 2010.800659
-152.119080 71.071869 2766.669678
-88.367188 -407.493744 2749.539795
-20.994331 -811.002319 2722.138428
3.373108 3.038239 11.396484
4.613281 21.068832 -102.054810
-76.628204 792.981201 2827.682617
-65.282333 559.967407 2804.941650
111.623550 569.534912 2795.425049
209.955688 250.038208 2836.353516
292.331757 -60.886353 2715.353027
-242.188217 550.399902 2814.458252
-292.930542 208.644623 2807.216553
-277.117737 -93.777924 2675.823242
-53.433975 319.626343 2783.566406
69.599289 85.298401 2756.209961
115.325905 132.281128 2318.099609
109.795227 -180.295776 1942.654541
-152.770523 73.272095 2768.172363
-91.186447 -405.639587 2751.441406
-23.265900 -804.317017 2724.133301
6.378845 1.858978 3.891602
2.620895 36.846680 -68.146118
-75.266899 793.954590 2827.799561
-64.862007 560.507812 2805.635254
112.054405 569.850647 2796.017822
206.783600 254.977570 2841.675293
290.669617 -56.220215 2721.322510
-241.778412 551.164917 2815.252686
-292.449951 211.336151 2811.096924
-275.264893 -92.378571 2680.894287
-53.311234 320.113525 2784.584717
69.428802 85.591110 2757.489746
116.565720 81.666199 2299.624268
110.546539 -162.373535 1912.898315
-152.949707 73.847397 2769.578613
-91.244141 -404.928040 2749.306152
-23.489441 -804.681824 2724.236328
-1.662140 4.666138 5.969482
0.751312 17.922241 -29.756226
-76.427666 792.618469 2827.379150
-63.740757 559.145874 2806.389648
113.083244 569.152222 2795.818115
203.599182 254.933044 2844.106201
287.122009 -58.739380 2729.681396
-240.564758 549.139526 2816.961182
-293.226685 204.665466 2813.548340
-274.598328 -102.647339 2685.717041
-51.383617 318.768982 2785.554199
72.105789 84.681000 2758.074707
124.208382 57.539764 2290.556396
110.520134 -172.252686 1914.407715
-150.158752 72.103180 2771.362793
-87.862289 -406.706390 2753.496338
-21.880104 -804.867554 2723.719482
-3.547607 -2.519165 8.358887
-0.026405 -9.879150 1.509399
-75.615181 792.554321 2827.660889
-62.880150 559.055359 2806.725586
113.898628 569.067871 2795.406494
201.493225 257.408264 2845.998779
281.345001 -56.716644 2729.892822
-239.658920 549.042847 2818.044678
-287.612549 199.332764 2819.282959
-273.624512 -110.340576 2689.866943
-50.613453 318.688599 2785.682373
72.753967 84.614441 2757.525391
122.663116 31.633698 2286.597656
104.573814 -202.736084 1939.363403
-149.447479 72.029236 2771.752930
-90.379974 -407.232239 2755.038086
-22.124420 -805.637451 2721.362793
-5.777008 2.022736 0.211426
-5.946320 -30.483398 24.955688
-73.378105 788.859131 2828.322754
-61.669266 556.241211 2806.285156
115.044617 566.159790 2793.929688
201.295135 257.766113 2846.939697
279.617279 -58.262390 2734.900146
-238.383133 546.322632 2818.640625
-289.806091 202.167419 2814.647949
-274.549988 -113.382202 2697.210449
-49.679588 315.896057 2784.825684
73.370758 81.784500 2755.601074
120.804085 -2.564507 2286.645508
99.077591 -249.164642 1982.525635
-148.750595 69.317276 2771.131348
-90.325806 -409.878540 2750.726074
-22.719719 -806.493042 2720.866943
-1.727722 -1.545746 5.007324
-5.496223 -46.428558 43.162231
-73.793579 796.473511 2838.122314
-61.984615 564.115051 2810.952148
114.669800 574.322510 2797.978271
206.303864 260.648010 2846.358887
269.685150 -59.026489 2736.132324
-238.639038 553.907593 2823.926025
-290.910767 202.088135 2812.329102
-274.173340 -115.797089 2699.822998
-50.005119 324.214050 2785.319824
72.996048 90.728104 2751.533691
118.449944 -39.964935 2293.307617
93.856506 -282.224182 2042.652344
-149.047302 77.897964 2767.841309
-91.241882 -401.279602 2745.176514
-24.005783 -793.308777 2716.954346
-9.932129 -0.764099 1.232178
-5.221085 -33.059540 60.126709
-74.149139 800.989136 2832.031982
-62.715858 567.607422 2809.046143
113.954155 576.646729 2795.471436
204.082153 265.777161 2850.610840
263.290527 -52.468628 2733.784424
-239.385864 558.568176 2822.620850
-290.949524 203.541168 2812.672607
-274.460632 -117.918152 2704.459717
-52.144886 327.325989 2786.622070
69.460075 92.725571 2755.666504
112.536377 -96.805573 2320.312500
88.586220 -329.589050 2116.988770
-152.607910 81.363510 2772.729492
-96.431801 -398.057556 2751.008057
-27.406517 -796.975098 2725.510254
-6.394623 6.557861 -2.347900
-5.270287 -47.364868 74.336426
-73.650551 797.371094 2828.996338
-61.969723 564.026184 2806.632080
114.618652 573.569702 2792.342529
201.145737 263.545990 2845.132568
265.286591 -55.577698 2733.184326
-238.558090 554.482666 2820.921631
-291.477997 205.766479 2816.837891
-274.627502 -118.089813 2707.327393
-50.774391 323.725281 2784.493164
71.400940 89.422165 2753.373779
122.187439 -76.533249 2306.681885
93.498611 -374.094849 2173.129639
-150.559067 77.426559 2771.334717
-90.558884 -401.207886 2744.095947
-19.881004 -806.659546 2717.920654
1.996063 -3.109070 -0.600098
4.912392 -44.505798 56.140869
-71.794075 794.287598 2816.920654
-60.795303 560.427979 2801.663574
115.654785 569.860352 2785.744629
200.476990 259.477722 2842.348877
267.609680 -59.465790 2731.354980
-237.245392 550.995728 2817.582520
-284.717834 207.869324 2819.918945
-274.605042 -117.882416 2710.521484
-49.529755 319.792847 2783.952393
72.632645 85.085785 2756.236328
121.356750 -29.448822 2315.350586
94.512337 -406.229614 2249.074219
-149.161057 73.229584 2776.246094
-89.453537 -405.313751 2746.514404
-20.560997 -808.060791 2726.075439
2.323090 -3.888092 -1.829346
1.013725 -32.134766 75.944580
-69.546844 793.990967 2811.925293
-59.990997 560.637268 2799.552734
116.311935 568.994385 2781.632324
200.909241 254.779266 2841.571533
266.335175 -59.422943 2717.500000
-236.293915 552.280151 2817.473145
-288.346802 209.427887 2822.971191
-274.582336 -118.316010 2714.876709
-50.180534 319.791351 2783.751465
70.437096 84.197906 2756.687256
117.349548 -26.935493 2324.695068
96.927345 -444.325867 2308.556885
-151.177246 73.692963 2779.213135
-93.539505 -404.740814 2744.326416
-23.518723 -806.979004 2726.052002
-1.274506 0.042847 -13.854980
2.415009 -38.096252 59.482666
-69.120483 794.999146 2819.882568
-60.473328 562.049377 2801.838379
115.989960 569.558777 2785.124268
202.451462 252.479248 2841.729248
269.067749 -57.655121 2708.345947
-236.936615 554.539978 2818.552490
-290.159821 207.705170 2820.474609
-270.766327 -119.019165 2708.697021
-52.086594 321.440002 2782.280762
67.199890 85.549957 2752.218994
115.027863 -53.167252 2324.643311
101.316757 -486.862427 2355.074219
-154.599609 76.111298 2773.227295
-94.455009 -401.910339 2736.750244
-25.688797 -805.807007 2715.053467
2.732574 1.767822 -9.154053
4.389412 -42.536560 46.517334
-67.703354 793.960327 2823.461670
-59.626625 562.055481 2801.526855
116.995674 569.103455 2786.355957
202.411804 252.174469 2840.920654
267.766052 -54.290070 2698.658203
-236.248917 555.007507 2816.697754
-288.568481 217.845367 2817.232666
-266.982758 -104.363281 2701.225098
-51.921104 321.620361 2779.536133
66.786049 85.614700 2748.010986
116.199669 -97.689835 2341.356201
113.344116 -533.037415 2401.071533
-155.217209 76.755814 2767.079834
-90.242828 -400.703369 2731.650879
-23.259834 -805.974304 2716.370605
-1.301697 3.365051 -9.687744
12.027359 -46.174988 45.997314
-65.819855 789.896362 2813.656982
-57.503349 556.821655 2796.101562
119.132866 563.326782 2780.771484
205.301880 253.312897 2833.163574
266.493073 -53.959503 2690.494873
-234.139557 550.316528 2811.431641
-287.782501 221.422333 2816.116943
-265.272217 -93.407349 2695.316895
-50.268059 316.101990 2777.321777
67.973755 79.470490 2748.907715
115.483795 -145.016953 2372.682129
121.556015 -589.190796 2444.039795
-154.039291 71.294220 2768.176270
-89.917160 -406.640869 2738.162109
-21.155495 -812.276123 2721.854004
-1.272980 0.330566 -8.163330
8.211899 -56.153381 42.968262
-64.235222 791.234924 2809.287354
-57.810764 558.109985 2793.569336
118.593979 563.389038 2775.568604
204.990875 246.541992 2826.705566
266.861938 -58.401886 2679.299805
-234.215500 552.830933 2811.570068
-284.882477 224.206360 2816.574951
-265.632294 -87.285370 2696.232910
-52.418369 317.255127 2775.779053
63.851940 79.718353 2746.674561
114.650635 -227.436676 2418.385010
125.556625 -633.775391 2478.339600
-157.903885 73.082123 2769.302979
-94.066528 -405.204895 2744.929688
-26.528572 -805.619507 2723.010742
0.368866 -4.442383 -11.195068
4.000610 -44.584595 34.299805
-62.364563 793.465088 2807.585205
-55.746399 559.547119 2791.526367
120.703003 565.313171 2773.989746
206.225250 247.202209 2822.095703
267.349548 -58.041565 2674.851074
-232.195801 553.781067 2809.062988
-278.608521 232.732361 2817.311035
-267.867889 -76.306091 2694.715820
-49.533195 318.622650 2774.825928
67.565186 81.321732 2747.105225
122.032410 -279.322083 2461.923584
138.058594 -686.904419 2516.200439
-154.205170 74.074661 2769.145752
-87.251335 -403.785461 2744.380859
-17.156067 -808.213074 2718.275879
0.487610 0.360321 -4.448730
12.501968 -53.129028 37.860840
-58.470871 795.468018 2807.287842
-53.435608 560.692078 2789.720459
122.910141 565.137817 2770.831543
210.888443 250.373474 2815.752441
268.266724 -54.832031 2666.909424
-229.781357 556.246338 2808.609375
-273.691467 235.153625 2817.105469
-268.747894 -71.387756 2690.342529
-49.272263 319.806122 2771.893311
65.720688 81.714233 2742.194824
115.072472 -316.751831 2498.138672
133.819977 -731.360901 2544.483643
-155.938522 76.126099 2765.937500
-92.331589 -402.179199 2740.791016
-22.140366 -806.052124 2715.509521
0.917175 3.209534 -7.941650
-4.238617 -44.456482 28.283203
-54.801010 792.759338 2805.613281
-49.073025 558.650085 2785.991211
127.267159 563.373779 2767.036377
211.943207 241.686646 2811.879883
263.424896 -62.107910 2659.343018
-225.413208 553.926392 2804.946045
-268.557739 238.578308 2817.941162
-269.084717 -66.412140 2688.463135
-44.749165 317.915955 2766.224121
70.393990 80.150391 2734.544922
122.240967 -347.316803 2538.071045
139.012619 -770.443054 2581.039062
-151.244598 74.213257 2758.369141
-85.465912 -403.862091 2734.265869
-16.513977 -810.460632 2711.281250
-4.841827 -7.275879 -7.566406
5.192642 -39.082153 36.555420
-52.000175 792.811646 2805.277588
-45.014069 558.892944 2783.380615
131.335083 564.679810 2764.797852
214.354782 251.023560 2803.536621
260.781281 -54.775360 2654.009277
-221.363220 553.106140 2801.963379
-264.670563 236.666718 2816.958008
-268.656738 -65.525085 2681.694336
-39.451618 318.393311 2761.273926
76.940544 81.530502 2727.488525
126.155342 -367.101807 2577.759766
136.210876 -782.058777 2609.783203
-144.718887 74.256821 2750.845947
-82.709351 -404.498779 2731.138916
-15.071167 -807.729919 2713.397217
-2.643616 7.332550 -5.333740
-2.801743 -11.615723 28.744141
-48.714531 791.667725 2806.128418
-42.183842 558.517334 2780.806152
133.891907 564.896484 2760.051270
217.356812 255.766266 2798.061279
262.472961 -51.251434 2650.852539
-218.259583 552.138062 2801.561035
-258.853333 229.345062 2810.984619
-264.380188 -70.261353 2671.967285
-36.424324 318.308044 2755.836914
80.000244 82.108154 2717.823242
122.921204 -381.035858 2611.381104
130.393494 -789.639282 2628.747070
-141.329849 74.089417 2743.912109
-82.970573 -405.336243 2734.214600
-18.411263 -808.555725 2715.524658
1.691681 3.523926 -3.156738
-5.817383 -7.580505 18.963867
-44.704376 790.624512 2807.040771
-39.665333 558.448608 2778.775635
136.296814 564.522827 2756.945068
220.901581 256.264374 2788.716309
262.990082 -52.833313 2645.175049
-215.627472 552.374329 2800.606201
-254.659668 235.295288 2805.932861
-264.290680 -66.682007 2673.498291
-34.759098 318.463562 2751.547119
80.730728 82.295898 2710.599121
120.823135 -389.999420 2648.636719
126.922333 -795.427612 2643.977539
-140.436447 74.661194 2738.038086
-87.136108 -405.414673 2737.072998
-20.995285 -809.114136 2717.858398
0.517120 -1.581879 -5.677490
-3.471161 -5.788330 15.230469
-39.273438 791.863770 2805.488770
-34.783302 559.613098 2776.463867
141.172897 564.763672 2754.319824
227.224823 254.073608 2780.905762
264.515747 -57.473083 2641.546631
-210.739487 554.462524 2798.607910
-253.117233 239.670105 2798.730225
-263.415344 -64.474823 2671.875977
-31.205326 319.613373 2749.072266
82.953712 82.850540 2707.763672
125.449799 -393.789551 2682.319824
127.817612 -800.255981 2656.760254
-138.208420 76.376724 2735.597168
-85.355194 -403.814270 2738.458984
-19.204216 -811.122742 2722.418945
1.525665 -4.639771 -3.628418
0.895279 -4.828369 12.782715
-36.051613 792.067993 2795.213867
-31.707314 558.646606 2771.201172
143.955887 563.276672 2746.814453
231.116379 254.746063 2775.318359
262.595856 -57.406036 2635.914551
-207.370499 554.016479 2795.587891
-251.536118 231.820099 2796.871582
-259.650940 -69.678986 2661.974121
-28.704735 318.292847 2747.195312
84.703690 80.849167 2707.862305
127.876900 -396.960083 2718.281250
128.036957 -804.911011 2662.893311
-136.108002 75.029037 2738.516602
-83.001663 -405.151978 2744.239746
-19.624882 -814.262207 2728.348633
-1.919891 0.067047 -5.632080
0.219345 -4.655029 6.133057
-28.669048 791.454529 2800.580811
-26.617970 559.477600 2772.004883
149.097656 562.733704 2747.740967
235.563416 245.872559 2769.168945
262.350403 -67.251099 2625.871338
-202.333588 556.221497 2796.268799
-248.922333 238.448212 2791.661133
-256.161987 -64.818024 2659.608643
-25.897112 319.436340 2745.012695
85.253098 81.441406 2702.771729
127.940079 -397.220184 2729.021240
127.678574 -805.353027 2659.801025
-135.605606 77.348755 2733.269287
-82.692764 -402.875061 2739.652832
-20.388721 -810.147217 2718.469971
-0.245453 -9.845062 -10.043213
-0.358383 -0.442017 -3.092285
-25.372610 788.793579 2792.262695
-24.476213 556.702332 2767.191406
151.066803 558.588318 2741.590088
247.292114 238.943024 2764.578613
262.455414 -74.263855 2621.159180
-200.019257 554.816406 2792.792725
-247.078552 243.687744 2787.015625
-249.799957 -60.377838 2656.115234
-25.366661 316.328888 2743.378418
84.068329 77.140701 2703.475586
127.130783 -400.507690 2749.831299
126.370644 -814.273193 2667.155762
-136.582550 74.770157 2735.655273
-84.062515 -405.151611 2752.382812
-21.921066 -816.811523 2726.737549
0.105011 -7.012756 -4.712158
-1.307930 -8.920166 7.354736
-23.173521 790.118042 2787.597900
-21.751152 556.901001 2764.360352
153.516907 559.314697 2736.987061
250.655884 231.480927 2765.282715
262.417633 -78.724243 2617.494141
-197.019196 554.487305 2791.733643
-248.529221 230.335541 2784.500732
-244.281586 -71.292572 2646.195068
-21.828220 316.312439 2742.652588
88.246170 77.240799 2703.741455
135.360687 -399.451660 2760.615967
132.446045 -811.881104 2665.981934
-132.056747 74.206924 2738.148193
-77.749359 -405.601807 2754.102783
-15.960335 -815.683716 2725.171143
-0.037781 -4.460388 -3.665039
6.075401 2.392090 -1.173828
-17.931845 795.448059 2795.759033
-17.840221 562.105164 2766.906738
157.653244 563.741638 2740.943359
247.847000 225.253052 2763.644287
257.916077 -77.316895 2609.997314
-193.333694 560.468689 2792.870117
-249.247696 222.155670 2780.238037
-237.353470 -77.808319 2640.437744
-19.420362 321.950470 2741.089355
89.290833 82.824249 2698.954834
135.176773 -394.840729 2751.871094
129.668442 -808.402100 2664.578613
-131.291840 80.767303 2731.589111
-82.851929 -399.546021 2750.600830
-20.987671 -806.506104 2715.786621
-4.501556 1.407349 -7.496826
-2.777603 3.479004 -1.403320
-13.437284 792.292969 2789.843994
-13.148654 558.854614 2763.623535
162.380325 560.550537 2737.847900
254.421295 219.625824 2761.817871
256.147888 -77.058868 2602.749756
-188.677628 557.158691 2789.399170
-244.262009 228.555420 2777.277344
-235.489059 -71.231445 2637.500488
-14.220444 318.409210 2740.504395
95.017525 79.029602 2701.186768
139.697144 -399.119080 2752.676025
134.519714 -815.279907 2673.924072
-125.601997 76.898010 2733.583740
-79.768105 -403.277496 2760.265869
-16.703617 -814.410400 2724.167236
-1.768188 0.258026 -7.247559
4.851273 -6.877808 9.345459
-10.611891 797.343689 2797.390137
-10.592981 564.341003 2766.197266
164.768692 566.604797 2739.348877
259.197632 217.804626 2759.406006
255.542664 -77.137970 2605.178467
-185.954666 562.077148 2793.045654
-240.642578 226.285492 2778.146240
-233.716629 -72.418488 2638.628906
-11.616380 324.299652 2739.272949
97.569977 85.681076 2695.475098
134.827805 -393.506653 2743.452637
131.946869 -801.092224 2667.140137
-122.849533 82.835556 2729.222168
-80.122147 -397.941467 2749.458252
-18.937477 -806.332764 2716.728271
-0.605225 -0.079102 2.428711
-2.572845 14.187683 -6.783936
-9.469237 805.196594 2801.660645
-8.781690 572.285583 2768.486328
166.314468 575.552124 2740.089111
265.087585 217.397980 2758.195557
258.735260 -79.903992 2606.032227
-183.877853 569.019043 2796.883545
-234.830811 220.647125 2784.077881
-228.641525 -73.534485 2637.735596
-8.991407 332.452698 2739.605469
100.845207 94.672791 2692.877197
135.539398 -384.635101 2742.368408
134.486847 -800.384888 2671.822021
-119.247459 90.566833 2728.572021
-78.359802 -390.224030 2752.717773
-18.232727 -803.898499 2719.896240
3.192596 -2.766022 0.853760
2.539978 0.707336 4.681885
-8.725169 807.028015 2793.792480
-6.402591 574.437866 2765.057373
168.514877 578.330322 2735.638428
264.552643 216.706940 2760.094971
264.002960 -82.326965 2607.528809
-181.320084 570.545349 2794.476318
-230.914932 232.337677 2781.144775
-226.787003 -62.871063 2637.915527
-5.402459 334.264099 2739.226074
105.526482 96.536621 2694.906006
140.066406 -383.138794 2741.223877
134.800369 -805.827148 2677.235352
-114.331139 91.644104 2731.883545
-72.868469 -389.173523 2755.211670
-16.493580 -808.735046 2721.590332
5.267700 -2.422974 1.496582
0.313522 -5.442261 5.413330
-3.271262 799.554443 2779.382324
-1.014627 566.373718 2758.144287
174.227509 569.752197 2730.698975
264.247070 217.332062 2759.543457
267.538757 -84.834045 2609.384277
-176.256775 562.995239 2785.589600
-227.814972 234.703705 2781.456787
-227.399780 -58.672089 2635.035400
0.363054 325.748596 2737.320557
111.879379 87.246796 2699.247559
146.954102 -392.832855 2740.792480
136.900711 -819.631226 2680.453613
-108.397903 83.000153 2733.746094
-68.567482 -398.230927 2748.744141
-14.776928 -817.055298 2721.005859
3.535797 -2.507080 1.855469
2.100342 -13.804077 3.218262
-0.700659 794.676941 2771.617676
2.831467 561.348694 2754.577637
178.015137 564.969482 2726.739990
267.125610 220.168671 2758.768066
270.815216 -85.857758 2613.776611
-172.352203 557.727905 2782.415283
-224.696991 230.283844 2781.665527
-227.359116 -62.748444 2634.812500
4.902399 320.500916 2736.283447
117.066147 81.928574 2700.494873
145.454010 -399.148743 2733.696533
133.994370 -817.501587 2675.798828
-103.119492 77.377670 2735.483643
-66.276535 -404.149597 2749.783936
-15.052391 -815.314575 2721.312256
3.276459 -1.023712 4.392334
-2.906342 2.129639 -4.654785
2.975816 796.109619 2767.756104
5.669389 562.718445 2753.080078
180.787933 565.542236 2724.731201
266.067444 222.582916 2760.375977
279.432587 -82.862030 2618.777344
-169.449158 559.894653 2781.428955
-222.708527 228.341431 2781.292725
-223.117188 -67.027344 2639.381592
6.822700 321.741577 2736.200928
118.031639 82.539383 2701.505615
145.555603 -398.465881 2737.327148
129.360260 -808.479614 2675.792480
-102.079613 78.990067 2737.137939
-69.455238 -402.853394 2751.366943
-18.620491 -808.735352 2721.444336
8.617371 2.995728 5.000732
-4.634109 9.021973 -0.006348
5.103106 799.004211 2766.323486
7.684180 565.602966 2751.964600
183.042358 568.438354 2725.160156
264.532867 225.790497 2764.192383
284.914124 -79.598328 2627.283203
-167.673981 562.767578 2778.769043
-216.628967 233.548859 2782.787598
-219.857788 -63.616669 2644.791992
9.036659 324.595520 2735.318604
120.598709 85.370087 2701.826416
147.033646 -395.965576 2734.232666
132.260071 -808.715759 2677.213135
-99.820435 81.806061 2735.518799
-67.843544 -400.161072 2747.429688
-18.077030 -806.857178 2717.782471
5.481537 3.263702 8.505859
2.899811 -0.236145 1.420654
4.950775 799.353027 2775.128418
8.991702 566.671143 2754.119141
184.180496 570.918213 2726.426025
266.248108 224.885895 2761.579834
288.071350 -76.588196 2623.877930
-166.197098 562.424072 2781.812256
-211.969009 239.770386 2782.564453
-219.031570 -60.236542 2651.203613
11.322342 326.170868 2731.979248
123.755768 88.339798 2692.434814
144.259766 -393.622559 2718.394531
134.508224 -809.303894 2669.056396
-96.449799 83.001358 2727.243896
-68.834488 -399.169983 2741.232666
-16.799038 -808.140503 2710.423584
3.157227 3.010132 -3.405273
2.248154 -0.588135 -8.156738
5.581871 795.738342 2769.007080
10.460027 562.601990 2751.589600
185.374603 567.159973 2722.269531
265.134796 225.952515 2758.283691
290.145233 -75.970215 2626.763184
-164.454559 558.043945 2780.909668
-207.510742 242.513397 2782.813477
-216.921051 -59.752502 2656.885742
13.440035 321.869690 2731.943848
126.349731 84.001999 2693.871094
144.841125 -397.624146 2726.685303
133.784912 -817.980225 2678.651123
-93.509644 78.272812 2730.725098
-70.816429 -403.460754 2757.237549
-17.627853 -812.390625 2720.841064
2.073883 0.617981 2.885254
-0.723312 -8.676331 9.594727
7.625451 791.047913 2766.450195
11.485890 557.472351 2749.956055
186.612137 561.268555 2721.803955
269.068085 224.472412 2758.639648
294.899384 -78.755096 2626.826904
-163.640366 553.676147 2778.108154
-205.811600 238.521851 2782.990479
-214.684219 -66.325256 2663.434082
13.669221 316.648560 2731.063965
125.913315 78.210556 2694.479248
140.439667 -403.731262 2725.039307
131.647858 -819.107300 2680.721191
-94.208221 73.439011 2729.864502
-72.191772 -408.649231 2751.464600
-18.993511 -811.170898 2712.325195
4.754150 -2.784882 0.063721
-2.137054 -1.127075 2.070068
8.619941 792.368774 2775.217529
12.378720 559.575684 2752.710693
187.455246 563.823181 2724.279785
270.030487 225.234436 2759.319824
296.842316 -80.503601 2628.244141
-162.697800 555.328247 2781.141602
-204.703735 232.872223 2782.536621
-214.334976 -71.746857 2662.279785
14.607145 319.044922 2730.498779
126.862679 81.183472 2690.419434
144.920715 -400.841461 2717.853516
132.990326 -810.687866 2674.004639
-93.191536 75.844788 2726.154297
-69.773010 -406.066742 2751.102783
-18.129749 -808.260376 2710.385986
1.942932 -1.748505 1.417236
1.342468 8.419434 -6.716553
8.756276 794.349976 2779.584717
13.573427 561.659424 2754.521973
188.638687 567.013977 2726.208008
271.511597 226.619751 2761.161377
297.694733 -81.032166 2626.125977
-161.491806 556.304810 2782.835938
-204.405212 234.627472 2783.726074
-212.222473 -71.397858 2666.936035
17.048637 321.303223 2730.554199
130.547241 84.312241 2688.791992
148.152832 -397.207458 2723.816162
135.204849 -812.202148 2675.899658
-89.499550 77.581833 2724.380859
-68.119637 -404.159729 2754.176270
-18.374950 -802.094727 2714.772949
0.852417 -0.528564 -2.118164
2.214523 -1.514282 1.895020
9.076320 790.184326 2771.237793
14.100044 557.241211 2751.640625
189.788681 561.646729 2727.699707
269.710632 231.277039 2757.070312
298.688721 -81.297089 2629.885254
-161.588608 552.835693 2775.581543
-204.515686 237.397186 2785.863281
-207.878830 -67.568237 2666.164307
17.357180 316.564575 2731.254395
131.063141 78.657516 2695.817383
144.924683 -402.632568 2735.485352
132.280411 -816.817383 2685.282471
-89.834518 73.118332 2725.918945
-69.710442 -408.474426 2759.124268
-23.866604 -806.380737 2717.309082
0.993988 -0.264923 3.759277
-2.924438 -4.615234 9.382812
9.949945 794.385498 2767.073242
14.521225 560.809570 2751.298096
189.778687 564.620483 2724.277344
266.877563 230.654419 2756.536133
298.461273 -80.939056 2625.510742
-160.736237 556.998779 2778.318848
-206.903259 233.018280 2786.666504
-207.424988 -71.875153 2666.669434
17.027130 319.908691 2733.576172
129.675995 81.402771 2698.872803
143.391907 -400.560516 2728.232910
130.074112 -811.355347 2680.179688
-90.609932 76.612793 2732.835693
-70.335777 -404.994080 2766.090820
-23.529621 -798.944214 2723.314697
-0.227448 0.358032 -4.374512
-2.206299 5.462036 -5.102783
8.814325 797.109009 2775.027588
13.953099 563.406982 2754.352051
189.188904 568.261658 2727.185791
267.934357 229.827911 2755.767090
298.793823 -82.094788 2621.292725
-161.282715 558.552307 2781.518311
-205.250641 236.405945 2786.192139
-203.070023 -70.511078 2671.594238
17.483681 322.714417 2734.113770
131.128571 85.072418 2696.804932
146.250015 -397.287811 2717.759033
134.141068 -808.870667 2679.489258
-89.100052 78.971283 2730.946045
-67.657555 -402.867767 2759.628662
-20.371792 -802.870239 2715.804443
0.332550 -1.155731 -4.218018
4.066956 2.484680 -0.690430
8.777384 799.816650 2778.991455
14.286477 565.682129 2756.201660
189.489914 570.961670 2728.804932
267.964111 232.414337 2753.888916
293.695740 -79.051208 2613.619873
-160.916946 560.402588 2783.598389
-202.467407 237.986084 2789.520508
-202.854263 -68.866486 2674.635254
18.120842 325.122681 2734.365234
132.055801 87.880966 2695.312256
148.839767 -394.117310 2722.901123
134.758850 -805.960754 2680.280762
-88.145393 81.245468 2729.745361
-68.385109 -400.477051 2761.507812
-20.966370 -805.839966 2716.143066
-5.098083 3.043579 -7.672852
0.617783 2.909912 0.791504
9.743165 805.856628 2781.981445
14.748075 571.448914 2757.917236
189.893280 576.604126 2730.077148
268.485779 233.203308 2756.448975
294.947479 -79.531403 2614.515137
-160.397125 566.293701 2785.757324
-198.293945 236.848877 2787.662109
-207.881973 -70.501648 2674.837402
18.247509 330.937378 2735.396484
131.815765 93.665634 2695.379883
148.554016 -388.039978 2728.201904
134.176636 -806.598267 2683.445312
-88.321869 87.186081 2730.371582
-69.698410 -394.739197 2759.780518
-21.132538 -802.116333 2719.791992
1.251740 -0.480194 0.895264
-0.582214 -0.637512 3.164551
9.443428 800.457886 2782.476074
15.169477 567.069275 2757.376221
190.318451 573.374817 2729.793457
268.736267 236.606537 2760.229004
292.784058 -76.058716 2610.070557
-159.979492 560.763672 2784.958984
-196.952942 242.447968 2788.116699
-207.877899 -64.939301 2675.284912
20.125835 326.675568 2733.893311
135.157883 90.244736 2693.075439
150.495193 -391.624512 2724.777100
135.044998 -814.112915 2676.868408
-84.993500 82.319016 2727.745361
-66.177162 -399.709839 2755.410889
-17.653702 -814.392761 2715.449219
-2.163422 3.472687 -4.444580
0.868362 -7.514648 -6.576904
9.833599 799.511841 2783.724609
15.907434 566.572632 2757.372070
191.050873 573.264893 2729.820801
267.361938 239.807556 2757.628174
291.592590 -74.038666 2609.694824
-159.235992 559.880371 2784.923340
-196.856247 238.539642 2787.849609
-211.352814 -67.730286 2672.383301
21.250835 326.274506 2732.971191
136.664520 90.182220 2691.255615
146.654129 -391.844849 2722.609131
133.366348 -810.904175 2678.260742
-83.476044 81.770599 2725.885010
-69.820251 -399.984528 2759.646729
-18.969109 -814.314087 2716.173096
-1.191467 2.020050 -0.375732
-1.678650 3.208740 1.392334
9.436213 797.445068 2784.332520
14.239957 564.107483 2758.270020
189.316071 569.698059 2730.067627
266.686951 242.399231 2754.814209
291.293915 -73.275726 2610.941650
-160.836151 558.516907 2786.472412
-198.496368 240.102081 2790.028564
-212.870026 -65.410400 2672.475342
17.996204 323.772461 2733.946533
131.784164 86.950989 2691.898438
136.569931 -395.170288 2723.012207
126.553207 -817.646606 2681.169434
-88.279259 79.923889 2727.347656
-74.785301 -401.430908 2766.533936
-25.538261 -808.731506 2719.965088
-0.298676 0.762939 1.246826
-6.813141 -6.742432 2.908691
