-11.518644 788.292358 2795.420898
-8.266552 555.777222 2768.683594
168.290619 559.635681 2751.765869
241.983597 231.891388 2777.105957
269.527649 -86.610016 2661.312500
-184.823700 551.918762 2785.601318
-231.981812 224.990601 2777.989502
-226.887115 -61.067474 2630.153809
-5.494223 315.615479 2742.841797
108.239685 77.878677 2706.367676
126.865707 -402.850586 2750.107422
119.159424 -818.575806 2685.486572
-113.683472 73.028763 2727.632324
-77.828857 -405.630493 2782.567139
-24.186073 -823.639099 2722.399170
-0.257843 -9.057648 8.630859
-5.818596 -11.388245 -0.406738
-7.310664 784.790649 2789.680908
-4.035493 552.346436 2766.055176
172.703995 555.606812 2751.031494
245.969101 239.966766 2778.494629
268.761444 -78.379211 2660.755127
-180.774979 549.085938 2781.078857
-231.500732 218.002808 2778.991455
-224.243713 -65.925720 2633.218506
-1.644988 311.982239 2742.013184
111.821815 73.667175 2708.529297
133.014893 -407.300049 2748.853271
125.694633 -811.522583 2688.591064
-110.330788 69.568970 2727.413086
-68.301979 -408.482483 2783.205566
-20.656799 -818.501465 2722.364258
-0.766205 8.230804 -0.557373
6.535210 7.053223 3.104492
-6.837749 786.617798 2786.761475
-2.027115 553.959595 2765.227539
174.699326 557.528748 2750.000488
243.440033 244.824158 2780.940186
271.485657 -72.866180 2662.330078
-178.753555 550.390442 2780.454590
-230.064728 221.526245 2778.385742
-223.815384 -63.163330 2637.230469
0.872487 313.463623 2742.509277
114.833145 75.210617 2710.221924
133.296738 -405.965210 2749.791504
125.077698 -807.616699 2687.910889
-107.288956 70.724655 2729.360107
-69.016068 -407.632690 2785.430908
-19.953835 -814.360474 2726.742920
2.724213 5.513031 1.574951
-0.616936 3.905884 -0.680176
-6.070692 791.406189 2796.386230
-1.655985 558.942627 2768.613770
174.975021 563.039185 2752.418945
244.208557 231.904144 2778.966309
268.961090 -86.519958 2657.223633
-178.287003 554.846069 2784.808594
-228.896301 225.442017 2776.199219
-223.565536 -60.199768 2638.546143
1.474064 318.869751 2742.024414
115.610344 81.371414 2705.257324
131.667999 -399.948547 2744.348877
121.805458 -804.918396 2677.152100
-106.402107 76.222366 2725.612793
-73.303131 -402.771362 2779.437500
-21.602451 -809.762085 2719.157227
-2.524567 -13.653778 -5.106445
-3.272240 2.698303 -10.758789
-5.975311 794.478027 2800.668945
-1.875095 562.374573 2770.101562
174.668198 566.488281 2752.961182
242.177246 241.045898 2778.296631
272.942169 -77.820312 2656.998291
-178.418381 558.260864 2787.241943
-226.896713 228.321747 2775.091797
-224.683624 -59.368744 2642.620850
0.980210 322.463928 2741.931641
114.786713 85.138611 2702.989502
131.537918 -395.419586 2749.813232
120.203598 -810.276733 2680.286865
-107.115677 79.967957 2724.533936
-75.243988 -398.626892 2782.569580
-22.448769 -810.379028 2720.875488
3.981079 8.699646 -0.225342
-1.601860 -5.358337 3.134766
-3.812655 796.758911 2803.327881
-1.771461 563.866516 2771.332520
174.742584 567.603149 2753.782227
245.088867 232.519714 2778.153320
267.440186 -90.205261 2657.057129
-178.285492 560.129883 2788.882812
-225.896240 230.871460 2776.616211
-223.329346 -57.205750 2645.319092
0.335781 324.145050 2741.487793
113.375389 86.771881 2700.613281
130.893631 -393.827820 2747.126953
119.105347 -811.389893 2679.395752
-108.489357 82.075287 2722.672852
-73.546310 -396.782867 2776.604004
-23.737057 -812.452271 2720.613281
-5.501984 -12.384949 0.058838
-1.098251 -1.113159 -0.891113
-3.394070 794.384766 2805.134766
-1.444595 561.542053 2770.240234
174.998428 564.767029 2751.895508
248.543381 229.755402 2776.581543
265.084808 -92.572052 2652.755859
-177.887619 558.317078 2788.584961
-225.454605 232.253296 2777.780762
-222.852890 -56.958862 2649.196533
-0.321967 321.998077 2738.926270
111.690224 84.480911 2696.083008
134.375000 -394.846130 2751.640869
120.072151 -813.303162 2677.851318
-110.088905 80.427261 2719.141602
-73.628372 -398.368286 2772.834961
-24.280388 -811.425415 2720.700928
-2.355377 -2.366791 -4.301270
0.966805 -1.913269 -1.544434
-2.793343 794.166443 2794.545654
-0.619792 560.130859 2766.760498
175.821564 562.470947 2748.265381
251.187714 237.954956 2777.921631
271.503693 -83.862000 2652.858154
-177.061157 557.790833 2785.255615
-225.756195 230.449158 2778.103760
-225.385010 -58.064087 2648.025146
-0.295621 320.118469 2739.485840
110.916840 81.576706 2700.587646
133.201035 -397.787354 2756.566650
120.607590 -814.411743 2685.690674
-110.859741 78.635422 2723.834717
-71.487274 -399.876709 2778.042236
-22.611149 -812.677490 2726.804443
6.418884 8.710052 0.102295
0.535439 -1.108582 7.839355
-1.467671 793.414917 2789.239014
0.546119 559.699341 2764.067871
177.155334 561.621399 2747.263672
249.583694 233.469543 2778.458008
270.855591 -84.859589 2646.631592
-176.063080 557.777344 2780.872070
-225.724167 230.166016 2778.032715
-226.409149 -57.853790 2646.892334
0.769313 319.441101 2738.933105
111.990227 80.390823 2703.237061
134.827393 -399.849792 2750.358643
123.262390 -809.439209 2683.739990
-110.005226 77.974869 2724.359619
-70.206551 -401.030212 2773.534912
-21.065948 -812.603760 2722.087158
-0.648102 -0.997589 -6.226562
2.654800 4.972534 -1.950684
-1.091854 794.233154 2786.563477
1.346664 559.557251 2763.252930
178.039474 561.536377 2747.322021
255.788406 229.732849 2774.729248
270.659943 -86.520599 2640.639160
-175.346146 557.578003 2779.183838
-228.366348 221.584930 2779.010010
-223.657394 -65.295837 2644.216553
1.877002 319.168915 2739.270020
113.451614 80.024445 2705.275146
136.659439 -400.229462 2752.671631
124.570343 -807.997925 2683.085449
-108.636932 77.536774 2725.299072
-71.826820 -401.480255 2776.684814
-19.585621 -813.404785 2722.223633
-0.195648 -1.661011 -5.992432
1.307953 1.441284 -0.654541
0.229645 792.997803 2785.742920
2.883217 558.214111 2762.385986
179.498047 560.353882 2745.614014
260.393066 224.867188 2769.358887
271.388184 -88.187408 2636.820557
-173.731628 556.074341 2779.157959
-227.068481 222.474457 2775.748535
-223.629837 -65.407623 2642.284424
3.517778 317.817261 2738.397949
115.148590 78.765182 2703.869385
136.645142 -401.231812 2754.692871
123.251541 -805.576294 2677.623779
-106.843918 76.075607 2724.950439
-70.317261 -403.013367 2776.021729
-17.676304 -810.943359 2720.794189
0.728241 -1.666809 -3.818604
-1.318802 2.421631 -5.461670
1.903321 787.726929 2775.309082
4.815018 553.220459 2757.944336
181.621155 554.838989 2743.405029
263.168762 217.913239 2765.673584
272.648682 -88.892578 2628.150146
-171.991119 551.601990 2772.483643
-226.341278 223.192627 2774.420898
-222.866547 -65.188049 2641.631592
5.400909 312.466370 2738.268555
117.111885 72.729507 2709.454590
138.027756 -407.513000 2758.333496
124.240921 -814.193237 2687.096680
-105.138283 70.695023 2727.730957
-68.065887 -408.836853 2773.847168
-19.028015 -814.122070 2726.855469
1.260498 -0.705170 -8.670410
0.989380 -8.616943 9.472900
2.782337 787.445374 2768.595703
6.019063 552.686829 2755.627930
182.811874 554.887268 2740.907715
265.085876 212.458221 2765.337402
274.004272 -89.361481 2625.991943
-170.773758 550.486389 2770.347656
-224.457901 219.432800 2771.955322
-223.497726 -68.926147 2638.895264
7.635380 311.706604 2739.017090
120.355972 72.109222 2713.155762
137.235352 -409.129395 2751.468262
124.918663 -812.711426 2684.955811
-101.852570 69.343536 2731.657227
-66.222412 -410.616760 2774.355469
-18.561405 -813.209351 2727.968750
1.355591 -0.468903 -2.158203
0.677742 1.481812 -2.140869
2.391501 789.995850 2775.732422
6.452361 555.037048 2758.289551
183.152283 558.272766 2742.675781
265.532684 209.723389 2762.660645
274.221771 -89.081909 2623.333008
-170.247559 551.801331 2773.903320
-223.510574 219.232452 2773.210693
-223.542496 -68.340729 2638.361816
9.095737 314.324829 2738.320312
122.790108 75.646179 2708.538330
137.154480 -405.939484 2744.168701
124.261856 -812.007507 2677.515869
-99.311882 71.579041 2728.163818
-68.175644 -408.863678 2768.789551
-19.375549 -810.694336 2719.528320
0.217499 0.279572 -2.658936
-0.656807 0.703918 -7.439941
1.816663 793.089722 2779.298584
5.096629 557.597717 2760.181152
181.576584 560.854248 2742.344482
269.758301 210.854858 2764.331299
272.357117 -87.980530 2623.365479
-171.383347 554.341187 2778.017822
-221.916153 222.337830 2775.518799
-222.351486 -64.853455 2639.797852
7.384891 316.975281 2738.890137
120.591347 78.399582 2706.388672
133.617859 -402.795654 2747.523193
119.727280 -809.021851 2680.412842
-101.245049 74.306076 2728.809570
-71.818748 -405.826294 2774.060547
-22.883827 -808.234253 2723.662109
-1.864655 1.101379 0.032471
-4.534576 2.985657 2.896973
2.962796 797.374268 2782.054443
3.831197 561.899475 2761.645508
179.710464 564.684570 2739.008789
265.368652 208.415619 2762.183838
273.284332 -88.408722 2622.098389
-172.048050 559.114380 2784.282227
-220.836594 225.334595 2775.298340
-222.480423 -61.405548 2638.611328
4.793987 321.333801 2739.527832
116.327415 82.519073 2703.178955
132.488495 -398.466003 2745.928955
117.712395 -808.271362 2679.565430
-104.813850 79.017181 2731.641357
-73.203865 -401.105347 2775.684570
-24.041691 -805.265137 2727.338623
0.927216 -0.428192 -1.267090
-2.014885 0.750488 -0.847412
3.460230 798.603088 2782.441895
4.156704 562.885620 2761.407959
179.867432 565.206482 2737.222656
265.684906 207.705231 2762.093750
273.908783 -88.725128 2621.356934
-171.554016 560.564819 2785.593262
-221.917114 215.668701 2774.656250
-218.282425 -69.137238 2635.705811
4.258177 322.331360 2739.061523
114.769691 83.235397 2701.517822
133.344681 -397.319031 2748.020752
120.974014 -812.482788 2682.704346
-106.050392 80.318771 2731.912354
-72.623009 -400.291504 2767.967529
-21.995167 -808.178955 2726.010742
0.624451 -0.316406 -0.741455
3.261620 -4.211426 3.138916
3.383165 799.288574 2783.162842
4.173572 563.811157 2761.607178
180.097198 565.998352 2738.878906
265.846954 207.854828 2765.551270
275.175049 -88.820190 2624.341309
-171.750061 561.624023 2784.335449
-220.832962 223.770996 2776.309814
-219.600204 -60.936035 2637.852539
4.156521 323.341034 2738.334473
114.692009 84.245331 2700.779053
133.612793 -396.372009 2746.725830
122.650208 -810.590820 2683.442871
-106.413063 81.496429 2729.344482
-69.973167 -399.307343 2759.312256
-20.705803 -807.060242 2722.794678
1.266266 -0.095062 2.984375
1.676193 1.891968 0.738525
3.067707 793.238342 2784.066895
4.472090 558.899292 2760.966309
180.515030 561.203125 2739.093018
264.924561 209.928436 2761.783447
271.298828 -89.223419 2628.967041
-171.570847 556.595581 2782.839600
-220.276688 228.282745 2777.060059
-221.214890 -57.552124 2641.348145
4.648006 318.488525 2737.061279
115.454132 79.525482 2699.410400
133.181351 -401.144073 2745.396240
123.621399 -815.018250 2682.722412
-105.806274 76.629974 2726.902100
-67.939178 -404.151459 2756.132568
-20.068287 -813.986633 2722.735596
-3.876221 -0.403229 4.625732
0.971191 -4.427429 -0.720459
-0.022108 793.582886 2783.454590
2.869183 558.587341 2760.904053
179.085297 561.966064 2740.643555
266.460419 207.963806 2761.401611
272.801697 -88.415741 2624.426514
-173.346924 555.208618 2781.164551
-220.751236 225.979095 2776.566895
-221.528107 -58.152771 2637.522949
4.732059 318.185608 2737.016113
117.343155 79.907333 2700.394775
133.657257 -401.101929 2743.175537
124.316040 -809.265625 2682.029053
-104.153290 75.660446 2725.861572
-66.157150 -405.054993 2756.348877
-18.182877 -811.530090 2722.041992
1.502869 0.807678 -4.540527
0.694641 5.752625 -0.693359
-0.763323 793.779907 2784.161621
2.661921 559.155640 2761.382080
178.956085 562.927795 2741.814697
265.224762 206.985352 2760.709473
273.265808 -88.855804 2621.298340
-173.632233 555.383484 2780.949463
-223.535339 224.414612 2775.924561
-222.073715 -59.278931 2636.064209
5.149518 318.760468 2737.451416
118.428123 80.735886 2701.223633
133.514191 -400.180237 2745.539795
124.306213 -809.493774 2683.344971
-103.153893 75.994736 2725.817871
-68.577194 -404.908997 2757.377197
-18.421864 -809.945374 2725.989502
0.464111 -0.440063 -3.128174
-0.009827 -0.228149 1.315918
-0.097336 797.412476 2785.858643
2.767351 562.423950 2762.666748
179.017166 566.442627 2742.707031
264.107239 206.995453 2760.855225
273.433868 -88.802216 2618.266602
-173.482468 558.405334 2782.626465
-224.880295 223.724335 2775.069336
-221.093842 -59.193726 2633.732666
5.487895 322.073425 2738.298340
118.973198 84.248398 2701.386230
134.607742 -396.990112 2741.727051
123.156822 -806.145874 2682.423828
-102.556328 79.197372 2726.473633
-68.781464 -401.682251 2759.397949
-18.601799 -807.939087 2723.166016
0.168060 0.053589 -3.031738
-1.149391 3.347900 -0.921143
-2.528551 804.462646 2795.078613
1.390823 570.529541 2767.123779
177.512650 575.382690 2746.251953
261.044006 206.492279 2758.922852
273.437866 -89.313995 2617.265137
-174.731003 565.676331 2787.995605
-225.295685 225.833984 2775.795410
-221.062958 -58.046356 2636.424805
4.759432 330.530273 2739.743652
118.816315 93.581146 2699.246094
131.907196 -387.713562 2739.881348
123.652100 -800.493042 2680.979736
-102.560242 87.480927 2725.480957
-68.718872 -393.659515 2754.068848
-19.598011 -802.788574 2721.259766
0.003998 -0.511780 -1.001465
0.495277 5.652832 -1.444092
-3.937728 801.039856 2790.475342
0.826452 566.955933 2765.142578
177.061691 571.613159 2745.193359
260.517761 209.242584 2756.959229
270.118774 -88.682587 2616.498047
-175.408798 562.298828 2785.091797
-225.515640 233.611633 2780.412109
-221.887680 -50.613220 2641.718750
4.263870 326.767639 2739.437012
118.459297 89.506195 2701.194092
128.055908 -392.495087 2732.010498
123.058632 -813.490112 2685.503174
-103.056725 83.652435 2726.268799
-70.232086 -397.704285 2752.403320
-20.286453 -814.860962 2723.917480
-3.319092 0.631409 -0.767090
-0.593468 -12.997070 4.523438
-6.046550 798.336060 2797.737549
-0.855724 565.515076 2767.825684
175.409073 570.963745 2748.336426
258.260315 211.124146 2755.980469
267.173126 -87.353241 2618.062012
-177.120529 560.066406 2787.314941
-225.488403 229.367950 2780.082031
-223.476883 -55.678864 2643.066895
3.402774 325.670197 2739.286133
118.438141 89.249634 2698.498047
128.678696 -393.251007 2718.312500
123.690384 -809.966675 2681.587402
-103.115601 82.401001 2722.994629
-69.884888 -399.266541 2739.619873
-20.948307 -811.265564 2721.793701
-2.945648 1.329346 1.563965
0.631752 3.523438 -3.915771
-7.828957 801.536316 2801.348145
-2.587406 568.764282 2769.770508
173.397369 574.711731 2748.119629
256.122955 209.057678 2751.986572
265.528351 -87.138000 2614.019043
-178.572174 562.816833 2791.421387
-225.830658 226.091766 2784.288086
-224.308289 -57.918457 2645.136719
1.872853 329.040405 2740.172852
116.941559 93.054565 2696.967285
126.834038 -389.715088 2710.988525
120.856895 -807.047119 2680.104004
-104.275330 85.578491 2724.183105
-75.905777 -396.392487 2741.767578
-21.105961 -807.331055 2723.220215
-1.644775 0.215240 -4.042969
-2.833488 2.919556 -1.483398
-12.836286 797.362671 2792.658203
-6.382745 563.726990 2766.963867
169.572891 569.923157 2745.081055
250.052780 233.188751 2755.259277
266.148804 -64.719879 2624.551025
-182.338394 557.530884 2788.846680
-225.949997 228.341614 2786.924561
-227.197189 -56.240356 2648.959473
-1.089234 323.572754 2741.527832
114.782310 87.312424 2702.339600
127.553635 -395.508179 2705.012695
117.031532 -815.170044 2683.686523
-106.373756 79.524582 2729.843994
-84.305473 -402.909180 2742.077637
-19.071762 -816.805481 2727.180176
0.620453 22.418121 10.531982
-3.825363 -8.122925 3.582520
-18.169205 790.943604 2788.979492
-12.426769 557.458984 2765.320312
163.355698 564.195435 2742.242432
248.030792 227.600281 2759.123291
260.668579 -66.238922 2620.193848
-188.209213 550.722473 2788.398193
-227.711914 225.621704 2790.780029
-228.698502 -58.243195 2651.327393
-6.332237 317.133728 2741.590088
110.236877 81.042206 2703.356201
124.164650 -401.217682 2687.203857
115.539070 -812.983154 2675.679199
-110.712280 72.574799 2732.363525
-84.939117 -409.759399 2734.420654
-25.819229 -812.326904 2725.280518
-5.480225 -1.519043 -4.357178
-1.492462 2.186890 -8.007324
-22.339855 796.964417 2797.396973
-15.878299 563.718628 2769.834961
159.731339 570.966187 2745.622559
242.930206 233.673676 2757.505859
265.658325 -63.074280 2627.145996
-191.487930 556.471069 2794.047363
-230.066574 221.524536 2790.120850
-230.971512 -63.522064 2653.107666
-9.528831 323.609711 2744.014404
107.186111 88.055695 2702.977051
125.287994 -392.264099 2662.721924
118.489662 -798.839905 2667.957520
-113.544846 78.945953 2733.410645
-85.113220 -403.316284 2736.096680
-26.580250 -802.321411 2723.433838
4.989746 3.164642 6.952148
2.950592 14.143250 -7.721680
-28.148361 795.277283 2801.183350
-19.866037 563.507080 2772.926758
155.779373 572.432434 2749.590332
244.461929 227.339508 2757.259033
260.367035 -66.909119 2619.593262
-195.511459 554.581726 2796.263184
-231.684921 228.667938 2794.615234
-235.268280 -57.289948 2659.580078
-11.187500 323.540527 2746.468018
107.882568 89.183472 2705.342529
132.414261 -387.206329 2636.975342
124.973602 -805.300659 2663.528564
-112.900497 77.964478 2734.676025
-82.253349 -404.152649 2741.218262
-25.221523 -805.824524 2722.458496
-5.291290 -3.834839 -7.552734
6.483940 -6.460754 -4.428955
-33.490593 789.513000 2792.600098
-24.862350 556.998901 2770.204590
151.049500 566.052124 2749.080566
244.202332 220.145538 2758.136719
251.188934 -74.572601 2615.149658
-200.774200 547.945679 2791.328613
-232.953049 228.540527 2798.280762
-239.399399 -58.656281 2666.041992
-15.096760 316.633972 2748.513672
105.228569 81.958923 2713.546387
129.970840 -385.619141 2604.536621
124.491165 -805.435120 2656.279297
-115.890907 70.579163 2740.099121
-90.196693 -411.815735 2747.897461
-29.423717 -812.308350 2726.014160
-9.178101 -7.663483 -4.443604
-0.482437 -0.134460 -7.249268
-37.618958 793.034424 2799.272217
-29.106865 560.080261 2775.428711
147.174408 569.210022 2757.965332
234.913239 228.686371 2763.681396
255.126038 -67.530914 2622.578857
-205.388153 550.950439 2792.892090
-233.595917 222.342255 2797.199219
-245.634430 -67.533173 2671.626953
-18.858704 319.751495 2753.233398
102.194336 85.161453 2720.061279
132.265274 -370.181519 2570.836426
124.571808 -781.914917 2633.548340
-119.415413 73.684036 2742.014893
-91.924133 -408.664368 2747.655029
-30.714485 -802.340759 2720.205322
3.937103 7.041687 7.429199
0.080643 23.520203 -22.730957
-40.242897 793.996399 2802.113770
-31.837952 560.439697 2777.720947
144.723190 568.703735 2762.798828
228.441116 238.486237 2771.913574
258.000000 -56.987610 2629.328857
-208.399063 552.175781 2792.643066
-235.506485 226.046997 2800.657959
-253.921616 -65.665253 2680.313965
-22.467567 320.065643 2755.471436
97.863960 84.885101 2723.843994
133.699005 -353.908020 2533.618896
118.482643 -760.831543 2613.793701
-124.058327 74.498016 2742.599854
-96.256302 -407.505707 2758.642822
-32.757996 -803.911133 2718.725586
2.873962 10.543304 6.750000
-6.089165 21.083374 -19.754639
-43.519657 793.694397 2804.552734
-36.418274 559.528625 2780.882080
140.078781 566.391724 2764.444580
225.159424 240.364166 2775.986084
258.460205 -53.693115 2630.322754
-212.915329 552.665527 2797.319580
-239.530869 226.837494 2804.808838
-261.231354 -65.880981 2687.324463
-29.101061 319.045959 2759.042480
89.132919 82.876282 2726.873047
128.758835 -345.309204 2512.147705
108.663437 -724.787231 2595.543213
-132.700607 74.250305 2747.532715
-101.393204 -407.534821 2765.130127
-36.690109 -805.610046 2724.007080
0.460205 3.294495 0.993896
-9.819206 36.044312 -18.250488
-49.161167 794.045898 2804.273682
-41.008614 559.772827 2783.521729
135.389572 566.628662 2765.916992
225.843338 241.479553 2778.321289
256.415680 -52.485077 2631.330078
-217.406784 552.916992 2801.126465
-251.643127 230.143524 2810.438477
-263.419128 -62.131287 2690.728271
-33.677036 319.147522 2763.276367
84.507355 82.830627 2731.967773
132.189484 -339.976654 2506.144775
108.561691 -676.435059 2584.343018
-137.198273 74.213867 2754.094238
-96.667236 -406.960205 2767.043457
-31.520691 -805.715942 2726.592285
-2.044525 1.208038 1.007324
-0.101746 48.352173 -11.200195
-51.744637 794.283508 2804.539551
-44.758965 559.687439 2786.200439
131.581955 565.648193 2767.661865
225.642105 241.965149 2785.119629
256.467224 -52.233093 2638.345459
-221.099869 553.726624 2804.739014
-265.315491 224.071594 2807.723389
-262.315674 -67.774902 2686.569092
-38.622231 318.929138 2767.161621
78.336044 81.916916 2736.472168
134.725708 -279.377075 2425.531738
100.411812 -627.106323 2565.630859
-143.307037 74.424789 2759.773438
-97.335571 -406.320984 2760.397461
-32.620163 -804.131104 2725.198975
0.051544 0.251984 7.015381
-8.149879 49.328735 -18.712158
-53.863297 793.500366 2804.542725
-48.385273 559.268738 2787.887451
127.887993 564.796387 2768.538818
222.097870 242.655853 2788.851562
257.579102 -53.689209 2647.592285
-224.658539 553.741028 2807.236084
-276.652679 217.035461 2807.362305
-271.175232 -78.896637 2691.004883
-42.785248 318.399506 2770.092285
73.594200 81.004166 2740.137451
129.701233 -195.644272 2375.176514
97.044281 -562.008911 2546.726074
-147.964645 74.056412 2764.456787
-96.185089 -406.160156 2760.617920
-30.919357 -806.039307 2722.446045
1.111877 -1.456116 9.246826
-3.367531 65.097412 -18.904785
-55.374855 792.090576 2804.735352
-50.962440 558.485352 2790.009033
125.217316 563.544434 2769.689453
221.857697 244.597107 2797.322510
262.801086 -51.055542 2656.017822
-227.142181 553.426270 2810.328613
-283.820099 204.517120 2808.182617
-273.145477 -95.202484 2696.149170
-45.943043 317.508667 2773.531982
69.799210 79.711395 2744.284668
123.920212 -126.658401 2343.904053
91.591736 -496.840698 2524.678711
-151.646500 73.352509 2769.825195
-95.118988 -406.137695 2756.550781
-30.315712 -804.539673 2725.255615
5.221985 2.633667 8.425537
-5.452545 65.168213 -22.047363
-59.200531 788.752075 2806.304199
-53.297165 555.096985 2791.086426
122.959122 560.412109 2771.486328
219.572632 245.009064 2799.702393
261.960327 -54.345123 2667.060547
-229.553452 549.781860 2810.686523
-287.912476 198.255127 2809.091309
-271.814758 -104.784851 2700.458008
-47.924164 314.161743 2774.066895
68.219276 76.566864 2744.729492
120.272186 -67.327042 2318.323242
90.607956 -436.918213 2498.210693
-153.321609 69.886139 2769.365234
-90.245407 -408.074615 2742.413574
-27.997959 -807.884827 2718.490234
-0.840759 -3.289581 11.042725
-0.983780 59.922485 -26.468018
-60.425743 790.868652 2816.682129
-54.682926 557.710144 2796.181396
121.396049 563.247192 2775.132080
215.911469 243.435791 2803.102783
263.086121 -55.228821 2670.363525
-230.761902 552.173035 2817.230713
-290.472839 202.638550 2810.552002
-276.606567 -100.898621 2702.164307
-49.629562 317.114685 2775.163574
66.086426 79.999191 2740.916748
113.294373 -6.156494 2300.125000
83.462257 -366.952087 2472.068604
-155.238815 73.039291 2767.374756
-89.417450 -404.757996 2741.154785
-29.076153 -799.057129 2715.475830
1.125793 -0.883698 3.302979
-7.145699 69.966125 -26.142090
-61.149731 789.436890 2811.702637
-56.044628 556.292358 2794.971680
120.181557 561.352112 2775.063965
213.317581 246.795685 2807.532471
263.430969 -51.266754 2674.384033
-232.270813 551.232605 2814.879395
-292.243774 204.325317 2811.271729
-278.521118 -97.373260 2699.430420
-51.248569 315.496552 2776.226318
64.300507 77.880661 2744.969482
105.947044 38.580608 2298.516357
80.530991 -308.817200 2454.988037
-157.205521 71.520859 2769.992432
-92.815277 -406.609253 2744.690918
-29.532635 -800.115112 2718.349365
0.344849 3.962067 4.020508
-2.931267 58.134888 -17.080566
-63.110256 791.273071 2819.553467
-58.657433 558.383423 2798.034668
117.369423 563.369568 2776.447754
215.203690 247.418579 2806.548340
268.642883 -53.157959 2680.710693
-234.684280 553.397217 2819.621094
-293.136261 205.672821 2812.142822
-280.504425 -95.532562 2702.913330
-54.524918 317.844849 2776.172119
60.237679 80.440018 2740.742676
97.809837 87.405083 2288.509277
74.101807 -249.793823 2424.745117
-161.022491 74.172562 2767.876465
-92.768585 -402.824890 2733.796875
-31.091805 -794.642761 2714.254639
5.211914 -1.891205 6.326660
-6.429184 59.023376 -30.242920
-63.398132 786.152344 2813.583252
-57.994877 553.235046 2795.858154
118.144485 558.172791 2775.163574
215.187805 250.618744 2809.551514
271.529724 -51.733917 2689.338135
-234.134232 548.297302 2816.552734
-292.576385 206.841705 2811.567627
-282.599884 -93.282471 2704.723145
-53.472275 312.457153 2776.901611
61.746365 74.782410 2744.939453
98.461624 111.759262 2295.557861
80.107605 -213.840195 2401.175781
-159.645706 68.576111 2770.950684
-89.314270 -408.359589 2739.477539
-25.748936 -802.235718 2718.754395
2.886841 1.424042 8.627441
6.005798 35.953629 -23.569336
-62.631401 783.634888 2809.733154
-57.148872 550.626221 2795.391846
119.105629 555.352417 2775.635498
215.447159 246.981049 2809.540527
274.701263 -55.655670 2691.319336
-233.403366 545.899902 2815.148193
-292.793213 206.424652 2813.778564
-283.174713 -92.016937 2702.513184
-52.618980 309.706543 2778.169922
62.680771 71.757202 2748.531982
97.915390 142.179840 2298.777100
92.738380 -155.119934 2331.086182
-158.858948 65.816589 2773.364014
-88.903458 -410.924683 2737.960693
-26.764793 -799.575439 2718.755615
3.171539 -3.921753 1.981201
12.630775 58.720261 -70.089600
-62.979565 782.618286 2807.328857
-58.712444 549.427551 2795.652344
117.349289 552.952515 2774.096680
218.112900 247.009705 2815.461914
270.393799 -54.047577 2690.406006
-234.774185 545.902588 2817.208008
-292.388245 208.709320 2812.400146
-287.872498 -87.389160 2699.433838
-55.846275 308.395203 2779.646973
57.675755 69.578308 2750.093750
94.990585 162.421341 2295.158936
96.402077 -110.728470 2271.813477
-163.635971 65.147400 2777.189453
-95.775871 -412.048401 2743.595703
-32.548538 -799.074646 2718.499512
-4.307465 1.608093 -0.913330
3.663696 44.391464 -59.272705
-62.314701 786.566467 2807.108887
-59.555504 553.364014 2797.402100
116.549995 556.139648 2776.040283
212.122131 244.442108 2819.452393
272.829254 -52.821594 2689.413818
-235.661011 550.588379 2818.763916
-292.189758 211.359497 2814.693848
-290.729889 -83.706696 2702.002686
-57.575676 312.251770 2782.395020
55.077209 72.883850 2753.963135
96.397705 164.107849 2301.157471
105.603447 -54.467072 2240.484619
-166.268906 69.395203 2780.812744
-95.230507 -407.233276 2745.693359
-30.032822 -795.955994 2717.457520
2.435455 1.225983 -0.992188
9.201370 56.261398 -31.328857
-64.988052 794.587280 2826.951172
-61.835114 561.977661 2806.379150
114.390656 565.786438 2786.219238
209.246948 242.655853 2822.384766
276.886780 -53.731903 2693.634521
-238.060883 558.168884 2826.539062
-292.569122 211.160522 2820.365723
-290.028137 -82.391235 2702.116211
-59.213257 321.566742 2783.877441
54.162689 83.549561 2748.705811
99.571976 156.563568 2306.393555
107.674850 6.776108 2237.557129
-167.345490 78.762085 2774.045654
-93.565758 -397.925201 2747.227295
-27.273811 -792.732239 2708.155762
4.057526 -0.910309 4.220703
2.071404 61.243179 -2.927490
-66.216599 797.477173 2836.998291
-64.322617 565.518250 2812.139160
111.930466 569.743286 2792.256348
208.625092 243.329651 2823.192627
273.981201 -51.077179 2686.081055
-240.575699 561.293213 2832.022461
-293.282410 208.577484 2819.687744
-288.922119 -82.920288 2692.494141
-61.456055 325.379639 2786.521973
52.177155 87.896240 2748.409180
97.236038 138.307831 2327.515381
98.287476 33.414108 2274.597168
-169.356140 82.585815 2773.400391
-93.791443 -394.150177 2753.310791
-29.135078 -797.237488 2718.322754
-2.905579 2.654724 -7.553467
-9.387375 26.638000 37.040039
-68.163612 800.182007 2841.552979
-65.584702 567.565125 2814.626709
110.749039 571.464783 2795.385010
209.817810 232.663086 2823.606201
269.704865 -64.723450 2681.918945
-241.918442 563.665466 2833.868408
-294.137299 204.288971 2823.343506
-284.943237 -86.695831 2685.535645
-63.165871 327.476746 2788.135254
50.072380 89.839142 2749.551025
100.999985 129.925232 2319.044189
86.525711 39.978363 2314.084961
-171.566452 84.937592 2773.736572
-93.987785 -391.591095 2755.504150
-29.270256 -797.679565 2717.819092
-4.276337 -13.646271 -4.162109
-11.761765 6.564255 39.487793
-68.816872 803.249451 2843.738525
-63.236267 570.826599 2816.154785
113.044815 576.343140 2796.872070
203.967712 244.622559 2826.328613
274.550110 -57.005096 2695.459717
-239.517349 565.310120 2835.437500
-295.074036 204.639984 2827.175537
-285.808594 -90.634552 2688.194092
-58.730968 330.866669 2788.692383
56.565002 94.373795 2749.111084
115.541260 137.525940 2313.509277
65.804123 38.052513 2412.529785
-165.016342 87.439651 2773.348877
-85.909523 -388.633484 2750.347656
-21.985256 -795.012329 2718.845703
4.845245 7.718353 13.540771
-20.721588 -1.925850 98.444824
-67.996849 793.874756 2834.777588
-62.905361 560.997986 2812.484619
113.316818 565.474670 2792.409912
205.565018 254.488708 2826.416992
261.328491 -51.292786 2696.102539
-239.127548 556.521362 2832.559326
-293.528931 212.316254 2829.594238
-293.152191 -85.864685 2692.513428
-59.575363 320.690491 2788.127930
54.505184 83.196426 2751.154785
81.121040 36.766560 2301.539062
13.105202 7.584743 2529.025879
-166.995911 77.569534 2776.387695
-95.578873 -399.709534 2753.979248
-29.744949 -811.129456 2718.156494
-13.221619 5.712311 0.642822
-52.698921 -30.467770 116.496094
-68.929642 795.170288 2840.377686
-62.510078 562.128784 2813.715088
113.593513 567.839600 2792.933350
204.379517 249.832520 2822.610352
257.799591 -59.447845 2698.009277
-238.613663 556.418030 2834.496826
-291.771484 216.659882 2832.304443
-296.101624 -82.095123 2697.250244
-57.913513 322.123413 2786.712891
57.359688 85.707092 2746.649902
72.129410 -23.996162 2296.256348
-10.572327 26.894012 2576.982910
-163.993591 78.528931 2772.771484
-89.474030 -397.730286 2741.520508
-24.385513 -796.672485 2710.948242
-3.528900 -8.155060 1.906738
-23.677528 19.309269 47.957031
-68.397827 794.680420 2843.695312
-62.110355 562.471924 2814.576904
113.937225 568.775391 2793.460205
203.913818 253.995422 2820.231689
255.342484 -55.003143 2693.077881
-238.157928 556.168457 2835.693604
-288.666077 215.969940 2839.775146
-298.993256 -80.387970 2700.316650
-56.972992 322.669067 2785.823730
58.802731 86.827637 2743.799805
67.568939 -77.647675 2303.307617
-29.762505 31.811333 2605.389160
-162.473999 78.904785 2770.341309
-91.059746 -398.018646 2741.214844
-22.666687 -802.438354 2712.356689
-2.457108 4.444702 -4.931396
-19.190178 4.917320 28.406250
-67.835754 794.321411 2845.341553
-61.857502 562.385559 2814.790283
114.188408 568.501099 2793.577881
203.218597 252.923370 2816.293945
257.870178 -56.538055 2691.130615
-237.903412 556.270020 2836.002686
-289.830261 217.485046 2836.897461
-300.096130 -78.329285 2700.302246
-57.164886 322.736176 2784.644531
58.165524 86.930145 2741.167725
67.720154 -119.186554 2313.560791
-37.239212 41.449280 2615.480957
-163.110062 79.243439 2767.829834
-92.210655 -397.829956 2739.222900
-24.222466 -804.567810 2712.878662
2.527695 -1.534912 -1.947266
-7.476707 9.637947 10.091797
-67.714302 795.668884 2846.175293
-62.132710 563.487549 2814.614746
113.891632 569.486633 2793.178467
204.299667 255.304199 2817.019775
258.385345 -54.062622 2691.073730
-238.157043 557.488525 2836.051025
-283.895630 214.748962 2836.987793
-295.336945 -81.707855 2698.034180
-57.671768 323.861084 2784.185059
57.414433 88.004807 2740.283447
75.849815 -150.097168 2326.610107
-35.555679 54.248550 2624.162109
-163.836090 80.464401 2767.227295
-92.644379 -396.836487 2743.679688
-23.521446 -805.229675 2716.582520
0.515167 2.475433 -0.056885
1.683533 12.799271 8.681152
-67.265778 797.923157 2847.086914
-60.634224 565.419006 2814.966553
115.443230 573.057556 2794.594482
201.238327 254.354706 2817.977051
259.208954 -55.281250 2694.368408
-236.711670 557.780457 2835.338623
-287.952972 215.369995 2833.497070
-286.577301 -84.187958 2700.991455
-53.781925 325.877075 2784.374512
63.736046 91.136032 2740.978516
96.706558 -156.012970 2330.677002
-28.099510 68.215118 2630.685547
-157.595306 81.534286 2766.586426
-85.327927 -395.380249 2738.790527
-17.173630 -804.147034 2718.440430
0.823608 -1.218628 3.294678
7.456169 13.966568 6.523438
-67.028770 797.372803 2847.543701
-60.284092 565.360107 2814.625000
115.815308 573.171204 2794.460693
205.153091 257.125031 2821.509033
259.688965 -49.220398 2688.781982
-236.383499 557.548950 2834.789307
-290.478546 216.680115 2833.758545
-288.295654 -83.806305 2702.579834
-53.270287 325.933472 2783.130127
63.314434 91.367035 2739.088867
109.651260 -61.183136 2308.464844
24.315010 -169.330475 2528.658203
-155.827393 81.646698 2764.181641
-90.058594 -396.202606 2736.701172
-21.941238 -803.997253 2715.628906
0.480011 6.060852 -5.586426
52.414520 -237.545593 -102.027344
-67.220993 795.516602 2837.415527
-59.670013 562.689453 2810.803955
116.572067 570.413574 2791.906494
204.807373 257.032715 2821.768799
259.911377 -46.748352 2683.393311
-235.912094 554.965271 2829.701416
-285.757660 215.352478 2838.879150
-289.241943 -82.968079 2703.294434
-52.014084 322.742188 2784.128418
65.852585 87.625137 2745.635498
95.471046 -24.994171 2312.839355
59.302921 -299.567871 2475.936035
-154.568893 77.964737 2769.270264
-88.771347 -400.201843 2748.368652
-20.988861 -807.687439 2726.464355
0.222412 2.472046 -5.388672
34.987911 -130.237396 -52.722168
-66.828171 795.982056 2832.499023
-59.552841 562.286316 2808.446777
116.762909 570.266174 2790.342041
207.504211 255.548859 2820.232178
259.786285 -47.732697 2679.541748
-235.868591 554.306458 2826.551514
-288.884857 215.177979 2831.431885
-286.820740 -86.208801 2707.096924
-51.262230 322.168640 2783.351074
67.556961 87.053375 2746.906006
96.687881 -19.705246 2308.413086
78.103821 -367.492065 2460.961426
-153.500183 77.048553 2769.604736
-91.528671 -401.317322 2742.724854
-21.036514 -805.910522 2720.527100
-0.125092 -0.984344 -3.851562
18.800900 -67.924194 -14.974609
-65.849129 794.439331 2830.852783
-57.912666 561.423218 2806.156250
118.533447 569.496155 2789.442139
208.329681 255.488708 2818.709473
257.554474 -46.586670 2674.336914
-234.358765 553.350281 2822.870361
-288.946991 215.090485 2825.710449
-287.515869 -84.845245 2696.762695
-49.233494 321.231262 2781.766113
70.197723 86.106522 2746.884766
100.133736 -42.015274 2314.555420
90.341698 -419.908691 2468.329590
-151.306366 75.972061 2767.867188
-86.823883 -402.270264 2744.432861
-21.848961 -804.071899 2718.861084
-2.231812 1.146027 -5.204834
12.237877 -52.416626 7.368164
-65.199310 795.867065 2827.874512
-57.563011 562.103088 2804.599854
118.955116 568.556396 2787.977051
210.169632 243.239990 2813.346680
260.858917 -57.150421 2672.045898
-234.081131 555.649780 2821.222656
-287.968506 214.550293 2824.353760
-284.535400 -87.946991 2696.169678
-50.956532 321.726990 2781.435059
66.517372 85.404099 2747.829834
96.071632 -76.737473 2330.735840
93.175613 -469.684143 2485.622803
-155.217484 77.297714 2768.710693
-93.688339 -401.602600 2752.579346
-29.430023 -799.670532 2723.141846
3.304443 -10.563751 -2.291016
2.833916 -49.775452 17.293213
-64.820419 794.265747 2827.920654
-57.718964 561.081909 2804.114502
118.880447 567.163391 2788.186035
207.679214 248.084351 2817.494141
258.265442 -48.545197 2671.458496
-234.318390 555.000427 2820.042969
-287.482422 214.780365 2824.163086
-282.543091 -90.516083 2693.542725
-51.474586 320.630371 2781.541504
65.719444 83.999588 2748.961426
101.573586 -117.424667 2346.530029
103.625572 -523.398010 2503.473633
-156.179855 76.358109 2768.975586
-92.566132 -402.449768 2761.228516
-28.227150 -805.935791 2721.421143
-2.593475 8.605225 -0.587402
10.449959 -53.713867 17.850830
-64.082474 797.214111 2828.446045
-57.550568 564.542053 2803.200195
118.941315 570.409546 2786.052002
206.339172 240.538330 2817.247070
252.582550 -50.464722 2659.596436
-234.042450 558.674561 2820.348389
-287.240967 217.892426 2820.592285
-277.837982 -90.934174 2695.898682
-51.825722 324.146240 2779.865723
64.801735 87.437408 2745.755859
105.262466 -151.575699 2368.005615
110.788460 -567.062378 2518.477295
-157.003479 80.063446 2767.306641
-93.485077 -398.851288 2763.941895
-28.455788 -803.290100 2719.911865
-5.682892 -1.919525 -11.862061
7.162888 -43.664368 15.003662
-62.732498 798.223694 2816.175781
-56.818314 563.784180 2798.543945
119.611801 568.520935 2780.458008
204.224396 246.817444 2816.643311
256.061127 -46.073669 2664.242432
-233.248428 559.047485 2816.630371
-289.105469 219.436554 2816.309570
-279.508240 -91.273010 2698.893066
-52.188744 322.960205 2780.633789
63.314568 85.112915 2751.357910
108.604332 -198.332336 2401.698975
118.367332 -620.075684 2549.434814
-158.432922 79.159485 2774.089355
-94.170815 -399.622711 2778.608887
-28.746773 -809.899048 2730.071533
3.478577 4.391052 4.645996
7.578873 -53.013306 30.957520
-59.775574 795.357361 2811.559814
-55.370960 561.091064 2794.853271
121.142052 564.693237 2777.316406
205.322281 250.243073 2814.700195
256.150696 -45.888916 2668.250000
-231.883972 557.488892 2812.390137
-290.049316 218.223999 2813.647949
-280.001770 -92.012604 2697.824463
-52.131287 320.142639 2777.969238
62.036953 81.457947 2750.064209
113.254951 -232.652649 2422.746338
123.636452 -666.024292 2563.614502
-159.820175 76.930420 2772.106201
-93.911438 -401.686584 2773.216553
-29.559563 -812.732727 2719.669434
0.089569 0.184753 4.007568
5.269119 -45.948608 14.179688
-59.592735 794.987549 2808.299072
-54.185894 560.701233 2791.266602
122.288437 565.288391 2773.551514
208.381531 248.107574 2809.972656
258.452118 -50.927002 2669.203857
-230.660233 556.114075 2808.981689
-291.034454 218.104126 2809.322021
-280.701935 -91.969971 2699.856201
-49.594940 319.742920 2774.606934
65.901657 81.667419 2746.814209
121.985046 -287.317474 2471.224854
133.317200 -708.478882 2581.710693
-155.909622 75.901794 2769.080322
-90.066368 -402.613190 2777.994873
-24.178337 -811.777222 2717.306641
2.301422 -5.038086 0.953857
9.680748 -42.454590 18.096191
-56.752029 795.380554 2809.173340
-52.690243 561.273682 2789.730469
123.675972 565.848877 2770.960938
209.482986 250.350067 2805.132324
255.939102 -52.417999 2671.368652
-229.056458 556.698486 2808.500000
-291.521606 215.555359 2806.169678
-280.423279 -91.885254 2693.225586
-48.409325 320.437622 2771.250000
66.711220 82.476929 2740.973389
126.408783 -326.487610 2519.623291
133.044693 -743.029663 2601.641602
-154.968048 76.726196 2764.565674
-92.004700 -402.087219 2778.063721
-29.591709 -807.054321 2715.154053
-2.513016 -1.490997 2.164795
-0.272507 -34.550781 19.930908
-55.534718 795.798523 2807.062256
-49.281418 561.589233 2786.556641
127.179314 566.903809 2768.920166
207.765747 250.804382 2802.688721
252.977325 -52.524384 2669.541260
-225.742172 556.274658 2804.193115
-290.263000 214.272430 2801.087646
-280.081970 -91.782043 2689.209961
-43.952156 320.826782 2767.326660
72.278107 83.404434 2737.012695
129.885498 -350.618774 2556.254150
138.189117 -767.993774 2627.272461
-149.523880 76.724258 2759.180664
-88.379410 -401.801392 2783.636475
-24.318115 -809.937988 2713.445312
-2.961777 -0.106384 -1.827393
5.144424 -24.964111 25.630859
-54.133011 796.008728 2806.530273
-47.091370 562.157166 2784.464844
129.334015 568.375549 2766.750732
206.777313 249.877625 2798.591309
249.029007 -53.858276 2665.310303
-223.516754 555.938782 2802.178955
-289.636475 214.131378 2798.052979
-275.944275 -90.459473 2686.062256
-40.692459 321.546204 2763.730957
76.583237 84.843262 2731.864258
127.548965 -367.067902 2589.501465
133.619537 -782.018066 2645.464355
-145.170334 77.027222 2754.129883
-88.855263 -402.187439 2777.834961
-26.027092 -807.166992 2715.356201
-3.948318 -1.333893 -4.230957
-4.569580 -14.024292 18.191895
-51.048054 793.527954 2808.250977
-45.782459 560.706543 2782.269287
130.316299 566.042114 2761.526367
216.369049 240.418182 2791.815918
248.757263 -62.309387 2659.102539
-221.881210 555.370972 2803.012207
-283.839813 211.081635 2796.540527
-277.366730 -90.681244 2683.984863
-41.249039 320.307648 2758.919434
73.972862 83.262512 2722.531494
121.424271 -381.092194 2618.876709
123.550217 -795.305908 2657.465576
-147.404099 76.555054 2748.607666
-94.562408 -403.067230 2772.900391
-31.916706 -809.708496 2716.676758
-0.271744 -8.451111 -6.207764
-10.069321 -13.287842 12.001221
-48.235416 792.434570 2807.118896
-44.423748 559.074097 2780.119873
131.555618 563.789612 2758.159180
224.684601 234.203247 2786.412598
252.094009 -68.636597 2653.880371
-220.403091 554.358582 2802.080566
-279.919586 209.044739 2794.279541
-276.314636 -89.412384 2677.954346
-41.028954 318.751495 2755.720459
72.957169 81.392288 2717.520264
122.473862 -390.772827 2655.111572
124.102028 -807.241394 2673.370850
-148.225479 75.465530 2745.121826
-93.275635 -403.142822 2780.361084
-29.659107 -811.694336 2718.096436
3.336746 -6.327209 -5.222168
0.551811 -11.935486 15.905273
-45.385986 790.187195 2796.549316
-41.819798 556.796021 2773.867676
134.305237 560.464478 2752.856689
224.165771 235.669098 2781.408936
250.202698 -67.656616 2650.161865
-217.944855 553.127563 2794.878662
-269.997070 216.721161 2794.558105
-273.153992 -76.934296 2669.308350
-39.434669 316.234863 2751.859375
73.636932 77.979187 2716.646729
122.487976 -398.474365 2681.885254
126.723991 -811.601257 2686.311035
-147.736023 73.368225 2743.055420
-91.679527 -404.602478 2785.019531
-28.415119 -811.895264 2722.217529
-1.891312 0.979980 -3.718506
2.621964 -4.359863 12.940186
-41.919781 788.027283 2792.255127
-39.234257 554.444153 2770.920898
136.916122 557.511475 2749.965820
225.375992 240.580017 2776.593018
254.218307 -64.445465 2650.310791
-215.384628 551.376770 2791.875977
-262.473877 220.974731 2793.775879
-269.731750 -71.812744 2667.527832
-37.583035 313.807190 2749.577148
74.769203 75.097916 2715.064209
123.334412 -403.520874 2697.277100
127.659760 -812.479736 2693.014893
-146.632828 71.242569 2741.402588
-88.769318 -406.928162 2778.861572
-28.343933 -807.521118 2722.498291
4.015610 3.211151 0.148926
0.935768 -0.878479 6.703857
-39.361725 791.993164 2798.630127
-37.993153 558.881470 2773.201416
137.886017 561.669983 2750.111572
229.304413 241.014923 2774.175049
255.887680 -64.180359 2647.866699
-213.872314 556.092957 2796.291260
-257.753845 215.500153 2791.897705
-264.710144 -72.600586 2659.837402
-37.374741 318.535645 2748.885742
73.784103 79.942429 2710.058105
123.426323 -399.525208 2708.389404
125.263695 -801.962036 2691.804443
-147.296753 76.437241 2739.082031
-85.772430 -401.126343 2778.719238
-30.396935 -799.497437 2720.765869
1.669373 0.265106 -2.444092
-2.396065 10.517700 -1.210449
-35.381947 792.033813 2791.292236
-34.261597 558.652527 2769.618652
140.991943 560.507324 2742.381836
229.582123 246.557007 2772.896729
256.299500 -59.083252 2647.712891
-209.515167 556.797668 2796.855469
-254.110062 224.202332 2789.773926
-256.535767 -66.190887 2664.269043
-35.009499 318.022522 2748.419189
74.411217 78.558517 2710.098145
126.646919 -400.257385 2730.699951
126.775978 -808.794556 2700.435303
-145.926010 76.226547 2744.341309
-83.232132 -401.265808 2783.366699
-26.986813 -808.046753 2732.294678
0.411819 5.097107 -0.153809
1.512283 -6.832520 8.630859
-30.679546 796.661926 2797.652344
-31.382404 562.918945 2771.538818
143.915283 564.492188 2744.371582
230.628571 242.794342 2773.817871
257.753662 -60.782013 2643.898193
-206.680115 561.345703 2798.706055
-252.553238 216.099945 2787.388672
-248.670883 -74.517029 2657.976562
-33.088707 322.663147 2746.616211
75.355766 83.395905 2704.622559
128.385376 -395.378143 2733.656494
128.005432 -802.350586 2695.699707
-144.945786 81.418793 2738.764648
-81.037460 -396.277069 2772.908203
-25.758480 -807.239990 2722.935303
1.454163 -1.698761 -3.814697
1.229454 6.443970 -4.735596
-26.764826 791.393311 2790.790283
-28.689419 558.018433 2767.196533
146.646927 557.866333 2740.188477
232.217529 245.862427 2768.279297
256.712616 -60.052429 2643.524658
-204.025772 558.170471 2794.204590
-249.373032 228.878174 2784.878906
-240.450790 -64.823669 2660.614014
-32.452297 317.592377 2744.121582
73.974350 77.070801 2704.073486
126.413834 -400.900574 2746.459717
126.614876 -816.418274 2699.540771
-146.404709 77.261902 2738.019775
-84.081223 -399.846436 2781.186768
-25.798550 -820.371948 2728.500732
-1.041046 0.729584 -0.373535
-1.390556 -14.067688 3.841064
-23.396732 790.162659 2787.858887
-25.383547 556.891296 2765.106445
150.107559 556.171692 2739.076172
243.109085 228.426727 2766.136963
258.822388 -71.980072 2637.134033
-200.874649 557.610840 2791.136719
-249.687469 220.944305 2779.928467
-235.985428 -72.477417 2656.136230
-29.642883 316.360931 2743.040283
76.383736 75.378372 2704.615479
131.099136 -402.182373 2751.130615
130.409653 -810.741699 2701.088379
-144.188171 76.282791 2737.332764
-80.102280 -400.486938 2782.168213
-22.460449 -816.584351 2728.445312
2.109772 -11.927643 -6.390625
3.794777 5.676575 1.547607
-22.360172 788.392883 2785.917236
-19.863808 555.221985 2762.704346
155.623672 558.292053 2737.048340
240.746552 231.277252 2767.728027
263.483826 -65.554352 2636.361084
-195.351273 552.151917 2788.360352
-250.347229 212.970276 2779.460449
-233.664154 -78.654510 2649.141846
-18.906651 314.716125 2740.471680
92.359886 76.140060 2702.112061
147.888184 -400.542480 2756.678955
143.973999 -807.766357 2699.779541
-128.258881 72.280441 2734.365967
-63.411537 -404.256958 2780.835205
-6.906300 -817.302307 2722.603271
4.661438 6.425720 -0.772949
13.564346 2.975342 -1.308838
-18.273722 795.468567 2795.449463
-15.532009 562.266724 2766.956055
160.032349 566.423889 2741.846191
236.377014 220.143585 2764.357910
264.351013 -75.511841 2627.196777
-191.096375 558.109619 2792.065918
-239.800964 216.252350 2780.695312
-236.001953 -74.122040 2645.825684
-13.669731 322.233154 2740.237061
98.517250 84.811935 2697.739014
137.779419 -392.937866 2755.397949
132.682632 -802.590576 2699.767822
-122.132149 79.587204 2729.297119
-74.004242 -398.348389 2778.693359
-17.311954 -804.844299 2723.716064
0.867188 -9.957489 -9.164307
-11.291367 5.175781 -0.011719
-15.646186 794.578735 2800.206299
-12.704224 562.322144 2768.494141
163.198212 566.856812 2745.990479
238.708252 214.086121 2763.184082
267.966827 -80.888824 2616.480225
-188.606659 557.787415 2790.997803
-232.876022 222.933899 2781.394287
-232.628098 -66.002014 2642.461914
-10.302063 322.600952 2738.964600
102.653221 85.729797 2695.291748
136.742676 -390.778931 2765.260010
131.869797 -808.209778 2699.117432
-118.453026 80.029785 2723.578369
-76.499779 -397.729034 2780.371826
-19.521759 -814.635315 2722.673096
3.615814 -5.376984 -10.716553
-0.812836 -5.619202 -0.650391
-12.923570 792.269958 2803.583740
-10.493009 559.985168 2769.058350
165.407425 564.289307 2746.362549
246.356277 209.539734 2757.600830
268.861725 -85.220734 2606.291748
-186.393448 555.681030 2791.754150
-229.478592 223.420166 2782.656494
-227.121552 -64.650024 2641.414795
-8.666258 320.458252 2737.791016
103.698448 83.636108 2692.261475
136.510712 -392.608215 2765.760986
128.901520 -817.147095 2697.745117
-117.377464 78.226562 2720.785889
-78.868866 -398.857330 2785.549805
-21.554485 -817.851196 2722.899414
0.894897 -4.331909 -10.188477
-2.968277 -8.937317 -1.372314
-9.701990 792.437500 2804.761230
-6.266280 560.553833 2769.129639
169.865387 564.713745 2748.284912
259.678497 212.269165 2757.805176
271.203674 -87.339294 2610.253662
-182.397919 556.393860 2789.974365
-228.134064 221.770294 2780.446045
-225.051666 -66.224548 2638.759766
-4.311348 321.012756 2737.843506
108.338043 84.086121 2693.457031
139.849121 -392.328339 2767.083740
132.553543 -812.076721 2702.075684
-113.050873 78.857300 2719.657715
-72.108414 -398.103790 2784.554688
-17.978390 -814.390259 2724.207031
2.341949 -2.118561 3.961914
3.652023 5.070374 4.330566
-6.666669 783.291016 2785.878418
-3.527988 551.049194 2761.401123
172.344772 554.847351 2738.441650
261.884430 214.169952 2758.393066
275.209778 -84.025787 2609.673584
-179.400742 547.250977 2784.360596
-227.145279 222.613678 2778.724854
-224.002747 -66.044464 2638.246582
-1.383791 310.728607 2738.069580
111.293846 72.795135 2700.308350
137.433701 -404.343292 2771.404541
129.419312 -822.554077 2705.792969
-109.773033 68.020966 2729.167725
-70.547775 -409.227325 2793.389404
-18.880768 -824.846497 2735.175049
4.006104 3.313507 -0.580078
-3.134232 -10.477356 3.717285
-6.345191 779.127563 2775.351318
-2.884377 545.588135 2757.362549
172.812561 548.775879 2732.974854
262.957214 214.595917 2760.189453
278.683289 -83.170593 2615.761719
-178.581299 542.400391 2781.750244
-227.786926 215.656860 2775.755371
-223.062775 -73.095642 2635.442871
-1.197636 304.871246 2738.049805
110.906906 66.157700 2703.410645
130.149780 -412.722961 2763.116699
128.299179 -817.747437 2703.571289
-109.928680 62.150986 2734.063477
-70.503174 -416.565918 2784.454834
-22.282764 -819.897522 2730.735596
3.473511 0.855194 6.088135
-1.120132 4.806641 -2.221680
-4.581657 780.037292 2769.589600
-2.546763 546.265808 2755.539551
173.088196 549.030823 2730.604492
265.482605 211.300201 2760.086670
276.761841 -85.232208 2617.572266
-178.181732 543.500793 2780.474609
-228.226410 211.766357 2774.715088
-221.514175 -76.980316 2634.440430
-1.104249 305.305725 2738.980469
110.715042 66.083313 2706.750977
132.808929 -412.845673 2765.945557
127.630707 -809.122314 2705.072510
-110.038513 62.607971 2738.091797
-69.979279 -416.169678 2788.501953
-22.184822 -815.063599 2728.952393
-1.921448 -2.061615 1.810547
-0.668472 8.625122 1.501221
-3.739917 785.742310 2776.738525
-1.554810 551.294678 2758.600098
174.235672 553.982117 2734.764404
265.751068 211.156189 2759.048584
278.322662 -85.986542 2622.412354
-177.345291 548.607239 2782.435791
-228.234863 212.355316 2776.480713
-221.019943 -77.127319 2637.738037
-0.505339 310.528015 2739.194092
111.022339 71.450317 2704.808105
132.625473 -408.088165 2759.392334
128.210403 -809.155762 2698.926270
-109.934082 68.072388 2734.768066
-70.028381 -410.930756 2783.661865
-21.933842 -809.297180 2719.645020
1.560822 -0.754333 4.840088
0.579697 -0.033447 -6.146240
-1.274388 785.015625 2770.809570
1.137239 550.497986 2756.736572
176.939560 552.908691 2732.927979
263.875061 210.077454 2759.017334
280.523621 -85.463287 2626.059082
-174.665085 548.087280 2780.545166
-227.765656 216.573090 2777.846436
-221.993805 -73.360931 2639.971680
2.180177 309.517975 2740.038086
113.707245 70.052948 2708.376953
136.691055 -408.639862 2769.409180
130.628479 -815.654236 2706.001465
-107.261017 67.022980 2738.302246
-68.179665 -411.857086 2789.269531
-20.357037 -814.433899 2729.514404
2.200958 0.523254 3.646729
2.418076 -6.498474 7.075195
-2.014884 791.273315 2777.348389
1.409541 556.616821 2759.830566
177.460922 559.854492 2738.149170
268.950226 208.049011 2762.015625
273.269806 -85.221008 2622.394287
-174.641861 553.379150 2781.511963
-227.970871 216.526367 2779.671631
-222.438293 -73.989685 2643.008301
3.482518 315.817902 2740.704346
116.206566 77.053925 2707.951172
136.820343 -402.102173 2766.384521
130.469330 -807.628052 2700.795654
-105.095573 72.984039 2735.205078
-69.427467 -406.785126 2779.479492
-21.347126 -806.730713 2724.899414
-7.253815 0.242279 -3.664795
-0.159149 8.026184 -5.205811
-1.308514 794.045227 2780.921387
1.788432 559.800415 2760.322021
177.423050 564.339355 2735.831299
267.961365 208.518433 2759.492920
274.858398 -86.713593 2623.684326
-173.846176 555.261475 2784.812744
-225.351440 220.532135 2782.043457
-222.591660 -70.620697 2646.681641
5.139417 319.125549 2739.748535
118.883537 81.303589 2703.781738
135.122269 -398.282928 2760.054688
131.157822 -809.557007 2696.430664
-101.902733 75.597778 2734.568359
-71.037598 -403.974701 2784.113281
-18.085400 -811.238525 2726.854736
1.588593 -1.492584 1.290039
0.688492 -1.928955 -4.364990
