-80.997787 407.903320 2603.152344
-68.470589 197.310577 2593.797607
99.214241 207.581284 2609.155029
99.213516 -68.368912 2609.155029
99.218964 -344.318726 2609.155029
-236.155426 187.039871 2578.440186
-236.155258 -88.910263 2578.440186
-236.159958 -364.860107 2578.440186
-54.156921 -12.622229 2577.907715
56.962021 -216.625702 2570.883789
36.003368 -637.816101 2583.609619
37.846516 -1040.032959 2533.024170
-136.648529 -228.484360 2553.151855
-152.917664 -649.819580 2535.992432
-167.419510 -1055.167114 2536.916260
-1.065430 -0.901093 -0.058838
2.091976 1.382324 -5.994629
-82.220856 409.225952 2603.862549
-69.355370 198.682983 2594.631836
98.342384 208.798462 2609.965820
98.341660 -67.151733 2609.965820
98.347107 -343.101562 2609.965820
-237.053116 188.567505 2579.297852
-237.052948 -87.382629 2579.297852
-237.057648 -363.332458 2579.297852
-55.250504 -11.274975 2578.880615
55.667763 -215.393188 2571.981934
34.596592 -636.687195 2583.196777
35.365513 -1039.162598 2532.973145
-137.959045 -227.072693 2554.276855
-153.905701 -648.366943 2535.444336
-168.320526 -1053.818481 2535.559570
-0.871857 1.217163 0.810791
-2.481003 0.870361 -0.051025
-82.881065 408.031250 2603.739746
-70.247772 197.935577 2594.697998
97.339859 207.863922 2611.265869
97.339134 -68.086273 2611.265869
97.344582 -344.036102 2611.265869
-237.835403 188.007248 2578.130127
-237.835236 -87.942886 2578.130127
-237.839935 -363.892700 2578.130127
-56.238178 -12.018244 2578.803223
54.524273 -216.240173 2572.473389
35.527138 -637.675049 2583.236572
35.074409 -1039.649170 2528.553711
-138.981430 -227.703964 2553.343506
-158.465759 -648.714417 2531.905518
-164.716660 -1054.243652 2538.297119
-1.002525 -0.934540 1.300049
-0.291103 -0.486572 -4.419434
-84.168289 409.336365 2604.179932
-71.180557 198.631195 2595.002197
96.505150 208.299362 2610.712402
96.504425 -67.650833 2610.712402
96.509872 -343.600647 2610.712402
-238.866257 188.963028 2579.291992
-238.866089 -86.987106 2579.291992
-238.870789 -362.936951 2579.291992
-57.571140 -11.337191 2578.955566
52.845352 -215.724014 2571.978760
38.667702 -637.376465 2581.135498
30.694420 -1038.983398 2524.436035
-140.768799 -226.887131 2553.839111
-159.415710 -648.188477 2539.193848
-168.025482 -1053.572266 2533.136719
-0.834709 0.435455 -0.553467
-4.379990 0.665771 -4.117676
-85.463371 409.351074 2603.904053
-73.492920 198.314270 2594.868164
94.241287 207.365692 2610.441895
94.240562 -68.584503 2610.441895
94.246010 -344.534332 2610.441895
-241.227127 189.262848 2579.294434
-241.226959 -86.687286 2579.294434
-241.231659 -362.637115 2579.294434
-60.621284 -11.656143 2578.270996
49.084835 -216.401093 2570.664551
34.200832 -638.097046 2576.958008
32.070744 -1041.088135 2531.667236
-144.584152 -226.852020 2552.683105
-160.865280 -648.293213 2538.383057
-172.329620 -1053.603271 2527.304443
-2.263863 -0.933685 -0.270508
1.376324 -2.104736 7.231201
-87.875626 408.963562 2604.258301
-76.211884 198.045609 2595.027100
91.585297 206.908066 2610.029297
91.584572 -69.042130 2610.029297
91.590019 -344.991943 2610.029297
-244.009064 189.183136 2580.024902
-244.008896 -86.766998 2580.024902
-244.013596 -362.716827 2580.024902
-63.643528 -11.950077 2578.505859
45.795979 -216.829361 2570.645508
31.697884 -638.513245 2579.589844
32.862370 -1040.754639 2527.511230
-147.946320 -227.062164 2553.323730
-163.398849 -648.490356 2537.309326
-170.524445 -1054.025635 2534.576660
-2.655991 -0.457611 -0.412598
0.791626 0.333496 -4.156006
-89.759392 412.016632 2613.938965
-78.794044 201.497498 2598.453613
89.159035 210.295868 2611.511963
89.158310 -65.654327 2611.511963
89.163757 -341.604156 2611.511963
-246.747116 192.699127 2585.395264
-246.746948 -83.251007 2585.395264
-246.751648 -359.200836 2585.395264
-66.186279 -8.051410 2577.484131
43.388763 -212.520599 2564.053711
30.746784 -634.157715 2576.515381
34.715755 -1036.024414 2521.153076
-150.545807 -222.680023 2548.975586
-166.877655 -643.808838 2527.502686
-165.914093 -1049.213745 2535.512207
-2.426262 3.387787 1.482666
1.853386 4.730225 -6.358154
-90.151756 409.652954 2609.273193
-79.635094 198.576721 2596.447754
88.339592 207.918701 2608.893311
88.338867 -68.031494 2608.893311
88.344315 -343.981323 2608.893311
-247.609787 189.234741 2584.002197
-247.609619 -86.715393 2584.002197
-247.614319 -362.665222 2584.002197
-66.566803 -11.149907 2577.495117
43.473007 -215.483414 2565.727295
31.682213 -637.237305 2574.424316
38.578129 -1040.838745 2538.272705
-150.470032 -226.269638 2551.357666
-160.786942 -647.669128 2532.037354
-173.735977 -1051.773682 2556.707275
-0.819443 -2.377167 -2.618652
3.862373 -4.814331 17.119629
-92.324532 411.462708 2605.939941
-81.705841 199.408279 2596.155518
86.273468 209.097290 2608.318848
86.272743 -66.852905 2608.318848
86.278191 -342.802734 2608.318848
-249.685150 189.719269 2583.992188
-249.684982 -86.230865 2583.992188
-249.689682 -362.180695 2583.992188
-68.337845 -10.441055 2578.700195
42.004810 -214.696915 2568.266846
28.428116 -636.451294 2573.802002
38.212650 -1040.102295 2536.064941
-151.944504 -225.883865 2554.222900
-161.799393 -647.372375 2535.860107
-173.134811 -1052.199219 2553.588135
-2.066124 1.178589 -0.574463
-0.365479 0.736450 -2.207764
-94.835739 410.827545 2607.782227
-83.327263 199.303345 2596.664062
84.632072 209.704971 2608.519775
84.631348 -66.245224 2608.519775
84.636795 -342.195068 2608.519775
-251.286606 188.901703 2584.808350
-251.286438 -87.048431 2584.808350
-251.291138 -362.998260 2584.808350
-69.045845 -10.419409 2578.340820
42.200401 -214.137177 2566.862061
28.945034 -635.902344 2565.871338
37.097576 -1040.235962 2534.751709
-151.729263 -226.147141 2553.173096
-162.528366 -647.288208 2528.876709
-176.977676 -1051.994751 2550.802002
-1.641396 0.607666 0.200928
-1.115074 -0.133667 -1.313232
-96.408836 409.915863 2606.193359
-84.313400 198.454132 2595.811523
83.588531 209.002686 2608.340576
83.587807 -66.947510 2608.340576
83.593254 -342.897339 2608.340576
-252.215332 187.905579 2583.282471
-252.215164 -88.044556 2583.282471
-252.219864 -363.994385 2583.282471
-69.830597 -11.334365 2578.354004
41.583900 -215.033066 2568.129639
25.776440 -636.702820 2563.863037
38.963459 -1041.522339 2543.938232
-152.279495 -227.212662 2553.663330
-162.973984 -648.456909 2530.639404
-173.943710 -1053.494629 2550.271484
-1.043541 -0.702271 -0.179199
1.865883 -1.286377 9.186523
-98.863396 410.886414 2612.908691
-87.648338 200.513306 2597.993164
80.362724 210.162689 2609.724121
80.362000 -65.787506 2609.724121
80.367447 -341.737335 2609.724121
-255.659409 190.863907 2586.262207
-255.659241 -85.086227 2586.262207
-255.663940 -361.036072 2586.262207
-74.178528 -9.042651 2577.450195
36.287838 -213.027802 2563.679688
18.735937 -634.659241 2562.745361
36.106464 -1038.826172 2534.125732
-157.705261 -224.169418 2550.134766
-165.978333 -645.138367 2522.028809
-188.450729 -1048.146240 2558.032715
-3.225807 1.160004 1.383545
-2.856995 2.696167 -9.812500
-100.819740 410.260101 2616.762207
-90.869461 200.371414 2598.946777
77.130112 209.066895 2611.530518
77.129387 -66.883301 2611.530518
77.134834 -342.833130 2611.530518
-258.869049 191.675934 2586.363037
-258.868896 -84.274200 2586.363037
-258.873596 -360.224030 2586.363037
-78.339920 -9.037043 2576.374023
31.179132 -213.425430 2561.066162
17.577135 -635.165161 2564.779541
37.387096 -1039.610474 2540.660645
-162.799896 -223.465576 2546.536377
-171.018860 -644.765381 2524.119873
-183.689911 -1048.697632 2555.940918
-3.232613 -1.095795 1.806396
1.280632 -0.784302 6.534912
-101.810471 409.153534 2611.186035
-92.708656 198.611832 2596.985107
75.335243 207.139206 2609.128662
75.334518 -68.810989 2609.128662
75.339966 -344.760803 2609.128662
-260.752563 190.084442 2584.841553
-260.752411 -85.865692 2584.841553
-260.757111 -361.815521 2584.841553
-80.634911 -11.096697 2577.167480
28.450974 -215.882339 2564.360352
19.927307 -637.701660 2571.421631
36.957485 -1042.103271 2543.770752
-165.573303 -225.728104 2550.339355
-171.132446 -647.276917 2532.111328
-177.970123 -1051.878418 2558.458008
-1.794868 -1.927673 -2.401855
-0.429611 -2.492798 3.110107
-105.149467 409.469299 2606.897949
-95.558731 198.528946 2595.187500
72.522903 207.003708 2606.858887
72.522179 -68.946487 2606.858887
72.527626 -344.896301 2606.858887
-263.640350 190.054199 2583.516113
-263.640198 -85.895935 2583.516113
-263.644897 -361.845764 2583.516113
-83.702835 -11.336129 2576.834717
25.187946 -216.308670 2565.219971
16.435741 -638.191040 2569.049805
35.980381 -1042.128174 2536.489258
-168.881836 -226.093750 2551.743896
-171.509674 -647.771240 2535.586182
-183.719147 -1052.731689 2553.439453
-2.812340 -0.135498 -2.269775
-0.977104 -0.024902 -7.281494
-108.027222 408.444031 2607.254639
-97.726425 197.346054 2595.074951
70.296906 206.026520 2607.416016
70.296181 -69.923676 2607.416016
70.301628 -345.873505 2607.416016
-265.749756 188.665573 2582.733887
-265.749603 -87.284561 2582.733887
-265.754303 -363.234375 2582.733887
-85.553589 -12.532446 2576.966797
23.621380 -217.399582 2565.983398
18.004715 -639.355042 2568.964355
40.836178 -1043.205566 2537.082520
-170.382889 -227.422302 2551.733887
-169.497223 -648.966431 2532.335693
-185.184952 -1054.119873 2542.679199
-2.225998 -0.977203 0.557129
4.855797 -1.077393 0.593262
-110.753670 408.581970 2614.440674
-100.797272 198.268082 2597.350098
67.372696 206.506821 2607.681152
67.371971 -69.443375 2607.681152
67.377419 -345.393188 2607.681152
-268.967255 190.029343 2587.019043
-268.967102 -85.920792 2587.019043
-268.971802 -361.870605 2587.019043
-89.182961 -11.240707 2575.369141
19.524574 -215.992844 2559.352783
16.492792 -637.842896 2552.934814
35.806969 -1042.466064 2532.368408
-174.661880 -225.506149 2547.423584
-173.103912 -647.142334 2529.671631
-186.458725 -1052.514160 2531.103271
-2.924210 0.480316 0.265137
-5.029209 0.739502 -4.714111
-112.582260 407.542175 2608.025146
-102.915970 197.085114 2595.136963
65.244766 204.921448 2606.009277
65.244041 -71.028748 2606.009277
65.249489 -346.978577 2606.009277
-271.076691 189.248779 2584.264648
-271.076538 -86.701355 2584.264648
-271.081238 -362.651184 2584.264648
-91.874550 -12.699800 2575.565430
16.245140 -217.960846 2562.270508
17.356726 -639.870117 2556.152832
40.283787 -1044.596191 2550.612305
-177.911407 -227.008575 2549.717285
-177.510284 -648.795166 2536.164062
-176.920227 -1054.254272 2536.194336
-2.127930 -1.585388 -1.671875
4.476818 -2.130127 18.243896
-114.288872 410.398010 2606.325928
-105.573700 200.372833 2594.739014
62.714905 207.670059 2603.736328
62.714180 -68.280136 2603.736328
62.719624 -344.229980 2603.736328
-273.862305 193.075623 2585.741699
-273.862152 -82.874512 2585.741699
-273.866852 -358.824341 2585.741699
-95.463211 -9.538616 2575.876465
11.806686 -215.237106 2562.208252
11.962141 -636.971741 2549.081543
36.982231 -1041.724365 2541.321289
-182.512131 -223.663025 2551.819580
-180.799332 -645.197815 2532.489502
-172.456223 -1050.653198 2535.270264
-2.529865 2.748596 -2.272949
-3.301556 2.871826 -9.291016
-119.574600 412.380249 2608.965088
-110.177979 201.925751 2596.341064
58.158459 210.256546 2603.049561
58.157734 -65.693649 2603.049561
58.163177 -341.643494 2603.049561
-278.514404 193.594940 2589.632568
-278.514252 -82.355194 2589.632568
-278.518951 -358.305023 2589.632568
-98.995934 -7.817985 2576.215332
9.375340 -212.751907 2559.962646
8.811940 -634.210754 2539.964600
35.890213 -1038.965332 2537.099609
-185.003098 -222.371521 2552.216553
-179.049240 -643.545532 2527.293701
-174.022812 -1048.994263 2537.270264
-4.556446 2.586487 -0.686768
-1.092018 2.759033 -4.221680
-123.953453 410.410980 2605.286133
-114.595871 199.238586 2595.384277
53.772797 208.196960 2600.296387
53.772072 -67.753235 2600.296387
53.777515 -343.703064 2600.296387
-282.964569 190.280212 2590.472168
-282.964417 -85.669922 2590.472168
-282.969116 -361.619751 2590.472168
-102.899994 -10.660480 2577.293701
5.995988 -215.387833 2562.039062
1.618134 -636.359558 2534.400635
31.161900 -1040.867188 2540.545410
-188.404221 -225.731262 2556.367188
-183.760254 -647.014282 2532.324219
-175.847504 -1052.499512 2531.919678
-4.385662 -2.059570 -2.753174
-4.728313 -1.901855 3.445801
-130.644958 410.990662 2612.964355
-119.241676 200.710114 2598.766846
48.967602 211.104019 2605.688477
48.966877 -64.846176 2605.688477
48.972321 -340.796021 2605.688477
-287.450958 190.316223 2591.845215
-287.450806 -85.633911 2591.845215
-287.455505 -361.583740 2591.845215
-105.442627 -8.798454 2578.032227
5.469495 -212.306274 2561.293701
1.428708 -630.894592 2512.551270
25.168179 -1034.436523 2539.557373
-188.756653 -224.307785 2553.301514
-183.504639 -645.093567 2522.292725
-173.130814 -1050.419556 2531.526367
-4.805195 2.907043 5.392090
-5.993721 6.430664 -0.988037
-135.891251 409.681030 2617.794678
-124.395218 199.614105 2600.483643
43.848026 210.181061 2606.584961
43.847301 -65.769135 2606.584961
43.852745 -341.718964 2606.584961
-292.638458 189.047150 2594.382324
-292.638306 -86.902985 2594.382324
-292.643005 -362.852814 2594.382324
-110.434967 -9.724487 2578.087402
0.646947 -212.963089 2559.213135
-12.560466 -627.905396 2488.870117
16.764996 -1029.066650 2535.675537
-193.596390 -225.163055 2552.169189
-193.490219 -646.016479 2521.506836
-177.613693 -1051.214600 2532.083984
-5.119576 -0.922943 0.896484
-8.403183 5.369873 -3.881836
-140.313568 405.995850 2621.211426
-128.318039 196.012360 2602.229248
39.881840 207.311264 2608.407227
39.881115 -68.638931 2608.407227
39.886559 -344.588745 2608.407227
-296.517914 184.713470 2596.051270
-296.517761 -91.236664 2596.051270
-296.522461 -367.186493 2596.051270
-113.397400 -13.116740 2578.479980
-1.376706 -215.723114 2558.297119
-18.034843 -623.915100 2458.784180
20.025726 -1020.942261 2527.259521
-195.576828 -228.768585 2551.164307
-191.674713 -650.145935 2531.993164
-179.014099 -1055.031006 2522.172119
-3.966187 -2.869781 1.822266
3.260731 8.124390 -8.416016
-144.315399 407.739563 2620.417480
-134.262085 197.501160 2602.750732
34.058064 207.307892 2608.030762
34.057339 -68.642303 2608.030762
34.062782 -344.592133 2608.030762
-302.582245 187.694427 2597.470703
-302.582092 -88.255707 2597.470703
-302.586792 -364.205536 2597.470703
-121.337227 -11.815487 2579.493164
-11.236613 -215.470444 2559.283936
-32.871490 -613.486023 2427.382080
11.129032 -1004.422241 2520.951416
-205.588135 -226.793823 2553.187256
-197.864670 -648.229187 2534.534424
-188.426819 -1053.534180 2526.894287
-5.823776 -0.003387 -0.376465
-8.896694 16.520020 -6.308105
-146.168777 408.211182 2620.511475
-137.455994 198.317505 2603.819824
30.906246 206.929230 2609.831543
30.905523 -69.020966 2609.831543
30.910967 -344.970795 2609.831543
-305.818237 189.705780 2597.808105
-305.818085 -86.244354 2597.808105
-305.822784 -362.194183 2597.808105
-125.931351 -11.146483 2581.119385
-17.209614 -215.638840 2561.889648
-40.790817 -600.891968 2397.554443
10.817329 -986.114624 2509.812988
-211.603806 -225.582108 2554.948242
-198.772034 -646.761841 2533.172607
-184.307541 -1052.078247 2530.962158
-3.151815 -0.378662 1.800781
-0.311703 18.307617 -11.138428
-149.300461 407.286438 2623.057861
-141.900894 197.719345 2606.378174
26.447853 205.270493 2613.900635
26.447130 -70.679703 2613.900635
26.452574 -346.629517 2613.900635
-310.249664 190.168198 2598.855713
-310.249512 -85.781937 2598.855713
-310.254211 -361.731750 2598.855713
-131.501984 -11.844587 2584.019287
-23.910919 -217.049042 2566.003418
-61.614517 -567.775269 2352.593262
9.019394 -933.982178 2503.723145
-218.295212 -225.768005 2557.317383
-194.362289 -646.488953 2538.194824
-192.034348 -1051.987793 2535.730957
-4.458393 -1.658722 4.069092
-1.797935 52.132446 -6.089844
-152.097992 406.263489 2623.334961
-145.884201 196.050735 2606.722412
22.479492 202.637131 2614.885742
22.478769 -73.313065 2614.885742
22.484213 -349.262878 2614.885742
-314.247925 189.464355 2598.559082
-314.247772 -86.485779 2598.559082
-314.252472 -362.435608 2598.559082
-136.599670 -13.567732 2584.360596
-30.118950 -219.383881 2566.711426
-81.162285 -536.519653 2309.454834
6.047142 -883.515320 2492.800781
-224.511337 -226.988510 2557.286133
-191.321671 -646.873596 2534.355469
-192.773575 -1052.507080 2534.319336
-3.968361 -2.633362 0.985107
-2.972252 50.466858 -10.922363
-155.103973 406.117859 2623.472412
-148.921143 195.788422 2607.694580
19.387430 202.164276 2617.097168
19.386707 -73.785919 2617.097168
19.392151 -349.735748 2617.097168
-317.229706 189.412552 2598.291992
-317.229553 -86.537582 2598.291992
-317.234253 -362.487427 2598.291992
-139.778839 -13.935061 2586.258057
-33.470512 -219.977692 2570.249756
-96.337662 -499.189545 2286.415771
-1.732948 -844.187378 2464.588623
-227.802551 -227.339386 2559.393311
-189.316895 -646.951538 2538.483643
-183.999573 -1052.293213 2527.634033
-3.092062 -0.472870 2.211426
-7.780090 39.327942 -28.212158
-157.172775 404.972137 2621.547363
-150.090164 193.954544 2607.219238
18.044262 200.545670 2619.053223
18.043539 -75.404526 2619.053223
18.048983 -351.354370 2619.053223
-318.224609 187.363419 2595.385254
-318.224457 -88.586716 2595.385254
-318.229156 -364.536560 2595.385254
-140.446869 -15.873201 2587.076172
-33.730167 -221.895523 2573.765381
-106.749390 -463.217896 2255.960205
-4.447037 -807.716797 2454.046631
-227.876968 -229.506378 2560.100830
-191.099411 -648.525146 2528.378418
-180.083252 -1053.722900 2532.078613
-1.343168 -1.618622 1.956055
-2.714088 36.470581 -10.541992
-158.300339 403.324524 2612.578369
-151.613220 191.558823 2604.677490
16.313622 198.038086 2619.111328
16.312899 -77.912109 2619.111328
16.318342 -353.861938 2619.111328
-319.540070 185.079575 2590.243652
-319.539917 -90.870560 2590.243652
-319.544617 -366.820374 2590.243652
-142.123520 -18.591230 2588.606934
-35.682404 -225.000534 2580.869629
-122.179886 -427.258118 2239.326416
-15.528709 -763.007568 2444.369629
-229.585205 -232.482040 2564.203125
-195.329681 -650.957947 2523.624512
-174.578812 -1055.529419 2537.515625
-1.730640 -2.507568 0.058105
-11.081673 44.709229 -9.677002
-159.283630 405.564209 2617.107910
-153.097534 193.660721 2607.484131
14.862066 199.856339 2621.843506
14.861342 -76.093857 2621.843506
14.866787 -352.043701 2621.843506
-321.057129 187.465103 2593.124756
-321.056976 -88.485031 2593.124756
-321.061676 -364.434875 2593.124756
-143.893555 -16.448364 2590.481934
-37.733223 -222.980972 2581.768799
-134.631256 -382.570312 2214.013916
-24.305664 -711.945068 2422.535400
-231.645935 -230.133926 2565.190674
-197.327606 -648.132996 2519.347412
-176.215652 -1053.036865 2527.240479
-1.451555 1.818237 2.732178
-8.776955 51.062500 -21.834229
-158.279800 407.126160 2618.864990
-152.267670 195.247269 2608.803955
15.427645 201.377747 2625.864502
15.426921 -74.572449 2625.864502
15.432365 -350.522278 2625.864502
-319.962982 189.116791 2591.743408
-319.962830 -86.833344 2591.743408
-319.967529 -362.783173 2591.743408
-142.786407 -14.800980 2591.086914
-36.484482 -221.309723 2583.219971
-137.555878 -342.125305 2204.497314
-29.893082 -667.812622 2404.758057
-230.125809 -228.388733 2563.519775
-195.326859 -645.907471 2513.426758
-171.664474 -1050.809570 2520.887451
0.565578 1.521423 4.020996
-5.587418 44.132446 -17.777344
-159.087311 410.059937 2629.243164
-153.383911 199.736771 2613.888184
14.252349 205.308029 2631.815674
14.251625 -70.642166 2631.815674
14.257070 -346.591980 2631.815674
-321.020172 194.165512 2595.960693
-321.020020 -81.784622 2595.960693
-321.024719 -357.734436 2595.960693
-144.041870 -9.846498 2591.664062
-37.927902 -216.213623 2579.789062
-144.839127 -298.798981 2190.591797
-40.007721 -617.642639 2373.222168
-231.471756 -222.645905 2559.090820
-200.367615 -640.028564 2505.439453
-174.620789 -1044.660400 2519.146240
-1.175296 3.930298 5.951172
-10.114639 50.169983 -31.535889
-160.755493 410.187714 2633.932861
-155.150803 199.770950 2616.557373
12.613227 205.217499 2633.339600
12.612503 -70.732697 2633.339600
12.617948 -346.682526 2633.339600
-322.914795 194.324402 2599.775146
-322.914642 -81.625732 2599.775146
-322.919342 -357.575562 2599.775146
-145.923859 -9.606188 2592.271973
-39.847420 -215.839050 2577.675049
-149.641022 -259.068451 2177.897949
-48.725327 -577.990234 2337.213135
-233.546417 -222.127594 2558.298096
-199.105713 -638.985413 2502.496338
-178.351929 -1043.228882 2527.608398
-1.639122 -0.090546 1.523926
-8.717606 39.652405 -36.009033
-161.030441 407.527710 2629.272217
-156.398880 195.308517 2615.039307
11.328000 200.709366 2632.260986
11.327276 -75.240829 2632.260986
11.332721 -351.190674 2632.260986
-324.125793 189.907654 2597.817627
-324.125641 -86.042480 2597.817627
-324.130341 -361.992310 2597.817627
-147.437531 -14.383261 2593.523193
-41.648556 -220.957153 2581.948975
-146.654572 -228.342178 2178.776123
-55.696724 -534.303101 2299.933838
-235.303802 -227.192917 2562.065186
-197.728729 -643.667786 2505.315186
-178.312454 -1047.926025 2533.017822
-1.285227 -4.508148 -1.078613
-6.971397 43.687134 -37.279297
-163.000427 403.378662 2624.941406
-158.122375 190.893616 2614.171387
9.727851 196.654922 2629.991211
9.727127 -79.295273 2629.991211
9.732572 -355.245117 2629.991211
-325.972595 185.132294 2598.351562
-325.972443 -90.817841 2598.351562
-325.977142 -366.767670 2598.351562
-149.135605 -19.052116 2595.279541
-43.245071 -225.671707 2585.520996
-141.521759 -187.828568 2177.326172
-62.542839 -485.809021 2252.405029
-237.052597 -232.323975 2567.254395
-197.635727 -647.938721 2505.730957
-179.118057 -1051.956909 2537.840576
-1.600149 -4.054443 -2.269775
-6.846115 48.494080 -47.528809
-163.259048 398.954773 2613.779297
-159.687546 186.690979 2611.218750
8.217204 192.350708 2626.531982
8.216480 -83.599487 2626.531982
8.221925 -359.549316 2626.531982
-327.592316 181.031265 2595.905518
-327.592163 -94.918869 2595.905518
-327.596863 -370.868713 2595.905518
-151.437454 -23.674740 2598.509521
-46.255985 -230.773102 2594.640625
-137.481659 -152.653778 2183.500244
-68.492195 -446.644012 2207.539551
-240.118744 -237.307816 2576.959961
-201.930527 -652.088074 2509.450195
-176.889877 -1055.399536 2545.468018
-1.510647 -4.304199 -3.459229
-5.949356 39.165009 -44.865479
-162.910553 399.222656 2609.697266
-160.510849 186.413086 2611.472168
7.426580 191.802628 2626.550293
7.425857 -84.147568 2626.550293
7.431301 -360.097412 2626.550293
-328.448273 181.023544 2596.394043
-328.448120 -94.926590 2596.394043
-328.452820 -370.876404 2596.394043
-152.935989 -24.188217 2602.382324
-48.409988 -231.678101 2601.997070
-132.401871 -121.177246 2182.045654
-65.907150 -416.172363 2151.565186
-242.312286 -237.900940 2584.587891
-201.592865 -650.716064 2507.674561
-176.092133 -1054.198975 2542.040039
-0.790624 -0.548096 0.018311
2.585045 30.471649 -55.974365
-164.713486 397.943970 2608.659180
-163.081436 185.329147 2610.911377
4.979293 190.021027 2624.749023
4.978570 -85.929169 2624.749023
4.984014 -361.878998 2624.749023
-331.142181 180.637283 2597.073730
-331.142029 -95.312851 2597.073730
-331.146729 -371.262695 2597.073730
-156.509644 -25.375574 2602.538574
-52.911583 -233.371552 2602.154541
-128.628372 -103.328629 2173.501709
-61.381012 -395.326172 2077.261475
-246.964127 -238.789047 2586.177002
-201.311371 -648.990051 2499.159424
-181.278915 -1052.453003 2536.971924
-2.447287 -1.781586 -1.801270
4.526138 20.846191 -74.303711
-166.859451 398.414795 2616.142334
-165.140137 185.711639 2614.156250
3.011437 189.706757 2627.076172
3.010713 -86.243439 2627.076172
3.016158 -362.193268 2627.076172
-333.291718 181.716537 2601.236328
-333.291565 -94.233597 2601.236328
-333.296265 -370.183411 2601.236328
-159.227539 -24.839928 2602.311035
-56.238640 -233.085068 2597.924561
-118.892105 -96.530823 2168.937744
-49.268425 -376.529602 1995.817627
-250.391235 -237.697937 2583.007080
-200.424408 -646.852173 2493.074463
-180.123688 -1049.940796 2534.779053
-1.967856 -0.314270 2.327148
12.112587 18.796570 -81.443848
-169.504623 394.861328 2618.383301
-167.881927 182.480988 2614.537842
0.371908 186.127441 2626.141602
0.371184 -89.822754 2626.141602
0.376629 -365.772583 2626.141602
-336.135742 178.834518 2602.934082
-336.135590 -97.115616 2602.934082
-336.140289 -373.065430 2602.934082
-162.446457 -28.061146 2601.886475
-59.874832 -236.498108 2595.934326
-111.911247 -101.825821 2170.092529
-40.099396 -353.825195 1922.032593
-254.147141 -240.708450 2582.535889
-200.802780 -650.169373 2495.760498
-180.651535 -1053.313110 2537.298584
-2.639529 -3.579315 -0.934570
9.169029 22.704407 -73.785034
-172.646393 394.528076 2620.504883
-171.633957 182.205124 2615.849365
-3.228405 185.530533 2624.809326
-3.229129 -90.419662 2624.809326
-3.223684 -366.369507 2624.809326
-340.039490 178.879715 2606.889404
-340.039337 -97.070419 2606.889404
-340.044037 -373.020264 2606.889404
-166.776978 -28.333647 2602.700439
-64.687729 -236.952423 2594.724609
-108.947716 -106.162354 2167.825684
-31.041794 -311.662048 1862.795654
-259.152283 -240.792419 2584.378418
-202.498291 -651.048950 2503.709961
-182.991257 -1054.781006 2539.057617
-3.600313 -0.596924 -1.332275
9.057602 42.163147 -59.236938
-173.626587 394.576019 2620.560303
-173.215118 182.327850 2616.557129
-4.730051 185.325989 2624.172607
-4.730775 -90.624207 2624.172607
-4.725331 -366.574036 2624.172607
-341.700195 179.329712 2608.941650
-341.700043 -96.620422 2608.941650
-341.704742 -372.570251 2608.941650
-168.900543 -28.265823 2604.010254
-67.321388 -237.128708 2595.859619
-115.210571 -83.419449 2193.632080
-22.735756 -277.281372 1825.631714
-261.850555 -240.590286 2587.067139
-202.470367 -650.099243 2504.378174
-178.860962 -1053.698120 2538.848389
-1.501647 -0.204529 -0.636719
8.306038 34.380676 -37.163940
-175.461258 394.024170 2621.593018
-174.584122 181.930832 2617.286865
-6.110293 184.627243 2625.427734
-6.111017 -91.322952 2625.427734
-6.105573 -367.272766 2625.427734
-343.057953 179.234421 2609.145996
-343.057800 -96.715714 2609.145996
-343.062500 -372.665527 2609.145996
-170.590332 -28.651886 2604.384766
-69.339043 -237.678009 2596.182129
-109.819069 -108.670654 2182.067383
-14.081673 -271.101624 1805.567139
-263.854034 -240.791199 2586.783203
-201.433578 -647.897522 2495.317383
-175.712646 -1050.839722 2535.315186
-1.380242 -0.698730 1.255127
8.654083 6.179749 -20.064575
-176.033401 390.522888 2613.103271
-175.670868 178.639008 2614.913086
-7.115316 181.591919 2620.690918
-7.116040 -94.358276 2620.690918
-7.110596 -370.308105 2620.690918
-344.226440 175.686081 2609.135254
-344.226288 -100.264053 2609.135254
-344.230988 -376.213867 2609.135254
-171.675507 -32.116692 2606.069336
-70.364052 -241.167511 2600.561279
-101.066414 -122.298454 2189.875244
-4.564957 -290.767700 1808.001343
-264.996216 -244.577255 2593.889893
-197.807251 -651.200989 2503.462646
-177.798828 -1054.252930 2545.467773
-1.005023 -3.035339 -4.736816
9.516716 -19.666077 2.434204
-175.983475 391.308899 2608.856445
-175.502045 179.367798 2613.957031
-7.024317 182.027100 2621.753174
-7.025041 -93.923096 2621.753174
-7.019597 -369.872925 2621.753174
-343.979767 176.708481 2606.160889
-343.979614 -99.241653 2606.160889
-343.984314 -375.191467 2606.160889
-171.893158 -31.495304 2607.894531
-71.018967 -240.823135 2606.333008
-85.813118 -149.566452 2192.383301
3.055336 -327.282043 1826.085693
-265.549591 -243.893677 2597.331055
-197.713943 -648.719727 2499.684082
-175.051971 -1052.349731 2533.492676
0.091000 0.435181 1.062256
7.620293 -36.514343 18.084351
-175.536896 389.352448 2607.235840
-175.382309 177.111938 2613.042236
-7.061549 179.662292 2623.563232
-7.062273 -96.287903 2623.563232
-7.056829 -372.237732 2623.563232
-343.703064 174.561584 2602.521240
-343.702911 -101.388550 2602.521240
-343.707611 -377.338379 2602.521240
-171.849396 -33.789185 2607.644531
-71.136574 -243.217865 2608.321045
-80.246880 -173.118500 2191.756104
8.751602 -379.215607 1853.648560
-265.496399 -246.162750 2596.172607
-195.944916 -650.905090 2499.153564
-175.508514 -1055.387451 2519.697021
-0.037232 -2.364807 1.810059
5.696266 -51.933563 27.562866
-175.959534 390.172791 2613.929932
-175.689301 178.348099 2615.401367
-7.443778 180.994980 2627.213379
-7.444502 -94.955215 2627.213379
-7.439058 -370.905029 2627.213379
-343.934845 175.701218 2603.589355
-343.934692 -100.248917 2603.589355
-343.939392 -376.198730 2603.589355
-171.746704 -32.406170 2606.471191
-70.680496 -241.632462 2604.359863
-84.097664 -153.778839 2180.425537
9.401581 -426.827393 1901.371826
-264.927704 -244.688416 2590.722168
-195.314423 -648.580017 2490.197266
-176.521332 -1051.999146 2525.452148
-0.382229 1.332703 3.650146
0.649979 -47.611786 47.723267
-177.109970 393.281494 2617.277832
-176.854614 180.932236 2616.373291
-8.592087 183.296326 2628.156006
-8.592811 -92.653870 2628.156006
-8.587366 -368.603699 2628.156006
-345.117126 178.568146 2604.590576
-345.116974 -97.381989 2604.590576
-345.121674 -373.331818 2604.590576
-173.106995 -29.721754 2605.121338
-72.225273 -239.011017 2600.671387
-87.844841 -153.554596 2180.500244
3.404778 -471.578857 1972.473511
-266.493469 -241.740479 2587.067383
-196.693359 -647.201172 2493.366699
-178.904175 -1051.343750 2521.980469
-1.148308 2.301331 0.942627
-5.996803 -44.751465 71.101685
-177.887512 394.573181 2618.952393
-178.679047 182.193741 2616.177979
-10.399040 184.314545 2627.833496
-10.399764 -91.635651 2627.833496
-10.394320 -367.585480 2627.833496
-346.959045 180.072922 2604.522461
-346.958893 -95.877213 2604.522461
-346.963593 -371.827026 2604.522461
-175.103790 -28.349735 2602.869141
-74.381256 -237.668869 2596.289062
-88.309090 -163.746063 2176.708008
-8.184273 -503.758209 2051.194580
-268.675812 -240.117538 2582.831543
-197.018219 -644.809570 2487.093018
-177.974030 -1047.624634 2529.133789
-1.806953 1.018219 -0.322510
-11.589050 -32.179352 78.721069
-177.043381 395.147217 2620.289062
-177.114380 183.239349 2614.942871
-8.937649 185.448929 2627.955811
-8.938373 -90.501266 2627.955811
-8.932928 -366.451111 2627.955811
-345.291107 181.029785 2601.929932
-345.290955 -94.920349 2601.929932
-345.295654 -370.870178 2601.929932
-173.139343 -27.135664 2599.291504
-72.072090 -236.235046 2591.152832
-81.767136 -177.610596 2173.904785
-12.704735 -535.616638 2128.147949
-266.256531 -238.786316 2576.127441
-192.264221 -645.042969 2489.609619
-174.665726 -1048.636719 2525.655518
1.461391 1.134369 0.122314
-4.520462 -31.858429 76.953369
-175.562225 397.857910 2620.958496
-175.756027 185.908325 2613.823975
-7.653831 188.118408 2627.784668
-7.654555 -87.831787 2627.784668
-7.649111 -363.781616 2627.784668
-343.858246 183.698242 2599.863281
-343.858093 -92.251892 2599.863281
-343.862793 -368.201721 2599.863281
-171.588379 -24.376530 2596.930664
-70.373917 -233.385483 2588.096924
-79.845963 -199.167953 2175.460938
-24.814758 -564.170959 2205.582520
-264.467529 -235.937286 2571.977783
-192.885406 -644.376221 2494.351562
-176.257645 -1048.215820 2529.335205
1.283817 2.669495 -0.171143
-12.110023 -28.554321 77.434570
-175.224045 400.780273 2621.292480
-175.659073 188.535370 2612.868652
-7.702525 190.900787 2628.416748
-7.703249 -85.049408 2628.416748
-7.697804 -360.999237 2628.416748
-343.615601 186.169952 2597.320557
-343.615448 -89.780182 2597.320557
-343.620148 -365.730011 2597.320557
-171.061737 -21.682493 2595.187988
-69.498413 -230.534729 2586.483643
-75.401169 -228.156021 2181.142090
-36.385567 -590.657532 2274.202881
-263.430420 -233.265976 2568.531006
-193.626297 -642.913635 2495.482422
-177.506317 -1046.753662 2531.348389
-0.048694 2.782379 0.632080
-11.570808 -26.486572 68.620361
-175.379883 404.573395 2621.454834
-175.774658 192.721130 2611.343262
-8.022598 194.632004 2628.942627
-8.023322 -81.318192 2628.942627
-8.017878 -357.268005 2628.942627
-343.526703 190.810272 2593.743896
-343.526550 -85.139862 2593.743896
-343.531250 -361.089691 2593.743896
-171.411163 -17.408890 2592.566650
-70.197723 -226.435684 2583.950928
-72.837624 -264.401978 2182.343506
-45.829819 -615.652771 2325.374023
-263.897614 -228.642136 2563.629150
-194.783447 -639.286682 2495.528076
-180.041000 -1043.186279 2531.622803
-0.320073 3.731232 0.525879
-9.444252 -24.995239 51.171143
-173.299759 405.760742 2623.536865
-173.694489 194.201645 2610.261475
-6.466024 195.583679 2631.995361
-6.466748 -80.366516 2631.995361
-6.461304 -356.316345 2631.995361
-340.922943 192.819611 2588.527588
-340.922791 -83.130524 2588.527588
-340.927490 -359.080353 2588.527588
-169.284241 -15.754454 2589.678467
-68.306114 -224.912476 2581.645996
-63.681717 -304.724640 2186.135742
-46.177818 -652.849976 2371.150879
-261.441864 -226.508621 2556.544922
-192.229553 -638.772888 2500.050781
-177.737411 -1043.175781 2529.599609
1.556574 0.951660 3.052734
-0.348000 -37.197205 45.776855
-171.172638 405.250122 2612.575195
-171.690842 193.204895 2604.955811
-4.433170 194.532898 2626.707764
-4.433894 -81.417297 2626.707764
-4.428450 -357.367126 2626.707764
-338.948517 191.876892 2583.203857
-338.948364 -84.073242 2583.203857
-338.953064 -360.023071 2583.203857
-167.962921 -17.127331 2589.131836
-67.692528 -226.693024 2585.863281
-61.173603 -347.894409 2201.441162
-44.421654 -690.957153 2409.948730
-260.777466 -228.226089 2560.752441
-194.557831 -642.510681 2518.261719
-180.971756 -1047.446045 2538.421631
2.032854 -1.050781 -5.287598
1.756165 -38.107178 38.797852
-168.750214 407.889221 2608.590332
-169.519714 195.605011 2602.119385
-2.384004 196.842880 2624.885986
-2.384728 -79.107315 2624.885986
-2.379283 -355.057129 2624.885986
-336.655426 194.367142 2579.352783
-336.655273 -81.582993 2579.352783
-336.659973 -357.532837 2579.352783
-166.009567 -14.863497 2587.794189
-66.016739 -224.617416 2586.611572
-56.247795 -385.481812 2208.858398
-34.371819 -725.513123 2431.112061
-258.982086 -226.046585 2560.326416
-193.949585 -641.130615 2522.621582
-178.752335 -1046.321289 2530.983398
2.049166 2.309998 -1.821777
10.049835 -34.555969 21.163330
-169.377518 408.718079 2608.103516
-169.054886 197.338715 2600.516602
-1.714574 198.800674 2621.727783
-1.715297 -77.149521 2621.727783
-1.709853 -353.099365 2621.727783
-336.395203 195.876740 2579.305420
-336.395050 -80.073395 2579.305420
-336.399750 -356.023224 2579.305420
-165.340958 -13.111210 2585.721680
-65.020256 -222.717133 2583.172119
-50.959915 -423.380981 2222.123047
-23.521927 -766.396606 2442.749756
-258.233795 -224.405136 2558.681396
-195.732422 -640.291382 2524.885254
-182.070496 -1045.700073 2529.506592
0.669430 1.957764 -3.158203
10.849892 -40.883484 11.637695
-169.148178 408.410461 2605.866699
-168.349121 196.228256 2597.030029
-0.975193 198.129959 2618.000244
-0.975916 -77.820236 2618.000244
-0.970472 -353.770081 2618.000244
-335.723053 194.326538 2576.059814
-335.722900 -81.623596 2576.059814
-335.727600 -357.573425 2576.059814
-163.946991 -14.120089 2580.970215
-62.921947 -223.370590 2577.016357
-45.374435 -461.794739 2244.123047
-12.347424 -796.100464 2473.995117
-256.167755 -225.566269 2552.804443
-198.715729 -642.678528 2526.341553
-175.651184 -1047.624390 2530.902832
0.739381 -0.670715 -3.727539
11.174503 -29.703857 31.245361
-167.407318 409.960388 2605.752441
-167.425385 199.169312 2594.815674
0.259194 200.113251 2613.015381
0.258471 -75.836945 2613.015381
0.263915 -351.786774 2613.015381
-335.109985 198.225372 2576.615967
-335.109833 -77.724762 2576.615967
-335.114532 -353.674591 2576.615967
-164.329178 -11.074356 2577.192871
-64.414185 -220.773010 2570.078369
-46.227364 -492.471527 2272.192627
1.102829 -829.080933 2494.390381
-258.051727 -221.863037 2549.061768
-201.660629 -639.520874 2542.221680
-179.782166 -1043.350342 2521.726562
1.234387 1.983307 -4.984863
13.450253 -32.980469 20.395264
-166.561417 412.086365 2604.692627
-166.733582 201.922394 2592.287354
0.994281 202.841812 2610.225830
0.993557 -73.108383 2610.225830
0.999001 -349.058228 2610.225830
-334.461456 201.002975 2574.348877
-334.461304 -74.947159 2574.348877
-334.466003 -350.896973 2574.348877
-163.573090 -8.225401 2573.507324
-63.589573 -217.842453 2565.082520
-42.016960 -523.108459 2300.560547
11.731670 -865.735229 2511.042480
-257.235626 -218.903946 2544.372070
-197.928375 -636.443787 2542.193359
-177.645645 -1040.852417 2523.047852
0.735086 2.728546 -2.789551
10.628841 -36.654297 16.652100
-163.181549 418.330048 2612.660156
-162.700714 208.568771 2593.324707
4.871267 209.438873 2612.682129
4.870543 -66.511322 2612.682129
4.875987 -342.461151 2612.682129
-330.272675 207.698669 2573.967285
-330.272522 -68.251465 2573.967285
-330.277222 -344.201294 2573.967285
-158.893112 -1.038496 2569.785156
-58.344845 -210.143448 2557.420898
-39.189262 -530.820190 2338.105469
20.911209 -890.067627 2512.245117
-251.826187 -211.148087 2535.070312
-187.924606 -628.084045 2538.851318
-176.683640 -1032.746948 2515.878418
3.876986 6.597076 2.456299
9.179539 -24.332397 1.202637
-161.589279 420.658112 2608.662109
-157.165512 210.963669 2589.099609
10.018779 214.359039 2611.068848
10.018055 -61.591156 2611.068848
10.023499 -337.540985 2611.068848
-324.349823 207.568314 2567.130371
-324.349670 -68.381821 2567.130371
-324.354370 -344.331665 2567.130371
-149.826019 1.441427 2565.628418
-45.949970 -206.120255 2554.842773
-27.240267 -570.749023 2393.110596
34.462074 -945.259094 2526.953125
-239.023087 -210.041397 2529.471680
-180.330048 -627.463501 2543.720947
-168.734695 -1032.209106 2519.463379
5.147512 4.920166 -1.613281
13.550865 -55.191467 14.708008
-159.678009 421.406860 2597.625488
-154.172379 211.112503 2582.133789
13.386500 216.154800 2600.433350
13.385777 -59.795395 2600.433350
13.391221 -335.745239 2600.433350
-321.731262 206.070221 2563.834229
-321.731110 -69.879913 2563.834229
-321.735809 -345.829742 2563.834229
-145.701324 1.254429 2562.393799
-40.481792 -205.692230 2553.219971
-25.614449 -594.745117 2430.419434
22.634613 -978.896423 2543.160400
-233.978745 -211.515060 2532.087646
-183.407700 -630.109070 2544.540283
-177.165802 -1035.176636 2541.626709
3.367722 1.795746 -10.635498
-11.827461 -33.637329 16.207275
-156.955872 422.930878 2591.618652
-150.865128 212.531418 2577.815918
16.909649 218.033005 2594.108643
16.908926 -57.917191 2594.108643
16.914370 -333.867004 2594.108643
-318.639893 207.029831 2561.523193
-318.639740 -68.920303 2561.523193
-318.644440 -344.870117 2561.523193
-142.241531 2.487772 2559.939941
-36.772564 -204.380157 2551.468750
-22.107471 -607.922119 2461.962891
16.218998 -1000.099121 2548.795898
-230.463303 -210.731567 2532.659180
-184.708817 -630.052429 2539.731934
-177.449081 -1035.434448 2540.661133
3.523149 1.878235 -6.324707
-6.415615 -21.202698 5.635498
-154.036621 422.106689 2590.619385
-147.548813 211.720444 2574.835693
20.374962 217.311371 2589.686035
20.374239 -58.638824 2589.686035
20.379683 -334.588654 2589.686035
-315.472565 206.129517 2559.985352
-315.472412 -69.820618 2559.985352
-315.477112 -345.770447 2559.985352
-138.884308 1.752337 2555.909668
-33.285492 -204.988403 2545.555908
-15.041052 -617.053589 2487.128662
8.830870 -1015.181335 2548.661865
-227.154129 -211.443146 2528.411377
-184.888611 -631.141357 2538.108154
-173.996338 -1036.571045 2534.765625
3.465313 -0.721649 -4.422607
-7.388128 -15.082214 -0.134033
-150.411957 417.428223 2587.118408
-142.538544 207.784790 2571.111084
25.273476 214.320343 2586.919678
25.272753 -61.629852 2586.919678
25.278196 -337.579681 2586.919678
-310.350555 201.249237 2555.302490
-310.350403 -74.700897 2555.302490
-310.355103 -350.650726 2555.302490
-132.647247 -2.201371 2552.924805
-25.881447 -208.414688 2543.864502
-9.997914 -625.358154 2515.418701
14.203412 -1026.831299 2553.275879
-219.630463 -215.960373 2525.612549
-178.237732 -635.837158 2533.219971
-170.978516 -1041.102295 2543.393311
4.898514 -2.991028 -2.766357
5.372542 -11.649963 4.614014
-145.853836 417.771973 2586.372803
-138.293594 207.938873 2570.174561
29.498142 213.993423 2586.477539
29.497419 -61.956772 2586.477539
29.502863 -337.906616 2586.477539
-306.085297 201.884338 2553.871582
-306.085144 -74.065796 2553.871582
-306.089844 -350.015625 2553.871582
-128.890656 -2.022392 2551.373535
-22.624386 -208.488480 2541.983887
-12.079584 -627.807251 2535.916504
12.816141 -1030.996948 2550.454590
-216.351059 -215.478851 2523.161133
-178.500763 -635.671143 2532.327148
-174.422714 -1041.207031 2537.976562
4.224667 -0.326935 -0.442139
-1.387271 -4.165649 -2.821289
-143.110748 413.207886 2577.529297
-131.602783 202.901047 2566.523438
35.623554 212.243698 2586.131836
35.622829 -63.706497 2586.131836
35.628273 -339.656311 2586.131836
-298.829102 193.558395 2546.915039
-298.828949 -82.391739 2546.915039
-298.833649 -358.341553 2546.915039
-118.223465 -7.130602 2552.492676
-8.268001 -211.766708 2549.786133
0.674167 -632.250793 2555.070557
25.144005 -1036.236328 2570.319336
-201.420303 -222.557800 2527.137695
-158.258881 -642.127441 2539.667480
-167.976364 -1047.446045 2540.205566
6.125410 -1.749695 -0.345703
12.327864 -5.239380 19.864746
-139.694611 414.597656 2572.075928
-126.316444 204.020493 2564.764404
40.733818 214.810120 2585.336182
40.733093 -61.140076 2585.336182
40.738537 -337.089905 2585.336182
-293.366730 193.230865 2544.192627
-293.366577 -82.719269 2544.192627
-293.371277 -358.669098 2544.192627
-111.362930 -6.097419 2553.540527
0.015748 -209.987305 2554.191162
-1.274127 -631.124634 2561.269043
17.318691 -1035.910278 2566.680420
-192.834564 -222.443344 2530.442139
-163.742889 -643.112915 2537.684082
-169.301361 -1048.675415 2538.051025
5.110264 2.566406 -0.795654
-7.825314 0.326050 -3.638916
-135.160782 411.878021 2568.843750
-121.629059 201.013489 2563.786865
45.230148 211.998627 2585.874512
45.229424 -63.951569 2585.874512
45.234867 -339.901398 2585.874512
-288.488281 190.028351 2541.699219
-288.488129 -85.921783 2541.699219
-288.492828 -361.871613 2541.699219
-106.469757 -9.185139 2553.808105
5.010947 -213.042465 2556.579834
0.089083 -634.177551 2573.280518
11.005163 -1039.300049 2567.719971
-187.631866 -225.725067 2531.078857
-167.397186 -646.881226 2541.890869
-169.188461 -1051.920898 2525.925049
4.496330 -2.811493 0.538330
-6.313528 -3.389771 1.039551
-129.053497 409.382202 2568.733887
-114.937309 198.049118 2564.362793
51.840626 209.138794 2587.104736
51.839901 -66.811401 2587.104736
51.845345 -342.761230 2587.104736
-281.715240 186.959442 2541.620850
-281.715088 -88.990692 2541.620850
-281.719788 -364.940521 2541.620850
-99.574081 -12.145450 2554.194092
12.064662 -215.938293 2557.153564
6.904648 -636.845947 2582.221924
8.942017 -1041.103271 2557.595947
-180.486359 -228.741730 2530.897217
-164.784607 -650.247070 2533.439209
-172.356110 -1055.201294 2537.539307
6.610477 -2.859833 1.230225
-2.063147 -1.803223 -10.124023
-125.438820 409.759399 2568.164795
-111.475700 198.171890 2564.509521
55.255077 209.267838 2587.646484
55.254353 -66.682358 2587.646484
55.259796 -342.632202 2587.646484
-278.206451 187.075943 2541.372559
-278.206299 -88.874191 2541.372559
-278.210999 -364.824036 2541.372559
-96.144608 -12.058635 2554.851562
15.438138 -215.883606 2558.550293
6.783504 -636.928589 2583.091553
2.380499 -1041.541016 2558.896729
-177.065186 -228.694717 2531.836914
-165.623901 -650.399902 2537.091309
-176.973938 -1055.552124 2533.152344
3.414452 0.129028 0.541748
-6.561518 -0.437744 1.300781
-121.707954 408.744934 2569.895264
-107.437035 197.327469 2564.737305
59.402565 208.345947 2587.134033
59.401840 -67.604248 2587.134033
59.407284 -343.554077 2587.134033
-274.276642 186.308975 2542.340576
-274.276489 -89.641159 2542.340576
-274.281189 -365.591003 2542.340576
-92.096062 -12.844393 2553.855957
19.562185 -216.655228 2555.904297
10.233826 -637.844055 2579.329834
1.679595 -1042.395142 2552.170898
-173.072357 -229.377274 2530.044922
-164.638474 -651.231445 2533.511475
-170.573029 -1056.711792 2531.670898
4.147488 -0.921875 -0.512451
-0.700904 -0.854126 -6.725830
-119.287537 408.766479 2568.231201
-104.891586 196.636902 2564.697266
61.962067 207.577103 2587.050049
61.961342 -68.373093 2587.050049
61.966785 -344.322937 2587.050049
-271.745270 185.696701 2542.344482
-271.745117 -90.253433 2542.344482
-271.749817 -366.203247 2542.344482
-89.699188 -13.568088 2554.174072
21.818420 -217.457260 2556.555176
8.415345 -638.262329 2584.542236
1.201421 -1042.425537 2550.889160
-170.832001 -230.088898 2530.746582
-162.774368 -651.973267 2529.018066
-175.224762 -1056.901367 2542.251953
2.559502 -0.768860 -0.083984
-0.478174 -0.030396 -1.281738
-116.867409 407.432495 2576.425781
-102.351608 196.123993 2567.751221
64.486481 207.060959 2590.231934
64.485756 -68.889236 2590.231934
64.491203 -344.839050 2590.231934
-269.189697 185.187012 2545.270508
-269.189545 -90.763123 2545.270508
-269.194244 -366.712952 2545.270508
-86.674919 -13.797489 2553.536133
25.318863 -217.404953 2552.299316
9.817146 -638.379761 2576.856201
2.609109 -1042.682251 2543.782959
-167.315323 -230.032974 2526.342773
-161.530716 -651.951599 2529.424072
-171.056000 -1057.257568 2532.232666
2.524418 -0.516113 3.181885
1.407688 -0.256714 -7.106201
-114.735321 408.786011 2580.026367
-100.816635 197.895370 2570.054688
65.971191 208.672958 2592.981445
65.970467 -67.277237 2592.981445
65.975914 -343.227051 2592.981445
-267.604462 187.117767 2547.127930
-267.604309 -88.832367 2547.127930
-267.609009 -364.782196 2547.127930
-85.100830 -11.930395 2554.361816
26.903835 -215.534103 2551.904785
8.506599 -636.447876 2575.892578
2.533259 -1041.394287 2553.131348
-165.673889 -227.978210 2525.433105
-161.225662 -649.921936 2530.562500
-181.127335 -1054.566895 2543.811035
1.484711 1.612000 2.749512
-0.075850 1.287964 9.348389
-110.041336 409.467957 2583.826172
-97.263428 198.380707 2571.983643
69.697861 207.763214 2594.201904
69.697136 -68.186981 2594.201904
69.702583 -344.136810 2594.201904
-264.224701 188.998215 2549.765381
-264.224548 -86.951920 2549.765381
-264.229248 -362.901733 2549.765381
-83.120239 -11.393625 2554.288330
27.415752 -215.751099 2549.420410
6.382465 -636.676270 2571.045654
3.635109 -1042.044678 2557.735107
-165.369858 -226.584824 2523.765625
-164.380447 -648.572632 2527.010986
-175.606522 -1053.561035 2543.391357
3.726669 -0.909760 1.220459
1.101851 -0.650391 4.603760
-107.868805 409.028259 2584.223877
-95.956696 198.816803 2572.529785
71.176788 207.695297 2593.628418
71.176064 -68.254898 2593.628418
71.181511 -344.204712 2593.628418
-263.090179 189.938309 2551.431152
-263.090027 -86.011826 2551.431152
-263.094727 -361.961670 2551.431152
-82.546860 -10.997372 2554.594971
27.351717 -215.685852 2548.840576
6.199965 -636.407837 2574.060303
4.019935 -1041.733154 2557.101318
-165.625763 -225.937241 2524.479736
-164.354980 -647.946960 2527.307129
-176.082550 -1053.232544 2538.409424
1.478928 -0.067902 -0.573486
0.384825 0.311523 -0.633789
-104.053566 410.168243 2586.425781
-93.398582 200.499161 2573.592529
73.903664 208.113815 2593.806152
73.902939 -67.836380 2593.806152
73.908386 -343.786194 2593.806152
-260.700836 192.884491 2553.378906
-260.700684 -83.065643 2553.378906
-260.705383 -359.015472 2553.378906
-81.564392 -9.323844 2554.686523
26.857332 -214.750717 2547.450195
10.209024 -635.434998 2576.089844
-0.592488 -1040.521973 2557.594238
-166.317719 -223.542969 2524.110840
-163.959122 -645.561157 2525.869629
-171.192001 -1051.006104 2537.721191
2.726875 0.418518 0.177734
-4.612423 1.211182 0.492920
-101.782646 410.785797 2585.022949
-92.005302 200.898315 2573.289795
75.468651 207.838516 2592.286865
75.467926 -68.111679 2592.286865
75.473373 -344.061523 2592.286865
-259.479248 193.958099 2554.292725
-259.479095 -81.992035 2554.292725
-259.483795 -357.941864 2554.292725
-81.214218 -9.027075 2554.850098
26.261944 -214.945786 2547.377686
9.495514 -635.823792 2573.235840
-0.671177 -1041.050537 2555.805420
-167.108215 -222.959137 2525.443115
-165.332840 -644.987671 2525.938232
-168.384171 -1050.391357 2541.364502
1.564987 -0.275330 -1.519287
-0.078689 -0.528564 -1.788818
-99.029533 414.120789 2593.322266
-90.873833 204.084686 2576.771240
76.671333 209.561417 2595.612061
76.670609 -66.388779 2595.612061
76.676056 -342.338623 2595.612061
-258.419006 198.607971 2557.930420
-258.418854 -77.342163 2557.930420
-258.423553 -353.291992 2557.930420
-81.555855 -5.547052 2554.846191
24.488665 -212.016998 2543.798340
10.594130 -633.308533 2563.095215
-3.622901 -1038.388428 2564.079590
-168.964417 -218.340607 2522.043945
-161.322861 -640.257751 2520.271973
-182.808807 -1044.609375 2538.434570
1.202682 1.722900 3.325195
-2.951724 2.662109 8.274170
-96.409500 412.651398 2588.462158
-89.831863 202.242584 2574.410645
77.579056 206.749664 2594.629883
77.578331 -69.200531 2594.629883
77.583778 -345.150360 2594.629883
-257.242767 197.735489 2554.191406
-257.242615 -78.214645 2554.191406
-257.247314 -354.164490 2554.191406
-81.728210 -7.611592 2554.092773
23.025440 -214.863724 2545.447998
11.213626 -635.615601 2574.109619
1.527287 -1040.891602 2566.745850
-170.274551 -220.067810 2522.101807
-162.762451 -641.877930 2528.813477
-175.853241 -1046.846191 2531.572754
0.907722 -2.811737 -0.982178
5.150188 -2.503174 2.666260
-97.273857 411.986420 2595.038330
-89.519646 202.879181 2576.731689
78.017433 207.635574 2595.847656
78.016708 -68.314621 2595.847656
78.022156 -344.264465 2595.847656
-257.056732 198.122787 2557.615723
-257.056580 -77.827347 2557.615723
-257.061279 -353.777161 2557.615723
-80.899216 -6.621342 2553.307617
24.440657 -213.375992 2540.919189
14.934192 -633.186707 2580.819580
5.673290 -1035.790039 2543.011475
-168.998230 -218.867737 2518.847900
-158.103424 -640.647766 2525.445068
-173.353165 -1045.815552 2530.536865
0.438377 0.885895 1.217773
4.146003 5.101562 -23.734375
-95.688309 409.544189 2589.324463
-88.445854 199.547928 2574.184814
79.192162 204.690613 2592.309570
79.191437 -71.259583 2592.309570
79.196884 -347.209412 2592.309570
-256.083862 194.405243 2556.060059
-256.083710 -81.544891 2556.060059
-256.088409 -357.494720 2556.060059
-79.770348 -10.237017 2553.467773
25.683628 -217.053055 2543.214111
13.628294 -637.349854 2577.718994
6.016453 -1041.487427 2563.163818
-167.873306 -222.990860 2522.287354
-157.877213 -644.751221 2532.122559
-170.854996 -1050.041382 2541.857910
1.174728 -2.944946 -3.538086
0.343163 -5.697388 20.152344
-95.469467 409.317627 2595.472656
-87.850868 199.856430 2576.528564
79.800224 205.403427 2594.447754
79.799500 -70.546768 2594.447754
79.804947 -346.496582 2594.447754
-255.501953 194.309433 2558.609375
-255.501785 -81.640701 2558.609375
-255.506485 -357.590515 2558.609375
-78.410103 -9.601828 2553.040283
27.815704 -215.857788 2539.896729
15.331446 -636.368286 2572.505371
5.814239 -1040.986328 2554.673584
-165.754379 -222.262360 2519.207275
-158.382660 -644.149902 2524.146729
-164.797806 -1049.665283 2532.740967
0.608063 0.712830 2.138184
-0.202214 0.501099 -8.490234
-94.373688 411.232269 2598.550049
-86.818596 202.728836 2578.542969
80.920235 207.690460 2595.802734
80.919510 -68.259735 2595.802734
80.924957 -344.209564 2595.802734
-254.557434 197.767212 2561.283203
-254.557266 -78.182922 2561.283203
-254.561966 -354.132751 2561.283203
-78.126953 -6.689350 2554.274170
27.402462 -213.243118 2539.969727
13.081757 -632.242188 2586.114746
3.552556 -1035.922119 2552.761230
-166.273071 -218.971939 2520.041016
-161.439301 -640.833679 2528.990723
-167.916550 -1046.462646 2531.614746
1.120010 2.287018 1.354980
-2.261683 5.064209 -1.912354
-92.939056 410.455078 2601.586914
-86.988747 202.616409 2579.046387
80.730751 206.612122 2596.730713
80.730026 -69.338074 2596.730713
80.735474 -345.287903 2596.730713
-254.708252 198.620697 2561.362061
-254.708084 -77.329437 2561.362061
-254.712784 -353.279266 2561.362061
-79.254272 -6.622744 2552.968750
25.307442 -213.555099 2537.100586
15.705214 -633.199585 2579.221924
-2.370277 -1037.253662 2552.419189
-168.347046 -218.168686 2516.681641
-163.618591 -640.107483 2521.037842
-171.064545 -1045.616333 2530.566406
-0.189484 -1.078339 0.927979
-5.922833 -1.331543 -0.342041
-92.526993 411.076965 2601.594727
-86.703033 203.224960 2579.574951
80.935532 207.070114 2598.051270
80.934807 -68.880081 2598.051270
80.940254 -344.829895 2598.051270
-254.341599 199.379822 2561.098633
-254.341431 -76.570312 2561.098633
-254.346130 -352.520142 2561.098633
-79.077484 -6.083707 2553.946777
25.327549 -213.172531 2538.985107
17.433718 -632.753662 2582.879639
1.790834 -1037.417358 2561.416260
-168.231415 -217.612213 2517.652100
-161.119827 -639.401306 2527.720947
-166.475281 -1045.049805 2533.742188
0.204781 0.458008 1.320557
4.161112 -0.163696 8.997070
