-85.088829 410.902832 2605.905273
-81.012039 200.541656 2595.917236
86.393677 202.710281 2616.267334
94.350250 -73.043228 2622.989258
107.263390 -347.340698 2595.738037
-248.417755 198.373016 2575.567139
-254.353378 -77.479126 2579.905029
-250.438736 -349.534912 2533.874512
-76.192307 -9.696611 2578.673096
25.293531 -218.682632 2573.179688
20.014763 -640.604980 2578.159180
40.012363 -1045.010254 2556.202881
-168.038681 -221.187119 2549.678223
-160.198746 -642.535950 2527.428223
-162.822372 -1048.082520 2532.462158
-3.231773 -3.062561 5.122559
-0.521748 -3.287109 9.267090
-86.298576 411.531860 2605.256836
-82.055458 201.094238 2596.615479
85.424461 203.373108 2616.541992
91.771362 -72.451233 2621.942383
103.564247 -347.062073 2597.482422
-249.535385 198.815384 2576.688965
-254.263718 -77.072037 2580.187744
-251.165421 -349.864197 2538.675049
-77.189224 -9.185146 2579.763672
24.360794 -218.148987 2574.415283
17.123371 -640.074829 2575.334961
42.994690 -1043.910522 2548.157715
-169.006775 -220.780090 2551.408447
-163.176331 -642.223022 2530.149170
-166.599121 -1047.874512 2535.158203
-3.699142 0.278625 1.744385
2.982327 1.099731 -8.045166
-86.746689 411.521240 2603.433350
-82.684502 201.583008 2596.489746
84.841835 204.008881 2616.112549
89.907463 -71.860687 2620.447266
100.658707 -346.725616 2598.488770
-250.210846 199.157135 2576.866943
-253.980362 -76.752899 2579.683838
-251.536926 -350.142792 2542.260742
-77.795364 -8.785063 2580.756348
23.806568 -217.752686 2576.351074
13.152569 -639.606323 2579.122070
48.591606 -1042.032471 2544.079346
-169.619003 -220.553589 2553.694824
-161.551025 -641.651733 2527.417725
-177.808899 -1046.134277 2547.044434
-2.905540 0.336456 1.006348
5.596916 1.878052 -4.078369
-87.796707 411.378326 2603.528564
-83.683762 200.950668 2596.344971
83.756592 203.596268 2616.701172
87.801476 -72.302261 2620.178223
97.588455 -347.373108 2600.461914
-251.124115 198.305084 2575.988770
-254.131180 -77.619415 2578.253906
-252.212097 -351.494202 2544.528809
-78.429184 -9.401239 2580.461670
23.490572 -218.225830 2576.330322
16.515947 -640.147034 2574.820068
44.790115 -1043.282227 2540.380371
-169.839783 -221.280487 2552.826416
-159.498535 -642.004150 2521.895996
-180.201843 -1046.118164 2547.817627
-3.070251 -0.647491 1.973145
-3.801491 -1.249756 -3.698975
-87.165413 409.379761 2593.572510
-83.903419 196.778198 2592.523438
83.434105 199.525635 2613.711914
86.665085 -76.391541 2616.499512
95.562729 -351.629211 2598.793213
-251.240936 194.030777 2571.334961
-253.641083 -81.902939 2573.154297
-252.141098 -356.171021 2542.769531
-78.968201 -13.816998 2580.854248
22.573278 -222.826065 2581.417480
13.824827 -644.590393 2572.673828
38.759708 -1048.761719 2553.123779
-170.639252 -225.998322 2556.952637
-162.040054 -647.062866 2530.427246
-179.526932 -1051.663086 2553.163818
-2.025726 -4.256104 -1.668701
-6.030407 -5.479492 12.743408
-87.749840 409.371460 2597.600830
-84.634171 196.630539 2594.423828
82.747055 199.269196 2615.301025
85.328568 -76.659851 2617.534912
93.408539 -352.032745 2601.631104
-252.015396 193.991867 2573.546631
-253.931915 -81.947769 2575.006836
-252.766251 -356.534790 2547.637695
-79.746628 -13.934301 2581.851562
21.771368 -222.975815 2581.331787
11.307572 -644.444092 2564.871826
33.558174 -1049.073730 2547.994141
-171.489532 -226.022461 2557.226807
-164.367874 -646.908203 2527.435303
-176.289490 -1052.023804 2543.909424
-2.154190 -0.403534 2.837891
-5.201534 -0.312012 -5.129639
-87.520493 410.332245 2600.112305
-84.704262 197.816025 2596.086670
82.608803 200.069031 2617.549072
84.671928 -75.867584 2619.338379
92.002121 -351.350067 2605.051514
-252.017319 195.563019 2574.624268
-253.548248 -80.380402 2575.795410
-252.648575 -355.225952 2551.146484
-80.128708 -12.703472 2582.516602
21.039112 -221.922287 2581.337158
14.915525 -643.596985 2567.363525
29.222410 -1048.687988 2552.450928
-172.145432 -224.523666 2556.555908
-163.193970 -645.385132 2526.671143
-180.517792 -1050.191772 2546.593506
-1.406418 0.682678 3.420410
-4.335764 0.385742 4.456787
-87.909370 413.254761 2610.868164
-85.513008 201.914429 2599.813232
81.768974 203.101547 2621.585205
83.418091 -72.839981 2623.018311
90.062157 -348.411316 2610.181885
-252.794998 200.727295 2578.041260
-254.018219 -75.218506 2578.979980
-253.329712 -350.273651 2556.784180
-81.588150 -8.167833 2581.111816
18.912210 -217.564743 2574.979736
11.023405 -639.271790 2561.638184
34.022964 -1043.767090 2542.542480
-174.238785 -218.935440 2549.841064
-165.781311 -640.130798 2525.301270
-180.360779 -1045.337158 2532.778564
-1.939964 2.938751 5.130371
4.800554 4.920898 -9.908447
-89.016266 411.452026 2606.245361
-87.046715 200.657928 2597.486816
80.311089 201.503448 2618.695312
81.629425 -74.441193 2619.842773
87.646873 -350.084473 2608.307861
-254.404526 199.812408 2576.278320
-255.382187 -76.134918 2577.030518
-254.860748 -351.359894 2557.045898
-83.894455 -9.645033 2580.996338
15.875064 -219.459869 2576.749756
7.558344 -641.269470 2572.934082
30.748167 -1045.653076 2550.171631
-177.359451 -220.436127 2552.261963
-169.499069 -641.851135 2531.472412
-181.168259 -1046.829346 2549.188477
-2.415283 -1.673157 -1.874023
-3.274797 -1.885986 7.629150
-88.915520 418.489258 2623.429443
-88.086937 208.252106 2604.900879
79.063988 207.317856 2627.575684
80.118019 -68.628769 2628.494141
85.564217 -344.330322 2618.127441
-255.237869 209.186356 2582.226074
-256.019470 -66.761978 2582.828613
-255.629852 -342.124573 2564.836426
-86.067146 -1.296842 2581.377930
12.459173 -211.385193 2570.946533
9.174418 -633.300537 2570.908691
24.114487 -1036.661621 2533.260742
-180.553879 -210.306396 2544.763428
-170.056351 -631.741089 2525.389893
-182.731033 -1037.010010 2532.299072
-2.082657 5.754150 9.819580
-6.633680 8.991455 -16.910889
-89.081230 420.052979 2631.525146
-88.008240 210.325851 2607.895752
78.960312 208.398712 2631.825928
79.803040 -67.549194 2632.561279
84.729286 -343.297943 2623.243164
-254.976791 212.252991 2583.965576
-255.601746 -63.695953 2584.448242
-255.315689 -339.170074 2568.250977
-86.566406 1.134515 2580.989258
11.267957 -209.169373 2567.897949
13.575630 -631.015320 2574.224609
21.045666 -1034.545654 2534.740234
-181.517105 -206.944260 2540.267578
-167.290909 -628.490906 2530.172119
-180.206680 -1033.904785 2530.907227
-0.834930 1.032379 5.115723
-3.068821 2.115967 1.479492
-90.484322 417.875275 2636.580811
-89.633263 209.295029 2609.055176
77.289116 207.299057 2633.354004
77.962952 -68.649673 2633.942383
82.416451 -344.436707 2625.566162
-256.555634 211.291016 2584.756348
-257.055420 -64.658325 2585.142822
-256.850342 -340.222839 2570.562256
-87.816551 0.442982 2579.419678
10.362226 -209.561325 2563.811523
11.046962 -631.450745 2571.733887
26.515268 -1035.298340 2538.016846
-182.361908 -207.256821 2535.756836
-168.085815 -628.912048 2533.401611
-178.653763 -1034.289062 2524.925049
-2.312836 -1.138763 2.322998
5.469603 -0.752686 3.276611
-90.856438 414.715515 2628.098877
-90.347916 206.063644 2605.261963
76.552368 204.461395 2629.767334
77.091133 -71.487823 2630.238281
81.115326 -347.305786 2622.707764
-257.248199 207.665878 2580.756592
-257.647888 -68.283768 2581.065918
-257.505707 -343.921509 2567.941406
-88.479523 -3.229698 2578.852539
9.740510 -213.448013 2566.590088
10.129253 -635.328491 2576.536621
25.150562 -1039.729858 2548.726562
-182.962769 -211.598053 2538.296143
-169.154068 -633.334778 2535.521484
-179.329117 -1038.744385 2538.389404
-1.301125 -2.869080 -2.858398
-1.364706 -4.431519 10.709717
-92.375656 418.425964 2633.368164
-91.969200 209.514725 2607.673096
75.012398 207.484436 2631.592285
75.443298 -68.465118 2631.969238
79.078072 -344.308197 2625.198242
-258.950806 211.545029 2583.753906
-259.270416 -64.404800 2584.001465
-259.176788 -340.101868 2572.187744
-90.455017 0.447074 2579.356445
7.459373 -209.792694 2564.848633
7.438107 -631.736084 2572.531738
24.860703 -1035.546997 2538.004883
-185.341049 -207.448471 2537.230957
-171.937927 -629.236694 2536.395508
-175.687073 -1034.594727 2527.824707
-2.037254 2.997589 2.490479
-0.289860 4.182861 -10.721680
-95.543472 416.102173 2627.490723
-94.755707 207.663437 2605.251465
72.437836 206.451279 2627.648193
72.782501 -69.498459 2627.949707
76.064255 -345.361938 2621.861328
-261.949249 208.875580 2582.854736
-262.204803 -67.074341 2583.052979
-262.148346 -342.819489 2572.419678
-92.818756 -1.730795 2579.458984
5.645265 -211.824844 2566.596924
7.474584 -633.675049 2577.959717
25.660309 -1037.312866 2541.086914
-187.408875 -210.425201 2540.736084
-174.950928 -632.249146 2538.036621
-173.279770 -1037.695190 2540.322754
-3.013817 -1.053741 -3.336914
0.799606 -1.765869 3.082031
-95.865982 414.042053 2615.553467
-95.974960 204.424026 2600.686768
71.234695 203.549469 2623.017578
71.510399 -72.400360 2623.258789
74.472404 -348.280273 2617.783691
-263.184631 205.298599 2578.355957
-263.389069 -70.651382 2578.514404
-263.360718 -346.435486 2568.943604
-94.314110 -5.495358 2580.029297
3.876221 -215.919632 2572.263184
5.082410 -637.619080 2588.133301
28.570084 -1039.163818 2536.945801
-189.182739 -214.909866 2546.480469
-173.735962 -636.639832 2545.857422
-176.717407 -1041.892090 2535.272461
-1.591850 -2.918335 -4.077637
2.909775 -1.850952 -4.141113
-95.348724 414.398254 2618.087646
-95.758858 205.150177 2601.699707
71.214455 203.785217 2625.669434
71.435074 -72.164703 2625.862549
74.107758 -348.057922 2620.938477
-262.732147 206.515152 2577.729980
-262.895660 -69.434891 2577.856934
-262.888336 -345.250488 2569.242920
-94.359589 -4.704066 2580.002197
3.439028 -215.346359 2572.143311
5.108624 -637.132507 2574.212646
29.534069 -1040.125977 2537.848145
-189.359665 -213.770279 2544.466064
-167.677109 -635.013428 2535.442871
-177.649963 -1040.334229 2533.776611
-0.364647 0.222351 3.154785
0.963985 -0.962158 0.902344
-97.029648 412.880188 2609.853760
-96.972801 202.949432 2598.439453
69.922600 202.158340 2622.997314
70.099136 -73.791641 2623.151855
72.510155 -349.695679 2618.723145
-263.868195 203.740509 2573.881592
-263.999023 -72.209534 2573.983154
-264.007202 -348.050720 2566.230225
-95.308678 -7.235569 2580.359375
2.704237 -217.877258 2576.456543
8.346940 -639.731812 2576.134277
24.905087 -1043.876099 2548.713867
-189.993347 -216.963867 2548.102051
-169.416168 -638.350952 2540.008301
-180.598618 -1043.792603 2542.585449
-1.597603 -1.637756 -2.215332
-4.628983 -3.750122 10.865723
-95.180962 418.260345 2615.735352
-95.231384 207.738678 2602.624756
71.271317 206.321594 2629.598389
71.412506 -69.628448 2629.721924
73.586983 -345.541229 2625.738281
-261.734100 209.155777 2575.651123
-261.838806 -66.794266 2575.732422
-261.858154 -342.656067 2568.754395
-93.814896 -2.314662 2582.845703
3.734416 -213.186188 2578.640381
9.832664 -635.063354 2574.104980
28.824440 -1039.302979 2546.839111
-188.531235 -211.549835 2547.492920
-167.750748 -632.750488 2533.130615
-177.113388 -1038.340088 2534.974609
1.076828 4.154449 7.015137
3.919353 4.573120 -1.874756
-98.367477 415.109436 2608.674072
-97.973480 205.384567 2599.347900
68.585510 205.192963 2626.051514
68.698456 -70.757111 2626.150391
70.659180 -346.676971 2622.567139
-264.532471 205.576157 2572.644287
-264.616180 -70.373917 2572.709229
-264.643311 -346.252502 2566.428955
-95.466309 -4.887290 2582.201172
3.193772 -215.269745 2580.470215
7.998449 -637.206055 2575.643311
25.800005 -1041.139404 2542.708008
-189.112045 -215.048538 2549.638672
-170.253296 -636.320923 2533.778809
-176.423386 -1041.931641 2540.507080
-2.927803 -1.135742 -3.171143
-3.024435 -1.836426 -4.131104
-98.322372 415.391998 2606.652832
-98.693581 204.705292 2598.761230
68.277809 204.332153 2622.635742
68.368156 -71.617920 2622.714844
70.135735 -347.543549 2619.491455
-265.664978 205.078430 2574.886719
-265.731903 -70.871674 2574.938721
-265.764313 -346.763794 2569.286377
-96.828781 -5.653752 2582.431641
1.440105 -216.228226 2579.886475
5.930716 -638.188293 2574.676025
24.995213 -1041.750977 2537.568848
-191.368057 -215.797348 2552.317627
-171.347336 -636.976562 2534.944092
-180.274368 -1042.563110 2542.293213
-0.523445 -0.866577 -3.075684
-0.804792 -0.611572 -5.139160
-101.429810 413.549133 2608.152832
-103.542236 202.209824 2598.236816
63.797398 200.410248 2619.176514
63.869652 -75.539856 2619.239746
65.462814 -351.470123 2616.340088
-270.881866 204.009384 2577.297119
-270.935364 -71.940750 2577.338623
-270.971069 -347.843872 2572.251465
-103.637833 -8.078040 2580.928711
-7.116961 -219.404907 2575.710449
0.215558 -641.319458 2576.339844
16.986038 -1044.113037 2531.104004
-200.349899 -217.326889 2551.530762
-176.252945 -638.351990 2535.903320
-192.743347 -1043.151611 2524.779785
-4.672920 -3.926575 -3.151367
-8.009174 -2.362061 -6.464844
-102.750237 410.011047 2604.896973
-104.696945 197.854095 2596.530518
62.958858 195.423645 2614.690186
63.016590 -80.526489 2614.740723
64.452347 -356.460510 2612.132080
-272.352753 200.284546 2578.370850
-272.395477 -75.665588 2578.404053
-272.432892 -351.577637 2573.825439
-106.007126 -12.532354 2580.468750
-10.527104 -224.321930 2574.890869
6.123805 -645.880676 2578.054199
21.120968 -1049.200317 2536.629883
-204.107513 -221.515656 2553.923096
-177.542892 -642.402832 2538.263672
-175.025131 -1047.413086 2530.858643
-1.010468 -4.990387 -4.208008
4.134930 -5.087280 5.525879
-104.288185 410.301758 2612.760742
-107.747894 199.260498 2600.059082
59.936172 195.603699 2617.931152
59.982277 -80.346436 2617.971680
61.276035 -356.283539 2615.624756
-275.431946 202.917313 2582.187012
-275.466064 -73.032822 2582.213623
-275.503967 -348.952148 2578.093018
-110.320892 -10.868906 2581.205566
-16.098770 -223.109192 2572.668701
1.694815 -644.540527 2566.135986
22.986475 -1048.550049 2539.541748
-209.689011 -218.887436 2552.035400
-180.789047 -639.189636 2528.547852
-176.117889 -1044.453491 2531.733887
-3.176311 0.176971 3.492676
1.865507 0.650269 2.911865
-105.686722 412.896973 2616.196045
-109.380997 201.728210 2601.986084
58.265274 198.274704 2620.373535
58.302086 -77.675430 2620.406006
59.467667 -353.615051 2618.294434
-277.027283 205.181717 2583.598633
-277.054504 -70.768417 2583.619873
-277.092102 -346.693542 2579.911133
-111.533646 -8.329575 2582.160156
-16.909569 -220.380951 2572.948730
6.651182 -641.333191 2558.945557
28.305096 -1045.940063 2546.844727
-210.463013 -216.393768 2551.719727
-176.975311 -636.312073 2527.131104
-173.109726 -1041.798584 2532.958252
-1.808369 2.668488 2.669678
5.318621 2.609985 7.302979
-110.810959 411.131287 2618.401855
-112.648003 200.525650 2603.419922
55.146767 198.537689 2620.602295
55.176125 -77.412445 2620.628174
56.225994 -353.354126 2618.728271
-280.442749 202.513611 2586.237549
-280.464478 -73.436523 2586.254639
-280.501160 -349.366364 2582.916992
-112.987411 -9.429382 2582.443359
-16.454882 -220.532104 2571.386719
4.713768 -640.929565 2545.030273
29.747208 -1045.551758 2544.941895
-210.198761 -218.236725 2551.546875
-181.333801 -638.455688 2526.076660
-168.848450 -1043.811035 2531.672852
-3.241673 0.260925 0.433838
1.442112 0.388306 -1.902832
-112.867180 408.421783 2620.009521
-114.570518 197.333618 2604.317871
53.318001 195.640717 2620.662842
53.341408 -80.309418 2620.683594
54.286900 -356.252716 2618.974121
-282.459045 199.026505 2587.972900
-282.476379 -76.923630 2587.986572
-282.511688 -352.857361 2584.982666
-114.687492 -12.673485 2583.768555
-17.884064 -223.657867 2572.655029
1.950771 -642.742554 2531.001709
20.516325 -1047.085449 2548.755615
-211.724869 -221.703293 2553.783447
-181.835022 -641.783203 2526.793457
-173.335358 -1047.014160 2541.307617
-1.939095 -2.898590 0.245850
-9.230883 -1.533691 3.813721
-115.935432 408.740265 2621.319092
-117.712166 197.577240 2606.248779
50.244133 196.002670 2621.942627
50.262852 -79.947464 2621.959229
51.114262 -355.892090 2620.421143
-285.668457 199.151810 2590.554932
-285.682251 -76.798325 2590.565918
-285.715881 -352.735168 2587.862305
-117.715981 -12.387573 2585.223877
-20.758921 -223.261383 2573.259033
-6.294795 -637.643921 2501.939209
23.401901 -1039.013916 2543.579834
-214.680664 -221.443390 2555.138916
-185.592224 -641.036011 2521.214844
-182.413193 -1046.259277 2539.386963
-3.172638 0.360626 1.447021
2.885576 8.071533 -5.175781
-118.922417 406.314941 2622.970459
-121.510376 196.008087 2607.675537
46.519379 194.084442 2622.533691
46.534313 -81.865692 2622.546875
47.300919 -357.811371 2621.162842
-289.540131 197.931747 2592.817383
-289.551056 -78.018387 2592.826172
-289.582794 -353.957764 2590.393066
-122.067230 -13.971855 2586.787354
-25.618864 -225.062347 2574.476807
-11.140434 -628.851074 2462.484619
17.962212 -1025.867065 2532.510498
-219.629303 -222.841263 2557.321533
-191.018311 -642.181274 2519.785156
-182.532120 -1047.180420 2541.597900
-3.813343 -1.919281 0.741699
-5.439690 13.146851 -11.069336
-123.411995 411.176361 2622.293457
-125.495514 200.539124 2610.250244
42.453465 199.143219 2626.046143
42.465340 -76.806915 2626.056641
43.155525 -352.753479 2624.811279
-293.444458 201.935028 2594.454346
-293.453156 -74.015106 2594.461426
-293.482880 -349.956512 2592.271484
-125.409805 -9.573090 2590.771240
-28.364643 -220.491180 2580.411377
-11.484301 -604.790283 2418.749268
13.057842 -990.948730 2530.298096
-222.283554 -218.879425 2562.173096
-191.982269 -638.457031 2528.823975
-178.847702 -1043.515625 2531.917480
-4.145393 5.057892 3.648438
-4.904369 34.918335 -2.212402
-128.041641 409.464203 2621.455322
-129.810501 198.231369 2611.593262
38.117298 197.503021 2627.674316
38.126755 -78.447113 2627.682861
38.748074 -354.394348 2626.562256
-297.738281 198.959717 2595.512207
-297.745178 -76.990417 2595.517822
-297.772888 -352.933472 2593.546875
-129.056274 -12.054251 2594.192871
-31.356005 -222.760345 2586.076172
-28.355125 -564.951050 2350.575928
7.182434 -928.904846 2513.265137
-225.248093 -221.919388 2567.508789
-194.195099 -640.547974 2525.089355
-178.403030 -1045.692383 2532.314453
-4.407452 -1.640869 1.750977
-5.875408 62.043884 -17.032959
-132.378510 406.541199 2624.050781
-133.890823 194.379196 2615.074463
33.611931 194.347473 2634.788086
33.619480 -81.602661 2634.794922
34.178757 -357.550446 2633.786377
-301.393585 194.410919 2595.360840
-301.399078 -81.539215 2595.365234
-301.424774 -357.483643 2593.591553
-131.892868 -15.909243 2597.759766
-33.171074 -226.216003 2591.828613
-41.496037 -515.797119 2298.711914
6.272736 -872.273926 2470.556641
-226.618744 -226.179367 2569.061523
-191.214584 -642.548645 2512.315430
-175.320892 -1047.001465 2534.649170
-4.569317 -3.156097 7.224121
-0.909698 56.630920 -42.708496
-136.701309 403.553040 2625.340088
-137.588654 191.051575 2617.364258
29.618444 191.461472 2639.471680
29.624449 -84.488663 2639.477051
30.127836 -360.436890 2638.569580
-304.795746 190.641678 2595.256836
-304.800079 -85.308456 2595.260498
-304.823883 -361.253906 2593.664062
-134.848022 -19.271715 2600.535645
-35.578705 -229.358368 2596.469727
-57.724144 -459.311737 2256.610840
-0.339748 -812.550171 2437.033203
-228.636078 -229.831635 2570.944336
-190.789810 -644.821411 2505.753418
-176.710571 -1049.172485 2533.600586
-4.050920 -2.886444 4.783203
-6.612484 59.723755 -33.523438
-139.017990 401.252075 2622.975830
-139.667877 188.090958 2618.230225
27.534504 188.608215 2640.520020
27.539257 -87.341919 2640.524414
27.992298 -363.290558 2639.707764
-306.870239 187.573715 2595.940430
-306.873688 -88.376419 2595.943359
-306.895660 -364.322815 2594.506592
-136.985489 -22.352137 2602.992432
-37.786129 -232.496658 2600.621338
-72.375374 -400.223755 2225.630859
-8.183182 -743.342896 2406.342041
-230.820084 -233.093811 2574.887939
-195.386978 -647.020325 2501.756836
-168.317642 -1050.406982 2532.505859
-2.135538 -2.853668 1.138184
-7.843433 69.207275 -30.691162
-142.877777 398.860260 2621.798340
-144.142853 186.073578 2619.096924
23.272020 186.441727 2639.748535
23.275755 -89.508408 2639.751953
23.683481 -365.457275 2639.017090
-311.557739 185.705444 2598.445312
-311.560455 -90.244690 2598.447510
-311.580627 -366.191742 2597.154541
-141.904572 -24.436897 2604.704590
-43.016434 -234.734848 2602.234619
-87.823837 -336.781647 2203.356445
-21.727737 -673.341309 2368.712158
-236.316147 -235.159912 2578.389893
-197.783997 -648.036499 2500.639893
-173.630447 -1051.890259 2529.749512
-4.308817 -2.166718 -0.690674
-13.544556 70.001587 -37.629883
-145.757828 395.431458 2622.713623
-146.638931 183.124680 2619.547119
20.749939 183.319672 2640.481445
20.752884 -92.630463 2640.484131
21.119820 -368.579590 2639.822754
-314.027802 182.929688 2598.612793
-314.029907 -93.020447 2598.614502
-314.048462 -368.968079 2597.450684
-144.574097 -27.380129 2604.997559
-45.878372 -237.772369 2602.532959
-94.158646 -276.307373 2189.667969
-28.610588 -601.087219 2329.345947
-239.140152 -237.997498 2578.363037
-191.306259 -646.073120 2484.207764
-174.825897 -1047.060303 2537.824463
-2.563662 -3.122314 0.805664
-6.882851 72.254089 -39.366211
-150.207184 395.114502 2624.164062
-150.216049 183.103119 2621.377930
17.271961 183.651428 2641.517334
17.274298 -92.298706 2641.519531
17.604473 -368.248047 2640.924316
-317.704041 182.554810 2601.238525
-317.705688 -93.395325 2601.239990
-317.722626 -369.343475 2600.192627
-147.848297 -27.439304 2607.418945
-48.788815 -237.665192 2605.086670
-102.068581 -215.530167 2188.738037
-39.294556 -529.920044 2283.076904
-242.172287 -238.298264 2581.833252
-194.427826 -646.920654 2488.852051
-167.116821 -1047.616821 2542.594482
-3.515347 0.331543 1.101562
-10.683968 71.167175 -46.269043
-152.216721 394.725983 2614.891602
-152.487930 182.045197 2619.633789
15.028234 182.809525 2639.557617
15.030059 -93.140610 2639.559326
15.327207 -369.090088 2639.023682
-320.004089 181.280884 2599.709961
-320.005371 -94.669250 2599.711182
-320.020874 -370.617706 2598.768555
-150.559021 -28.727474 2611.501709
-51.922565 -239.058899 2614.871582
-106.212219 -165.711487 2191.878662
-46.825207 -472.406433 2240.548096
-245.337662 -239.941391 2591.867676
-198.645004 -649.979553 2504.323486
-158.797455 -1051.286011 2541.190674
-2.277267 -0.842041 -1.900635
-7.530651 57.513611 -42.528809
-153.485428 395.783630 2617.756836
-153.738510 183.210739 2622.280273
13.917000 183.987900 2640.970703
13.918447 -91.962234 2640.972168
14.185842 -367.911865 2640.490234
-321.394012 182.433594 2603.589844
-321.394958 -93.516541 2603.590820
-321.409210 -369.465302 2602.742432
-151.789627 -27.578854 2613.563477
-53.049393 -237.919785 2615.637207
-107.171402 -126.518097 2186.314453
-49.977894 -425.365570 2177.149414
-246.632111 -238.817123 2594.056152
-197.883453 -645.256165 2492.713135
-160.494476 -1046.421631 2536.837891
-1.141365 1.178223 1.466553
-3.152687 47.040863 -63.398682
-154.312973 396.365326 2629.189697
-155.156616 184.214355 2626.752930
12.534615 183.790833 2645.118896
12.535700 -92.159302 2645.120117
12.776251 -368.109009 2644.686279
-322.847870 184.637894 2608.386963
-322.848572 -91.312241 2608.387695
-322.861603 -367.261292 2607.624268
-154.175018 -26.266060 2612.936523
-56.382187 -236.990997 2609.723145
-106.850220 -103.400787 2176.857666
-52.753471 -406.324493 2104.275146
-250.004639 -236.501968 2588.517090
-199.826874 -643.001404 2487.435303
-167.618851 -1044.712769 2532.625000
-1.409591 -0.197144 4.196045
-2.775578 19.041077 -72.874268
-155.074341 396.159943 2626.403809
-156.601746 182.952927 2626.841553
11.136450 182.057236 2644.781738
29.044157 -214.722458 2650.092285
34.096519 -345.857361 2641.330322
-324.339905 183.848602 2608.901367
-324.340424 -92.101532 2608.901855
-324.352295 -368.050812 2608.214600
-156.394272 -27.651480 2614.387207
-59.350826 -238.772964 2612.289795
-103.724373 -99.949158 2187.459473
-54.175995 -392.411041 2037.668091
-253.022781 -237.738800 2591.575928
-196.386398 -644.564209 2495.302734
-175.650406 -1046.260864 2546.387695
21.320269 22.251648 -3.355957
-1.422523 13.913452 -66.607056
-156.764740 398.343292 2633.016113
-157.425674 185.823776 2629.881348
10.237306 185.454636 2648.531250
20.174294 -90.300095 2651.541016
29.770578 -365.588318 2635.023682
-325.088654 186.192902 2611.231445
-325.089020 -89.757233 2611.231934
-325.099731 -365.706665 2610.613525
-156.327362 -24.694462 2615.840820
-58.435043 -235.425797 2612.567139
-94.466743 -100.236237 2184.723389
-51.192551 -371.967163 1946.827637
-252.023056 -234.999588 2591.033447
-193.398743 -641.471863 2494.131592
-172.418137 -1043.864990 2540.585205
-4.325941 -19.730957 -6.306641
2.983444 20.443878 -90.840454
-158.600494 397.945679 2626.815430
-159.919724 185.480667 2629.287598
7.816006 185.958160 2647.258545
15.755214 -89.866913 2649.703613
24.436962 -365.280823 2634.860840
-327.655457 185.003174 2611.316650
-327.655762 -90.946960 2611.317139
-327.665527 -366.896484 2610.760498
-158.202103 -25.227222 2618.854492
-59.647732 -235.659439 2618.796387
-92.405212 -113.523117 2194.447754
-53.768120 -342.888550 1881.499878
-253.321228 -236.210770 2598.046387
-195.832535 -644.240662 2507.224121
-174.076660 -1047.918213 2537.143555
-5.333616 0.307495 -0.162842
-2.575569 29.078613 -65.327759
-159.369995 399.068665 2633.719971
-160.551254 186.427719 2631.650146
7.179682 186.657654 2649.696533
13.524150 -89.212433 2651.676270
21.374144 -364.728119 2638.336670
-328.282196 186.197784 2613.603760
-328.282379 -89.752350 2613.604004
-328.291168 -365.702087 2613.103027
-158.860443 -24.143524 2618.617920
-60.337852 -234.582031 2616.003906
-92.635666 -98.559006 2208.309082
-54.475243 -301.246826 1829.348877
-254.001404 -234.847504 2595.167480
-193.775299 -639.456665 2492.305664
-180.952591 -1042.203247 2535.594238
-3.062819 0.552704 3.475830
-0.707123 41.641724 -52.151001
-160.210022 398.248779 2626.669189
-162.908096 184.951218 2629.581543
4.995165 185.386490 2645.861816
10.066219 -90.512375 2647.460693
17.160679 -366.110535 2635.470459
-330.811340 184.515945 2613.301270
-330.811432 -91.434189 2613.301514
-330.819275 -367.383972 2612.850586
-161.375092 -25.779079 2619.405273
-62.904713 -236.258087 2618.628174
-96.050446 -92.279984 2219.741943
-56.962128 -291.838043 1812.193726
-256.779480 -236.760681 2599.829834
-196.379425 -642.940857 2503.153320
-183.175980 -1046.429443 2541.335205
-4.213465 -1.382416 -2.866211
-2.486885 9.408783 -17.155151
-162.485046 401.444916 2633.645020
-164.234802 187.809341 2632.675781
3.701498 188.691422 2648.641846
7.755528 -87.225845 2649.930664
14.164373 -362.890808 2639.152100
-332.171082 186.927277 2616.709717
-332.171112 -89.022858 2616.709961
-332.178101 -364.972687 2616.304199
-161.868225 -22.737133 2619.415527
-62.549931 -232.774384 2615.372803
-145.406250 -368.765320 2365.715576
-117.605911 -671.278564 2162.897217
-256.453369 -233.792847 2596.937744
-140.683792 -393.469238 2354.577393
-117.582069 -680.213501 2167.668457
-2.996305 3.219727 3.681641
-60.643784 -379.440521 350.703491
-165.576767 400.464600 2637.135010
-166.497330 187.277695 2633.211670
1.333426 188.287399 2650.242432
4.574799 -87.641708 2651.279785
10.361962 -363.360840 2641.589600
-334.328064 186.268005 2616.180908
-334.328033 -89.682129 2616.181152
-334.334259 -365.632050 2615.815918
-163.659805 -23.120405 2617.723145
-63.930176 -232.935593 2612.066895
-172.194336 -492.312683 2428.623291
-150.686157 -845.257202 2348.055420
-257.714386 -234.101425 2592.402344
-118.625443 -284.339050 2278.714111
-84.709183 -513.398071 1987.245972
-3.802411 -0.470032 2.437500
-33.080246 -173.978638 185.158203
-164.665802 398.851440 2629.874268
-166.311630 186.132538 2630.071533
1.377107 186.898499 2648.439453
3.969001 -89.038147 2649.273193
9.193037 -364.801117 2640.560547
-334.000336 185.366577 2611.703613
-334.000244 -90.583557 2611.703857
-334.005829 -366.533508 2611.375244
-163.974060 -24.463053 2617.512939
-64.825233 -234.616440 2615.558594
-182.967499 -556.742065 2465.523438
-166.586685 -934.868225 2447.017090
-258.447754 -235.500854 2594.350098
-100.315475 -244.965775 2246.621582
-62.965317 -457.447449 1919.335205
-1.168925 -1.440277 -1.029053
-15.900528 -89.611023 98.961670
-164.599762 396.344116 2617.748047
-166.779068 183.796021 2624.798584
1.060184 184.643677 2641.713135
3.132884 -91.297852 2642.382812
7.847117 -367.096436 2634.548340
-334.618317 182.948334 2607.884033
-334.618195 -93.001801 2607.884033
-334.623230 -368.951691 2607.588135
-164.926910 -26.998787 2616.984131
-66.176979 -237.304199 2618.934814
-191.965347 -587.547119 2478.424072
-172.707932 -977.592834 2494.739014
-259.972534 -238.282974 2599.404541
-90.895004 -232.543686 2234.967529
-49.130993 -458.300751 1910.252075
-1.345920 -2.295319 -6.012207
-6.121246 -42.724609 47.721924
-162.492844 395.351074 2609.680664
-165.365417 182.387344 2620.811768
2.341479 183.004227 2639.004395
3.999099 -92.940384 2639.541748
8.252018 -368.767700 2632.496338
-333.072327 181.770477 2602.619141
-333.072174 -94.179657 2602.619141
-333.076935 -370.129517 2602.353027
-164.080994 -28.516947 2616.122803
-65.977089 -239.065109 2621.936768
-192.144196 -604.696777 2486.626709
-176.064301 -1001.355835 2516.496826
-259.616058 -239.777374 2600.930908
-87.539047 -217.546982 2227.683838
-39.967983 -480.263428 1938.123779
0.404901 -1.671265 -2.052002
-3.356369 -23.763000 21.757812
-164.373993 398.034912 2615.154785
-165.530487 184.964233 2621.809082
2.054101 186.225449 2641.069336
3.379869 -89.721146 2641.500244
7.215652 -365.571777 2635.164062
-333.115082 183.703018 2602.548828
-333.114929 -92.247116 2602.548828
-333.119476 -368.196960 2602.309326
-163.015320 -25.825592 2613.727539
-63.751411 -235.887299 2616.765137
-190.676575 -606.990356 2478.385986
-176.861053 -1005.772278 2524.235596
-257.248871 -237.343536 2594.526855
-84.067963 -182.586868 2214.178223
-33.782429 -503.445068 1998.898315
-1.036366 3.195923 2.667725
-0.796753 -4.416443 7.738770
-164.918274 400.831207 2627.391357
-165.771759 188.254272 2625.298828
1.434649 189.129349 2647.465088
2.495046 -86.818527 2647.810547
5.953794 -362.688171 2642.111816
-332.978149 187.379196 2603.132568
-332.977997 -88.570938 2603.132568
-332.982391 -364.520813 2602.916992
-162.806534 -22.160259 2611.238037
-63.298634 -232.069534 2609.975830
-192.514542 -608.050659 2477.994873
-180.221054 -1008.626526 2526.723389
-256.384003 -233.080048 2584.378662
-88.863098 -175.252197 2199.141602
-33.720333 -523.681335 2075.001709
-1.261858 2.883606 6.947754
-3.360001 -2.854248 2.487793
-164.476746 400.880249 2623.506348
-165.493134 187.569733 2621.824951
1.919896 188.424194 2642.440186
2.768082 -87.524475 2642.716797
5.886227 -363.409332 2637.591064
-332.906158 186.715271 2601.209717
-332.906006 -89.234863 2601.209717
-332.910309 -365.184723 2601.015625
-162.693512 -22.908470 2607.813721
-63.248608 -232.893402 2605.703369
-194.197998 -614.204895 2487.219482
-181.363647 -1016.592773 2528.351318
-256.539185 -233.879929 2581.901611
-94.083099 -190.082275 2196.658447
-28.511719 -553.296875 2167.588379
-0.067567 -0.721161 -4.520752
-1.142593 -7.966248 1.627930
-164.010422 402.334656 2621.564453
-165.443222 188.842697 2619.972412
2.060922 189.699341 2639.917969
2.739381 -86.249847 2640.139648
5.550016 -362.147125 2635.528809
-332.947388 187.986038 2600.026855
-332.947235 -87.964096 2600.026855
-332.951447 -363.914001 2599.852295
-162.659576 -21.642658 2605.635254
-63.179138 -231.633484 2602.812256
-193.659210 -615.722778 2489.835205
-181.689377 -1018.789001 2530.072998
-256.572693 -232.622528 2579.783936
-97.987320 -210.383865 2191.951660
-23.201645 -572.991028 2243.916748
-0.336210 1.262207 -2.062256
-0.325729 -2.196228 1.721680
-163.151733 404.076233 2621.099121
-164.134979 190.593842 2618.754150
3.380573 191.436218 2638.657959
3.923305 -84.513275 2638.835449
6.456365 -360.420563 2634.687744
-331.650513 189.751450 2598.850342
-331.650360 -86.198685 2598.850342
-331.654480 -362.148560 2598.693115
-161.263947 -19.838322 2603.496826
-61.687504 -229.784180 2599.729736
-194.992386 -613.073975 2485.603027
-178.694962 -1014.719238 2537.644531
-255.098328 -230.756775 2576.749268
-94.998978 -240.954453 2190.000488
-16.106125 -595.258057 2312.483154
0.906348 1.726562 -0.841064
2.994415 4.069763 7.571533
-164.950302 409.260773 2639.861816
-164.817657 197.904449 2624.493652
2.557940 198.043900 2645.540527
2.992131 -77.905807 2645.682617
5.274739 -353.821228 2641.951416
-332.193268 197.764984 2603.446777
-332.193115 -78.185150 2603.446777
-332.197266 -354.135010 2603.305176
-161.605103 -11.503590 2600.333496
-61.766045 -220.831116 2588.323730
-139.529419 -467.523285 2337.808594
-90.880707 -832.345886 2480.829346
-255.019043 -220.992126 2564.022949
-144.937592 -427.916656 2342.591797
-99.595886 -806.761230 2425.175293
-1.181625 6.599335 7.263672
87.814255 182.373352 -56.815186
-162.381012 414.549164 2640.243164
-164.093765 203.517914 2624.173096
3.265992 202.818314 2645.351807
3.613405 -73.131485 2645.465576
5.670018 -349.053528 2642.108887
-331.453491 204.217514 2602.994385
-331.453339 -71.732620 2602.994385
-331.457520 -347.682434 2602.866943
-161.815979 -5.910415 2599.255615
-62.919540 -215.742630 2586.564941
-110.912186 -418.136017 2272.355713
-41.587830 -761.547363 2466.866211
-256.156860 -214.934860 2562.111328
-170.867645 -526.245972 2431.058105
-141.528992 -918.282104 2480.915283
0.395279 4.767700 0.157471
49.292877 70.798523 -13.963135
-164.893234 412.840515 2639.427979
-165.378708 202.437805 2622.185059
2.184077 202.546585 2641.638428
2.462063 -73.403336 2641.729492
4.314772 -349.330750 2638.709473
-332.941498 202.329041 2602.731689
-332.941345 -73.621094 2602.731689
-332.945526 -349.570923 2602.617188
-162.428253 -7.111097 2597.942871
-62.736233 -216.597198 2584.932129
-89.199974 -419.968567 2242.423340
-11.037788 -751.174194 2461.678711
-256.219330 -216.722794 2562.469238
-183.679977 -579.833191 2472.478271
-160.616058 -978.205017 2509.766113
-1.355247 -0.277222 -3.399414
30.550041 10.373169 -5.187500
-164.920044 411.810120 2630.520996
-165.076874 201.457077 2617.368408
2.626571 202.193054 2635.565430
2.848996 -73.756927 2635.638184
4.517916 -349.688599 2632.921143
-332.780334 200.721100 2599.171387
-332.780182 -75.229034 2599.171387
-332.784363 -351.178864 2599.068359
-161.823380 -8.395369 2595.871582
-61.753769 -217.822937 2584.879883
-73.206779 -437.781464 2235.480225
9.374306 -770.384277 2464.607910
-255.386002 -218.672699 2563.869629
-187.906433 -606.989258 2490.495117
-170.543259 -1008.270752 2526.274658
0.203144 -0.357849 -5.788330
20.412094 -19.210083 2.929199
-164.617294 414.829498 2635.074707
-165.574203 204.606857 2617.913818
2.259808 204.866776 2634.892090
2.437790 -71.083237 2634.950439
3.941063 -347.018372 2632.505859
-333.408234 204.346954 2600.935547
-333.408081 -71.603180 2600.935547
-333.412354 -347.553009 2600.842773
-162.762695 -4.911860 2593.328857
-63.059910 -214.280533 2578.545410
-63.415623 -458.731018 2244.436035
18.374920 -799.532471 2462.499756
-256.842438 -214.580627 2558.942383
-194.892120 -616.322266 2496.897461
-178.921677 -1019.658569 2520.410645
-0.576852 2.670227 -0.415283
9.000614 -29.148193 -2.108154
-163.177933 416.895447 2636.846924
-163.562729 206.591385 2617.401123
4.349311 207.427551 2633.601074
4.491734 -68.522491 2633.647705
5.845742 -344.460449 2631.447998
-331.474762 205.755234 2601.201172
-331.474609 -70.194901 2601.201172
-331.478912 -346.144714 2601.117676
-159.994827 -2.738488 2591.224609
-59.491264 -211.585648 2574.400391
-47.976624 -487.446655 2270.738770
29.266953 -824.527832 2489.619141
-253.362579 -212.551086 2555.695801
-191.560837 -621.654419 2509.886475
-174.886200 -1026.037354 2520.464111
1.904678 2.557922 -1.057861
10.892033 -24.995361 27.119385
-164.938751 419.709686 2639.734863
-163.645874 209.643143 2617.210693
4.263512 211.622406 2633.342773
4.377480 -64.327667 2633.380127
5.597010 -340.267944 2631.400879
-331.555267 207.663879 2601.078613
-331.555115 -68.286255 2601.078613
-331.559418 -344.236145 2601.003418
-158.460419 0.629684 2588.882568
-56.339149 -207.241119 2569.867676
-39.616913 -514.727539 2302.407715
36.396622 -858.324585 2507.385010
-250.210770 -209.526428 2551.241211
-191.915756 -622.325317 2508.029297
-175.146042 -1026.739746 2527.636475
-0.248732 4.192505 -0.047119
7.129669 -33.796753 17.765869
-163.936554 417.558472 2629.662109
-160.098465 207.692795 2610.914795
7.957085 211.759995 2624.697998
8.048223 -64.190109 2624.727783
9.146532 -340.132263 2622.947021
-328.154022 203.625580 2597.131592
-328.153870 -72.324554 2597.131592
-328.158142 -348.274445 2597.063965
-152.943893 -1.617651 2585.444824
-48.754189 -208.579697 2567.933350
-22.777334 -556.579956 2353.682617
45.242439 -917.682129 2522.756348
-242.824448 -213.276489 2552.016357
-188.004562 -628.591309 2515.410400
-172.136932 -1033.452637 2531.962402
3.549522 0.135681 -8.453857
8.845818 -59.357544 15.371338
-162.999084 416.876770 2625.131348
-157.450668 207.245682 2606.555664
10.749471 212.718857 2617.725586
10.822335 -63.231277 2617.749512
11.811463 -339.174927 2616.146973
-325.650787 201.772507 2595.385742
-325.650635 -74.177628 2595.385742
-325.654877 -350.127502 2595.324951
-149.001495 -2.133360 2581.919678
-43.442822 -208.352493 2563.732666
-15.091398 -583.966614 2396.229248
40.080055 -957.506653 2539.738037
-237.661819 -214.672318 2550.834717
-189.263885 -631.519775 2514.400146
-177.997269 -1036.721069 2529.248779
2.664931 0.957336 -6.800049
-5.162384 -39.824524 16.981689
-162.975754 421.499390 2641.370605
-156.252884 212.960480 2611.213867
12.060581 219.037079 2620.272949
12.118791 -56.913055 2620.291992
13.009461 -332.857941 2618.850098
-324.566345 206.883881 2602.154785
-324.566193 -69.066254 2602.154785
-324.570435 -345.016113 2602.099854
-146.942795 5.034665 2577.707764
-40.467258 -199.383194 2549.431396
-12.678499 -594.004028 2426.025391
36.261536 -977.041382 2544.613525
-234.798157 -206.399094 2538.971924
-193.624100 -624.513489 2504.281006
-177.969604 -1029.456787 2522.984131
1.197998 6.316986 2.703125
-3.818520 -19.534729 4.875488
-161.211975 419.619629 2631.501221
-154.120071 210.820663 2606.318359
14.316813 217.267456 2611.430176
14.363295 -58.682709 2611.445557
15.165327 -334.628540 2610.147949
-322.556976 204.373886 2601.206543
-322.556824 -71.576248 2601.206543
-322.561096 -347.526062 2601.157227
-145.217346 2.319617 2575.920898
-39.057129 -202.458984 2548.475098
-9.461878 -609.796570 2473.665527
31.916842 -1001.108887 2564.052979
-233.572098 -209.903885 2542.571777
-194.894424 -629.127625 2519.529785
-179.782089 -1034.050781 2540.306641
2.155866 -1.770599 -8.702148
-4.344694 -24.067505 19.439453
-158.997772 419.587158 2627.561279
-150.870300 210.401199 2604.202881
17.610519 217.490936 2606.872314
17.647560 -58.459259 2606.884521
18.369869 -334.405853 2605.716797
-319.351135 203.311478 2601.533447
-319.350983 -72.638657 2601.533447
-319.355316 -348.588501 2601.489014
-141.636414 1.538915 2576.122070
-35.143982 -203.230698 2549.582275
-3.921875 -617.279236 2511.603271
35.718105 -1014.241943 2573.731445
-229.661072 -211.416046 2546.500244
-188.563385 -630.363159 2519.647705
-179.119614 -1035.076538 2546.188232
3.204542 0.222687 -4.431152
3.801264 -13.133057 9.678467
-154.155594 415.300568 2616.090820
-145.513519 205.756271 2598.804199
22.983370 213.133087 2599.008789
23.012829 -62.817108 2599.018555
23.663311 -338.764374 2597.967773
-314.010406 198.379471 2598.599609
-314.010254 -77.570663 2598.599609
-314.014679 -353.520508 2598.559570
-136.315338 -3.706414 2575.829590
-29.845873 -208.910553 2552.973145
0.137636 -626.458740 2532.306152
36.776726 -1026.669189 2577.252197
-224.388443 -217.427658 2552.736816
-182.708115 -636.304382 2524.029053
-178.431046 -1041.333130 2546.996094
5.293442 -4.358521 -7.749023
1.058620 -12.427246 3.520752
-151.110458 413.179321 2609.355713
-141.607361 202.461136 2595.897461
26.892643 210.245651 2596.100098
26.916048 -65.704544 2596.107910
27.501759 -341.652344 2595.162354
-310.107361 194.676636 2595.694824
-310.107208 -81.273499 2595.694824
-310.111694 -357.223328 2595.658936
-131.890839 -7.349926 2576.377441
-24.909336 -212.667465 2556.974365
2.688715 -632.002075 2552.563721
40.983376 -1033.734497 2585.884521
-219.439301 -221.654526 2556.740479
-175.477448 -640.118164 2524.964600
-173.648438 -1045.339111 2545.401123
3.838448 -2.887970 -2.805420
4.206650 -7.065308 8.632324
-148.550034 409.305359 2607.499512
-136.871231 198.184067 2594.322510
31.494667 208.171875 2595.989258
31.513237 -67.778320 2595.995605
32.040623 -343.726593 2595.144775
-305.237091 188.196259 2592.655762
-305.236938 -87.753876 2592.655762
-305.241455 -363.703705 2592.623291
-124.240875 -11.518347 2575.092041
-14.405013 -215.454330 2556.823975
11.811225 -635.017456 2572.487061
49.797913 -1037.315918 2573.643799
-208.816025 -226.987183 2554.899170
-170.800980 -646.000854 2522.756592
-162.674545 -1051.274902 2539.739014
4.538864 -2.074249 -0.017578
8.814537 -3.581421 -12.240723
-144.394058 412.589722 2614.061768
-131.838028 202.003311 2597.399170
36.456680 211.616852 2602.589111
36.471352 -64.333344 2602.594238
36.946152 -340.281952 2601.828369
-300.132751 192.389755 2592.209229
-300.132599 -83.560379 2592.209229
-300.137207 -359.510193 2592.180176
-119.197136 -7.445164 2575.462158
-9.385202 -211.342911 2556.521729
9.664274 -630.607849 2589.073975
50.282684 -1032.859497 2573.515381
-203.727295 -222.444366 2550.528564
-176.179672 -642.620483 2525.784912
-166.988831 -1048.097168 2534.099854
4.905529 3.444641 6.683594
0.484772 4.456421 -0.128418
-139.561951 411.147736 2608.340576
-127.383942 200.125259 2595.999512
40.929245 210.127045 2600.652100
40.940842 -65.823151 2600.656006
41.368324 -341.772034 2599.966797
-295.697113 190.123489 2591.346924
-295.696960 -85.826645 2591.346924
-295.701630 -361.776489 2591.320801
-114.409866 -9.634960 2577.572266
-4.280893 -213.621887 2561.830566
14.627943 -633.093384 2598.336914
46.562675 -1036.183960 2574.893799
-198.590683 -225.168472 2556.459473
-170.999146 -645.818298 2545.681152
-168.838547 -1051.224609 2540.353516
4.422173 -1.490082 -1.861572
-3.720009 -3.324463 1.378418
-134.727386 413.320618 2605.474854
-123.332626 201.812241 2595.315918
44.997803 210.888489 2601.286133
45.006882 -65.061707 2601.289307
45.391712 -341.010834 2600.669189
-291.663055 192.735992 2589.345703
-291.662903 -83.214142 2589.345703
-291.667603 -359.163971 2589.322021
-111.421364 -8.179700 2578.718750
-2.334312 -212.931992 2565.568115
13.440469 -633.304504 2594.863281
44.068779 -1036.891968 2571.555176
-196.685883 -223.411285 2558.675049
-173.512909 -644.129150 2539.997070
-168.502319 -1049.694458 2536.014648
4.023388 0.761200 0.702393
-2.493896 -0.708008 -3.338623
-131.055389 411.335266 2605.041748
-119.830605 200.039017 2595.552246
48.500633 209.102188 2601.811523
48.507706 -66.848007 2601.814209
48.854149 -342.797302 2601.256104
-288.161865 190.975861 2589.292969
-288.161713 -84.974274 2589.292969
-288.166412 -360.924103 2589.271729
-107.945396 -10.059945 2580.136719
1.113640 -214.926956 2568.334473
17.349064 -635.703613 2593.552490
46.008072 -1039.669800 2571.016846
-193.234024 -225.390869 2561.107910
-171.271484 -645.996704 2536.993408
-171.377808 -1051.120117 2549.888672
3.462437 -1.786469 0.586914
1.939293 -2.777832 -0.538330
-128.316025 413.352386 2605.349609
-115.988533 202.079025 2596.538330
52.006889 211.821121 2607.447998
52.012383 -64.129074 2607.449951
52.324219 -340.078613 2606.947754
-283.983948 192.336945 2585.628662
-283.983795 -83.613190 2585.628662
-283.988495 -359.563019 2585.609619
-102.807999 -7.949902 2581.125244
7.393244 -212.352585 2572.012695
21.915024 -633.141113 2599.470215
51.556339 -1036.609619 2569.779297
-186.648163 -223.605087 2559.411621
-166.408829 -644.351624 2534.805664
-166.329407 -1049.816162 2540.421387
3.470070 2.718689 5.691650
5.548267 3.060181 -1.237549
-124.075516 411.123108 2612.505615
-110.097069 200.667786 2599.511230
57.577450 211.375259 2613.868164
57.581692 -64.574936 2613.869873
57.862259 -340.524597 2613.417969
-277.771576 189.960312 2585.154297
-277.771423 -85.989822 2585.154297
-277.776123 -361.939636 2585.137207
-95.173210 -9.032256 2581.610840
16.552914 -212.550629 2571.999023
24.323158 -633.598145 2598.163574
53.186760 -1036.914551 2564.943848
-177.051620 -224.913971 2555.421875
-163.588882 -646.182739 2536.665527
-156.236679 -1051.147583 2524.683838
5.538040 -0.445984 6.470215
1.630421 -0.304932 -4.835449
-121.680527 412.651459 2616.069092
-106.963501 201.892944 2602.165039
60.659214 213.221436 2617.051270
60.662437 -62.728760 2617.052490
60.914879 -338.678528 2616.645752
-274.586212 190.564438 2587.278809
-274.586060 -85.385696 2587.278809
-274.590759 -361.335510 2587.263428
-91.157005 -7.704323 2583.684570
21.400288 -210.762848 2573.796387
22.189098 -632.009399 2597.650879
49.613518 -1035.664062 2566.937988
-172.101318 -223.840317 2556.611816
-166.881500 -645.129639 2534.907227
-159.860596 -1049.602905 2547.856934
3.052620 1.846069 3.227783
-3.573242 1.250488 1.994141
-118.687363 409.894104 2620.354004
-103.861458 199.530228 2604.174561
63.391167 210.910782 2622.572266
63.393551 -65.039413 2622.573242
63.620663 -340.989197 2622.207031
-271.114075 188.149658 2585.776855
-271.113922 -87.800476 2585.776855
-271.118622 -363.750305 2585.762939
-87.322006 -9.778019 2583.290039
25.784639 -212.515427 2573.027832
26.141596 -633.878296 2595.842285
45.851151 -1037.638916 2561.584961
-167.349731 -225.657089 2551.783203
-161.117676 -647.094360 2531.817383
-176.484451 -1051.355469 2538.433350
2.705784 -2.310669 5.561279
-3.762367 -1.974854 -5.353027
-117.978317 406.777649 2610.986328
-102.343826 196.868378 2601.157715
64.871246 208.711395 2619.852539
64.872971 -67.238800 2619.853271
65.077385 -343.188599 2619.523682
-269.558899 185.025360 2582.462891
-269.558746 -90.924774 2582.462891
-269.563446 -366.874603 2582.450439
-85.596619 -12.750376 2584.154541
27.670502 -215.533112 2577.942383
25.094193 -636.895691 2600.992920
38.382935 -1041.412720 2574.024170
-165.369324 -229.205170 2556.360352
-165.488678 -650.896545 2543.253906
-173.576080 -1055.916748 2544.152100
1.456722 -2.199402 -2.683350
-7.468216 -3.773804 12.439209
-113.577393 407.575562 2607.302490
-98.861328 196.684021 2600.120605
68.282196 208.547211 2619.545166
68.283417 -67.402985 2619.545898
68.467499 -343.352783 2619.249268
-266.004852 184.820816 2580.696045
-266.004700 -91.129318 2580.696045
-266.009399 -367.079163 2580.684814
-82.243271 -13.120886 2585.260742
30.861607 -216.077530 2581.614014
26.379467 -637.697083 2598.095459
40.804752 -1042.466431 2574.660400
-162.112030 -229.774048 2559.187744
-167.004807 -651.049011 2537.604980
-168.005356 -1056.053711 2550.583008
3.390114 -0.164185 -0.274414
2.421818 -1.053711 0.636230
-112.174149 407.168457 2606.458252
-98.085663 195.884537 2600.412842
68.977249 207.485321 2620.717773
68.978058 -68.464874 2620.718262
69.143951 -344.414673 2620.451416
-265.148560 184.283768 2580.107910
-265.148407 -91.666367 2580.107910
-265.153107 -367.616211 2580.097656
-81.771049 -13.998317 2586.093018
30.988085 -217.184113 2583.495117
22.137695 -638.696411 2601.247559
37.576759 -1042.595215 2567.289551
-161.900955 -230.578247 2560.051270
-171.250198 -651.742188 2536.582764
-170.886093 -1057.146606 2543.565186
0.676453 -1.061890 1.202148
-3.227993 -0.128784 -7.370850
-114.014587 410.094238 2614.041748
-99.388031 199.222809 2604.159668
67.699112 210.795151 2624.324463
67.699593 -65.155045 2624.324951
67.849167 -341.104858 2624.084717
-266.475189 187.650467 2583.994873
-266.475037 -88.299667 2583.994873
-266.479736 -364.249512 2583.985840
-82.789337 -10.407269 2586.925781
30.268068 -213.356689 2581.333008
19.648045 -635.014526 2593.643555
42.579769 -1039.252319 2572.401611
-162.649353 -226.718018 2558.050781
-172.764160 -647.956665 2535.187500
-168.568604 -1053.511230 2536.432861
-1.294785 3.309814 3.633301
5.003010 3.342896 5.112061
-112.207687 411.945374 2617.834229
-97.463203 201.278259 2606.379639
69.553917 212.344666 2627.388916
69.554115 -63.605530 2627.389160
69.688988 -339.555359 2627.173096
-264.480316 190.211853 2585.370361
-264.480164 -85.738281 2585.370361
-264.484863 -361.688110 2585.362061
-81.199234 -8.239227 2587.447266
31.486137 -211.367920 2580.643799
19.974510 -633.051758 2592.406982
46.204994 -1037.221924 2570.492676
-161.356659 -224.145508 2556.385986
-169.620911 -645.451904 2533.534424
-170.428574 -1051.095825 2536.791260
1.839821 1.549500 3.088379
3.625225 2.030396 -1.908936
-113.072441 411.148010 2611.225830
-98.354141 199.578079 2604.327637
68.649460 211.268036 2625.117432
68.649429 -64.682159 2625.117676
68.771126 -340.631989 2624.923096
-265.357727 187.888123 2583.537842
-265.357574 -88.062012 2583.537842
-265.362274 -364.011841 2583.530518
-81.718491 -10.163120 2588.629883
31.329788 -213.155609 2584.934326
15.496024 -634.729431 2595.317871
47.982231 -1038.693359 2578.047607
-161.495468 -226.653030 2560.929932
-171.236252 -648.082214 2541.033936
-171.792908 -1053.807495 2541.979248
-0.917862 -1.076630 -2.250000
1.777237 -1.471436 7.554932
-113.096672 411.531799 2616.423828
-98.719635 200.384048 2606.029785
68.268524 211.291382 2627.357178
68.268295 -64.658813 2627.357422
68.378151 -340.608673 2627.182373
-265.707794 189.476715 2584.702393
-265.707642 -86.473419 2584.702393
-265.712341 -362.423248 2584.695801
-82.759216 -9.252741 2588.276855
29.606100 -212.592560 2582.836670
11.194542 -634.137817 2588.728271
46.297657 -1038.019897 2572.958740
-163.203705 -225.186508 2558.211182
-168.938385 -646.409180 2533.590088
-184.090271 -1051.578003 2538.672363
-0.392975 0.023315 2.259277
-1.684574 0.673462 -5.088867
-113.283554 412.226013 2619.528564
-99.404236 201.739105 2607.198730
67.695801 212.207016 2627.863525
67.695442 -63.743179 2627.863770
67.794685 -339.693054 2627.706299
-266.504272 191.271194 2586.533936
-266.504120 -84.678940 2586.533936
-266.508820 -360.628784 2586.527832
-83.941055 -7.848422 2588.328125
27.990980 -211.392700 2581.387451
11.702045 -632.936035 2591.765625
39.684708 -1036.652710 2565.225342
-164.946732 -223.479202 2557.527588
-169.826584 -644.790955 2533.771484
-182.219650 -1050.183838 2540.273193
-0.583466 0.915619 0.523926
-6.612949 1.367188 -7.733398
-113.614548 409.331299 2621.077393
-100.355637 198.353165 2607.353027
66.673492 208.382019 2628.792480
66.673035 -67.568176 2628.792725
66.762711 -343.518036 2628.650879
-267.384766 188.324326 2585.913574
-267.384613 -87.625809 2585.913574
-267.389313 -363.575623 2585.908203
-85.275284 -11.216744 2587.897461
26.233391 -214.996857 2580.819092
12.864799 -636.706177 2588.790771
36.861805 -1040.780396 2562.146484
-166.623260 -226.576462 2556.064697
-171.275787 -648.118286 2536.982666
-179.377045 -1053.633057 2534.637695
-1.031975 -3.824982 0.944580
-2.822903 -4.127686 -3.078857
-113.495262 407.391724 2620.352783
-101.400742 196.050034 2606.653564
65.756699 204.936325 2627.571289
65.756142 -71.013870 2627.571289
65.837265 -346.963745 2627.443604
-268.558197 187.163757 2585.735840
-268.558044 -88.786377 2585.735840
-268.562744 -364.736206 2585.730957
-87.878777 -13.670038 2587.690430
22.146856 -218.259857 2580.803467
6.409285 -639.806274 2577.258057
37.496964 -1043.052979 2581.840576
-170.860489 -228.520370 2556.651123
-174.721878 -649.917786 2534.310059
-179.843353 -1055.377197 2542.137451
-0.925446 -3.445709 -1.207275
0.635159 -2.272583 19.694092
-113.021637 404.976196 2620.992188
-101.647568 193.684402 2606.818604
65.569839 201.993149 2627.511963
65.569244 -73.957047 2627.511963
65.642654 -349.906921 2627.397217
-268.864990 185.375656 2586.125244
-268.864838 -90.574478 2586.125244
-268.869537 -366.524292 2586.120850
-88.802231 -16.023518 2587.220215
20.578657 -220.934753 2579.568115
6.560678 -642.639038 2577.823242
45.121887 -1045.849121 2581.908936
-172.492447 -230.528122 2555.675537
-173.056976 -652.088379 2536.425049
-177.171204 -1057.687866 2536.929688
-0.194611 -2.943176 -0.046387
7.624924 -2.796143 0.068359
-112.308540 406.426666 2611.806885
-102.717804 194.314117 2604.120361
64.625870 202.482651 2623.818848
64.625214 -73.467545 2623.818848
64.691711 -349.417419 2623.715576
-270.061493 186.145584 2584.421875
-270.061340 -89.804550 2584.421875
-270.066040 -365.754395 2584.417969
-90.609253 -15.727936 2588.354980
18.109509 -221.054169 2583.961914
6.005783 -642.865356 2582.869385
47.119404 -1046.196045 2585.487793
-175.110916 -230.485809 2561.217285
-175.198242 -652.176941 2544.794922
-176.794998 -1057.765259 2538.199707
-0.950943 0.489502 -3.681641
1.997517 -0.346924 3.578857
