-113.768875 407.236938 2616.965332
-118.054375 196.071213 2605.449951
50.402321 191.571533 2612.887939
110.407043 -67.449188 2607.728516
107.419701 -325.832397 2510.920410
-286.511078 200.570908 2598.011963
-286.510925 -75.379227 2598.011963
-286.515625 -351.329041 2598.011963
-122.875305 -14.084909 2587.499268
-30.435089 -226.839005 2573.843018
-16.394894 -648.231445 2589.087646
-5.088771 -1051.598022 2550.875000
-224.957367 -221.643066 2565.254150
-189.770889 -641.713013 2546.284424
-180.725143 -1046.791260 2528.918457
-0.428268 -3.371185 1.064453
-2.513135 0.894653 -5.137451
-117.402695 408.035095 2618.801270
-121.695221 197.391815 2606.283691
46.755733 192.435364 2613.789795
110.549805 -65.799103 2609.664795
105.655655 -324.965149 2515.085205
-290.146179 202.348282 2598.777588
-290.146027 -73.601852 2598.777588
-290.150726 -349.551697 2598.777588
-127.063744 -12.744087 2588.005859
-35.189037 -225.741257 2574.061035
-12.784630 -646.009155 2600.990723
-2.233943 -1046.555664 2541.888184
-229.675491 -220.018738 2565.395020
-191.311859 -639.698364 2543.769287
-172.440506 -1044.598877 2531.312988
-1.764046 0.867249 4.164795
2.854828 5.042358 -8.986816
-120.107994 407.105896 2621.221680
-123.639313 196.479965 2607.466797
44.834412 191.916367 2614.825439
108.655861 -67.033340 2607.040283
105.179619 -327.547119 2516.239746
-292.113068 201.043564 2600.108154
-292.112915 -74.906570 2600.108154
-292.117615 -350.856384 2600.108154
-128.504776 -13.622696 2588.560791
-36.111031 -226.359909 2573.902832
-7.671091 -646.154724 2603.947021
-4.769145 -1045.399170 2534.708252
-230.629440 -221.090805 2565.406738
-186.547165 -640.127197 2542.490234
-170.331482 -1045.343628 2533.084961
-0.476036 -2.581970 1.154541
-2.535202 1.156494 -7.179932
-121.754784 409.928162 2612.416504
-124.694153 198.774109 2605.564209
43.781033 194.700165 2613.218994
105.724091 -70.033783 2604.373291
103.978905 -331.791565 2517.204102
-293.169342 202.848053 2597.909424
-293.169189 -73.102081 2597.909424
-293.173889 -349.051910 2597.909424
-129.111328 -11.635332 2590.800537
-36.266697 -224.396683 2580.456055
-8.910191 -644.665894 2605.520264
0.739289 -1046.164795 2552.223633
-230.790314 -219.692856 2571.617676
-187.340042 -638.950500 2551.175537
-174.816528 -1043.831787 2531.099609
-1.200714 -4.244446 0.964355
5.508434 -0.765625 17.515381
-123.365654 410.516602 2607.513916
-126.208191 199.316513 2604.173340
42.269810 195.630646 2611.993652
106.285385 -67.208313 2608.528564
104.167557 -327.476257 2517.048096
-294.686188 203.002380 2596.353027
-294.686035 -72.947754 2596.353027
-294.690735 -348.897583 2596.353027
-130.258026 -11.280972 2592.163330
-37.044079 -224.006348 2584.668213
-9.176596 -644.622803 2602.276611
-1.857131 -1046.136475 2546.340576
-231.571655 -219.750580 2575.638428
-187.365356 -638.554199 2548.978271
-177.777710 -1043.846924 2535.746582
0.188652 4.315308 -0.156006
-2.596420 0.028320 -5.883057
-125.570862 409.460999 2607.567871
-127.836380 197.444672 2604.120117
40.581211 194.495895 2613.308350
101.401161 -66.091110 2607.965088
105.796898 -327.186951 2519.139893
-296.253967 200.393463 2594.931885
-296.253815 -75.556671 2594.931885
-296.258514 -351.506500 2594.931885
-130.889542 -13.208749 2592.479004
-36.709560 -225.564606 2586.142578
-6.795448 -646.286438 2595.628174
-5.513705 -1048.151733 2540.829102
-231.175842 -222.159744 2575.533203
-188.457184 -640.552917 2541.531250
-176.841660 -1045.791382 2543.868408
1.629341 0.289307 2.091797
-3.656574 -2.015259 -5.511475
-128.660553 412.477173 2614.092041
-129.820297 200.608871 2607.582031
38.661789 198.407211 2615.725830
95.982254 -64.014420 2606.031982
104.034729 -326.687622 2522.303223
-298.302368 202.810532 2599.438232
-298.302216 -73.139603 2599.438232
-298.306915 -349.089417 2599.438232
-131.857880 -9.849030 2592.839355
-36.628075 -221.577988 2582.798096
-12.540644 -642.533020 2577.719482
1.533988 -1045.864258 2545.361572
-231.162857 -219.035873 2573.395264
-189.448761 -637.952881 2544.872803
-182.914993 -1043.232910 2536.126709
-1.762169 0.499329 3.163330
7.047693 2.287476 4.532471
-129.712006 415.153168 2617.362793
-131.265198 204.224884 2609.780273
37.230862 202.403442 2617.812988
89.819565 -56.812347 2607.295410
105.586639 -318.927368 2523.048340
-299.761261 206.046341 2601.747559
-299.761108 -69.903793 2601.747559
-299.765808 -345.853638 2601.747559
-132.784912 -6.173549 2593.949219
-37.031918 -217.623505 2582.755371
-14.784737 -638.796631 2585.957275
-0.283209 -1042.159424 2548.975586
-231.577332 -215.520462 2573.480957
-194.131683 -634.852783 2544.814453
-181.843658 -1040.157104 2536.438232
1.551910 7.760254 0.745117
-1.817197 3.704834 3.614014
-134.046906 413.743256 2618.994873
-134.455124 203.391113 2610.265869
33.968208 202.245804 2619.721191
83.712860 -52.216995 2607.389160
103.207458 -315.299988 2526.904541
-302.878418 204.536438 2600.810547
-302.878265 -71.413696 2600.810547
-302.882965 -347.363525 2600.810547
-134.969269 -6.982556 2593.941895
-38.247559 -218.017456 2583.076904
-18.697605 -639.456299 2584.429443
2.626539 -1042.524048 2545.549072
-232.719284 -216.695007 2572.158936
-193.247437 -636.252686 2551.135254
-186.402374 -1041.230957 2531.653809
-2.379181 3.627380 3.856201
2.909748 -0.364624 -3.426514
-136.361786 411.632568 2610.804199
-136.328857 200.323441 2607.393799
32.114109 199.814789 2616.614990
78.839661 -54.610916 2607.231445
102.412453 -315.200745 2520.164795
-304.771820 200.832108 2598.172607
-304.771667 -75.118027 2598.172607
-304.776367 -351.067871 2598.172607
-136.289398 -10.290752 2595.055176
-39.007557 -221.198593 2588.040039
-21.229790 -642.729553 2583.803711
0.163445 -1046.810425 2558.907227
-233.492325 -220.611298 2577.393066
-193.627243 -640.280884 2558.490234
-186.181793 -1045.185059 2535.250488
-0.795006 0.099243 -6.739746
-2.463095 -4.286377 13.358154
-139.979355 409.410187 2606.704834
-140.203720 196.858368 2605.491943
28.262745 196.742310 2614.330811
76.308426 -58.792358 2606.529297
94.841362 -318.441498 2515.466064
-308.670166 196.974411 2596.653076
-308.670013 -78.975723 2596.653076
-308.674713 -354.925537 2596.653076
-139.792328 -13.864979 2594.884277
-42.124271 -224.655319 2589.379395
-26.658468 -646.008423 2575.457031
-4.132723 -1050.165527 2549.625244
-236.637604 -224.521332 2579.173828
-199.187347 -644.318481 2557.947266
-186.723572 -1048.938232 2531.427246
-7.571091 -3.240753 -4.698730
-4.296167 -3.355103 -9.281982
-143.064651 409.161530 2613.666504
-143.262589 197.060654 2608.250244
25.297304 196.508255 2614.641357
75.490021 -62.368515 2607.450928
91.604965 -321.717529 2514.870117
-311.822449 197.613052 2601.859131
-311.822296 -78.337082 2601.859131
-311.826996 -354.286926 2601.859131
-143.436584 -13.483369 2594.641602
-46.289249 -224.346329 2584.722900
-30.043068 -645.562927 2566.354736
-7.951401 -1049.911377 2541.615234
-240.931915 -223.708450 2577.343018
-202.014191 -643.306946 2554.567627
-184.483383 -1047.914185 2530.429443
-3.236397 -3.276031 -0.595947
-3.818678 0.254150 -8.010010
-142.368423 409.050232 2617.148193
-144.677414 197.152695 2609.509521
23.908184 195.790329 2615.250732
76.063812 -59.576477 2608.846191
86.541428 -318.931366 2515.500000
-313.263031 198.515060 2603.768311
-313.262878 -77.435074 2603.768311
-313.267578 -353.384888 2603.768311
-145.850067 -13.265377 2594.011963
-49.699947 -224.469940 2581.828613
-31.275475 -645.513550 2560.788086
-6.036596 -1050.074707 2545.529297
-244.345490 -222.896973 2575.200195
-200.290009 -641.677979 2547.957764
-186.995316 -1046.833984 2536.668213
-5.063538 2.786163 0.629883
1.914804 -0.163330 3.914062
-145.138168 411.010040 2616.389648
-148.481064 199.232544 2609.612305
20.151617 197.243973 2612.925537
76.011368 -60.502853 2611.128418
78.767754 -317.974976 2512.498779
-317.113708 201.221100 2606.299072
-317.113556 -74.729034 2606.299072
-317.118256 -350.678864 2606.299072
-150.669891 -11.231177 2594.699219
-55.497906 -222.843002 2581.698975
-36.128460 -643.629456 2556.504150
-6.840015 -1048.104614 2551.991943
-250.219528 -220.546783 2577.873291
-203.409592 -639.416382 2558.416748
-189.450653 -1044.046021 2535.686035
-7.773674 0.956390 -3.001221
-0.803419 1.970093 6.462646
-147.456665 411.403961 2618.011719
-151.993622 199.700333 2610.802002
16.651146 196.761444 2612.252441
74.863297 -62.284088 2611.027100
74.113251 -319.999542 2512.754150
-320.638397 202.639221 2609.351562
-320.638245 -73.310913 2609.351562
-320.642944 -349.260742 2609.351562
-155.525513 -10.695292 2595.155762
-61.696289 -222.787582 2580.346924
-39.537056 -643.050110 2549.611816
-5.538651 -1047.168457 2541.041748
-256.418518 -219.394257 2578.672119
-200.450638 -636.651855 2552.238037
-192.295425 -1041.850586 2538.241455
-4.654503 -2.024567 0.255371
1.301365 0.936157 -10.950195
-153.699585 413.957520 2620.812500
-157.033325 203.027603 2612.822998
11.631957 200.895035 2612.570801
75.586372 -61.592148 2617.570801
69.638496 -316.103363 2511.713379
-325.698608 205.160172 2613.075195
-325.698456 -70.789963 2613.075195
-325.703156 -346.739807 2613.075195
-159.717468 -7.336836 2596.540283
-65.030197 -218.932419 2580.112061
-39.572388 -638.012390 2538.987061
-2.764904 -1041.888794 2541.602783
-259.773010 -216.470139 2580.403076
-201.421417 -633.027283 2547.864502
-186.315475 -1038.229126 2541.822021
-4.474754 3.896179 -1.040771
2.773746 5.279663 0.561035
-154.572845 410.865051 2620.711670
-157.967133 200.193954 2613.206787
10.705736 198.151093 2612.139404
67.847870 -60.134308 2608.255859
68.910583 -317.358887 2509.187256
-326.640015 202.236801 2614.274170
-326.639862 -73.713333 2614.274170
-326.644562 -349.663147 2614.274170
-160.616730 -10.194064 2597.162109
-65.894745 -221.761383 2580.501221
-44.108196 -639.613525 2527.478027
-2.026768 -1042.401978 2545.180664
-260.637909 -219.402771 2581.733643
-194.164185 -633.948730 2541.126221
-197.258179 -1039.148682 2541.346436
-0.727913 -1.255524 -2.526123
0.738136 -0.513184 3.577881
-156.779037 409.746399 2622.168457
-160.340851 198.367401 2613.869141
8.333832 196.288956 2612.308594
64.685944 -64.830765 2602.734375
70.324280 -323.674744 2507.915039
-329.015533 200.445847 2615.429688
-329.015381 -75.504288 2615.429688
-329.020081 -351.454102 2615.429688
-163.082947 -12.011003 2597.681641
-68.450356 -223.589279 2580.593262
-48.263969 -637.667175 2505.541992
-11.515842 -1038.602783 2547.661621
-263.199738 -221.189529 2582.395020
-193.874069 -634.775696 2536.358154
-201.231262 -1040.042236 2544.388428
1.413696 -6.315857 -1.272217
-9.489075 3.799194 2.480957
-159.125336 411.125000 2630.397217
-162.928741 200.637573 2617.746826
5.753778 198.630722 2616.695557
65.968895 -67.521072 2606.305176
69.825050 -323.866699 2504.799316
-331.611267 202.644424 2618.798096
-331.611115 -73.305710 2618.798096
-331.615814 -349.255554 2618.798096
-165.549469 -9.438219 2598.265625
-70.789200 -220.672577 2578.177490
-53.540710 -626.344360 2469.775146
-8.516903 -1021.526367 2541.296875
-265.551178 -218.355438 2579.391357
-195.110748 -631.648926 2531.729980
-197.201004 -1037.178833 2534.919434
-0.499229 -0.191956 -3.115723
2.998940 17.076416 -6.364746
-163.720352 410.429749 2625.505371
-166.168289 199.477798 2617.091309
2.523543 198.186234 2616.481689
62.091454 -62.057877 2601.935791
70.854431 -320.647522 2506.664795
-334.860138 200.769363 2617.700928
-334.859985 -75.180771 2617.700928
-334.864685 -351.130615 2617.700928
-167.838654 -10.845308 2600.469727
-72.121010 -221.914047 2583.496338
-58.128799 -620.862122 2451.571777
-11.741344 -1015.010498 2531.665283
-266.897003 -220.422775 2584.199951
-191.054260 -632.813782 2536.941895
-200.319092 -1038.300537 2541.098633
1.029381 3.219177 1.865479
-3.224442 6.515869 -9.631592
-167.240097 407.357239 2624.059326
-169.044159 195.917282 2616.984375
-0.352633 194.776764 2617.507568
60.021713 -61.713074 2603.572510
71.230026 -318.300140 2503.143066
-337.735718 197.057800 2616.461182
-337.735565 -78.892334 2616.461182
-337.740265 -354.842163 2616.461182
-170.418747 -14.507767 2601.480225
-74.404434 -225.591248 2586.278076
-63.953777 -604.972778 2410.083984
-19.688614 -996.105042 2505.517334
-269.182220 -224.274384 2585.674072
-190.597656 -635.197021 2531.012695
-203.105408 -1040.680908 2535.201904
0.375595 2.347382 -3.521729
-7.947269 18.905457 -26.147949
-166.873764 413.418671 2623.844727
-172.088440 184.752075 2621.190186
-3.424586 184.036545 2623.807617
57.483288 -62.153427 2606.988281
70.641792 -317.201416 2502.797852
-340.752289 185.467590 2618.572754
-340.752136 -90.482544 2618.572754
-340.756836 -366.432373 2618.572754
-172.595673 -24.624592 2596.638184
-75.724876 -234.414368 2573.597412
-64.728928 -596.073853 2363.339844
-22.360325 -990.295898 2447.064941
-270.480927 -233.588150 2570.574951
-187.217133 -642.620361 2509.257324
-205.548523 -1047.556641 2523.263428
-0.588234 1.098724 -0.345215
-2.671711 5.809143 -58.452393
-171.594101 409.243805 2633.226562
-174.913300 190.620132 2623.868652
-6.241074 189.642120 2626.379883
55.385105 -70.977905 2603.002930
70.992271 -326.557159 2500.336426
-343.585541 191.598145 2621.357422
-343.585388 -84.351990 2621.357422
-343.590088 -360.301819 2621.357422
-175.788223 -19.041838 2600.981934
-79.291031 -229.268402 2579.544922
-75.319725 -548.452332 2340.947266
-22.580917 -943.840210 2412.149658
-274.035248 -228.139221 2576.645508
-197.964264 -639.809387 2525.229492
-200.417648 -1044.805786 2542.597168
0.350479 -9.355743 -2.461426
-0.220592 46.455688 -34.915283
-172.452744 410.467224 2636.921387
-176.918701 195.426331 2626.558594
-8.248579 193.363861 2628.465332
50.687752 -67.621124 2605.482422
73.399239 -323.181091 2504.252930
-345.588806 197.488800 2624.651855
-345.588654 -78.461334 2624.651855
-345.593353 -354.411163 2624.651855
-179.238846 -14.396456 2604.839355
-84.183281 -225.409927 2584.220947
-71.782150 -542.363831 2324.713623
-23.748535 -931.557007 2296.840820
-278.934723 -223.028549 2582.019287
-209.808594 -633.913269 2517.353516
-190.547745 -1037.864990 2538.959473
2.406967 3.376068 3.916504
-1.167618 12.283203 -115.308838
-172.362656 414.922791 2628.768555
-177.782288 200.090469 2625.048096
-9.119732 197.408920 2627.126953
47.206028 -62.780746 2615.221924
74.084564 -315.472504 2508.098633
-346.444824 202.772018 2622.969238
-346.444672 -73.178116 2622.969238
-346.449371 -349.127930 2622.969238
-180.926697 -10.181334 2608.928711
-86.701736 -222.001205 2594.009521
-65.164963 -526.009338 2312.218994
-20.835999 -891.218262 2190.351562
-281.440491 -218.905075 2591.609131
-209.763992 -626.521057 2511.546387
-184.755173 -1029.381592 2546.413818
0.685326 7.708588 3.845703
2.912537 40.338745 -106.489258
-174.801743 412.358643 2634.191895
-181.670181 198.365143 2627.526367
-13.052046 194.116394 2630.112549
45.185265 -58.466278 2621.672363
76.423729 -310.544373 2514.150391
-350.288300 202.613907 2624.940186
-350.288147 -73.336227 2624.940186
-350.292847 -349.286072 2624.940186
-186.699280 -11.810432 2610.131348
-94.379807 -224.438965 2594.229492
-60.452873 -507.303284 2289.416504
-35.796078 -809.491577 2064.581299
-289.076965 -219.533066 2591.243164
-209.898865 -622.477783 2496.476318
-190.671280 -1025.163208 2538.837646
2.339165 4.928131 6.051758
-14.960079 81.726685 -125.770264
-175.604889 407.956787 2636.908203
-183.465759 194.790466 2628.654297
-14.875977 189.534637 2631.386719
45.277901 -58.781998 2627.127441
75.960953 -312.529358 2523.358398
-352.055542 200.046280 2625.921875
-352.055389 -75.903854 2625.921875
-352.060089 -351.853699 2625.921875
-189.719696 -15.307348 2610.398926
-98.645798 -228.439362 2593.720947
-60.592720 -469.562073 2256.526123
-29.826269 -727.027954 1984.176636
-293.301483 -222.370941 2590.566162
-206.509064 -623.146240 2492.390137
-185.861740 -1025.459229 2539.250488
-0.462776 -1.984985 9.208008
5.969809 82.463623 -80.404663
-175.508713 405.311829 2630.260010
-184.494675 192.383926 2626.418213
-15.935162 186.338654 2629.487793
43.674717 -66.317078 2625.564453
78.804184 -321.150757 2526.016602
-353.054169 198.429184 2623.348633
-353.054016 -77.520950 2623.348633
-353.058716 -353.470764 2623.348633
-191.770660 -17.947315 2611.735352
-101.736092 -231.768524 2598.824463
-56.573441 -427.767517 2234.892090
-26.380299 -644.345276 1918.944092
-296.357208 -224.788574 2595.280518
-202.205231 -623.092346 2493.440430
-184.840378 -1024.998291 2545.512207
2.843231 -8.621399 2.658203
3.445971 82.682678 -65.232544
-177.255707 401.073425 2625.934326
-186.161072 188.525696 2624.272949
-17.632217 181.929489 2627.912842
41.279930 -72.610764 2624.702148
81.659943 -328.604584 2530.380127
-354.689911 195.121887 2620.633057
-354.689758 -80.828247 2620.633057
-354.694458 -356.778076 2620.633057
-194.123505 -21.924730 2611.560547
-104.792709 -236.183197 2600.949463
-55.914864 -374.221283 2213.471436
-24.698593 -565.925049 1860.045166
-299.379181 -228.567108 2596.746826
-199.011505 -623.903198 2489.245117
-185.207092 -1026.052979 2541.045654
2.855759 -7.453827 4.363525
1.681705 78.420227 -58.898926
-177.907379 398.971954 2623.271240
-186.863953 186.097900 2623.228516
-18.331347 179.315445 2626.407227
40.794014 -76.860855 2626.273438
82.734032 -334.267456 2536.483887
-355.396576 192.880356 2620.049805
-355.396423 -83.069778 2620.049805
-355.401123 -359.019592 2620.049805
-195.127655 -24.443924 2612.127930
-106.096230 -238.901306 2602.862305
-59.755554 -317.330292 2199.453613
-25.622456 -471.475800 1819.876831
-300.686493 -231.070190 2599.192383
-195.867477 -625.944214 2493.919189
-183.227707 -1029.033569 2537.916748
1.074089 -5.662872 6.103760
-0.923862 94.449249 -40.168335
-178.004379 395.035828 2623.450684
-185.809311 182.358566 2622.375732
-17.257128 175.864777 2625.139404
41.078102 -77.969406 2628.822510
85.255211 -336.212219 2542.478271
-354.361511 188.852356 2619.612061
-354.361359 -87.097778 2619.612061
-354.366058 -363.047607 2619.612061
-193.725815 -28.166302 2610.522705
-104.335350 -242.440109 2600.265137
-81.176407 -227.229721 2195.736084
-23.402481 -395.917175 1787.888916
-298.949280 -234.942230 2597.074219
-191.733963 -627.366150 2485.225098
-180.620163 -1029.718994 2535.918457
2.521179 -1.944763 5.994385
2.219975 75.558624 -31.987915
-178.323059 393.607178 2622.032227
-185.923813 180.851303 2620.977295
-17.356682 174.710175 2623.685791
41.378452 -79.064316 2627.327881
82.747498 -339.643860 2546.951904
-354.490936 186.992432 2618.268799
-354.490784 -88.957703 2618.268799
-354.495483 -364.907532 2618.268799
-193.404800 -29.698900 2609.175537
-103.570152 -243.794434 2598.937500
-95.013260 -161.656662 2200.367920
-25.812637 -322.042480 1772.407593
-298.201416 -236.703766 2595.810059
-192.497040 -629.967834 2485.240234
-180.944153 -1032.086670 2538.091309
-2.507713 -3.431641 4.473633
-2.410156 73.874695 -15.481323
-177.780930 392.652832 2621.318359
-185.259842 179.751266 2619.584473
-16.702829 173.295624 2622.221436
42.528625 -79.910446 2626.042725
81.891037 -341.528625 2547.892822
-353.816864 186.206894 2616.947510
-353.816711 -89.743240 2616.947510
-353.821411 -365.693054 2616.947510
-193.141281 -30.795673 2607.927246
-103.712746 -245.069519 2597.792236
-103.386307 -117.400902 2207.235840
-28.411049 -260.610504 1765.223389
-298.332703 -237.615692 2594.747803
-193.363373 -631.929810 2487.162354
-181.170853 -1034.792847 2533.695557
-0.856461 -1.884766 0.940918
-2.598412 61.431976 -7.184204
-176.351379 391.274353 2621.987061
-183.966019 178.953323 2619.083252
-15.408112 172.480927 2621.652344
47.487709 -80.648239 2623.044434
81.032364 -344.882141 2551.678223
-352.523926 185.425735 2616.514160
-352.523773 -90.524399 2616.514160
-352.528473 -366.474243 2616.514160
-191.862579 -31.560055 2606.823242
-102.448631 -245.810028 2596.046387
-106.803215 -88.019943 2213.013184
-28.388664 -216.416168 1762.442871
-297.069641 -238.336838 2593.080078
-191.748291 -632.551697 2485.377686
-179.941055 -1035.171875 2534.348633
-0.858673 -3.353516 3.785400
0.022385 44.194336 -2.780518
-174.786804 393.948853 2612.299561
-182.807800 181.764008 2615.956543
-14.299332 175.130661 2620.235352
52.934021 -82.882767 2623.775879
81.256424 -347.214783 2550.371582
-351.316254 188.397354 2611.677734
-351.316101 -87.552780 2611.677734
-351.320801 -363.502625 2611.677734
-190.906036 -28.910202 2608.279053
-101.717148 -243.414124 2603.072021
-109.444168 -72.407852 2222.916260
-30.095436 -197.941193 1769.099609
-296.291412 -235.754700 2598.131104
-188.595306 -630.797119 2496.087158
-184.074463 -1034.433228 2535.820801
0.224060 -2.332642 -1.306641
-1.706772 18.474976 6.656738
-174.199310 394.835114 2615.963379
-182.523422 182.434052 2616.748047
-14.025687 175.374512 2620.919434
52.484009 -78.826813 2624.650879
79.717026 -343.117462 2550.407715
-351.021179 189.493591 2612.576660
-351.021027 -86.456543 2612.576660
-351.025726 -362.406372 2612.576660
-191.112488 -28.165302 2607.280029
-102.427727 -242.840118 2600.220215
-108.927742 -85.012177 2213.007324
-31.596230 -214.606659 1758.687622
-296.975342 -234.689178 2595.403809
-191.906036 -628.119385 2485.003418
-183.375793 -1031.389282 2528.281738
-1.539398 4.097321 0.036133
-1.500793 -16.665466 -10.411987
-172.674820 399.228241 2619.795410
-181.139252 186.285736 2618.326904
-12.651741 179.118866 2622.807861
52.595932 -78.040314 2625.976807
83.166687 -341.576874 2550.306396
-349.626770 193.452591 2613.845947
-349.626617 -82.497543 2613.845947
-349.631317 -358.447388 2613.845947
-189.799103 -24.241554 2607.226807
-101.190109 -238.906311 2598.713623
-109.168892 -89.662842 2207.290283
-29.710724 -247.656998 1762.759277
-295.727814 -230.631363 2593.539795
-191.021255 -625.063477 2486.226074
-180.794495 -1027.842651 2533.859131
3.449661 1.540588 -0.101318
1.885506 -33.050339 4.071655
-171.310486 398.508057 2612.703369
-180.312454 186.114319 2616.029541
-11.851467 178.799088 2621.210205
52.305126 -73.453796 2629.591553
81.687798 -334.780640 2546.446777
-348.773407 193.429565 2610.848877
-348.773254 -82.520569 2610.848877
-348.777954 -358.470398 2610.848877
-189.227264 -24.540844 2608.464355
-100.887207 -239.419189 2603.890137
-109.601280 -109.557495 2205.629395
-28.173180 -307.807434 1779.305054
-295.396942 -230.972824 2597.908203
-192.871887 -627.264709 2495.452393
-180.848846 -1030.666016 2536.981934
-1.478889 6.796234 -3.859619
1.537544 -60.150436 16.545776
-171.661713 397.867889 2616.163086
-180.917007 185.554443 2617.343018
-12.420661 178.191147 2620.735840
52.510521 -73.000061 2631.840332
80.985199 -332.411713 2542.612549
-349.413391 192.917755 2613.950195
-349.413239 -83.032379 2613.950195
-349.417938 -358.982208 2613.950195
-189.930817 -25.036003 2607.956543
-101.664757 -239.877594 2600.528809
-84.010864 -201.614349 2193.230225
-27.007828 -396.109619 1790.705078
-296.224487 -231.375320 2596.611328
-194.376099 -626.849915 2490.318359
-181.989059 -1030.166138 2533.009766
-0.702599 2.368927 -3.834229
1.165352 -88.302185 11.400024
-169.620483 399.856201 2609.386963
-180.012878 187.255035 2615.106201
-11.538690 179.408081 2618.736084
52.589958 -73.321594 2631.085449
78.967422 -333.137512 2542.187256
-348.487061 195.101974 2611.476318
-348.486908 -80.848160 2611.476318
-348.491608 -356.797974 2611.476318
-189.692657 -23.413700 2608.960449
-102.112648 -238.612457 2604.910400
-68.710243 -279.366974 2200.414551
-25.049164 -478.065460 1827.911133
-296.632233 -229.552414 2600.718994
-194.830444 -627.838806 2506.084229
-180.484009 -1032.182983 2532.128662
-2.017776 -0.725800 -0.425293
1.958664 -81.955841 37.206055
-165.788116 402.056396 2607.995605
-176.803604 189.011292 2615.097656
-8.357845 180.838348 2619.353516
52.371216 -71.759109 2629.051025
76.701736 -331.918823 2540.471680
-345.249359 197.184219 2610.841797
-345.249207 -78.765915 2610.841797
-345.253906 -354.715759 2610.841797
-186.900299 -21.684879 2610.102539
-99.751938 -237.099350 2607.564209
-57.312977 -343.037811 2214.144775
-20.443092 -563.153503 1880.919922
-294.242065 -227.662750 2602.650635
-182.786957 -623.834412 2510.136963
-186.154907 -1028.551025 2529.064209
-2.265686 1.218689 -1.715576
4.606071 -85.088043 53.008789
-164.636795 401.672699 2614.309814
-175.172821 189.195984 2616.886230
-6.727870 180.888382 2620.996582
52.169979 -70.831085 2628.247314
75.569542 -330.922028 2539.146729
-343.617767 197.503571 2612.775879
-343.617615 -78.446564 2612.775879
-343.622314 -354.396393 2612.775879
-185.358612 -21.383535 2608.696533
-98.300102 -236.759079 2602.879639
-53.637268 -382.129089 2217.908936
-18.355263 -677.128845 1969.547607
-292.788696 -227.167023 2598.134033
-181.671356 -623.594604 2505.809326
-188.450363 -1028.635498 2523.274170
-1.132195 0.996796 -1.324951
2.087830 -113.975342 88.627686
-162.143402 405.170166 2617.471924
-173.666946 193.384689 2618.440186
-5.246795 184.692139 2622.789062
52.200741 -71.060928 2626.196533
74.838989 -330.743408 2535.692871
-342.087097 202.077255 2614.091309
-342.086945 -73.872879 2614.091309
-342.091644 -349.822693 2614.091309
-184.305222 -17.162245 2609.589844
-97.712585 -232.727493 2603.250244
-50.487785 -431.021088 2243.037354
-13.395023 -767.338684 2047.164673
-292.174408 -222.690872 2598.228760
-188.565918 -621.919617 2509.475830
-183.318558 -1026.864258 2529.165283
-0.730553 0.178619 -3.453857
4.960239 -90.209839 77.617065
-161.605957 408.378174 2628.550293
-172.307236 198.304810 2622.101562
-3.927433 190.079010 2628.215088
51.504063 -67.552185 2626.359131
76.484161 -326.849121 2535.371826
-340.687073 206.530594 2615.988037
-340.686920 -69.419540 2615.988037
-340.691620 -345.369385 2615.988037
-182.056824 -11.919254 2607.768555
-94.593277 -226.892426 2596.965088
-42.226166 -465.460449 2261.087646
-9.194458 -834.988770 2142.885742
-289.019531 -217.394196 2589.906006
-188.345764 -618.239624 2504.939697
-181.892914 -1023.568604 2516.966553
1.645172 3.894287 -0.321045
4.200565 -67.650085 95.721069
-158.646820 406.229706 2615.082520
-170.087524 195.177704 2615.922607
-1.742128 186.620483 2622.614990
49.996643 -64.212540 2626.213623
77.357880 -323.692871 2536.452148
-338.432922 203.734924 2609.230225
-338.432770 -72.215210 2609.230225
-338.437469 -348.165039 2609.230225
-180.408966 -15.278944 2606.455566
-93.544678 -230.675674 2600.852051
-43.792091 -511.844055 2299.618164
-6.929001 -898.103088 2253.007812
-287.916138 -220.795517 2593.125000
-182.731964 -622.769653 2520.666992
-189.559509 -1028.083740 2525.184570
0.873718 3.156250 1.080322
2.265457 -63.114319 110.122070
-158.936157 409.883057 2617.854492
-168.776123 199.356018 2615.343262
-0.413186 191.162796 2622.123291
52.475399 -69.829697 2626.485107
80.783157 -329.169189 2536.580322
-337.139038 207.549240 2608.563232
-337.138885 -68.400894 2608.563232
-337.143585 -344.350708 2608.563232
-178.547134 -11.055891 2603.710449
-91.121635 -226.197784 2595.991699
-39.420231 -532.937134 2318.085449
-1.564812 -923.054565 2339.375488
-285.514679 -216.737823 2588.163574
-183.351974 -619.196533 2513.441895
-188.048050 -1024.574341 2524.238770
3.425278 -5.476318 0.128174
5.364189 -24.951477 86.367676
-155.878647 410.643799 2609.735352
-166.433517 199.208054 2610.313232
1.960726 190.725464 2615.724854
58.815285 -68.666229 2628.872803
78.935638 -328.541809 2538.666016
-334.827759 207.690659 2604.901611
-334.827606 -68.259476 2604.901611
-334.832306 -344.209290 2604.901611
-176.741562 -11.313500 2601.082520
-89.831085 -226.732300 2594.976074
-37.088310 -563.725159 2355.578613
-2.495071 -954.666321 2416.769531
-284.268127 -216.937820 2588.727539
-185.371201 -621.064758 2518.564941
-188.488388 -1026.607666 2528.428223
-1.847519 0.627380 2.085693
-0.930260 -31.611755 77.394043
-151.841599 411.101318 2599.181641
-163.374359 198.988800 2604.075439
5.039523 189.989288 2606.736572
64.855034 -69.483948 2629.757080
78.293953 -328.953369 2537.248291
-331.788239 207.988281 2601.414307
-331.788086 -67.961853 2601.414307
-331.792786 -343.911682 2601.414307
-174.528717 -11.598900 2597.826172
-88.444267 -227.382721 2593.113525
-31.866398 -590.737183 2398.264160
0.154171 -982.830322 2476.744873
-282.921875 -216.990463 2590.040283
-186.734009 -623.517151 2531.722656
-188.027252 -1028.865234 2525.126953
-0.641685 -0.411560 -1.417725
2.649242 -28.164001 59.975342
-148.301727 411.309509 2600.906006
-160.755249 198.804901 2602.709473
7.622414 188.802917 2604.406738
69.480209 -67.472137 2628.215820
79.800926 -328.691559 2540.296875
-329.132935 208.806885 2601.012207
-329.132782 -67.143250 2601.012207
-329.137482 -343.093079 2601.012207
-173.171448 -11.643997 2594.288086
-88.385437 -227.866913 2586.846680
-29.029213 -613.235107 2443.875000
2.740204 -1010.363647 2505.204346
-282.789856 -216.318878 2584.886719
-189.043884 -623.926880 2529.480713
-187.885910 -1029.380005 2519.285889
1.506973 0.261810 3.048584
2.586033 -27.533325 28.459473
-147.392426 411.090149 2601.760254
-158.136230 198.806641 2600.397949
10.289868 189.473740 2600.594238
72.633339 -66.277512 2624.942627
85.047585 -329.554077 2543.781250
-326.562317 208.139542 2600.201660
-326.562164 -67.810593 2600.201660
-326.566864 -343.760437 2600.201660
-169.783386 -11.603596 2589.958496
-84.196777 -227.401794 2579.632324
-19.747856 -627.448853 2490.222656
9.314053 -1028.325806 2512.750000
-278.664307 -216.625870 2579.405762
-186.002930 -625.822632 2535.988281
-181.860001 -1031.265503 2522.912842
5.246658 -0.862518 3.484375
6.573849 -17.962158 7.545654
-146.193008 409.751221 2603.183350
-155.575302 197.351761 2598.282227
12.914310 189.396118 2597.055176
74.456612 -66.692963 2615.930908
88.926125 -332.445740 2544.010986
-324.064911 205.307404 2599.509277
-324.064758 -70.642731 2599.509277
-324.069458 -346.592560 2599.509277
-165.599915 -13.028289 2585.781250
-78.351555 -228.001312 2572.571777
-15.932549 -636.685486 2518.991699
12.570150 -1039.461182 2524.366943
-272.897522 -218.815369 2573.988770
-185.087921 -630.312622 2550.843262
-181.004654 -1033.972168 2516.198242
3.878540 -2.891663 0.229736
3.256098 -11.135376 11.616943
-143.578445 408.319946 2604.410156
-150.999817 196.305283 2596.568848
17.551224 189.702667 2596.787109
76.857170 -69.069977 2606.279541
95.206161 -336.135651 2540.206055
-319.550873 202.907883 2596.350586
-319.550720 -73.042252 2596.350586
-319.555420 -348.992065 2596.350586
-159.220551 -14.030110 2582.157959
-70.133713 -228.177307 2567.873047
-8.198322 -641.106445 2549.864258
11.345793 -1043.942627 2528.871338
-264.748871 -220.553696 2567.621094
-182.756042 -633.615479 2546.034424
-177.299011 -1038.225342 2522.481201
6.280037 -3.689911 -3.804932
-1.224358 -4.481445 4.504395
-141.798721 410.246216 2605.018555
-147.964798 198.405151 2594.814209
20.618246 192.445190 2595.456787
83.024681 -66.557281 2603.824707
102.328255 -333.974457 2539.015381
-316.547852 204.365112 2594.171631
-316.547699 -71.585022 2594.171631
-316.552399 -347.534851 2594.171631
-155.334793 -11.825294 2578.463867
-65.384773 -225.496307 2562.484375
-9.218163 -640.563477 2572.965820
8.097055 -1042.437134 2531.958984
-260.024811 -218.615158 2561.742676
-174.538574 -631.006470 2537.840820
-187.861847 -1035.535889 2530.287598
7.122093 2.161194 -1.190674
-3.248737 1.505493 3.087646
-139.769363 410.838318 2604.325928
-145.266891 199.728210 2593.811035
23.333565 194.085861 2594.302246
92.761307 -63.564896 2603.817383
107.706833 -329.450745 2532.192139
-313.867340 205.370575 2593.319824
-313.867188 -70.579559 2593.319824
-313.871887 -346.529388 2593.319824
-152.254333 -10.509867 2577.226074
-61.909882 -224.005249 2560.924805
-10.214298 -639.891724 2589.855957
9.475468 -1041.697266 2542.889160
-256.573700 -217.490662 2560.357422
-176.249115 -631.221375 2541.582031
-185.128372 -1036.055176 2526.354248
5.378578 4.523712 -6.823242
1.378412 0.739868 10.930176
-136.019241 411.584229 2605.974854
-141.563019 200.964859 2593.603271
26.966980 195.269470 2597.343506
100.652565 -59.554565 2606.046143
114.710335 -321.033722 2520.512451
-310.093018 206.660233 2589.863037
-310.092865 -69.289902 2589.863037
-310.097565 -345.239746 2589.863037
-148.281921 -9.227895 2576.281250
-57.690086 -222.709213 2561.118896
-5.556873 -638.883423 2597.462646
8.083035 -1041.343384 2550.946045
-252.311554 -216.132080 2556.799561
-172.043732 -630.160400 2545.226562
-183.948181 -1034.977417 2525.419434
7.003502 8.417023 -11.679688
-1.392433 0.353882 8.056885
-132.120728 410.489685 2606.801025
-137.359650 200.119171 2593.009033
31.104399 194.525085 2599.132812
105.072395 -57.303894 2604.938965
120.001953 -314.745544 2508.123535
-305.823700 205.713257 2586.885254
-305.823547 -70.236877 2586.885254
-305.828247 -346.186707 2586.885254
-143.693726 -10.053778 2575.265137
-52.771469 -223.456253 2561.056641
-5.138123 -640.688843 2597.193359
11.307821 -1042.890137 2547.702637
-247.284134 -216.997192 2553.985840
-169.097412 -631.466919 2541.574219
-183.448151 -1036.605347 2531.180664
5.291618 6.288177 -12.388916
3.224787 -1.546753 -3.243408
-131.800018 411.575745 2604.208496
-135.182587 200.930817 2592.525146
33.295151 196.117737 2599.288818
107.191833 -58.878891 2597.125000
126.392021 -314.742340 2496.428223
-303.660339 205.743912 2585.761475
-303.660187 -70.206223 2585.761475
-303.664886 -346.156067 2585.761475
-140.525543 -9.363275 2575.967285
-48.612106 -222.435806 2563.313965
-6.010101 -640.906494 2593.128418
12.463497 -1044.433838 2558.969238
-243.124893 -216.878937 2555.504883
-166.400208 -631.633179 2542.277344
-179.955719 -1037.004028 2536.043457
6.390068 0.003204 -11.695312
1.155676 -1.543701 11.266602
-129.741028 412.842896 2604.422363
-132.097183 201.937866 2592.824707
36.285435 197.962936 2601.905029
108.094070 -55.869919 2591.954346
131.072800 -311.001526 2489.853516
-300.479797 205.912796 2583.744385
-300.479645 -70.037338 2583.744385
-300.484344 -345.987183 2583.744385
-136.178162 -8.397231 2576.426758
-43.044964 -221.027222 2565.271240
0.479332 -639.726929 2592.848389
9.716131 -1043.520996 2556.955811
-237.473312 -216.437439 2554.786377
-163.761063 -631.729370 2540.992432
-182.693375 -1036.915039 2533.856201
4.680779 3.740814 -6.574707
-2.747366 0.912842 -2.013428
-125.146217 413.608154 2605.515625
-128.299835 202.383102 2592.903320
39.876072 197.722076 2604.829102
110.574921 -55.944916 2588.962646
133.807449 -307.504852 2478.543457
-296.475739 207.044128 2580.977539
-296.475586 -68.906006 2580.977539
-296.480286 -344.855835 2580.977539
-132.924927 -7.898393 2575.940430
-40.453182 -220.870941 2565.863037
2.606571 -639.872742 2590.705322
4.300575 -1043.783936 2553.997559
-234.646851 -215.488831 2552.092041
-168.271637 -632.042358 2541.202393
-177.354172 -1037.210327 2526.084229
2.734650 3.496674 -11.310059
-5.415556 -0.262939 -2.958252
-120.132034 411.752777 2609.074463
-123.979240 201.467529 2594.189209
44.188057 196.442200 2606.357910
112.101059 -56.308029 2586.541016
135.772827 -307.151276 2474.314209
-292.146545 206.492859 2582.020508
-292.146393 -69.457275 2582.020508
-292.151093 -345.407104 2582.020508
-128.911560 -8.663189 2575.574219
-36.769676 -221.694763 2563.983643
6.302452 -640.574829 2591.438232
4.134144 -1043.669189 2546.545166
-230.918076 -215.893051 2549.934814
-165.956024 -632.623901 2536.305420
-173.856995 -1037.863892 2538.203613
1.965378 0.353577 -4.229248
-0.166431 0.114746 -7.452393
-118.703377 411.976685 2606.840820
-121.551796 201.187119 2593.358398
46.623573 196.615891 2605.724121
111.254890 -58.550018 2582.538818
137.149658 -309.747131 2471.470947
-289.727173 205.758347 2580.992676
-289.727020 -70.191788 2580.992676
-289.731720 -346.141602 2580.992676
-125.911552 -8.979186 2574.959717
-33.186829 -221.784378 2563.699463
5.797672 -640.921143 2593.319824
0.535181 -1043.683350 2545.079346
-227.355789 -216.506607 2549.422607
-162.957886 -633.303955 2534.409668
-178.826965 -1038.347290 2542.640625
1.376831 -2.595856 -2.843262
-3.598963 -0.014160 -1.465820
-116.766357 412.740234 2614.243164
-117.405853 203.687408 2596.985596
50.693848 201.034729 2610.714355
111.136337 -62.766083 2576.267822
137.989380 -315.691406 2471.482666
-285.505554 206.340073 2583.256836
-285.505402 -69.610062 2583.256836
-285.510101 -345.559875 2583.256836
-119.002396 -6.240883 2575.971680
-23.546310 -217.700699 2562.884033
11.861801 -637.263855 2591.058838
7.834809 -1041.170654 2554.625000
-217.651566 -214.637634 2547.031494
-154.520798 -631.720703 2534.651611
-177.036301 -1036.580078 2542.893799
0.839722 -5.944275 0.011719
7.299629 2.512695 9.545654
-115.487511 414.050171 2616.947754
-113.206017 205.161240 2598.584229
54.657768 203.975464 2614.951904
110.708130 -59.299652 2576.822998
139.836258 -312.975952 2473.369141
-281.069794 206.347015 2582.216553
-281.069641 -69.603119 2582.216553
-281.074341 -345.552948 2582.216553
-112.501579 -4.627422 2576.161133
-14.877786 -215.100723 2563.188232
11.845635 -635.316223 2590.157471
8.573330 -1039.883545 2561.160889
-208.716492 -213.731461 2544.287842
-154.004440 -631.965393 2533.295166
-174.819382 -1037.056519 2540.109131
1.846878 2.715454 1.886475
0.738521 1.287109 6.535889
-113.785698 412.670959 2610.274902
-110.784981 202.564865 2596.131104
57.286095 202.564651 2610.259277
112.101151 -58.291489 2578.010010
141.030731 -313.042633 2476.593750
-278.856079 202.565063 2582.002930
-278.855927 -73.385071 2582.002930
-278.860626 -349.334900 2582.002930
-109.089554 -7.450201 2575.958740
-10.364287 -217.465378 2563.942871
8.749309 -638.090942 2590.802246
4.101063 -1042.336914 2557.006348
-204.423950 -217.465134 2547.629883
-162.704224 -637.084473 2538.645264
-175.113129 -1042.516968 2543.816650
1.194473 -0.066681 3.224609
-4.472267 -2.453369 -4.154541
-112.827980 408.305634 2598.946045
-110.561195 196.392471 2591.940186
57.682407 196.667755 2603.906494
113.393860 -61.576416 2577.624756
140.453568 -318.900208 2482.285156
-278.804810 196.117188 2579.973877
-278.804657 -79.832947 2579.973877
-278.809357 -355.782776 2579.973877
-109.086143 -13.963299 2576.040283
-10.484639 -224.160156 2567.048340
4.465019 -645.279236 2588.311523
-0.452165 -1050.186768 2564.938965
-204.737534 -224.477997 2553.232422
-156.768005 -643.498413 2543.675781
-192.069626 -1047.020752 2545.557129
-0.577164 -5.857574 5.691406
-4.553228 -7.849854 7.932617
-111.214928 407.990997 2601.285400
-109.585892 196.324661 2593.558594
58.674755 195.549210 2605.453613
114.879433 -68.260880 2578.870605
140.601135 -326.829590 2486.337891
-277.846558 197.100128 2581.663574
-277.846405 -78.850006 2581.663574
-277.851105 -354.799835 2581.663574
-109.364494 -13.986796 2576.715820
-12.011708 -224.745911 2566.739502
3.167293 -646.012939 2585.900146
-1.930082 -1050.456665 2555.153564
-206.274475 -223.850616 2553.006592
-160.257248 -643.124878 2541.645996
-185.874969 -1047.430542 2533.501709
0.147568 -7.929382 4.052734
-1.477917 -0.269897 -9.785400
-109.171349 411.015991 2602.952881
-108.476799 199.926697 2594.861084
59.838509 199.193573 2606.088867
115.360199 -69.876831 2581.416504
140.560837 -329.469055 2491.507080
-276.792114 200.659805 2583.633301
-276.791962 -75.290329 2583.633301
-276.796661 -351.240173 2583.633301
-108.266113 -10.398795 2577.969482
-10.889679 -221.147491 2567.559570
6.733055 -642.189026 2589.690674
-0.182080 -1046.259766 2554.113525
-205.221176 -220.301071 2554.596191
-161.603561 -639.830627 2541.832520
-183.514954 -1044.683105 2537.280762
-0.040298 -2.639465 5.169189
1.748002 4.196899 -1.040039
-107.780083 411.221252 2603.308594
-107.451523 200.073669 2595.946777
60.879871 199.366913 2607.016846
117.308090 -64.590149 2585.023926
140.898193 -326.069550 2500.372314
-275.782898 200.780441 2584.876709
-275.782745 -75.169693 2584.876709
-275.787445 -351.119507 2584.876709
-107.198730 -10.229698 2578.676270
-9.769114 -220.941086 2567.796631
3.925265 -642.360535 2584.116455
0.467698 -1047.044678 2556.146973
-204.122757 -220.125061 2555.014893
-162.032043 -639.562500 2536.155029
-185.092209 -1044.203857 2545.402588
0.337357 3.399506 8.865234
0.649778 -0.784912 2.033447
-105.967064 411.349396 2602.947510
-105.437294 200.037399 2596.208496
62.911812 199.348465 2607.048828
118.737976 -63.314621 2586.662842
140.899796 -325.567627 2503.915527
-273.786407 200.726318 2585.368164
-273.786255 -75.223816 2585.368164
-273.790955 -351.173645 2585.368164
-105.225410 -10.319159 2579.549316
-7.824820 -221.073425 2569.148193
5.887792 -642.630798 2582.392822
1.316824 -1047.717896 2560.882568
-202.202240 -220.278000 2556.632080
-162.724365 -639.949707 2536.728271
-176.757233 -1045.145874 2543.707031
0.001602 0.501923 3.543213
0.849126 -0.673218 4.735596
-104.841476 411.983643 2611.785889
-104.483002 201.964462 2599.932861
63.887070 201.399353 2610.468506
119.654167 -62.874329 2587.791260
140.817627 -325.417725 2505.612549
-272.853088 202.529572 2589.397217
-272.852936 -73.420563 2589.397217
-272.857635 -349.370392 2589.397217
-103.921432 -8.048991 2579.693848
-6.158194 -218.388687 2565.537109
4.328637 -640.028381 2579.519531
1.457556 -1044.728516 2551.370361
-200.561539 -217.736206 2553.372559
-163.455154 -637.218506 2526.795166
-182.587143 -1041.479370 2549.141357
-0.082169 0.149902 1.697021
0.140731 2.989380 -9.512207
-103.648155 411.280457 2615.709229
-103.621010 201.892441 2601.687012
64.778709 201.142075 2611.727051
119.288643 -60.585831 2588.907471
140.888214 -323.535400 2508.111084
-272.020752 202.642807 2591.646973
-272.020599 -73.307327 2591.646973
-272.025299 -349.257141 2591.646973
-103.248154 -7.960680 2579.749023
-5.655903 -218.246994 2563.607178
3.743842 -639.924194 2577.781006
1.189819 -1044.990967 2555.049072
-200.094681 -217.380600 2552.014893
-168.459442 -637.679077 2533.806152
-174.402618 -1042.653442 2541.595703
0.070587 1.882324 2.498535
-0.267736 -0.262451 3.678711
-104.573074 409.743408 2621.669434
-103.511246 201.036819 2604.297607
64.921555 200.378143 2613.770752
119.726479 -60.842041 2589.792236
140.795349 -323.592651 2508.183350
-271.944061 201.695511 2594.824463
-271.943909 -74.254623 2594.824463
-271.948608 -350.204468 2594.824463
-102.981018 -8.591379 2580.294434
-5.212170 -218.599854 2561.760254
2.862512 -640.331909 2575.351074
0.757029 -1045.658813 2557.327148
-199.689407 -217.839325 2550.822266
-167.677689 -638.357666 2538.212158
-172.334396 -1043.577515 2533.928955
-0.092865 -0.057251 0.072266
-0.432791 -0.667847 2.278076
-103.316620 408.390503 2620.635010
-101.979813 198.999557 2604.398682
66.469208 198.738754 2613.603760
122.711922 -61.619766 2591.839600
140.129028 -323.565247 2506.976318
-270.428833 199.260361 2595.193604
-270.428680 -76.689774 2595.193604
-270.433380 -352.639587 2595.193604
-101.047531 -10.747669 2581.395264
-2.867478 -220.645462 2563.706055
6.530515 -642.278259 2579.352051
2.835204 -1047.581177 2560.315186
-197.363022 -220.344330 2553.077637
-164.916428 -640.915527 2541.451660
-173.847443 -1046.302124 2536.443604
-0.666321 0.027405 -1.207031
2.078176 -1.922363 2.988037
-103.016724 410.474121 2621.624512
-101.900711 201.337204 2604.992432
66.579865 201.471649 2613.589111
124.148636 -63.202850 2589.673584
139.979095 -325.919159 2506.868408
-270.381287 201.202759 2596.395752
-270.381134 -74.747375 2596.395752
-270.385834 -350.697205 2596.395752
-100.566597 -8.429426 2582.126709
-1.965916 -218.118439 2564.224121
5.930875 -639.903320 2575.481934
1.440816 -1045.141113 2554.917236
-196.499039 -218.273682 2554.297852
-164.673264 -638.839966 2540.220703
-176.674774 -1044.294067 2536.493408
-0.149933 -2.353912 -0.107910
-1.394388 2.440063 -5.397949
-103.792671 408.072174 2622.656006
-102.935371 199.852264 2605.371582
65.541374 199.868332 2614.065918
123.896576 -59.872849 2590.945801
139.810760 -321.882202 2505.915039
-271.412109 199.836197 2596.677246
-271.411957 -76.113937 2596.677246
-271.416656 -352.063782 2596.677246
-101.723167 -9.892741 2582.269287
-3.247698 -219.628479 2564.186279
7.265471 -641.215515 2579.530518
-5.909024 -1045.220337 2547.011230
-197.774231 -219.647034 2554.147705
-166.231735 -640.125122 2536.933838
-180.084259 -1045.604614 2534.945068
-0.168335 4.036957 -0.953369
-7.349840 -0.079224 -7.906006
-104.578613 407.237122 2621.635254
-103.718018 198.203049 2605.015137
64.806625 198.159744 2612.668945
124.496399 -61.366776 2589.486816
139.599808 -323.048035 2503.271973
-272.242676 198.246353 2597.361328
-272.242523 -77.703781 2597.361328
-272.247223 -353.653625 2597.361328
-102.747498 -11.603712 2582.458984
-4.483935 -221.435471 2564.321533
6.522397 -643.127869 2576.273438
-3.011349 -1047.792847 2550.555664
-199.070023 -221.385468 2555.484131
-169.209641 -641.576111 2531.018066
-176.196945 -1047.153320 2535.237061
-0.210953 -1.165833 -2.643066
2.897675 -2.572510 3.544434
-104.834869 406.364197 2620.611328
-103.965126 197.249542 2605.104004
64.566917 197.201157 2612.634766
127.748634 -63.402359 2591.059570
138.953094 -324.647583 2503.025391
-272.497192 197.297928 2597.573242
-272.497040 -78.652206 2597.573242
-272.501740 -354.602051 2597.573242
-103.048386 -12.630919 2583.239258
-4.836867 -222.539322 2565.721924
6.517622 -644.210449 2578.649658
-1.976672 -1048.995239 2552.775391
-199.426422 -222.483444 2557.027100
-163.758453 -642.073120 2530.241943
-178.018158 -1047.480347 2532.054443
-0.646713 -1.599548 -0.246582
1.034678 -1.202393 2.219727
-103.511772 406.578674 2612.612793
-102.329704 195.163116 2602.496094
66.165520 194.930893 2610.789551
126.778091 -63.635757 2589.497070
139.078690 -324.895752 2501.592285
-270.824921 195.395325 2594.202637
-270.824768 -80.554810 2594.202637
-270.829468 -356.504639 2594.202637
-101.750458 -15.072970 2584.841309
-3.896137 -225.443115 2571.974609
6.949016 -647.211182 2575.194336
-0.046291 -1052.478760 2560.185547
-198.446304 -225.174988 2562.398438
-165.194839 -644.707520 2531.625000
-172.314468 -1050.219604 2538.770020
0.125595 -0.248169 -1.433105
1.930380 -3.483521 7.410156
-102.512749 405.458069 2607.613037
-102.242294 193.438080 2600.401367
66.240173 193.148483 2608.970947
129.479675 -66.570541 2590.111084
137.005936 -327.298340 2500.226318
-270.724762 193.727676 2591.831787
-270.724609 -82.222458 2591.831787
-270.729309 -358.172302 2591.831787
-101.858299 -17.028822 2585.739258
-4.207745 -227.662918 2576.024414
3.529123 -649.553040 2578.522217
0.160026 -1053.986938 2549.876953
-198.740875 -227.328537 2566.129883
-168.442337 -647.050537 2534.576660
-171.890259 -1052.626099 2532.277344
-2.072754 -2.402588 -1.365967
0.206318 -1.508179 -10.308594
-103.217125 406.283752 2606.109131
-102.495293 193.396667 2599.373291
65.981224 193.633438 2608.059814
128.436951 -67.556808 2591.066406
138.960724 -328.043640 2500.742676
-270.971802 193.159882 2590.686768
-270.971649 -82.790253 2590.686768
-270.976349 -358.740082 2590.686768
-101.501778 -17.161869 2585.843018
-3.244448 -227.583710 2577.327637
8.954077 -649.303467 2572.716797
-2.628277 -1053.907837 2547.828857
-197.772079 -227.857086 2567.297852
-164.010452 -645.711853 2521.158691
-179.264297 -1049.746460 2542.074707
1.954788 -0.745300 0.516357
-2.788303 0.079102 -2.048096
-104.401718 407.309082 2604.856934
-102.770828 194.578796 2598.932861
65.727325 195.526093 2607.108887
125.241287 -65.768311 2588.000488
139.402069 -327.340332 2501.477783
-271.268982 193.631500 2590.756836
-271.268829 -82.318634 2590.756836
-271.273529 -358.268463 2590.756836
-100.984360 -16.051666 2586.520020
-1.920800 -226.135239 2578.827393
7.511842 -647.958557 2572.914307
-1.490183 -1052.714111 2547.333252
-196.474976 -227.229019 2569.386963
-163.117050 -644.848999 2519.753662
-177.448532 -1049.170166 2544.300781
0.441345 0.703308 0.735107
1.138094 1.193726 -0.495605
-105.429581 408.525330 2613.241211
-103.554115 197.951874 2601.807373
64.944847 198.753784 2610.012451
125.468399 -64.799896 2589.626221
135.601288 -324.957184 2498.501953
-272.053070 197.149963 2593.602295
-272.052917 -78.800171 2593.602295
-272.057617 -354.750000 2593.602295
-101.750198 -12.367600 2585.317383
-2.670370 -222.224121 2573.564209
6.142286 -644.001831 2563.647705
-6.013052 -1049.005249 2543.477295
-197.222183 -223.150024 2564.090576
-166.081329 -640.997498 2514.295898
-173.547714 -1046.050415 2528.766846
-3.800781 2.383148 -2.975830
-4.522869 3.708862 -3.855957
-106.755653 412.355621 2616.938477
-104.957329 202.430283 2603.679688
63.524166 202.917984 2612.261230
122.886894 -60.074173 2589.595459
135.202423 -321.459290 2502.281738
-273.438812 201.942596 2595.098145
-273.438660 -74.007538 2595.098145
-273.443359 -349.957367 2595.098145
-103.427475 -7.777767 2585.590088
-4.631007 -217.704269 2572.455078
4.632823 -639.536438 2570.505859
-8.426386 -1044.354736 2546.655762
-199.164246 -218.267365 2562.546387
-166.400742 -636.284912 2514.979980
-176.594025 -1041.210571 2534.985596
-0.398865 3.497894 3.779785
-2.413334 4.650513 3.178467
-109.102036 414.347107 2610.773926
-106.595535 203.828964 2601.549316
61.934460 204.612823 2609.023926
120.963387 -53.498260 2589.460693
129.369080 -314.488586 2500.476562
-275.125549 203.045105 2594.074707
-275.125397 -72.905029 2594.074707
-275.130096 -348.854858 2594.074707
-104.912491 -6.559553 2585.665039
-5.932980 -216.495529 2574.096191
4.511269 -638.247131 2566.464844
-6.134169 -1043.518677 2554.194092
-200.525909 -217.400604 2565.465332
-166.425568 -635.637451 2520.720947
-176.536743 -1040.869629 2536.171631
-5.833344 6.970703 -1.805176
2.292217 0.836060 7.538330
-109.995750 412.851227 2607.191406
-108.618881 202.166458 2599.582764
59.933475 202.281906 2606.587402
117.466644 -55.222977 2589.555664
129.813629 -317.611755 2505.378906
-277.171234 202.051010 2592.578125
-277.171082 -73.899124 2592.578125
-277.175781 -349.848938 2592.578125
-107.877983 -8.342849 2585.224121
-9.829738 -218.785507 2574.909424
-2.893445 -640.663269 2568.873535
-4.319119 -1045.808228 2550.693359
-204.444443 -218.918808 2566.821533
-168.576996 -636.656860 2518.885986
-178.889130 -1042.009766 2532.965576
0.444550 -3.123169 4.902344
1.815050 -2.289551 -3.500732
-113.118820 413.757324 2613.909424
-111.646500 203.632980 2601.804199
56.960190 203.603333 2607.165771
113.559677 -59.365723 2589.514893
128.839767 -321.719788 2505.577637
-280.253204 203.662628 2596.442627
-280.253052 -72.287506 2596.442627
-280.257751 -348.237335 2596.442627
-111.112228 -6.579374 2583.840332
-13.235589 -216.808853 2568.971924
-2.318285 -638.575317 2560.858154
-11.367234 -1043.076660 2533.727051
-207.920319 -216.774612 2562.781006
-167.481277 -633.720947 2511.848877
-180.405701 -1038.861328 2529.762939
-0.973862 -4.108032 0.198730
-7.048115 2.731567 -16.966309
-113.856972 417.314087 2609.758545
-113.403801 206.619537 2600.651855
55.216408 206.519836 2605.732666
111.591873 -58.535522 2590.874268
123.497902 -320.186523 2504.234863
-282.024017 206.719238 2595.571045
-282.023865 -69.230896 2595.571045
-282.028564 -345.180725 2595.571045
-113.053368 -3.779140 2584.892578
-15.358986 -214.235382 2572.066406
-6.124512 -635.897705 2558.648438
-4.154352 -1040.855713 2551.230469
-210.046875 -214.120270 2566.200195
-164.267029 -630.884399 2518.570068
-181.179886 -1035.858276 2537.211182
-5.341866 1.533264 -1.342773
7.212882 2.220947 17.503418
-117.659836 416.689453 2598.683105
-117.149269 205.751297 2596.547119
51.509686 206.301270 2599.227295
109.894180 -58.024323 2589.638428
118.275932 -319.966339 2503.427490
-285.808228 205.201324 2593.866943
-285.808075 -70.748810 2593.866943
-285.812775 -346.698639 2593.866943
-116.287155 -4.909254 2585.522461
-18.046907 -215.252274 2576.045166
-12.575171 -636.501282 2553.419189
-8.249748 -1041.750854 2543.135986
-212.803177 -215.887344 2572.950439
-169.624252 -632.141113 2519.011475
-178.170120 -1037.157104 2540.669922
-5.221970 0.220184 -0.807373
-4.095396 -0.895142 -8.094482
-121.174217 414.094604 2602.152832
-120.846046 203.217163 2596.303467
47.828632 203.866592 2596.717773
109.158020 -58.581589 2587.895508
111.006302 -320.827881 2502.382324
-289.520752 202.567719 2595.889160
-289.520599 -73.382416 2595.889160
-289.525299 -349.332245 2595.889160
-120.002792 -7.337593 2583.040039
-21.778652 -217.517395 2570.015869
-28.172844 -638.063843 2539.232178
-7.060905 -1042.515015 2525.300049
-216.540405 -218.267273 2569.537354
-169.643158 -632.947510 2507.569336
-185.787231 -1037.691650 2529.796387
-7.269630 -0.861542 -1.045166
1.188843 -0.764160 -17.835938
-124.466499 415.323975 2611.387451
-123.806030 205.173355 2599.142822
44.878696 205.960190 2599.990234
107.778587 -63.124710 2586.684326
107.287399 -324.308411 2497.891602
-292.490753 204.386505 2598.295410
-292.490601 -71.563629 2598.295410
-292.495300 -347.513458 2598.295410
-122.736122 -5.018956 2581.335938
-24.289295 -214.757034 2564.018311
-47.466354 -634.135559 2528.489502
6.210423 -1034.540771 2527.495361
-219.043137 -215.665482 2563.039795
-168.223953 -630.372559 2504.135986
-187.368515 -1035.055786 2526.104492
-3.718903 -3.480530 -4.490723
13.271328 7.974243 2.195312
