-92.728706 411.403625 2602.112305
-85.594856 203.735779 2579.540771
81.997276 208.082825 2598.336670
81.996552 -67.867371 2598.336670
82.001999 -343.817200 2598.336670
-253.186996 199.388748 2560.744873
-253.186829 -76.561386 2560.744873
-253.191528 -352.511230 2560.744873
-77.221558 -5.467157 2553.264648
27.904184 -212.160522 2537.839600
18.420010 -631.627136 2582.916748
6.362320 -1035.878662 2552.672607
-165.600693 -217.179688 2516.137451
-156.813919 -638.945557 2527.143311
-166.652328 -1044.547119 2530.711182
1.061745 1.012695 0.285400
4.571486 1.538696 -8.743652
-93.515877 410.116211 2602.874756
-84.404167 202.856827 2579.529785
82.922630 208.885986 2600.012207
82.921906 -67.064209 2600.012207
82.927353 -343.014038 2600.012207
-251.730972 196.827667 2559.047363
-251.730804 -79.122467 2559.047363
-251.735504 -355.072296 2559.047363
-73.623947 -6.193532 2552.998535
33.765091 -211.762848 2538.293213
21.952988 -630.778564 2586.920166
7.597875 -1035.007080 2555.816895
-159.452530 -218.724915 2514.641357
-151.151230 -640.526611 2525.409668
-166.047623 -1045.908691 2532.809326
0.925354 0.803162 1.675537
1.235555 0.871582 3.144287
-94.524887 410.881165 2603.249512
-84.896828 203.136063 2580.455566
82.225487 209.900055 2602.344238
82.224762 -66.050140 2602.344238
82.230209 -341.999969 2602.344238
-252.019150 196.372070 2558.566895
-252.018982 -79.578064 2558.566895
-252.023682 -355.527893 2558.566895
-73.024841 -5.922377 2554.414551
35.328110 -211.075912 2541.010010
11.544851 -630.082397 2583.224365
8.471344 -1035.052734 2566.012695
-157.633804 -218.885727 2515.737061
-159.513657 -640.663818 2526.032471
-169.913925 -1046.103027 2537.126953
-0.697144 1.014069 2.332031
0.873469 -0.045654 10.195801
-95.876343 413.403503 2603.427734
-85.528206 205.519836 2581.407959
81.747597 212.978210 2601.858398
81.746872 -62.971985 2601.858398
81.752319 -338.921814 2601.858398
-252.804001 198.061478 2560.957520
-252.803833 -77.888657 2560.957520
-252.808533 -353.838501 2560.957520
-73.035904 -3.519768 2555.463867
36.026489 -208.253586 2541.325928
8.202263 -627.557373 2578.545654
6.628148 -1032.681519 2559.562256
-157.113693 -216.865173 2517.713623
-161.785538 -638.688110 2527.619385
-172.065384 -1044.128174 2540.154297
-0.477890 3.078156 -0.485840
-1.843196 2.371216 -6.450439
-96.457779 412.395325 2603.020996
-86.727448 204.472626 2581.680664
80.673538 212.010071 2601.090820
80.672813 -63.940125 2601.090820
80.678261 -339.889954 2601.090820
-254.128433 196.935181 2562.270508
-254.128265 -79.014954 2562.270508
-254.132965 -354.964783 2562.270508
-74.369217 -4.647432 2556.304688
34.629173 -209.416138 2542.134033
4.786602 -628.673950 2579.218262
2.988277 -1033.955811 2561.127686
-158.651138 -218.118835 2519.723389
-165.328873 -639.978638 2528.092285
-173.745148 -1045.479858 2540.627441
-1.074059 -0.968140 -0.767578
-3.639870 -1.274292 1.565430
-99.664734 411.313049 2605.321777
-88.495689 203.758850 2582.379883
78.696449 211.549896 2603.402588
78.695724 -64.400299 2603.402588
78.701172 -340.350128 2603.402588
-255.687820 195.967804 2561.357178
-255.687653 -79.982330 2561.357178
-255.692352 -355.932159 2561.357178
-75.484222 -5.242169 2556.356689
34.050907 -209.745255 2542.470459
5.100468 -629.177490 2578.773682
1.354471 -1034.358521 2557.911865
-158.996429 -218.741135 2518.196533
-163.019379 -640.661804 2525.869629
-176.191605 -1046.008057 2538.837891
-1.977089 -0.460175 2.311768
-1.633806 -0.402710 -3.215820
-102.242905 408.859192 2594.963135
-90.394089 199.485245 2578.665283
76.814865 208.935425 2598.827881
76.814140 -67.014771 2598.827881
76.819588 -342.964600 2598.827881
-257.603058 190.035049 2558.502686
-257.602905 -85.915085 2558.502686
-257.607605 -361.864929 2558.502686
-76.021637 -9.925191 2557.624512
34.884892 -213.879776 2548.224121
2.541309 -633.313477 2581.508545
14.586884 -1038.223755 2564.502441
-158.183258 -224.791458 2524.943359
-162.416183 -646.720154 2532.921631
-176.049759 -1051.914795 2549.679199
-1.881584 -2.614471 -4.574707
13.232412 -3.865234 6.590576
-103.749702 409.129333 2599.292236
-93.117485 199.831177 2580.339111
74.197594 207.826736 2600.267578
74.196869 -68.123459 2600.267578
74.202316 -344.073303 2600.267578
-260.432556 191.835602 2560.410645
-260.432404 -84.114532 2560.410645
-260.437103 -360.064362 2560.410645
-80.398834 -9.522694 2557.551758
28.911850 -214.260666 2546.269287
-1.023926 -634.459229 2569.051514
4.141536 -1039.811523 2559.057129
-164.272232 -223.492447 2523.259521
-171.585098 -645.413269 2527.100098
-182.278442 -1050.593506 2546.219238
-2.617271 -1.108704 1.439697
-10.445348 -1.587769 -5.445312
-106.135132 408.060120 2591.953613
-96.208389 198.217819 2578.115967
71.250732 206.272659 2596.795654
71.250008 -69.677536 2596.795654
71.255455 -345.627380 2596.795654
-263.667511 190.162964 2559.436279
-263.667358 -85.787170 2559.436279
-263.672058 -361.737000 2559.436279
-83.985931 -11.521991 2558.986084
24.911335 -216.611710 2550.640137
-1.645132 -637.310730 2568.600586
2.636530 -1042.810425 2569.075684
-168.438278 -225.911896 2529.072266
-174.235184 -647.881958 2531.305664
-175.248795 -1053.211304 2547.814941
-2.946861 -1.554077 -3.471924
-1.505005 -2.998901 10.018555
-107.330025 406.809326 2588.278564
-98.505905 197.092728 2576.588379
68.953125 204.744125 2595.486572
68.952400 -71.206070 2595.486572
68.957848 -347.155884 2595.486572
-265.964935 189.441315 2557.690186
-265.964783 -86.508820 2557.690186
-265.969482 -362.458649 2557.690186
-86.982475 -12.878985 2559.490234
21.214239 -218.433578 2553.302002
-0.283306 -639.562866 2568.114502
-2.924763 -1045.065674 2562.142334
-172.132339 -227.267822 2531.482178
-172.640244 -649.256592 2531.413818
-181.060623 -1054.664551 2538.012207
-2.297607 -1.528503 -1.309082
-5.561294 -2.255249 -6.933350
-110.260277 407.363831 2587.943604
-101.534546 197.400284 2576.869141
65.829147 204.698944 2596.729004
65.828423 -71.251251 2596.729004
65.833870 -347.201080 2596.729004
-268.898224 190.101624 2557.009277
-268.898071 -85.848511 2557.009277
-268.902771 -361.798340 2557.009277
-90.377823 -12.631805 2560.037109
17.400097 -218.450287 2554.670410
0.205671 -639.699890 2572.077393
-4.392747 -1044.866821 2555.398926
-175.842300 -226.877502 2531.739746
-176.072678 -648.872925 2528.834717
-181.176743 -1054.438965 2536.184570
-3.123978 -0.045197 1.242432
-1.467984 0.198853 -6.743408
-113.417114 410.158508 2595.282471
-103.412804 200.815048 2580.736816
63.884026 207.979950 2601.216064
63.883301 -67.970245 2601.216064
63.888744 -343.920074 2601.216064
-270.709656 193.650131 2560.257568
-270.709503 -82.300003 2560.257568
-270.714203 -358.249817 2560.257568
-92.002228 -8.929662 2560.904541
15.989945 -214.538010 2552.895020
1.675621 -635.838623 2572.215576
-2.075868 -1040.408203 2544.646973
-177.173248 -222.810715 2529.249512
-175.708801 -644.791870 2524.161377
-171.627945 -1050.365601 2529.307861
-1.945126 3.281006 4.487061
2.316879 4.458618 -10.751953
-114.125305 413.607239 2591.944824
-104.649254 203.493942 2580.875732
62.707253 210.524307 2600.922607
62.706528 -65.425888 2600.922607
62.711971 -341.375732 2600.922607
-272.005768 196.463593 2560.828857
-272.005615 -79.486542 2560.828857
-272.010315 -355.436371 2560.828857
-93.692596 -6.459725 2563.036377
13.880349 -212.354721 2556.770264
0.231090 -633.696838 2576.257812
-0.986616 -1038.456177 2549.285889
-179.352219 -220.472076 2533.623779
-172.376541 -642.390198 2530.536865
-175.262070 -1047.903198 2540.044678
-1.176773 2.544342 -0.293457
1.089252 1.952026 4.638916
-115.010933 412.884857 2588.274658
-105.691132 202.491867 2579.863770
61.697769 209.655106 2599.599854
61.697044 -66.295090 2599.599854
61.702488 -342.244934 2599.599854
-273.080017 195.328629 2560.127686
-273.079865 -80.621506 2560.127686
-273.084564 -356.571350 2560.127686
-94.806366 -7.614547 2563.804443
12.713686 -213.585556 2559.138916
-2.697268 -635.101990 2569.352051
2.615472 -1040.299561 2555.881836
-180.556885 -221.856369 2536.351318
-172.631653 -643.640991 2526.893799
-175.838272 -1049.177612 2538.526123
-1.009483 -0.869202 -1.322754
3.602088 -1.843384 6.595947
-116.554794 415.835693 2594.950684
-107.844147 205.637329 2582.339111
59.663204 212.033966 2601.294922
59.662479 -63.916229 2601.294922
59.667923 -339.866058 2601.294922
-275.351501 199.240692 2563.383301
-275.351349 -76.709442 2563.383301
-275.356049 -352.659271 2563.383301
-97.703247 -4.272103 2563.560547
9.143474 -210.488617 2555.725586
-4.924039 -632.045715 2568.115967
-2.029224 -1036.858643 2544.657715
-184.268158 -217.874466 2533.838379
-177.183594 -639.738770 2525.823730
-178.396973 -1045.407593 2532.856934
-2.034565 2.378876 1.695068
-4.644696 3.440918 -11.224121
-119.512260 413.454315 2580.281738
-111.366043 201.670944 2577.373047
56.269562 208.854721 2594.791992
56.268837 -67.095474 2594.791992
56.274281 -343.045288 2594.791992
-279.001648 194.487167 2559.954102
-279.001495 -81.462967 2559.954102
-279.006195 -357.412781 2559.954102
-101.049278 -8.615848 2564.811768
6.049598 -214.755173 2562.307129
-7.522188 -636.399048 2573.278320
1.287950 -1041.472168 2555.047852
-187.514633 -223.050095 2542.193848
-178.628494 -644.914978 2535.263916
-179.255722 -1050.603149 2543.315674
-3.393642 -3.179230 -6.502930
3.317173 -4.613525 10.390137
-121.439049 414.463837 2583.949951
-113.913780 202.531921 2579.774170
53.926186 209.800735 2594.955811
53.925461 -66.149460 2594.955811
53.930904 -342.099304 2594.955811
-281.753754 195.263123 2564.592529
-281.753601 -80.687012 2564.592529
-281.758301 -356.636841 2564.592529
-103.557281 -7.723063 2565.946289
3.700851 -213.781433 2560.883545
-7.515018 -635.575562 2565.462158
0.996208 -1040.666260 2545.158447
-190.102417 -222.174667 2543.353271
-175.662323 -643.491760 2526.924561
-184.121323 -1049.044067 2534.594482
-2.343376 0.945984 0.163818
-0.291741 0.805908 -9.889404
-124.770386 415.176575 2594.785400
-116.813431 203.788940 2584.066406
51.063969 210.963837 2598.987549
51.063244 -64.986359 2598.987549
51.068687 -340.936188 2598.987549
-284.690826 196.614044 2569.145264
-284.690674 -79.336090 2569.145264
-284.695374 -355.285919 2569.145264
-106.244240 -6.129074 2566.092529
1.237103 -211.905167 2556.732178
-10.294424 -633.607239 2566.496338
4.192958 -1038.335815 2542.653564
-192.587219 -220.189011 2539.505127
-182.648163 -641.401489 2517.529053
-174.887192 -1046.284546 2534.751953
-2.862217 1.163116 4.031738
3.196750 2.330444 -2.504883
-128.393448 412.244873 2598.700195
-120.042168 201.910461 2584.999268
48.024097 209.384644 2597.210205
48.023373 -66.565552 2597.210205
48.028816 -342.515381 2597.210205
-288.108459 194.436279 2572.788330
-288.108307 -81.513855 2572.788330
-288.113007 -357.463684 2572.788330
-109.272156 -7.855851 2565.160645
-1.465489 -213.306793 2552.372314
-11.751195 -635.034424 2563.607422
4.934880 -1040.010010 2546.226807
-195.538788 -221.937531 2538.271729
-185.270325 -643.331543 2518.909424
-176.645493 -1048.613525 2529.384277
-3.039871 -1.579193 -1.777344
0.741922 -1.674194 3.573242
-132.977600 412.879333 2609.658936
-124.728111 203.754517 2589.143066
43.437447 211.331436 2599.950195
43.436722 -64.618759 2599.950195
43.442165 -340.568604 2599.950195
-292.893677 196.177612 2578.335938
-292.893524 -79.772522 2578.335938
-292.898224 -355.722351 2578.335938
-113.692566 -5.389827 2564.054688
-5.577226 -210.160126 2545.205078
-17.939159 -631.430420 2565.200195
4.679850 -1035.137939 2534.668945
-199.736832 -218.908234 2532.727539
-191.850021 -640.305969 2511.761719
-171.587357 -1045.080322 2524.611328
-4.586651 1.946777 2.739990
-0.255031 4.872070 -11.557861
-134.615295 407.377502 2606.136230
-126.701309 197.966339 2587.184326
41.552677 205.437683 2596.681885
41.551952 -70.512512 2596.681885
41.557396 -346.462341 2596.681885
-294.955292 190.494995 2577.686768
-294.955139 -85.455139 2577.686768
-294.959839 -361.404968 2577.686768
-116.057877 -11.381411 2563.315918
-8.281810 -216.415970 2544.930420
-19.375153 -637.826233 2563.840820
7.018539 -1041.768433 2538.427490
-202.547089 -225.042343 2533.964600
-192.248123 -646.491150 2514.891357
-175.465988 -1051.030151 2537.459473
-1.884769 -5.893738 -3.268311
2.338690 -6.630493 3.758545
-140.174423 409.540680 2604.868652
-131.397324 199.258759 2588.125488
36.911476 207.836517 2595.131836
36.910751 -68.113678 2595.131836
36.916195 -344.063507 2595.131836
-299.706116 190.681000 2581.119141
-299.705963 -85.269135 2581.119141
-299.710663 -361.218964 2581.119141
-119.769081 -10.159043 2565.174805
-10.965487 -214.624359 2546.269287
-20.008078 -635.819702 2541.185547
-2.700310 -1040.066406 2543.902588
-205.316177 -224.529327 2538.178955
-193.950104 -645.375671 2510.207275
-180.113571 -1048.684448 2548.395264
-4.641201 2.398834 -1.550049
-9.718849 1.702026 5.475098
-143.610016 410.220947 2604.248535
-135.195938 199.986710 2588.332764
33.209038 208.374237 2592.233154
33.208313 -67.575958 2592.233154
33.213757 -343.525787 2592.233154
-303.600891 191.599197 2584.432373
-303.600739 -84.350937 2584.432373
-303.605438 -360.300781 2584.432373
-124.225830 -9.442362 2565.045166
-16.025162 -214.028809 2544.009521
-34.826439 -633.334839 2513.779541
-5.191078 -1036.192139 2536.017090
-210.486282 -223.714066 2539.505615
-198.807495 -644.561218 2510.839355
-182.734146 -1048.833252 2535.635010
-3.702438 0.537720 -2.898682
-2.490768 3.874268 -7.885498
-146.183746 410.856140 2603.929932
-138.389847 200.356567 2589.177979
30.069199 208.462570 2591.930908
30.068476 -67.487625 2591.930908
30.073919 -343.437439 2591.930908
-306.848907 192.250565 2586.425049
-306.848755 -83.699570 2586.425049
-306.853455 -359.649414 2586.425049
-127.944504 -9.239285 2567.154297
-20.255600 -214.155930 2546.719727
-48.445961 -627.883667 2481.303711
-4.274895 -1025.280029 2536.072266
-214.742722 -223.514359 2543.541504
-199.180588 -644.060303 2512.361816
-180.034637 -1048.758057 2528.701904
-3.139837 0.088348 -0.302246
0.916183 10.912109 0.055176
-153.204651 411.085999 2611.773438
-144.959381 200.844269 2593.814453
23.467937 209.949127 2595.758789
23.467215 -66.001068 2595.758789
23.472658 -341.950897 2595.758789
-313.386719 191.739410 2591.870117
-313.386566 -84.210724 2591.870117
-313.391266 -360.160553 2591.870117
-133.363693 -8.366747 2569.028076
-24.537228 -212.321655 2545.364258
-55.886162 -617.077393 2441.446289
-12.449085 -1012.777954 2512.470215
-218.998779 -222.833878 2543.119141
-190.999161 -641.789490 2503.602051
-190.797089 -1046.351562 2525.638184
-6.601261 1.486542 3.827881
-8.174191 12.502075 -23.602051
-158.921204 413.065552 2626.206543
-151.870071 203.998062 2601.172607
16.594589 212.311661 2600.493896
16.593866 -63.638535 2600.493896
16.599310 -339.588379 2600.493896
-320.334717 195.684479 2601.851318
-320.334564 -80.265656 2601.851318
-320.339264 -356.215485 2601.851318
-141.705963 -4.456831 2570.649902
-34.277184 -208.111801 2539.735352
-67.786682 -600.970337 2398.732910
-31.872334 -998.386902 2468.038086
-228.806534 -217.711655 2540.519043
-184.857544 -634.752869 2497.303955
-201.868866 -1038.809814 2521.121582
-6.873348 2.362518 4.735107
-19.423248 14.391052 -44.432129
-160.136292 414.074768 2624.915283
-154.799026 204.441010 2601.797852
13.729643 211.292191 2600.057373
13.728919 -64.658005 2600.057373
13.734364 -340.607849 2600.057373
-323.327698 197.589828 2603.538330
-323.327545 -78.360306 2603.538330
-323.332245 -354.310120 2603.538330
-146.618759 -4.282408 2572.271973
-41.147949 -209.050690 2541.741211
-72.388374 -589.931030 2369.762695
-43.652367 -990.612549 2420.566650
-235.729034 -216.960968 2543.750977
-167.560699 -629.972168 2498.071777
-199.185272 -1032.854248 2527.115234
-2.864946 -1.019470 -0.436523
-11.780033 7.774353 -47.471436
-165.058105 410.963806 2624.261475
-159.075165 201.894943 2602.230225
9.360756 209.531982 2597.819824
9.360032 -66.418213 2597.819824
9.365477 -342.368042 2597.819824
-327.511078 194.257889 2606.640625
-327.510925 -81.692245 2606.640625
-327.515625 -357.642090 2606.640625
-150.343552 -7.006289 2573.962891
-44.365707 -211.498276 2543.149170
-70.101196 -570.126160 2330.115234
-48.686268 -973.234985 2357.911133
-238.858185 -220.316757 2548.241943
-157.768799 -631.401733 2503.781494
-194.577301 -1034.509277 2526.050537
-4.368887 -1.760193 -2.237549
-5.033901 17.377563 -62.655518
-169.346588 409.307617 2624.432373
-163.081070 200.334732 2603.765625
5.367819 208.260788 2599.718262
5.367095 -67.689407 2599.718262
5.372539 -343.639221 2599.718262
-331.529938 192.408661 2607.813477
-331.529785 -83.541473 2607.813477
-331.534485 -359.491302 2607.813477
-153.901306 -8.692603 2576.479980
-47.483620 -213.144577 2546.857422
-70.786270 -545.488647 2295.417480
-55.646141 -948.416565 2284.835449
-241.959473 -222.295288 2551.530762
-154.999466 -631.584839 2499.932861
-191.362091 -1034.168701 2531.915771
-3.992938 -1.271179 1.898438
-6.959873 24.818420 -73.075684
-171.081070 407.283752 2622.521240
-165.007812 197.276794 2604.162842
3.469772 205.191589 2601.187500
3.469049 -70.758606 2601.187500
3.474493 -346.708435 2601.187500
-333.485413 189.362000 2607.138184
-333.485260 -86.588135 2607.138184
-333.489960 -362.537964 2607.138184
-155.633606 -11.942339 2578.424316
-48.998337 -216.592316 2550.968018
-71.381508 -519.880798 2265.205811
-52.733841 -911.953247 2191.242188
-243.520462 -225.730637 2554.403564
-153.479263 -634.105896 2499.353027
-188.655792 -1036.876465 2532.307373
-1.898046 -3.069214 1.469238
2.912300 36.463318 -93.593262
-171.964615 404.285828 2622.566650
-166.719666 192.608826 2604.908691
1.799538 199.960266 2604.058105
1.798814 -75.989929 2604.058105
1.804258 -351.939758 2604.058105
-335.238892 185.257385 2605.759277
-335.238739 -90.692749 2605.759277
-335.243439 -366.642578 2605.759277
-157.721558 -16.635159 2579.175537
-51.430382 -221.634857 2552.951172
-71.927155 -490.362549 2234.757080
-49.103127 -858.327759 2090.871582
-246.016510 -230.123444 2553.933594
-154.389969 -638.137817 2497.908203
-200.869446 -1040.210938 2522.125244
-1.670235 -5.231323 2.870605
3.630714 53.625488 -100.370605
-174.225204 406.743774 2623.590332
-169.737259 194.168610 2607.168945
-1.184557 200.973816 2606.733154
-1.185281 -74.976379 2606.733154
-1.179836 -350.926208 2606.733154
-338.289978 187.363403 2607.604736
-338.289825 -88.586731 2607.604736
-338.294525 -364.536560 2607.604736
-161.353973 -15.113257 2581.509277
-55.668060 -220.466583 2555.598145
-75.531876 -449.187775 2207.996582
-47.567455 -761.474792 2021.095215
-250.273331 -228.323654 2556.101074
-157.953827 -635.907349 2497.699463
-205.652786 -1037.502197 2528.473145
-2.984095 1.013550 2.675049
1.535671 96.852966 -69.776367
-175.564667 404.915344 2622.602295
-170.962677 191.900681 2607.517090
-2.401789 198.387589 2608.611328
-2.402512 -77.562607 2608.611328
-2.397068 -353.512451 2608.611328
-339.523529 185.413788 2606.422852
-339.523376 -90.536346 2606.422852
-339.528076 -366.486176 2606.422852
-162.741989 -17.405680 2581.985352
-57.208000 -222.967041 2557.085205
-72.341286 -417.769165 2188.266846
-42.719975 -676.826965 1951.716064
-251.834610 -230.457062 2555.822021
-167.678131 -639.667236 2496.800537
-197.760925 -1043.178833 2518.378662
-1.217232 -2.586243 1.878174
4.847481 84.647827 -69.379150
-175.618546 403.017395 2622.107666
-171.960983 190.427612 2607.754395
-3.398558 196.318359 2610.458496
-3.399281 -79.631836 2610.458496
-3.393837 -355.581665 2610.458496
-340.523376 184.536865 2605.050293
-340.523224 -91.413269 2605.050293
-340.527924 -367.363098 2605.050293
-164.236420 -18.901707 2582.250000
-59.197182 -224.830170 2558.306641
-71.002586 -368.951385 2168.157227
-42.075691 -595.527100 1880.339355
-253.826523 -231.631882 2555.184570
-175.820923 -641.736877 2493.913086
-192.828629 -1045.705811 2521.319336
-0.996769 -2.069214 1.847168
0.644283 81.299866 -71.376709
-177.885574 399.015533 2620.854736
-173.985687 186.612442 2606.345703
-5.420978 192.336472 2609.618896
-5.421701 -83.613724 2609.618896
-5.416257 -359.563538 2609.618896
-342.550415 180.888412 2603.072510
-342.550262 -95.061722 2603.072510
-342.554962 -371.011536 2603.072510
-166.391449 -22.795900 2581.458496
-61.486317 -228.899811 2558.460938
-73.476379 -315.260132 2152.938721
-41.332504 -520.902710 1823.217773
-256.108093 -235.508667 2554.681641
-185.358948 -645.638306 2485.766846
-187.640778 -1048.477051 2527.560547
-2.022420 -3.981873 -0.839600
0.743187 74.624390 -57.121582
-178.769623 400.424622 2622.231201
-175.284531 188.212021 2607.439697
-6.726490 193.697556 2611.493408
-6.727213 -82.252640 2611.493408
-6.721769 -358.202454 2611.493408
-343.842590 182.726486 2603.385986
-343.842438 -93.223648 2603.385986
-343.847137 -369.173462 2603.385986
-167.883148 -21.274654 2583.161133
-63.172276 -227.594513 2561.222656
-78.657166 -257.996063 2148.042236
-42.212669 -431.113953 1785.305054
-257.791229 -233.928162 2556.542480
-193.234467 -644.005005 2481.487549
-176.878540 -1045.227539 2533.090088
-1.305512 1.361084 1.874512
-0.880165 89.788757 -37.912720
-182.264832 400.980896 2624.442139
-176.165649 188.604691 2607.585693
-7.779064 195.533661 2614.460938
-7.779788 -80.416534 2614.460938
-7.774344 -356.366364 2614.460938
-344.552246 181.675720 2600.710449
-344.552094 -94.274414 2600.710449
-344.556793 -370.224243 2600.710449
-166.532715 -20.695124 2582.593750
-59.672504 -225.994125 2561.571533
-80.065636 -172.806351 2156.832275
-38.262928 -349.111328 1754.127686
-254.127075 -233.995758 2553.632080
-188.515076 -642.503235 2471.171631
-176.120667 -1043.211670 2530.343018
-1.052575 1.836090 2.967529
3.949741 82.002625 -31.177368
-183.438675 398.882507 2623.026611
-176.496552 186.593613 2606.306396
-8.106087 194.311859 2612.548340
-8.106811 -81.638336 2612.548340
-8.101366 -357.588165 2612.548340
-344.887024 178.875366 2600.064453
-344.886871 -97.074768 2600.064453
-344.891571 -373.024597 2600.064453
-165.987213 -22.701752 2581.589355
-58.271538 -227.541626 2560.475586
-75.198410 1.325577 1967.229980
-41.968994 -287.397400 1737.775391
-252.684204 -236.452606 2553.269043
-189.586945 -644.893433 2468.223877
-181.407684 -1043.886230 2539.149658
-0.327022 -1.221802 -1.912598
-3.706066 61.713928 -16.352295
-182.606522 397.718567 2621.822266
-176.543549 185.805023 2605.070801
-8.073656 192.500626 2610.395996
-8.074380 -83.449570 2610.395996
-8.068935 -359.399414 2610.395996
-345.013428 179.109421 2599.745605
-345.013275 -96.840714 2599.745605
-345.017975 -372.790527 2599.745605
-167.462921 -23.647404 2581.146729
-61.124733 -229.234467 2560.296875
-72.635910 -15.648804 2078.580566
-48.550163 -226.116318 1733.258057
-255.639862 -236.965195 2554.148438
-194.264114 -646.036255 2470.683594
-183.586456 -1046.551636 2532.946289
0.032431 -1.811249 -2.152344
-6.581169 61.281082 -4.517334
-180.925842 399.545410 2613.223145
-176.179733 186.947052 2601.632568
-7.639015 192.711716 2605.640625
-7.639739 -83.238480 2605.640625
-7.634295 -359.188293 2605.640625
-344.720490 181.182373 2597.624512
-344.720337 -94.767761 2597.624512
-344.725037 -370.717590 2597.624512
-168.519806 -22.916172 2581.368652
-63.558960 -229.451370 2563.418701
-69.905075 -24.461609 2136.934326
-47.787102 -192.429291 1732.836426
-258.160767 -236.107422 2558.790771
-194.157562 -643.690002 2470.242676
-180.852234 -1043.368896 2537.951172
0.434641 0.211121 -4.755371
0.763062 33.687027 -0.421631
-181.670822 396.256622 2616.925537
-176.966324 184.168076 2601.995117
-8.402297 189.547134 2605.860107
7.236782 -209.351791 2571.591553
2.558306 -347.056824 2564.343750
-345.530334 178.789017 2598.130127
-345.530182 -97.161118 2598.130127
-345.534882 -373.110962 2598.130127
-169.772247 -25.566086 2580.135498
-65.268013 -232.194977 2560.507080
-67.843231 -30.402191 2162.225342
-45.398273 -173.843552 1727.937134
-259.888336 -238.405518 2556.044678
-193.113846 -644.101929 2461.224854
-180.737762 -1043.472656 2531.475830
10.192600 12.131470 -41.296875
2.388828 18.585739 -4.899292
-180.967239 396.192444 2618.276611
-176.800110 183.939041 2601.653809
-8.220233 189.310257 2604.926514
21.631443 -145.216843 2559.617432
14.028370 -350.756653 2537.391113
-345.380005 178.567825 2598.381104
-345.379852 -97.382309 2598.381104
-345.384552 -373.332153 2598.381104
-169.674622 -25.686354 2578.654297
-65.227440 -232.210938 2557.544189
-64.164337 -32.797867 2172.960693
-38.809319 -180.066574 1728.456299
-259.870819 -238.412567 2553.765381
-191.289200 -645.128174 2464.772705
-179.789642 -1044.167236 2537.316162
11.470064 -3.699829 -26.952637
6.588955 -6.223022 0.519165
-182.562317 396.442474 2620.950928
-180.036163 183.958374 2602.394531
-11.408641 187.585983 2605.215820
29.463413 -107.486832 2559.929443
23.646608 -345.480225 2521.331055
-348.663696 180.330780 2599.573242
-348.663544 -95.619354 2599.573242
-348.668243 -371.569183 2599.573242
-175.119843 -25.558117 2577.944336
-72.848495 -232.980255 2555.123047
-95.721542 -98.160477 2163.033203
-40.044033 -212.794830 1729.781006
-267.558563 -237.168961 2551.865234
-199.591522 -645.753052 2471.622314
-187.140060 -1046.462402 2533.349121
9.618238 5.276428 -16.060059
-1.234715 -32.728256 1.324707
-181.036011 405.186310 2622.328613
-182.543610 193.259415 2605.325439
-13.926107 194.101242 2604.080078
36.052116 -87.725601 2562.035400
35.770916 -340.466370 2508.697266
-351.161133 192.417587 2606.570801
-351.160980 -83.532547 2606.570801
-351.165680 -359.482361 2606.570801
-181.675446 -16.323977 2581.201416
-83.424019 -225.421173 2556.358154
-78.925995 17.518768 1951.941772
-34.284119 -241.955444 1739.835571
-278.190552 -226.393555 2557.796631
-203.255310 -634.200317 2479.800537
-189.513138 -1034.969238 2541.452393
12.124308 5.013855 -12.633789
5.759914 -29.160614 10.054565
-181.700928 406.311462 2622.478760
-184.357010 193.874329 2605.503906
-15.724350 192.895218 2603.256592
38.678806 -69.243088 2569.134033
44.244072 -328.275146 2504.348633
-352.989655 194.853424 2607.751221
-352.989502 -81.096710 2607.751221
-352.994202 -357.046539 2607.751221
-185.897705 -15.696418 2581.199707
-90.099617 -225.832321 2555.598145
-62.580856 -100.628494 2043.921143
-22.498966 -320.161621 1748.993896
-284.777191 -224.701996 2558.192871
-202.092514 -631.270020 2481.616211
-183.404999 -1033.763550 2525.951904
8.473156 12.191223 -4.348633
11.785152 -78.206177 9.158325
-182.132431 404.825470 2622.053467
-185.913055 193.359070 2605.830811
-17.321468 191.839844 2601.280518
51.913776 -61.909622 2590.003906
75.073883 -315.328064 2495.797852
-354.504639 194.878311 2610.381104
-354.504486 -81.071823 2610.381104
-354.509186 -357.021667 2610.381104
-188.444061 -16.278877 2582.048340
-93.650238 -226.793854 2555.639160
-51.332161 -199.419937 2093.710449
-13.999321 -392.337585 1765.412109
-288.299896 -225.039810 2560.892578
-197.690979 -630.445618 2487.258545
-183.946075 -1033.191162 2532.859375
30.829811 12.947083 -8.550781
8.499645 -72.175964 16.418213
-182.139618 407.374146 2621.832275
-185.975616 196.560135 2606.160645
-17.343742 194.370499 2603.173096
50.948906 -58.513535 2594.291260
74.118973 -313.776855 2498.437744
-354.607483 198.749756 2609.148193
-354.607330 -77.200378 2609.148193
-354.612030 -353.150208 2609.148193
-189.112976 -13.121969 2582.751709
-94.904213 -224.068069 2557.618164
-45.381805 -277.172333 2128.501953
-6.480885 -463.960297 1790.157227
-289.596466 -221.540070 2561.067383
-195.437851 -626.706055 2490.313965
-181.416290 -1030.274414 2528.476562
-0.954910 1.551208 2.639893
7.518436 -71.622711 24.745117
-183.376282 409.830688 2621.721191
-187.482605 198.883987 2606.689453
-18.828035 196.344696 2605.036865
49.897873 -55.225494 2598.709473
71.970078 -309.166168 2496.255859
-356.137177 201.423294 2608.342041
-356.137024 -74.526840 2608.342041
-356.141724 -350.476685 2608.342041
-190.864197 -10.865018 2583.873535
-96.884537 -222.079910 2560.103516
-39.657730 -349.309143 2162.953369
-2.597794 -542.856750 1826.079468
-291.607056 -219.148132 2562.011719
-194.758087 -623.318359 2489.015381
-185.778107 -1026.701782 2530.990234
-2.148895 4.610687 -2.181885
3.883091 -78.896454 35.922241
-181.027313 411.815399 2621.165527
-185.680496 201.282669 2606.723633
-17.033079 197.956299 2606.900146
46.887291 -53.407700 2600.917480
71.570175 -306.788147 2496.105713
-354.327911 204.609055 2606.547119
-354.327759 -71.341080 2606.547119
-354.332458 -347.290894 2606.547119
-189.793076 -8.442274 2583.785400
-96.542320 -220.087601 2560.948975
-34.503887 -398.027100 2188.183350
6.395687 -645.989197 1886.285156
-291.268982 -216.246841 2560.745361
-193.343216 -619.617065 2484.704102
-182.376190 -1022.490173 2531.271484
-0.399902 2.378021 -0.150146
8.993481 -103.132446 60.205688
-181.521347 411.726868 2622.890869
-185.584366 201.738068 2606.203369
-16.955767 197.659683 2607.693115
45.688065 -52.003281 2604.577637
72.360588 -304.760437 2497.960449
-354.212982 205.816452 2604.713623
-354.212830 -70.133682 2604.713623
-354.217529 -346.083496 2604.713623
-190.436432 -7.799663 2581.784180
-97.939316 -219.691849 2558.225098
-36.462734 -442.618591 2211.662354
9.417152 -740.946167 1960.081055
-292.637665 -214.982941 2556.504883
-195.168549 -619.063110 2483.655029
-182.790619 -1021.647461 2532.673340
0.790413 2.027710 1.854736
3.021465 -94.956970 73.795898
-181.379974 410.504150 2612.251221
-185.098694 199.798370 2601.745605
-16.455524 195.820480 2602.501465
45.103649 -52.770676 2606.470947
75.390236 -306.303833 2502.353760
-353.741852 203.776260 2600.989746
-353.741699 -72.173874 2600.989746
-353.746399 -348.123718 2600.989746
-189.961823 -10.167529 2581.785156
-97.469124 -222.429810 2562.260986
-32.951248 -483.796906 2244.350586
15.335136 -825.187866 2058.756592
-292.180756 -217.837036 2561.388428
-193.153900 -622.880920 2496.859131
-181.323425 -1026.059937 2540.865234
3.029648 -1.543396 4.393311
5.917984 -84.241699 98.675537
-179.502716 413.141022 2616.437012
-182.768417 202.931976 2601.100098
-14.124325 199.125824 2602.713135
47.029625 -54.977097 2607.483643
77.325981 -310.626740 2508.556396
-351.412476 206.738129 2599.487061
-351.412323 -69.212006 2599.487061
-351.417023 -345.161835 2599.487061
-187.269379 -6.620673 2577.215332
-94.411514 -218.370621 2554.261719
-29.470955 -508.344055 2260.813477
17.107525 -879.588989 2146.878418
-289.129181 -213.976013 2552.399414
-191.012207 -618.990845 2486.016602
-178.314194 -1022.467896 2527.142578
1.935745 -4.322906 6.202637
1.772388 -54.401123 88.121826
-178.053314 416.090454 2618.031738
-181.198334 205.766159 2600.987549
-12.541528 202.329636 2602.438232
46.672710 -53.230820 2606.744873
78.480865 -310.274170 2511.870850
-349.855133 209.202682 2599.536865
-349.854980 -66.747452 2599.536865
-349.859680 -342.697266 2599.536865
-185.240723 -3.573211 2575.052246
-91.917145 -214.896500 2549.954346
-30.398552 -539.879028 2296.988037
14.263123 -927.269531 2241.785889
-286.649078 -210.928665 2548.279541
-187.205261 -616.863342 2490.422852
-183.402634 -1020.460510 2531.402100
1.154884 0.352570 3.314453
-2.844402 -47.680542 94.907471
-176.594879 416.192749 2619.824951
-178.742996 206.357697 2599.515137
-10.068157 203.754990 2600.351318
48.042824 -52.194000 2604.449463
78.757431 -311.163239 2514.572021
-347.417816 208.960403 2598.678955
-347.417664 -66.989731 2598.678955
-347.422363 -342.939575 2598.678955
-181.829254 -2.712510 2571.321777
-87.536621 -213.285294 2543.611084
-26.369106 -562.691528 2324.026611
14.900753 -955.852539 2328.440430
-282.294403 -210.280136 2542.645752
-186.766083 -618.249329 2493.574951
-177.712677 -1022.607361 2523.485596
0.276566 -0.889069 2.701172
0.637630 -28.583008 86.654541
-173.950302 417.331482 2621.226074
-176.066330 207.992630 2598.715576
-7.385006 205.899796 2599.905273
53.586597 -52.893753 2602.792480
83.524445 -314.543030 2521.015625
-344.747620 210.085449 2597.525879
-344.747467 -65.864685 2597.525879
-344.752167 -341.814514 2597.525879
-178.448761 -0.894809 2569.052246
-83.450050 -210.990448 2540.075684
-23.608006 -582.989014 2361.376465
4.378075 -977.980103 2405.409668
-278.212341 -208.574036 2538.702148
-188.183472 -618.354614 2494.382324
-178.319153 -1022.171509 2531.335693
4.767014 -3.379791 6.443604
-10.522678 -22.127563 76.969238
-171.908127 417.349640 2621.427979
-173.425278 208.548721 2597.236572
-4.748092 207.155884 2599.364990
60.329414 -50.720001 2606.699951
86.310730 -312.376740 2523.399170
-342.102448 209.941544 2595.108154
-342.102295 -66.008591 2595.108154
-342.106995 -341.958435 2595.108154
-174.764862 -0.239921 2566.766602
-78.723572 -209.832672 2537.525391
-21.651642 -597.947388 2393.936523
2.562204 -991.888977 2465.699707
-273.485352 -208.224442 2535.067871
-186.947418 -619.550781 2499.136230
-178.761963 -1024.126221 2526.867188
2.786285 2.166290 2.383545
-1.815870 -13.908875 60.290039
-169.613358 416.168152 2622.524658
-170.056274 207.467575 2595.589844
-1.401014 205.918030 2598.910645
67.568001 -46.327240 2611.340332
89.347763 -307.747467 2526.036621
-338.711548 209.017105 2592.269043
-338.711395 -66.933029 2592.269043
-338.716095 -342.882874 2592.269043
-171.352417 -1.169989 2564.064453
-75.280815 -210.702133 2534.456299
-22.095848 -611.954102 2431.157227
-1.098589 -1007.351990 2508.486084
-270.016296 -208.912964 2530.621826
-179.571640 -619.858582 2499.876465
-189.365677 -1024.192627 2526.178955
3.037033 4.629272 2.637451
-3.660793 -15.463013 42.786377
-165.357224 416.400299 2621.070068
-165.266846 207.949158 2593.496094
3.400317 206.543304 2596.409912
70.065956 -49.373688 2608.868896
93.442062 -311.739899 2526.874023
-333.934021 209.355026 2590.582275
-333.933868 -66.595108 2590.582275
-333.938568 -342.544922 2590.582275
-166.461609 -0.697002 2561.988037
-70.284317 -210.154770 2532.162109
-18.503078 -619.801392 2466.173340
3.064383 -1018.604492 2529.432129
-265.028442 -208.531555 2528.797852
-179.914581 -620.950256 2502.853516
-185.975006 -1025.631104 2528.535645
4.094299 -3.992432 0.837402
4.162971 -11.252502 20.946045
-159.306915 414.187836 2611.337891
-160.010590 205.475891 2587.484375
8.630082 203.010864 2591.023682
72.179276 -49.197571 2601.897705
98.014412 -314.742554 2532.902832
-328.651276 207.940918 2583.945068
-328.651123 -68.009216 2583.945068
-328.655823 -343.959045 2583.945068
-162.460205 -3.526085 2558.640625
-67.549889 -213.951172 2531.840332
-21.693031 -628.846985 2498.070312
-1.267557 -1030.545776 2542.072998
-262.269745 -211.104935 2527.753418
-184.451477 -625.124146 2504.708252
-182.174988 -1029.672363 2533.489746
4.572350 -3.002655 6.028809
-4.331940 -11.941284 12.640869
-155.181671 418.167877 2616.980469
-156.479401 209.563095 2589.709229
12.175223 207.079926 2592.608398
77.253227 -51.066345 2596.008057
104.368446 -316.789185 2527.455811
-325.134003 212.046249 2586.810059
-325.133850 -63.903885 2586.810059
-325.138550 -339.853699 2586.810059
-159.010361 0.942867 2558.260254
-64.175865 -209.110901 2528.485107
-19.759216 -626.309448 2520.120605
3.283344 -1029.640137 2539.485840
-258.906799 -206.243805 2525.137451
-182.004852 -620.536377 2502.658447
-179.778763 -1024.502197 2539.172607
6.354034 -2.046631 -5.447021
4.550901 0.905640 -2.587158
-152.735062 413.693481 2609.796387
-153.973038 205.484894 2585.678223
14.685714 202.702271 2588.101318
80.552933 -44.804535 2594.771484
107.132721 -310.044586 2523.842285
-322.631805 208.267517 2583.255127
-322.631653 -67.682617 2583.255127
-322.636353 -343.632446 2583.255127
-157.008713 -3.517704 2556.961914
-62.676140 -214.126724 2529.644531
-14.250874 -631.345398 2543.360596
1.099808 -1035.878174 2553.650635
-257.412628 -210.913864 2526.846680
-183.103851 -626.008606 2514.433105
-182.432358 -1030.827026 2537.959717
2.764275 6.744598 -3.613525
-2.183537 -6.238037 14.164795
-151.609024 412.552124 2607.202881
-151.445511 204.036392 2584.487549
17.220413 202.016830 2587.137207
86.240875 -49.492615 2592.831299
107.741707 -314.456635 2519.225586
-320.111450 206.055954 2581.837891
-320.111298 -69.894180 2581.837891
-320.115997 -345.843994 2581.837891
-153.529678 -5.233539 2557.653320
-58.240555 -215.669388 2532.348877
-7.318218 -631.449707 2569.148682
3.521624 -1034.826904 2547.560791
-252.987137 -213.337540 2529.289307
-179.433594 -628.742615 2523.150635
-173.146988 -1033.923340 2530.606201
0.608986 -4.412048 -4.616699
2.421816 1.051270 -6.089844
-149.446442 411.914307 2605.942139
-145.116959 202.858475 2584.125244
23.428205 204.135666 2589.715820
92.337547 -51.853973 2591.654785
107.147583 -314.972412 2510.639160
-313.662140 201.581284 2578.534668
-313.661987 -74.368851 2578.534668
-313.666687 -350.318665 2578.534668
-142.675446 -6.502424 2558.348145
-42.898125 -215.125748 2535.799805
4.824654 -631.125122 2581.119629
15.906695 -1034.878540 2552.775391
-237.569748 -216.600906 2529.342285
-169.706192 -633.019104 2525.226318
-159.366180 -1038.374756 2531.116455
-0.594124 -0.515778 -8.586426
12.385072 -0.051636 5.214600
-145.259125 412.328674 2607.308594
-139.625946 203.566681 2585.320801
28.612404 205.665726 2596.035156
100.002968 -49.061508 2596.237793
106.893417 -307.985474 2502.672607
-307.864319 201.467621 2574.606445
-307.864166 -74.482513 2574.606445
-307.868866 -350.432343 2574.606445
-135.377045 -5.799629 2559.621094
-33.972778 -213.953766 2540.108887
2.440273 -630.566528 2591.970703
8.674126 -1033.978760 2554.279297
-228.283508 -216.378098 2527.733887
-175.102509 -634.674133 2530.438721
-168.194763 -1040.244141 2531.975830
-0.254166 6.986938 -7.966553
-7.232570 0.899780 1.503906
-142.098541 412.765442 2604.968018
-135.301804 203.229141 2585.733154
32.805008 205.923859 2598.737549
103.868103 -48.557220 2592.411377
108.952225 -307.267853 2497.366943
-303.408630 200.534409 2572.728760
-303.408478 -75.415726 2572.728760
-303.413177 -351.365540 2572.728760
-130.049652 -6.274706 2561.251709
-27.769209 -214.223206 2544.276123
-2.896315 -631.742920 2596.948486
8.740457 -1034.522461 2552.274170
-221.825790 -217.333893 2529.264404
-176.229263 -636.637085 2532.426025
-167.085663 -1042.086426 2541.259521
2.058807 0.717621 -5.305664
0.066331 -0.543701 -2.005127
-138.254303 412.103333 2603.796631
-130.564377 201.781570 2585.463135
37.386467 205.080017 2600.481934
106.947952 -48.899933 2593.801758
110.997169 -303.785583 2489.034424
-298.515228 198.483124 2570.444336
-298.515076 -77.467010 2570.444336
-298.519775 -353.416840 2570.444336
-124.340813 -7.809490 2561.897705
-21.169968 -215.496567 2547.001709
-2.727644 -634.544800 2589.843506
10.404135 -1038.663330 2563.285156
-215.064545 -219.304535 2529.662842
-172.421356 -639.009705 2534.903320
-167.393951 -1044.597656 2535.251953
2.044945 3.482269 -8.332520
1.663678 -4.140869 11.010986
-134.156311 412.985962 2605.204102
-126.914177 202.671204 2586.980713
40.956978 205.205841 2603.198486
108.318924 -50.707306 2592.031494
112.044991 -304.803711 2484.938721
-294.785339 200.136581 2570.762939
-294.785187 -75.813553 2570.762939
-294.789886 -351.763367 2570.762939
-121.494942 -6.975551 2563.650879
-19.172035 -215.159195 2549.682861
-7.744833 -635.031982 2587.785400
8.222542 -1039.526367 2564.414307
-212.979385 -218.085419 2530.959229
-176.437195 -638.405884 2534.712646
-172.014954 -1044.067505 2538.250732
1.047821 -1.018127 -4.095703
-2.181593 -0.863037 1.129150
-130.852921 414.213501 2604.901611
-123.404160 203.811279 2588.251953
44.477356 206.867889 2604.422607
108.743279 -49.641632 2588.766602
116.777840 -303.725708 2481.732910
-291.285675 200.754654 2572.081299
-291.285522 -75.195480 2572.081299
-291.290222 -351.145325 2572.081299
-117.434914 -5.931887 2565.926270
-14.553697 -213.910568 2552.935303
-2.073593 -634.270813 2586.330078
9.444733 -1039.232422 2566.603516
-208.377655 -217.439529 2534.265869
-174.160690 -638.008057 2534.188721
-165.603210 -1043.391846 2546.068604
4.732849 1.078003 -3.205811
1.222191 0.293945 2.189209
-127.957489 412.328308 2605.760254
-121.055069 202.378418 2589.042725
46.871471 205.002396 2604.893799
109.244904 -48.447922 2589.203369
117.636932 -301.962006 2480.706543
-288.981598 199.754440 2573.191650
-288.981445 -76.195694 2573.191650
-288.986145 -352.145508 2573.191650
-115.667244 -7.380692 2566.687500
-13.337269 -215.625015 2553.482910
-3.915895 -636.600769 2579.387695
5.297073 -1041.916748 2565.507812
-207.221558 -218.654587 2535.181641
-175.393982 -639.432800 2537.454590
-171.319473 -1044.888672 2535.843750
0.859093 1.763702 -1.026367
-4.147659 -2.684326 -1.095703
-125.547668 410.324097 2605.185059
-118.906616 200.810104 2589.586670
49.097462 203.265656 2604.650146
109.926010 -51.265076 2588.234619
121.343063 -306.344910 2483.804199
-286.910706 198.354538 2574.523193
-286.910553 -77.595596 2574.523193
-286.915253 -353.545410 2574.523193
-113.889076 -9.022512 2567.831299
-11.881907 -217.437515 2554.772217
0.209531 -638.282349 2582.730713
-1.086185 -1043.117798 2559.677002
-205.861176 -220.272736 2537.379639
-176.447937 -641.240723 2540.517090
-166.946472 -1046.663696 2534.302002
3.706131 -4.382904 3.097656
-6.383258 -1.201050 -5.830811
-123.590034 411.522308 2604.895264
-117.574158 202.138687 2590.816162
50.481049 204.610931 2605.321289
110.182159 -52.174774 2587.152832
119.839775 -307.540985 2483.149902
-285.629333 199.666443 2576.311035
-285.629181 -76.283691 2576.311035
-285.633881 -352.233521 2576.311035
-112.678513 -7.779684 2569.874023
-10.763588 -216.270813 2557.305908
0.492126 -637.343628 2582.641357
-0.155732 -1042.600220 2565.953125
-204.802139 -219.125290 2540.557861
-178.835434 -640.289001 2546.250000
-162.012360 -1044.802856 2525.812256
-1.503288 -1.196075 -0.654297
0.930454 0.517578 6.276123
-121.468933 413.012054 2604.749268
-115.139473 203.666351 2591.795410
52.946220 206.587692 2605.868164
109.906235 -50.613144 2587.131836
118.855537 -308.040833 2488.370361
-283.225159 200.744995 2577.722656
-283.225006 -75.205139 2577.722656
-283.229706 -351.154968 2577.722656
-109.770515 -6.280630 2571.250977
-7.363920 -214.541077 2558.830811
5.756734 -635.618042 2583.593018
1.390790 -1040.451294 2558.907227
-201.439194 -217.914139 2542.582275
-172.218903 -638.885986 2543.968750
-165.547028 -1044.021240 2531.001465
-0.984238 -0.499847 5.220459
1.546522 2.148926 -7.045898
-118.789093 411.114380 2605.679688
-113.117798 202.110550 2592.569824
55.025696 204.885452 2605.967773
110.031372 -49.332886 2589.182861
115.078865 -307.905273 2493.180908
-281.261292 199.335648 2579.171875
-281.261139 -76.614487 2579.171875
-281.265839 -352.564331 2579.171875
-108.045830 -7.881709 2572.409424
-5.902428 -216.271988 2559.983887
2.511697 -637.642090 2581.101074
2.035729 -1042.722412 2559.024414
-200.045303 -219.475967 2544.514160
-174.415894 -640.670105 2548.427490
-166.883148 -1045.707642 2529.353760
-3.776672 0.135559 4.810547
0.644939 -2.271118 0.117188
-116.242401 410.542664 2604.645752
-111.534698 201.403442 2592.819580
56.710693 204.115555 2604.824219
110.175537 -51.814575 2590.210938
111.709969 -311.557220 2497.295898
-279.780090 198.691315 2580.814941
-279.779938 -77.258820 2580.814941
-279.784637 -353.208649 2580.814941
-106.787964 -8.697012 2573.760498
-4.908379 -217.231674 2561.632080
4.760512 -637.959778 2591.729980
0.070107 -1040.776367 2548.446777
-199.174072 -220.363251 2547.770752
-171.689178 -641.465088 2551.220947
-169.790085 -1046.087891 2523.776123
-3.368896 -3.651947 4.114990
-1.965622 1.946045 -10.577637
-116.824173 409.636719 2605.127441
-111.304413 199.946350 2593.622559
57.003830 203.022568 2604.619873
110.197418 -53.151901 2590.820068
107.671593 -314.076904 2501.336670
-279.612640 196.870132 2582.625244
-279.612488 -79.080002 2582.625244
-279.617188 -355.029846 2582.625244
-106.272110 -10.221466 2575.394775
-4.073305 -218.613342 2563.515869
2.715415 -639.624023 2590.969971
0.370213 -1043.324585 2553.578857
-198.406311 -222.165222 2550.818115
-171.993790 -643.234497 2545.385498
-171.835037 -1048.430298 2534.408936
-4.038376 -2.519684 4.040771
0.300106 -2.548218 5.132080
-114.478958 408.282898 2603.869629
-110.281555 197.523560 2593.446533
58.055862 199.385574 2604.254883
110.004372 -55.404785 2591.123047
105.552834 -316.860748 2503.165039
-278.618958 195.661530 2582.638184
-278.618805 -80.288605 2582.638184
-278.623505 -356.238434 2582.638184
-106.821106 -12.718496 2575.770752
-6.176658 -221.885559 2564.334717
-1.165592 -643.338623 2583.369385
-2.338193 -1048.071411 2561.681396
-200.544647 -224.035522 2551.855225
-171.629227 -644.892883 2542.262939
-179.254074 -1050.238892 2538.795654
-2.118759 -2.783844 1.828369
-2.708406 -4.746826 8.102539
-115.933624 410.442932 2611.747314
-111.740128 200.734192 2597.435547
56.638973 202.246277 2607.675049
109.959396 -59.291962 2591.313477
104.439529 -320.239899 2501.847900
-280.119232 199.222122 2587.196045
-280.119080 -76.728012 2587.196045
-280.123779 -352.677856 2587.196045
-108.596008 -9.219006 2576.737549
-8.245847 -218.299286 2561.950928
-1.021984 -639.827881 2579.830811
-4.660756 -1044.711670 2556.838623
-202.657928 -220.045135 2550.128174
-170.750702 -640.651733 2538.227295
-182.963135 -1046.049805 2537.976807
-1.113304 -3.379150 -1.317139
-2.322563 3.359741 -4.842773
-114.348671 407.972656 2607.187012
-111.501350 197.149185 2596.053467
57.003536 198.462982 2603.567383
110.060593 -55.597656 2591.935059
105.873764 -316.929230 2503.482910
-280.006226 195.835388 2588.539551
-280.006073 -80.114746 2588.539551
-280.010773 -356.064575 2588.539551
-109.053596 -13.046098 2577.913574
-9.314442 -222.482819 2564.112061
2.935920 -643.536377 2588.333740
-6.138879 -1048.098145 2560.553711
-203.897247 -223.999939 2555.435303
-168.966614 -644.462891 2551.065918
-181.354767 -1049.444092 2536.355469
1.434235 3.310669 1.635010
-1.478123 -3.386475 3.715088
-114.061142 409.502563 2614.404541
-111.595108 199.416687 2599.282227
56.920700 199.912018 2606.883545
110.046532 -59.279938 2589.937744
108.267960 -321.333282 2503.589111
-280.110931 198.921356 2591.680908
-280.110779 -77.028778 2591.680908
-280.115479 -352.978607 2591.680908
-110.047791 -10.556641 2578.662109
-11.220031 -220.244019 2562.430176
1.070855 -641.586243 2581.508789
-4.891489 -1046.473389 2556.712402
-205.780914 -220.815918 2553.653809
-170.464706 -641.205078 2544.777344
-183.619354 -1046.265869 2528.088379
2.394196 -4.404053 0.106201
1.247390 1.624756 -3.841309
-110.364052 410.248383 2617.508057
-109.624405 201.079849 2601.145264
58.830242 200.374725 2609.958008
111.044914 -58.108917 2592.510254
110.376640 -318.937744 2502.554932
-278.079041 201.784973 2592.332520
-278.078888 -74.165161 2592.332520
-278.083588 -350.114990 2592.332520
-109.387123 -8.838516 2579.813721
-11.897869 -219.163971 2563.570068
5.745382 -640.116333 2586.499512
-6.854570 -1044.226074 2553.892090
-206.401810 -218.349792 2553.394287
-173.647827 -638.704895 2537.362061
-176.472961 -1043.502563 2544.640381
2.108681 2.395538 -1.034180
-1.963081 2.247314 -2.820312
-109.998184 409.239380 2621.568115
-110.128075 200.616684 2602.854004
58.335640 199.191284 2611.526123
111.032639 -59.426361 2591.959717
113.301422 -320.371399 2502.349121
-278.591766 202.042084 2594.181885
-278.591614 -73.908051 2594.181885
-278.596313 -349.857880 2594.181885
-110.734482 -9.161816 2580.153809
-14.088125 -219.763184 2562.459961
-1.640357 -641.098633 2581.338623
-2.125034 -1045.665649 2553.842285
-208.593643 -218.117447 2552.447266
-172.234055 -638.251709 2537.460693
-180.559250 -1043.422607 2543.539795
2.924782 -1.433655 -0.205811
4.729536 -1.439575 -0.049805
-107.670334 408.656982 2623.092773
-108.522110 200.273529 2604.455566
59.946957 197.982193 2612.880859
111.935951 -58.709702 2591.818848
113.039879 -319.865234 2502.752441
-276.991180 202.564850 2596.030273
-276.991028 -73.385284 2596.030273
-276.995728 -349.335114 2596.030273
-110.237167 -9.498326 2581.700195
-14.694088 -220.592972 2563.808838
0.490074 -641.666321 2586.623535
-0.663593 -1046.350952 2558.622559
-209.210358 -217.947388 2554.080811
-170.504074 -637.956421 2540.864990
-178.402496 -1043.411987 2543.980225
-0.261543 0.506165 0.403320
1.461441 -0.685303 4.780273
-108.309891 409.726318 2622.850098
-108.664818 201.115555 2605.158691
59.763954 198.787094 2614.375977
111.877312 -60.284836 2593.131348
114.258537 -320.339478 2500.958984
-277.093567 203.444016 2595.941406
-277.093414 -72.506119 2595.941406
-277.098114 -348.455933 2595.941406
-110.359840 -8.737320 2583.119385
-14.819618 -219.934433 2566.401367
1.617800 -640.942566 2590.188477
-0.922870 -1045.614746 2561.053955
-209.290115 -217.245956 2555.758789
-169.854279 -637.285583 2545.735840
-176.245560 -1042.563354 2535.557373
1.218658 -0.474243 -1.793457
-0.259277 0.736206 2.431396
-108.069168 410.103333 2621.722656
-108.497864 201.186249 2605.249756
59.910786 198.801239 2614.853516
111.340637 -59.417053 2593.648438
117.053970 -319.993317 2503.136475
-276.906494 203.571274 2595.645996
-276.906342 -72.378860 2595.645996
-276.911041 -348.328674 2595.645996
-110.247818 -8.730387 2583.805176
-14.774477 -220.023911 2567.904785
6.874771 -640.744873 2592.375244
-6.750463 -1043.377808 2547.828369
-209.221069 -217.270142 2556.816406
-170.588760 -637.346191 2544.849365
-178.397079 -1042.836914 2540.071045
2.795433 0.346161 2.177490
-5.827594 2.236938 -13.225586
-107.938377 410.852783 2621.168457
-109.294250 201.982513 2605.487793
59.137661 199.039948 2614.505127
110.885071 -59.322632 2594.620117
116.737656 -319.510406 2502.950439
-277.726166 204.925079 2596.470459
-277.726013 -71.025055 2596.470459
-277.730713 -346.974884 2596.470459
-111.826965 -7.951694 2584.289062
-17.121456 -219.584686 2568.296143
7.173063 -640.007751 2595.430664
-12.043640 -1041.427979 2541.934326
-211.597900 -216.187103 2557.884521
-172.628571 -636.196655 2544.456787
-179.857468 -1041.667969 2534.237061
-0.316315 0.482910 -0.186035
-5.293177 1.949829 -5.894043
-107.319969 408.888428 2621.893066
-109.668839 200.367340 2605.700684
58.731934 196.505127 2614.933350
110.610809 -59.842987 2595.485596
114.396027 -319.433533 2502.037842
-278.069641 204.229553 2596.468018
-278.069489 -71.720581 2596.468018
-278.074188 -347.670410 2596.468018
-113.312042 -9.533590 2584.345947
-19.734665 -221.664230 2568.321533
3.314220 -642.390442 2591.605713
-6.894460 -1045.371704 2548.849609
-214.175827 -217.204788 2557.660889
-169.673813 -636.738098 2549.677246
-182.365662 -1041.714111 2530.904785
-2.341629 0.076874 -0.912598
5.149180 -3.943726 6.915283
-107.622818 407.921509 2621.247070
-110.399353 198.312500 2605.491455
58.018162 194.071762 2614.261963
111.032639 -62.377029 2596.777832
115.394188 -321.995178 2503.395020
-278.816864 202.553223 2596.720947
-278.816711 -73.396912 2596.720947
-278.821411 -349.346741 2596.720947
-114.604225 -11.637486 2584.721680
-21.580036 -224.035675 2569.015381
0.066742 -644.892456 2591.597900
-2.037182 -1049.124146 2562.652588
-216.038162 -219.139252 2558.888428
-171.150772 -638.558228 2546.944580
-182.675888 -1043.818848 2542.723389
0.998161 -2.561646 1.357178
4.857277 -3.752441 13.802979
-109.328812 408.228241 2621.425537
-112.045738 198.131592 2606.148926
56.374088 194.258347 2615.066895
110.703354 -64.539322 2600.517090
110.901985 -322.898071 2503.744141
-280.465546 202.004837 2597.230957
-280.465393 -73.945297 2597.230957
-280.470093 -349.895142 2597.230957
-115.782578 -11.843065 2585.524902
-22.289030 -224.053787 2570.049316
2.159569 -644.602600 2595.250977
-3.963401 -1048.318359 2558.372803
-216.749802 -219.581665 2559.752441
-170.801773 -638.888550 2546.983398
-179.335068 -1044.404297 2545.136230
-4.492203 -0.902893 0.349121
-1.926219 0.805786 -4.279785
-112.366943 408.299622 2623.018799
-113.837997 198.354874 2607.373047
54.636826 195.576248 2615.550537
110.183441 -65.282089 2602.812744
108.868942 -323.673401 2506.058838
-282.312805 201.133499 2599.195557
-282.312653 -74.816635 2599.195557
-282.317352 -350.766479 2599.195557
-116.290260 -11.616271 2586.549561
-21.477304 -223.191589 2570.447266
-1.254200 -644.263062 2588.552734
2.898385 -1048.778687 2563.182617
-216.007751 -219.983246 2561.004883
-173.976929 -639.546326 2544.398682
-170.922913 -1045.070557 2545.033691
-2.033043 -0.775330 2.314697
6.861785 -0.460327 4.809814
-113.578049 404.929138 2613.314697
-114.876129 193.279678 2603.944824
53.640156 191.269791 2611.468506
110.188599 -63.996399 2606.438232
107.847969 -322.461212 2509.855957
-283.392426 195.289566 2596.421143
-283.392273 -80.660568 2596.421143
-283.396973 -356.610413 2596.421143
-116.626343 -17.010511 2586.969238
-21.089853 -228.461029 2574.337158
-1.879042 -649.366211 2597.233643
-2.575636 -1052.492676 2556.012451
-215.663269 -226.140366 2565.650146
-175.287964 -645.963257 2551.218506
-172.942947 -1051.324097 2540.430664
-1.020973 1.212189 3.797119
-5.474020 -3.713989 -7.170166
