-128.603027 737.946899 2273.432373
-117.314423 458.210968 2234.755127
50.729019 456.846130 2245.555420
292.806702 328.512543 2251.001953
249.885208 614.369080 2108.798096
-285.357849 459.575806 2223.954834
-360.780548 198.939911 2253.650391
-378.922913 -108.626556 2127.037842
-117.610748 241.838730 2212.023438
-12.676454 24.611816 2196.055176
-16.855515 -446.109314 2202.913818
-46.461525 -856.674927 2283.709229
-223.137695 26.321167 2182.528320
-224.872299 -449.703217 2175.590332
-202.210892 -882.992920 2271.965088
-127.647865 737.910522 2272.945312
-118.187859 459.742371 2235.531982
49.522633 458.369904 2246.500488
280.907227 324.470703 2257.853760
184.046295 574.800659 2097.492188
-285.898376 461.114868 2224.563477
-360.293854 200.371185 2253.476318
-379.323761 -103.975159 2120.490234
-118.438148 242.756592 2212.208008
-13.630200 24.911041 2195.755127
-16.702209 -445.887054 2203.668457
-45.872295 -852.559998 2285.147217
-223.746674 26.630554 2182.012939
-225.500610 -449.939789 2176.430664
-201.152039 -883.938599 2272.904785
-126.925804 739.064453 2272.050049
-122.316162 464.534088 2237.456787
48.616943 464.415344 2249.930420
283.208282 324.681854 2260.490723
120.549591 547.533569 2097.128662
-293.249268 464.652832 2224.983154
-360.231506 199.210327 2253.484619
-375.642242 -103.965607 2112.034668
-120.696236 245.435669 2213.172363
-14.430542 26.264542 2196.524414
-17.048229 -444.139709 2203.894287
-47.042366 -864.553345 2288.115723
-223.722076 26.409958 2181.251465
-225.914886 -450.823853 2176.041992
-200.808136 -884.799438 2273.805908
-125.791405 739.564209 2271.024170
-121.581970 464.844482 2237.504150
47.328556 464.362701 2250.903809
279.811676 319.190216 2261.808105
82.466248 517.267395 2110.385254
-290.492493 465.326263 2224.104492
-359.242859 203.752838 2252.981689
-372.831360 -107.051819 2113.933594
-120.268562 245.894684 2213.075928
-14.526880 26.647018 2196.932129
-16.836704 -444.437073 2203.988037
-46.281990 -871.627563 2289.475830
-223.383438 27.242752 2180.363281
-225.397034 -451.243225 2176.156738
-199.971268 -884.665405 2274.646729
-124.976562 739.254517 2270.608398
-119.584663 465.076263 2239.544678
49.394112 463.495789 2254.398682
278.048065 312.474884 2261.124023
64.455231 493.556396 2130.079346
-288.563446 466.656738 2224.690674
-354.080780 197.652557 2251.451904
-370.964417 -98.371368 2111.384033
-119.394547 245.880997 2214.059570
-15.252692 25.713455 2197.712402
-15.837052 -445.653198 2204.770020
-44.315804 -892.785522 2295.926514
-223.156158 27.658005 2179.436523
-225.050232 -451.485718 2174.874268
-199.148758 -885.228088 2273.814453
-124.180214 739.220703 2271.074707
-118.097748 463.020325 2239.056641
51.102238 461.124817 2253.063721
275.717468 303.030457 2254.020508
69.415833 515.446289 2127.943604
-287.297729 464.915833 2225.049561
-355.485443 201.156799 2252.140381
-366.237823 -93.399689 2107.378174
-118.471581 244.940918 2214.061523
-14.877292 25.696793 2197.673340
-15.267163 -445.457642 2205.051025
-45.122536 -885.807861 2292.652832
-222.813538 28.026230 2180.459473
-225.248230 -451.514648 2175.283691
-199.561035 -885.203613 2273.853760
-123.618866 739.007019 2271.384277
-118.346344 461.667938 2239.031250
51.472626 459.962585 2251.948242
278.659882 305.501343 2255.365234
88.726181 536.072266 2127.229736
-288.165314 463.373291 2226.114258
-356.582672 203.153351 2252.391846
-370.591522 -90.384613 2106.421875
-118.651192 243.840591 2214.280518
-14.759223 24.966873 2197.455322
-14.638944 -447.267578 2205.769287
-45.607643 -883.306458 2291.313965
-223.152847 27.059616 2181.604248
-225.391983 -452.655640 2175.870361
-199.195984 -886.686584 2274.155273
-122.841095 739.097656 2271.376221
-116.288620 464.345886 2238.595947
54.445919 461.978027 2250.729248
276.673615 303.005188 2255.380371
115.039673 560.430542 2122.733154
-287.023163 466.713806 2226.462646
-357.018494 207.732117 2254.476807
-369.136414 -85.375061 2109.564941
-117.614777 244.976959 2214.445801
-14.247053 24.156036 2197.735840
-14.262818 -447.529999 2206.562500
-46.047184 -882.066284 2291.121582
-223.634811 27.059998 2182.855469
-225.147141 -451.694244 2175.933838
-199.487930 -885.698364 2273.804688
-122.603966 740.371338 2271.333252
-115.291252 463.618103 2238.292725
54.502209 460.889465 2249.944824
275.816040 305.842102 2252.461426
154.217499 597.911621 2119.460693
-285.084717 466.346741 2226.640625
-358.023132 207.992432 2255.479248
-367.354614 -88.236359 2113.401367
-117.192589 244.661392 2214.725098
-13.826953 24.013000 2198.381592
-13.930281 -447.905243 2206.690430
-46.512421 -882.046021 2290.542480
-224.360901 27.396332 2183.933350
-225.068024 -450.320618 2175.463623
-199.400421 -885.369141 2272.979492
-122.690338 740.735901 2271.705322
-116.808052 463.585541 2238.052002
53.266335 461.441650 2249.570801
278.672424 311.267487 2254.279297
215.848633 618.460205 2129.036621
-286.882446 465.729431 2226.533203
-370.196777 190.282562 2238.875244
-366.651093 -87.941620 2108.633301
-117.987297 244.402100 2214.669189
-13.434585 23.885849 2198.447266
-13.541614 -449.170288 2207.505615
-46.843719 -888.798706 2293.421387
-224.898499 26.551468 2184.125488
-225.478012 -449.596130 2175.430664
-199.688675 -885.040405 2272.853516
-123.649963 740.857605 2271.567627
-117.097397 463.170502 2238.000488
52.655697 461.097809 2249.767334
276.858856 313.910889 2257.384521
277.944275 642.599365 2157.281494
-286.850494 465.243195 2226.233643
-365.355255 197.885864 2245.618652
-367.733124 -92.470123 2107.059082
-118.160248 243.903366 2214.710449
-13.176655 23.341400 2198.771240
-13.802741 -450.314362 2208.434814
-47.745007 -887.742371 2293.306641
-225.269547 25.931061 2184.069580
-225.902176 -449.596039 2175.915039
-199.809586 -884.908203 2273.703613
-125.171478 741.000671 2271.893799
-117.269028 462.832520 2237.750977
51.820164 460.943909 2249.556641
277.041260 316.196716 2257.231201
335.996033 661.824951 2173.114746
-286.358185 464.721130 2225.945312
-363.545837 200.770630 2248.718262
-366.608673 -96.689575 2111.134277
-118.120178 243.411575 2214.840332
-12.620501 22.802780 2199.354980
-14.148618 -451.064087 2208.286133
-49.717724 -892.668945 2295.588135
-225.322159 25.178513 2184.504395
-226.236084 -449.694336 2175.884521
-199.285446 -885.688171 2273.551758
-126.261467 741.048096 2271.989502
-116.495255 460.739624 2237.589111
49.858566 458.594299 2248.322998
277.180054 322.660126 2256.481201
394.515381 666.942749 2192.276367
-282.849060 462.884949 2226.855225
-362.601257 203.296112 2248.957764
-367.716278 -87.287994 2111.262451
-117.816132 242.376724 2214.416992
-12.879251 22.643494 2198.101074
-14.544984 -452.256805 2208.161621
-52.275784 -894.850281 2296.276611
-225.394760 25.384155 2184.388672
-226.847458 -450.329193 2177.364746
-199.847809 -886.696533 2275.374756
-127.331535 740.525635 2271.166992
-116.675446 457.557007 2237.363037
48.239826 455.455383 2246.794922
278.978241 326.286377 2254.302490
432.625671 662.324097 2210.024658
-281.590729 459.658630 2227.931152
-362.306152 189.691833 2251.465576
-372.229797 -92.856750 2110.989746
-118.109291 240.754486 2214.126221
-13.870845 22.605331 2196.933105
-14.864992 -452.360901 2207.403076
-54.001678 -895.073059 2295.769043
-225.215439 25.298599 2184.845703
-227.338120 -449.860962 2177.656982
-199.752823 -890.050720 2282.060059
-128.023560 740.343140 2270.332520
-118.190529 455.914001 2236.595215
47.381466 454.506287 2245.297119
283.851929 332.154480 2252.231201
454.600464 655.903625 2214.202881
-283.762512 457.321716 2227.893311
-362.547272 189.675232 2248.964111
-370.054047 -93.896942 2115.547607
-118.813438 239.717194 2213.472900
-13.994136 22.623886 2195.892334
-14.390328 -451.626831 2206.770752
-54.224308 -892.347534 2294.913086
-224.878555 24.416855 2184.808838
-227.867294 -450.774414 2178.618896
-200.230850 -889.148804 2281.362549
-134.035385 738.530701 2269.019287
-119.244659 455.147461 2235.171143
46.388107 454.222321 2243.683594
284.077209 331.794128 2251.520020
460.111969 651.886841 2224.538818
-284.877411 456.072571 2226.658691
-361.988251 190.496582 2246.907959
-372.050415 -101.598236 2113.351074
-119.292557 238.692474 2212.578857
-13.828934 21.648178 2195.409180
-14.123761 -452.096252 2206.527344
-53.681568 -890.455627 2294.735596
-224.851974 22.826828 2184.563965
-227.489288 -452.724976 2179.421875
-201.026169 -894.679565 2286.273682
-137.083374 739.025269 2267.381836
-120.702072 453.602905 2234.628174
45.568985 453.270172 2243.277588
286.179413 335.222290 2251.359863
449.687134 654.704224 2208.544434
-286.973114 453.935638 2225.978760
-362.082092 190.555695 2245.022705
-375.496704 -106.957031 2115.750488
-119.961929 237.785034 2212.097900
-14.086791 21.756775 2195.036621
-14.286331 -451.519531 2205.558838
-53.802921 -889.174194 2294.200684
-224.356781 22.177551 2184.098633
-227.987305 -453.421509 2180.809082
-203.449615 -894.058716 2286.293701
-134.838257 739.874207 2266.924316
-121.359756 452.570343 2234.677734
45.215839 452.583374 2243.407227
287.796570 338.544586 2250.716553
429.756622 661.265503 2205.660156
-287.935333 452.557312 2225.948242
-363.079041 190.524323 2243.083496
-377.066650 -113.952515 2117.569092
-120.157166 237.393951 2212.050781
-13.876314 22.225769 2194.930420
-15.087940 -451.669342 2205.199951
-54.047226 -888.358765 2293.910645
-224.032837 22.209351 2183.917236
-227.438873 -454.787964 2182.502930
-207.489731 -898.644592 2292.992188
-133.046539 740.667480 2266.474609
-117.715584 459.802856 2236.167236
52.849068 458.597626 2243.259766
286.490356 325.287201 2249.870605
388.535004 652.455688 2184.914551
-288.280243 461.008057 2229.074707
-361.316498 202.495544 2242.689209
-380.069702 -101.853638 2116.251709
-118.284378 241.171295 2212.694336
-13.817222 21.797562 2193.589111
-15.911070 -453.141541 2203.758057
-54.105385 -890.082031 2292.630859
-223.889114 23.281937 2184.853760
-228.200165 -454.639343 2184.671143
-206.344666 -896.974854 2295.787354
-132.675827 740.220154 2265.986084
-117.794388 464.116394 2239.867920
53.374645 462.791931 2248.477539
285.093231 320.382812 2250.016113
341.070496 644.380920 2159.988770
-288.963409 465.440857 2231.258301
-360.525238 207.546051 2243.522217
-371.369171 -97.497925 2125.930908
-118.231735 243.939285 2214.691895
-13.594503 22.949158 2194.801025
-16.035025 -453.612640 2204.222168
-54.019218 -890.313232 2293.261963
-223.743652 24.575226 2184.230713
-227.351654 -454.836456 2183.757080
-205.129410 -896.683289 2295.814453
-132.417450 739.549927 2266.041504
-121.961472 467.529846 2242.767822
50.510834 467.717590 2251.197998
259.129639 321.003052 2273.035889
269.039337 619.297363 2124.966797
-294.433777 467.342102 2234.337646
-360.436462 207.023621 2243.016602
-375.753662 -102.509033 2118.235352
-120.428223 246.005997 2216.333252
-13.897498 24.596451 2195.030762
-16.218346 -451.122375 2199.703125
-54.324303 -890.158630 2292.624512
-223.892441 24.367844 2184.766602
-227.272736 -456.105164 2183.560791
-204.658386 -897.838135 2300.637207
-131.314804 738.952148 2266.709229
-122.296364 469.785645 2242.917725
50.776020 470.008453 2251.618164
248.002960 318.476959 2281.594482
208.616272 595.476440 2114.241455
-295.368744 469.562836 2234.217285
-361.053802 207.763123 2243.943359
-375.834320 -96.221832 2114.618408
-120.666046 246.989532 2216.192871
-14.509878 24.327988 2194.722656
-16.546436 -452.541138 2200.608154
-56.521275 -891.431152 2293.927734
-223.561569 24.058853 2184.213379
-231.450897 -463.971558 2185.225342
-204.566574 -899.216309 2300.538574
-130.492035 739.241516 2266.694580
-120.850128 473.890808 2243.251465
51.771748 473.583862 2252.229004
242.859207 314.867157 2282.936523
139.900208 557.200867 2092.852539
-293.471985 474.197784 2234.273926
-361.542328 209.078003 2245.021729
-382.352051 -99.537872 2111.385742
-119.837555 248.931564 2216.089844
-14.230723 23.786316 2194.367920
-17.810129 -453.970856 2201.325928
-57.473709 -892.291138 2295.418945
-223.419250 24.158295 2183.488525
-230.591354 -460.122162 2185.063232
-207.292892 -883.845459 2276.143066
-129.795959 740.664246 2266.811523
-120.546509 479.016174 2242.468994
51.176239 478.590820 2251.080566
241.356857 309.471008 2281.063965
97.914566 524.581665 2090.771973
-292.269257 479.441498 2233.857422
-361.377533 213.220398 2246.229736
-379.013885 -86.098206 2110.093506
-119.756165 252.128830 2215.502686
-13.912393 24.981293 2193.804688
-17.983761 -454.568115 2202.429688
-57.895115 -892.718262 2296.833984
-224.019257 25.501709 2183.268066
-230.060440 -457.528564 2185.065430
-205.356674 -888.999146 2284.201172
-129.682510 741.841675 2268.468262
-119.776955 479.539551 2240.810303
51.284981 478.823486 2249.094727
242.642365 301.252014 2274.158691
69.568390 498.218811 2109.518555
-290.838898 480.255585 2232.525879
-361.335449 214.610962 2244.635498
-376.076965 -84.768494 2107.519043
-119.458572 252.775604 2214.636719
-13.626840 25.570007 2193.573242
-18.273808 -454.371857 2202.960693
-58.273678 -892.594849 2296.321045
-224.653549 26.453339 2183.353027
-228.745453 -456.518127 2184.383057
-201.234818 -889.697754 2284.974609
-129.535767 741.904297 2269.798828
-118.963577 463.468384 2237.067871
51.615448 462.632477 2244.409180
248.876709 315.557343 2274.987061
66.910706 512.934570 2118.380127
-289.542603 464.304321 2229.726562
-362.564697 201.730499 2243.541504
-375.338318 -102.926666 2101.651123
-118.984032 244.900787 2212.656006
-13.042633 25.813919 2192.804443
-18.226416 -453.877014 2203.083008
-58.772072 -891.601074 2295.997559
-224.966339 26.852432 2183.683838
-228.567825 -456.596985 2182.622314
-197.768799 -882.947632 2275.132568
-129.340363 742.484619 2270.103760
-119.848473 456.582336 2234.452148
50.901558 455.961975 2241.368408
263.854950 325.162598 2269.095459
76.434235 536.203918 2126.201416
-290.598480 457.202698 2227.535889
-364.310150 194.524750 2243.445801
-383.291443 -107.025299 2097.590088
-119.690414 241.462814 2211.255615
-13.459472 25.957916 2192.355713
-18.369116 -454.335114 2203.458740
-59.813026 -891.984009 2295.775879
-225.605240 26.728668 2183.762451
-228.483170 -456.590912 2180.274658
-197.221725 -883.778198 2278.303955
-129.623627 743.142700 2269.978027
-119.116531 463.669067 2235.922852
51.172001 462.475037 2239.497803
269.971863 317.714264 2258.928955
100.587799 553.531677 2118.334473
-289.405060 464.863037 2232.347900
-369.979401 187.929779 2260.062012
-373.697235 -90.880219 2100.950195
-120.213516 242.761826 2214.396484
-13.714418 21.100174 2195.128906
-18.462656 -459.627930 2206.039307
-60.338966 -897.527344 2298.351807
-228.906586 22.609024 2190.611328
-227.004578 -451.261292 2174.157959
-195.650146 -872.006226 2269.517578
-130.067291 742.984924 2269.651611
-119.329147 461.292542 2234.952637
50.491352 460.500092 2239.565430
271.662628 316.741608 2250.074707
133.222672 578.897705 2116.942139
-289.149628 462.084991 2230.339844
-367.077911 200.073395 2254.601074
-375.585083 -79.700592 2111.060303
-119.781433 241.647476 2213.870850
-12.523767 21.499786 2195.714844
-18.288807 -459.634857 2206.500488
-60.558647 -897.316406 2298.825195
-227.943680 22.505035 2189.863281
-227.005341 -451.814056 2173.893555
-194.467819 -867.297241 2269.296631
-130.126617 742.267944 2269.428467
-119.431969 463.032410 2233.788086
50.202339 462.453857 2240.422607
272.329102 320.829712 2248.078613
186.192413 610.205078 2135.569580
-289.066254 463.610901 2227.153564
-367.950195 202.892609 2251.081055
-369.703613 -76.760590 2096.261719
-119.366615 242.483810 2212.885986
-12.251833 21.570145 2196.170654
-18.842197 -458.726685 2206.091064
-60.145447 -895.832886 2297.773438
-226.350693 22.300308 2187.797119
-227.763962 -452.695862 2174.764648
-199.734970 -864.282776 2271.444336
-130.267731 742.480347 2269.045654
-121.345749 464.168030 2234.753662
49.135834 464.291656 2242.131348
273.267883 324.207855 2251.265625
243.861008 631.102905 2150.808350
-291.827332 464.044373 2227.375977
-372.552185 196.800049 2248.028809
-376.045258 -82.346863 2104.018066
-120.259186 242.891083 2213.354492
-12.066271 21.691833 2196.590332
-19.654808 -457.022705 2206.248047
-59.696533 -893.600708 2297.807617
-226.278976 21.536469 2187.320312
-228.583221 -455.292755 2174.118408
-201.324799 -871.740601 2275.728760
-129.976959 742.655273 2268.753418
-122.450203 464.780884 2235.399902
47.862965 465.083130 2243.386475
272.548004 324.195374 2251.452393
300.060059 649.039856 2168.260010
-292.763367 464.478638 2227.413330
-373.353088 194.290741 2246.881836
-374.102905 -80.876770 2103.083984
-121.049942 243.155487 2213.927002
-13.482121 21.718506 2197.432617
-20.243561 -456.492798 2205.604004
-59.263206 -892.637695 2297.762451
-225.817230 21.341675 2187.475586
-228.031464 -454.964630 2173.598877
-201.267044 -873.103516 2276.647949
-129.781860 743.437378 2269.864502
-123.323738 463.189758 2235.439453
46.810452 463.464874 2243.781006
272.784424 326.667114 2251.284424
359.970917 676.336609 2202.241699
-293.457916 462.914642 2227.097900
-370.605347 198.007538 2245.582764
-384.025024 -82.586273 2112.792969
-121.908844 242.785217 2213.851074
-14.932673 22.551376 2197.438232
-23.323885 -449.610291 2203.673096
-58.766769 -889.968506 2297.583252
-226.055237 22.209976 2187.087158
-228.289703 -451.523071 2167.896484
-201.464325 -869.510315 2274.520996
-130.051025 743.938110 2271.492920
-125.942406 459.656433 2235.048828
44.835945 460.972290 2242.898926
273.707306 328.095154 2249.081787
413.456879 672.853333 2231.316162
-296.720764 458.340576 2227.198730
-369.913818 199.149414 2244.231689
-377.549713 -88.700745 2112.564209
-123.276764 241.242126 2213.669434
-15.031134 23.641342 2197.143311
-22.180275 -449.821838 2201.826416
-57.418751 -886.827515 2296.618652
-226.191101 22.014328 2187.436768
-228.231094 -452.140076 2168.510010
-201.079819 -868.810364 2273.399170
-129.971252 743.676270 2272.829834
-125.288849 459.748108 2233.830322
45.186142 460.964325 2241.123291
274.990051 330.636475 2248.078369
449.112213 665.372437 2247.411133
-295.763855 458.531891 2226.537354
-369.557281 197.934113 2242.662109
-376.624084 -93.467651 2106.095703
-122.829811 241.313293 2212.777344
-14.760256 23.631927 2196.242432
-22.081770 -450.211792 2199.493896
-57.015762 -884.538757 2295.379150
-225.981308 22.125031 2187.206299
-228.227600 -453.289185 2170.346436
-201.781586 -871.805115 2276.767334
-129.176636 743.182251 2274.210693
-125.985779 459.117188 2232.578369
43.878590 460.760071 2239.068359
277.778442 333.517578 2246.358398
476.036011 673.382874 2274.531250
-295.850159 457.474304 2226.088379
-369.273010 196.170624 2241.403564
-379.184113 -90.070129 2108.008545
-123.084053 241.113266 2211.816162
-14.190089 24.134460 2195.103516
-22.251797 -449.660858 2198.458008
-56.861103 -883.007202 2294.562744
-226.174576 22.084229 2187.004395
-228.738144 -451.927460 2168.456787
-202.441483 -870.979309 2274.676758
-131.187653 741.945679 2277.846680
-126.362854 454.108215 2226.236084
44.404202 456.042877 2230.081787
281.157318 339.664215 2247.342285
478.108215 667.623169 2276.900146
-297.129913 452.173523 2222.390381
-369.557007 191.757751 2239.621826
-383.737610 -100.794586 2113.789795
-123.518181 239.092789 2208.088379
-13.563002 25.290878 2192.352783
-22.353752 -448.312378 2197.257568
-56.633621 -881.709778 2293.504395
-227.784012 22.863876 2187.528564
-228.374008 -446.578247 2163.590820
-208.230545 -852.418701 2252.474365
-131.772537 741.714844 2278.051025
-127.608780 455.026489 2227.246582
44.090347 457.274109 2232.000244
288.568420 340.160614 2243.815674
466.755157 661.297241 2280.441895
-299.307892 452.778839 2222.492920
-371.737946 190.061188 2235.986084
-378.581696 -112.033905 2115.469482
-124.260559 239.669296 2208.136230
-13.515687 25.717987 2191.999268
-22.071354 -447.194733 2197.873535
-56.791851 -880.748840 2293.527832
-228.308990 22.906250 2186.052490
-229.118561 -448.650909 2161.381348
-206.108612 -862.978394 2261.885498
-131.841232 741.039917 2278.201416
-136.709763 443.499847 2234.353760
42.118477 450.033569 2235.125732
291.427734 335.075104 2245.685059
446.108398 660.923340 2276.689697
-315.537994 436.966125 2233.581787
-376.610199 187.266785 2217.448486
-372.800842 -102.193298 2107.999512
-128.951248 233.867355 2211.346680
-13.592896 28.166168 2188.803955
-21.625828 -443.188690 2194.208740
-57.021992 -878.178162 2288.778809
-228.792572 20.303558 2187.875244
-230.400650 -453.555420 2162.634033
-209.807953 -873.046021 2262.011719
-132.397812 740.108398 2277.856934
-131.290604 446.982208 2226.997559
44.127274 451.178040 2229.106445
290.453583 341.369202 2245.244141
402.850616 678.343872 2256.164795
-306.708496 442.786377 2224.888672
-372.751556 183.953827 2219.533447
-374.099854 -108.730530 2108.880371
-126.000763 235.677277 2207.397705
-13.186325 26.944214 2189.090576
-20.851883 -443.506866 2193.919678
-57.063835 -879.955200 2287.309082
-228.235519 21.800476 2186.505127
-230.849243 -454.549622 2161.270508
-214.736588 -888.521606 2264.093018
-133.366730 739.754761 2277.877930
-128.892426 452.718872 2224.615967
45.485592 455.288757 2231.557861
275.705261 333.228943 2240.738281
338.605499 680.633667 2210.699219
-303.270447 450.148987 2217.674072
-350.464905 201.141647 2236.645020
-383.608398 -104.280045 2114.892822
-124.994995 239.497360 2205.648682
-12.762926 27.872406 2190.994141
-20.495106 -441.434601 2194.761230
-57.162815 -879.395203 2287.946045
-229.432190 24.679260 2182.368652
-248.524338 -455.965363 2139.591797
-221.320740 -896.213989 2256.834473
-132.645401 740.075500 2277.563721
-127.863075 465.805695 2231.786377
43.798473 466.385620 2245.462891
264.734100 315.455627 2238.010010
273.601135 651.391296 2163.955811
-299.524597 465.225769 2218.109863
-358.825256 206.078613 2232.818359
-376.384613 -84.607269 2111.725830
-125.413322 249.850220 2210.195557
-17.256260 34.251862 2197.026611
-20.868727 -447.169189 2196.408936
-55.584503 -891.925537 2309.354736
-228.670883 33.537628 2180.182861
-246.499390 -451.515289 2131.908203
-230.862274 -893.790283 2239.203369
-132.155396 738.957214 2277.491943
-125.505180 466.952576 2230.652344
46.851543 467.207367 2243.122559
260.492249 311.083740 2238.480225
202.123901 630.493774 2124.527344
-297.861908 466.697784 2218.182129
-365.159119 200.895386 2237.206787
-376.528564 -79.616028 2114.801025
-123.597343 254.119202 2208.632080
-15.030856 41.443497 2194.328857
-21.049393 -451.712952 2197.742920
-59.515583 -897.554810 2319.364502
-228.348160 41.128159 2178.894775
-249.237778 -441.411499 2119.080811
-236.381607 -875.352600 2193.788330
-131.576584 738.109741 2277.052734
-125.569656 462.244812 2225.397217
45.683395 462.739197 2236.964600
260.511688 318.223785 2242.737793
137.409973 592.635925 2098.951904
-296.822723 461.750366 2213.829834
-359.446991 197.607513 2235.229492
-375.403625 -92.374023 2109.196045
-123.631317 248.556946 2205.834229
-14.103790 35.179703 2193.538574
-21.137215 -446.241516 2199.096924
-59.407860 -888.686401 2308.622070
-229.282166 34.558487 2179.003906
-254.937363 -439.016663 2099.148193
-253.296097 -854.130615 2195.373047
-131.603134 737.152466 2275.461670
-110.093788 466.067749 2216.525879
47.594109 460.301971 2231.078369
262.008606 318.947418 2239.383057
82.286362 553.909668 2085.375244
-267.781677 471.833527 2201.973389
-355.118103 224.512894 2226.145752
-386.965881 -84.468704 2110.777588
-116.446083 250.659760 2200.012451
-15.322721 31.321976 2193.417725
-21.969191 -448.598022 2201.112305
-60.874146 -891.668945 2320.007568
-230.274033 39.181564 2173.580322
-259.254364 -434.907288 2089.668701
-274.852966 -856.672241 2183.651855
-131.360687 735.848267 2274.841797
-113.790230 463.697723 2217.056641
47.260105 458.638000 2232.491943
269.935852 363.933685 2207.269531
55.329865 518.993652 2093.892822
-274.840576 468.757446 2201.621338
-358.188751 211.159058 2225.267090
-378.849457 -102.528168 2100.027832
-118.871849 248.760086 2199.621094
-15.864430 30.426620 2192.544922
-22.975224 -446.312195 2199.286377
-61.901031 -901.830444 2299.991211
-232.042496 37.218277 2171.826172
-260.539459 -436.375671 2087.262939
-285.954315 -865.859985 2175.067383
-131.453491 735.475952 2273.158203
-119.847206 443.826538 2222.932617
45.581474 439.339966 2236.391357
275.937653 341.120026 2215.173096
33.153427 495.749451 2107.790771
-285.275879 448.313080 2209.473877
-358.123138 222.532913 2223.282715
-377.513184 -76.693619 2092.425781
-123.582787 237.020081 2199.908936
-17.284754 27.229446 2185.837402
-24.089245 -447.458862 2193.034424
-48.354156 -883.055603 2291.432373
-237.351974 33.197830 2167.933105
-262.631989 -435.167175 2091.830811
-313.134125 -866.426270 2156.375488
-132.369919 734.936890 2271.734619
-119.715950 449.139832 2220.607910
45.040718 441.680511 2235.438965
270.927856 334.791626 2224.394043
41.805786 505.740875 2111.624756
-284.472626 456.599182 2205.776855
-379.671783 240.422852 2248.263672
-403.676575 8.122086 2110.475830
-126.864937 240.078049 2194.877197
-26.921415 26.167648 2178.786865
-28.471144 -444.423462 2194.199951
-45.211704 -875.140381 2286.834961
-241.106430 35.864853 2159.506104
-264.496857 -431.718872 2090.222168
-325.197479 -855.889771 2148.375000
-133.409637 735.691467 2271.146973
-121.102394 451.399384 2220.671875
44.317848 444.422913 2234.356445
261.970581 358.355743 2240.175293
50.559662 536.935547 2103.126465
-286.522644 458.375854 2206.987305
-383.260681 244.118515 2252.747314
-405.521820 -11.598022 2102.809326
-127.867966 242.706009 2196.062012
-29.570757 29.581711 2180.143555
-32.302692 -441.076538 2194.940918
-51.653549 -862.523254 2281.560303
-239.696335 38.443558 2162.760742
-266.133972 -428.795593 2089.260986
-334.582367 -857.766602 2143.403076
-134.573196 736.255737 2270.522949
-122.259720 453.480103 2220.013184
43.357788 445.622253 2232.791504
280.039001 353.296021 2250.376709
79.964417 555.123474 2092.358643
-287.877197 461.337952 2207.234863
-389.828094 233.964600 2230.539551
-406.554901 -28.699799 2096.654297
-130.331360 243.600464 2195.565918
-34.305321 28.781815 2179.150391
-35.457607 -438.696167 2194.589355
-53.926414 -859.959290 2282.030273
-242.500687 38.659805 2163.086914
-274.381104 -424.501343 2087.799072
-347.272980 -853.308350 2159.446533
-138.445465 736.998047 2264.308105
-125.162773 458.529480 2210.753418
40.786156 451.367798 2227.779541
267.700165 349.996765 2257.461426
128.235870 601.170105 2103.585449
-291.111694 465.691132 2193.727295
-390.112213 226.609756 2221.038574
-407.920380 -40.941483 2081.089355
-132.382812 246.158142 2191.796143
-37.500206 29.380493 2183.314453
-44.059986 -435.269989 2195.441895
-58.879482 -857.864441 2282.227051
-241.705505 38.193146 2162.363281
-282.187744 -419.335602 2082.487793
-347.098572 -847.751953 2152.428711
-146.358810 739.973755 2259.111328
-133.709259 460.441589 2219.712158
23.847839 454.282288 2238.636230
256.806213 340.460541 2258.177734
172.889893 626.580200 2117.512939
-291.266357 466.600891 2200.788086
-389.343292 232.162155 2211.316162
-405.772308 -53.227219 2067.176758
-139.131104 247.598633 2195.578125
-41.601807 30.731049 2183.809326
-52.548668 -428.934570 2193.591064
-59.235699 -858.589661 2282.250977
-247.504089 38.780304 2159.078857
-290.108856 -415.804169 2083.564209
-346.532867 -845.399658 2153.914307
-158.306122 741.090576 2249.149658
-152.284653 465.284058 2214.766602
9.866630 462.542389 2243.887207
242.012939 340.294830 2245.956299
230.850433 648.123230 2150.731689
-314.435913 468.025757 2185.645996
-398.665924 230.767700 2200.725342
-416.342041 -75.689545 2058.444580
-151.844147 250.082733 2192.052979
-47.880081 33.130997 2187.931152
-58.335888 -423.126038 2197.819092
-61.972679 -856.210083 2285.001709
-254.927200 36.631790 2150.747559
-292.272491 -419.483948 2077.534912
-349.828827 -848.752441 2156.564209
-172.184799 741.938599 2242.781006
-164.679031 468.171478 2212.514893
-0.043741 463.597595 2244.721924
238.441696 340.231476 2248.902344
284.990082 668.187805 2190.676270
-329.314301 472.745361 2180.307861
-406.448517 231.054382 2182.908936
-420.793671 -72.897919 2052.512207
-165.555710 251.656158 2186.248047
-64.304222 32.303513 2179.960205
-62.079926 -422.853638 2196.834473
-62.602482 -861.068848 2290.470703
-268.560577 37.978165 2140.002197
-298.589172 -420.176697 2078.948486
-354.839417 -847.686890 2161.094482
-191.421326 742.417969 2236.609375
-175.951569 472.172333 2209.334961
-10.272280 468.371857 2242.777832
231.843414 351.140442 2248.015137
335.364227 682.145142 2234.774902
-341.630859 475.972809 2175.892090
-414.545593 223.750977 2175.567383
-423.686096 -73.152161 2042.029419
-175.335800 254.662720 2181.566406
-73.153389 34.823288 2174.299561
-65.784035 -420.277649 2194.464600
-64.058800 -855.342590 2289.488281
-276.286652 39.482910 2133.296143
-302.899292 -422.487732 2079.145508
-357.282501 -850.242188 2164.627441
-202.132370 742.845947 2233.309570
-187.173401 472.337036 2201.223877
-20.270226 468.598053 2239.649170
228.705780 359.486176 2248.869385
371.815002 678.044922 2276.229736
-354.076538 476.076050 2162.798584
-428.844269 213.372162 2165.986084
-427.691162 -91.803009 2032.449951
-185.862167 254.609955 2174.342529
-78.506409 34.507233 2171.875244
-70.316071 -420.459808 2190.960449
-68.336571 -852.328003 2286.796631
-290.595490 39.258499 2123.047119
-312.640442 -430.529846 2082.607666
-367.740845 -856.194824 2173.651367
-208.624924 744.521179 2228.835205
-191.132202 466.912506 2198.029541
-27.728451 462.555359 2234.432129
230.294067 362.008850 2250.118896
394.113647 674.659424 2302.738525
-354.535919 471.269653 2161.626953
-430.531952 209.030212 2164.018311
-436.550781 -98.105438 2027.312134
-191.129898 250.185364 2172.078613
-88.155838 30.712494 2169.067383
-76.155128 -419.383087 2186.764893
-70.419502 -850.569458 2284.618164
-294.099365 36.203949 2123.187988
-313.716125 -430.628174 2082.791016
-368.036438 -857.021179 2172.086182
-215.600067 744.748169 2222.630859
-194.358139 463.327148 2189.056152
-31.240240 458.501465 2222.417725
226.010590 366.980255 2252.989014
391.425049 662.804688 2317.941406
-357.476044 468.152802 2155.694580
-432.077881 202.066620 2159.306152
-442.355316 -94.032318 2019.536133
-196.383392 246.982300 2167.664795
-98.428123 27.679657 2166.721924
-79.900963 -417.476654 2179.066895
-70.540230 -847.512878 2278.323486
-298.389130 33.595276 2125.824951
-317.549652 -431.463745 2087.444824
-374.984680 -861.365417 2178.860840
-222.330215 745.903320 2216.123291
-201.151947 463.650879 2181.826172
-36.494831 460.801697 2214.547119
222.680008 371.109528 2251.569092
383.651672 665.775757 2315.669678
-365.809082 466.500061 2149.105225
-441.339783 196.588379 2153.778809
-442.688141 -97.116913 1996.326050
-201.292404 247.089645 2163.675781
-99.692406 28.767914 2165.743408
-86.599632 -422.617798 2174.521729
-78.435349 -846.197937 2269.403564
-303.173279 32.288910 2125.307373
-320.923157 -432.543243 2086.898682
-371.261475 -844.417603 2163.480469
-215.498108 730.844666 2206.899414
-204.509644 475.684875 2180.972168
-31.469696 473.095581 2216.291748
232.592133 368.530518 2236.317871
367.087036 658.113220 2313.535400
-377.549591 478.274109 2145.652588
-446.225189 168.439240 2153.010254
-451.021179 -118.243591 2016.782349
-204.178986 246.392044 2162.542969
-98.743782 15.526505 2165.566895
-95.173172 -452.295227 2187.027100
-77.602997 -896.632996 2249.322998
-308.952881 18.671951 2122.660645
-342.720978 -455.147217 2097.841309
-381.613464 -894.092407 2136.276367
-247.810028 706.427490 2198.786865
-235.225204 465.855408 2169.594971
-63.364498 464.626068 2226.029785
224.312622 376.643585 2248.108887
360.306427 660.691406 2298.423340
-407.085907 467.084747 2113.160156
-462.042542 154.537567 2121.043945
-469.322601 -137.827423 1997.602295
-228.151901 231.303802 2142.945312
-114.269432 -4.011826 2151.369141
-113.338219 -478.224609 2186.879639
-88.171913 -933.195374 2214.027832
-327.887756 -2.483780 2081.222168
-372.090088 -474.087036 2085.041504
-389.737213 -926.900024 2098.774414
-257.204071 721.415527 2210.071045
-244.588013 486.685516 2177.355225
-75.691551 482.719299 2249.997803
206.108734 379.591492 2249.806641
327.872070 668.617310 2262.883545
-413.484467 490.651733 2104.712646
-457.386322 176.353668 2112.293213
-466.345551 -120.668854 2000.644653
-236.053284 249.712448 2144.573242
-125.035194 10.332733 2155.869629
-109.294243 -468.277130 2208.514648
-76.381485 -928.258362 2218.424805
-330.001923 15.146027 2067.712891
-376.184845 -463.436584 2104.765137
-378.698883 -923.163391 2113.323242
-263.225311 730.686890 2210.245361
-250.344269 498.126221 2179.277832
-83.601494 493.497925 2261.257324
180.642090 378.327972 2249.341309
275.471191 667.825684 2208.370850
-417.087036 502.754517 2097.298340
-452.130188 187.329712 2104.173584
-462.145050 -113.501892 2003.336548
-240.324646 259.663208 2145.435547
-130.281769 18.423874 2160.770020
-106.516876 -462.138428 2208.746826
-76.664658 -925.156067 2213.602295
-330.328278 23.976547 2062.416504
-389.070618 -451.609863 2123.607910
-375.410431 -913.796387 2111.019531
-269.143280 736.413147 2215.315674
-255.014679 505.360168 2181.420898
-91.411369 498.976440 2271.532471
157.925507 378.222382 2250.151367
202.655090 654.740479 2145.032227
-418.617981 511.743958 2091.309326
-446.583038 195.595459 2097.325439
-457.176331 -108.345551 2006.354370
-244.245239 266.478760 2144.945312
-135.730682 23.783340 2162.307129
-111.366379 -458.798401 2194.124756
-78.535675 -921.704346 2221.368164
-331.220917 31.411331 2054.632324
-394.048126 -444.036438 2121.665527
-377.655182 -908.199890 2107.131592
-273.607239 739.703125 2218.851807
-258.376221 509.338501 2182.353516
-97.528564 501.928955 2278.385742
130.002563 375.132446 2258.573486
118.036667 618.563599 2094.067627
-419.223877 516.748047 2086.321289
-441.541626 200.135376 2091.462891
-452.353363 -106.340027 2009.462769
-246.880798 270.250244 2144.652344
-139.518173 26.745804 2164.187744
-113.611633 -456.767395 2188.262451
-78.204559 -919.857239 2223.440674
-331.252594 35.578140 2049.714600
-397.619873 -439.566711 2119.785156
-376.940277 -904.719604 2114.282715
-277.170563 741.743958 2220.102051
-260.934235 511.380951 2182.165527
-103.125511 502.548737 2283.562500
112.017967 370.070770 2265.772949
43.193573 575.660278 2066.912109
-418.742981 520.213135 2080.768555
-436.557434 203.302948 2085.091064
-447.320740 -105.235779 2011.225464
-249.857468 272.114563 2144.084961
-144.804108 27.588501 2166.387207
-115.699936 -456.377838 2178.913086
-85.378036 -918.912170 2227.578125
-332.757263 38.107849 2045.621582
-400.451172 -436.821350 2118.040039
-379.309570 -902.559326 2115.094238
-278.600250 742.031006 2213.729980
-263.726562 512.780884 2178.621094
-106.577347 504.351654 2281.520264
96.998657 363.528290 2279.884033
-14.741585 542.969910 2063.198242
-420.875763 521.210083 2075.721924
-435.099304 204.109283 2079.313232
-445.620605 -106.107513 2012.808105
-253.112701 273.050232 2142.773438
-148.999130 28.304443 2168.148193
-116.433899 -455.752686 2175.958008
-92.796005 -918.956360 2225.081299
-335.998566 38.334778 2045.703369
-402.979584 -435.907410 2123.926514
-381.939178 -901.914490 2118.204834
-280.073761 743.353577 2210.540527
-266.345001 514.492004 2176.166260
-109.295708 505.922821 2279.443115
87.502419 359.763458 2295.935791
-50.470787 521.578491 2068.084229
-423.394287 523.061157 2072.889648
-434.753876 205.838348 2075.847900
-444.896851 -105.742218 2015.991699
-256.567810 274.511963 2141.386719
-153.349487 29.433441 2168.054688
-114.930008 -454.330627 2171.215088
-100.018127 -917.803833 2222.369141
-340.231750 39.630402 2045.159546
-404.671936 -435.571289 2120.137939
-383.096191 -901.718689 2118.921631
-282.230011 745.759277 2209.950439
-268.883606 516.145752 2174.989746
-112.977951 507.062805 2280.036865
79.248886 358.878845 2305.966309
-61.585281 522.445190 2071.588135
-424.789276 525.228638 2069.942627
-433.863983 207.927673 2072.363525
-443.536713 -104.760498 2018.505859
-259.656097 276.065552 2140.536133
-157.658386 30.580688 2168.589844
-116.240875 -452.987366 2165.547363
-114.167915 -916.155945 2220.978516
-343.198792 41.390076 2043.575195
-403.174866 -434.606506 2117.447998
-382.466034 -900.864258 2119.626953
-282.309021 745.237549 2209.654297
-269.694366 515.586243 2174.970703
-115.282318 505.879761 2282.180908
69.122009 354.436340 2311.480225
-53.085274 536.741455 2076.392578
-424.106415 525.292725 2067.760498
-431.357544 207.941833 2069.731689
-440.502258 -105.645538 2021.280762
-261.052673 275.430847 2140.781250
-160.527176 29.499542 2170.387695
-116.505074 -453.758606 2160.298828
-135.271286 -915.587891 2220.819336
-344.294769 41.051361 2042.795898
-402.091766 -435.022308 2118.117676
-380.388336 -901.285828 2119.875732
-283.578857 742.378418 2209.512451
-271.033447 514.126831 2174.259033
-117.585434 504.544220 2282.892090
61.055923 357.218506 2315.245605
-29.806633 560.912231 2082.412842
-424.481476 523.709473 2065.625977
-430.276764 206.326477 2067.225098
-438.861633 -107.990417 2023.643921
-261.962433 273.951965 2140.259766
-161.589020 28.075409 2170.897705
-116.533752 -454.900848 2153.722412
-162.958313 -913.809570 2217.562744
-344.193817 39.478790 2041.623413
-400.112305 -436.879822 2116.691895
-380.986633 -903.262695 2120.118652
-283.502411 741.040894 2208.939453
-271.142426 512.676636 2174.638672
-118.804840 502.926727 2284.823730
64.523941 361.107574 2314.624756
5.723347 589.967346 2095.369629
-423.480011 522.426514 2064.453613
-428.112579 205.023041 2065.747070
-436.125366 -109.885620 2026.549438
-262.172089 272.445862 2140.979492
-162.557587 26.413666 2172.882812
-118.639954 -456.588531 2152.458984
-190.879272 -911.717773 2218.264648
-343.845917 38.016510 2041.757690
-401.186432 -437.963501 2118.205078
-378.922363 -904.218872 2118.956787
-283.563507 742.071228 2209.155518
-270.857025 512.276917 2174.730469
-119.251801 502.449158 2285.931152
68.257278 357.553772 2313.819580
52.700554 612.321899 2123.074707
-422.462219 522.104675 2063.529785
-426.165894 204.688080 2064.573730
-433.608704 -110.700439 2029.320557
-261.623383 272.076050 2140.913086
-162.183670 26.027588 2173.260742
-124.878220 -457.482422 2151.965576
-210.134094 -912.046021 2208.066406
-342.595825 37.722778 2040.930786
-399.649353 -438.204620 2117.972656
-377.093445 -904.426208 2114.133545
-282.657349 739.911011 2209.279053
-270.212891 510.963013 2174.468994
-118.481323 500.885376 2285.489746
75.628021 353.768433 2309.422852
105.922539 633.069214 2167.615723
-421.944458 521.040649 2063.448486
-424.905762 203.615570 2064.289307
-431.791199 -112.162018 2032.584351
-260.859314 270.874817 2139.892090
-161.224777 24.790390 2171.373047
-133.114029 -459.238098 2148.859375
-220.313110 -912.999146 2211.572998
-341.786682 36.782883 2039.257324
-398.831329 -439.480530 2114.200928
-375.471985 -905.677612 2114.700684
-280.517792 736.848389 2209.332031
-269.484894 508.286255 2173.553467
-117.261513 497.222351 2283.804199
89.317757 353.877686 2301.215576
160.431824 647.312683 2219.332520
-421.708282 519.350220 2063.302734
-424.076111 201.919708 2063.979004
-430.424103 -114.173187 2035.465332
-261.037720 268.338440 2137.811035
-162.013184 21.807236 2167.671143
-144.066071 -462.885620 2152.101807
-226.908875 -918.711487 2206.371582
-343.167908 34.973984 2036.466064
-400.464630 -441.385498 2110.628906
-377.123291 -907.596863 2112.732666
-280.786285 734.150696 2209.350342
-268.797119 505.781494 2172.914551
-115.750809 494.657776 2282.013184
102.158600 355.936371 2290.105957
204.623535 648.877441 2272.554688
-421.843384 516.905212 2063.816162
-423.736877 199.471313 2064.359619
-429.572144 -116.877228 2038.715576
-260.261658 265.938110 2136.486328
-160.659164 19.475800 2164.974854
-144.542770 -465.505432 2159.186523
-228.313324 -921.540649 2211.773193
-342.793274 32.713654 2035.141357
-394.876617 -444.162903 2109.656494
-376.629059 -910.587585 2110.725098
-280.733795 732.739258 2208.312988
-268.223145 503.970459 2171.772217
-115.258438 492.944641 2281.003662
116.043747 361.999146 2282.539551
241.963684 644.708252 2323.573730
-421.187836 514.996338 2062.540771
-422.702087 197.560242 2062.977051
-428.052460 -118.995514 2039.913452
-259.631256 264.099304 2135.527588
-160.023682 17.667664 2164.276855
-152.759583 -467.510986 2166.728271
-227.806824 -925.589417 2214.313232
-342.055054 30.788635 2034.289185
-391.986694 -446.352112 2108.656006
-375.436096 -912.848083 2111.347412
-279.353821 731.095093 2208.360107
-266.261139 501.903870 2171.773682
-113.259766 491.008118 2280.970947
113.477859 357.518066 2275.283936
248.747574 638.315857 2337.602783
-419.262512 512.799622 2062.576416
-420.473511 195.362091 2062.926514
-425.368622 -121.361511 2042.182983
-257.391724 262.059326 2135.414551
-157.483658 15.731628 2164.029785
-155.413986 -469.457611 2173.593750
-225.400803 -928.875610 2216.167969
-339.560944 28.697983 2034.081055
-385.944519 -448.827209 2108.258301
-374.840851 -915.437439 2113.490723
-275.930664 732.505188 2214.860107
-262.843567 504.207214 2175.404785
-111.641235 491.625610 2286.854736
111.752258 355.266663 2268.643799
250.829254 637.103760 2335.400391
-414.045898 516.788757 2063.954590
-415.014435 199.350433 2064.235107
-419.484528 -117.509155 2045.577759
-254.543991 264.653137 2137.101562
-156.261536 17.611588 2165.124023
-161.948181 -467.425598 2180.057373
-225.072113 -928.396179 2215.759277
-336.227295 32.586563 2032.472778
-382.092651 -444.652832 2108.821777
-374.652283 -911.359009 2110.258545
-270.482605 730.161560 2212.608398
-260.590393 502.078369 2174.941162
-109.745163 488.507080 2286.778564
105.381058 354.629791 2262.813721
239.573730 641.820557 2307.575439
-411.435638 515.649719 2063.103516
-412.210358 198.210815 2063.328369
-416.285583 -118.758972 2046.546753
-254.423981 262.325562 2137.530273
-158.506424 14.497971 2166.661377
-166.006012 -470.605469 2181.717773
-230.083191 -931.564880 2217.047363
-338.008698 30.647507 2033.577393
-381.464355 -446.729431 2110.487793
-381.769440 -913.456299 2110.015381
-264.700256 726.799072 2210.477295
-258.241943 497.225067 2174.583740
-108.405510 482.662537 2287.646240
101.189186 353.808563 2258.394531
218.018433 648.097595 2263.235596
-408.078369 511.787598 2061.521484
-408.698090 194.348328 2061.701660
-412.407990 -122.710724 2046.606567
-254.097397 257.275757 2138.185547
-160.796265 8.661362 2169.062500
-166.954132 -476.425598 2186.466797
-230.416061 -938.004089 2213.457031
-339.109467 25.991547 2034.512207
-376.849335 -452.441040 2107.507812
-381.214508 -919.176392 2108.173340
-257.735474 725.901123 2208.889648
-255.147400 495.298004 2175.729980
-107.067413 479.115723 2290.839355
92.089752 349.890289 2260.164551
183.835693 640.435364 2206.714600
-403.227356 511.480316 2060.620605
-403.723053 194.040802 2060.764893
-407.096130 -123.090607 2047.186279
-254.165085 255.126526 2140.702637
-165.063309 5.325287 2174.174561
-169.449844 -479.783630 2192.200928
-234.968124 -941.445312 2211.808350
-341.302246 24.584808 2037.175903
-378.090881 -454.783264 2104.214355
-379.042847 -921.432861 2112.233398
-253.096878 724.684814 2208.616943
-251.259537 492.945099 2178.584717
-105.410355 477.586426 2296.587402
81.518890 351.432068 2259.585449
129.784500 624.328552 2142.801025
-397.108704 508.303772 2060.582275
-397.505280 190.864105 2060.697754
-400.568665 -126.325897 2048.482910
-250.138458 252.439484 2145.895996
-162.224411 2.794113 2183.429199
-160.931992 -482.326843 2201.161865
-228.975861 -943.885742 2211.756836
-335.810364 21.073608 2042.985352
-370.457977 -459.424957 2102.405518
-367.289948 -926.037476 2113.088135
-249.192169 723.196838 2208.491455
-247.492920 491.767029 2181.511719
-104.041161 477.702026 2302.548828
74.728523 346.202209 2261.801270
66.994728 589.233643 2092.755615
-390.944672 505.832031 2060.474609
-391.261963 188.392273 2060.567139
-394.041290 -128.845245 2049.578613
-245.762970 250.920883 2151.474121
-158.667969 1.704971 2193.463135
-161.097916 -483.581421 2203.488281
-229.074417 -945.286560 2209.991699
-329.398071 18.444519 2049.409912
-367.637543 -462.696808 2100.572754
-368.165558 -929.212158 2115.406250
-242.209656 725.082581 2208.409912
-243.512543 493.140808 2183.251709
-101.622887 478.835266 2306.119629
68.850075 341.587708 2261.885498
6.164497 553.818909 2062.840820
-385.402222 507.446350 2060.383789
-385.656036 190.006531 2060.457764
-388.175385 -127.269470 2050.572266
-243.782181 252.019745 2155.489258
-159.632889 2.387421 2200.828613
-171.025681 -482.788086 2204.762451
-231.036362 -945.597046 2207.711914
-328.470734 19.409943 2054.625000
-373.436005 -462.146606 2093.790283
-371.424500 -928.190735 2118.127441
-239.319839 725.747864 2208.378662
-240.968597 493.073303 2184.233154
-100.264771 478.861877 2308.493408
67.418808 338.290527 2272.941162
-25.938477 530.018005 2056.017822
-381.672424 507.284729 2059.972900
-381.875458 189.844849 2060.032227
-384.157410 -127.462311 2051.138428
-241.670258 251.829132 2157.437012
-158.656967 2.129578 2204.572266
-169.895767 -483.142975 2206.712891
-232.100845 -945.651855 2202.276611
-326.086853 19.040390 2056.709473
-372.261627 -462.605103 2094.955811
-368.428314 -929.012390 2109.216309
-235.696289 725.761658 2209.367920
-238.948898 493.269257 2185.299561
-99.211876 478.240631 2310.566406
66.710854 336.641907 2283.471191
-38.935760 524.578918 2060.375488
-378.685883 508.297882 2060.032959
-378.848267 190.857971 2060.080322
-380.913757 -126.474426 2052.078857
-240.536377 252.062988 2158.132324
-158.981247 1.914780 2205.498047
-176.068298 -483.195251 2205.298340
-230.506119 -946.652649 2207.360352
-325.266479 19.798645 2056.432129
-372.244446 -461.970764 2092.893555
-369.988892 -928.550964 2104.060791
-233.352844 724.382935 2208.859619
-237.888947 492.567322 2185.999756
-98.969810 477.126160 2312.134766
64.854668 338.317871 2298.232666
-24.779350 539.996704 2073.959473
-376.808075 508.008484 2059.864746
-376.937988 190.568573 2059.902588
-378.806366 -126.784241 2052.703369
-240.468140 251.313400 2159.306641
-160.390259 0.871964 2207.664062
-182.940033 -483.923096 2214.654785
-230.500153 -947.982178 2206.207764
-325.704407 19.246994 2057.562988
-373.547882 -462.612061 2092.069092
-373.880920 -928.999023 2109.683350
-232.546692 724.104248 2208.103027
-238.283554 491.594727 2186.055176
-99.480034 475.978699 2312.307861
64.438026 345.156067 2309.609619
7.013023 565.712524 2092.716309
-377.087097 507.210754 2059.802490
-377.191010 189.770813 2059.832764
-378.880219 -127.598572 2053.355225
-241.543030 250.298920 2159.792969
-162.214279 -0.288467 2208.651123
-190.526535 -484.809875 2215.670654
-229.637344 -949.615845 2203.626465
-327.390717 18.294662 2058.410400
-373.433655 -463.895081 2090.856689
-373.624939 -930.364258 2107.632568
-231.061203 727.722412 2209.236084
-238.330017 494.106995 2186.839355
-99.874977 477.643677 2313.369385
67.223137 349.071747 2319.809814
47.577347 589.155396 2122.300293
-376.785065 510.570374 2060.309326
-376.868103 193.130432 2060.333740
-378.394562 -124.252350 2054.505615
-242.426880 252.894073 2159.937012
-164.140137 1.885101 2208.322510
-195.711456 -482.462616 2215.986816
-231.270630 -947.607422 2202.469971
-328.907349 21.477158 2057.746826
-374.567749 -460.823059 2089.271240
-375.159607 -927.251343 2107.732666
