-101.435577 670.243652 3087.244873
-109.576729 440.762634 3057.255859
84.852135 433.638000 3054.361572
312.951233 327.381012 3001.272949
131.474503 546.455994 2813.137695
-304.005585 447.887268 3060.150146
-382.335541 102.059723 3039.637207
-375.498291 -216.007935 2895.625244
-118.819244 202.939911 3021.798584
-17.100880 -38.948868 2984.689453
25.853512 -510.929688 3063.030762
20.486341 -982.990967 2905.736084
-239.022629 -30.816788 2987.993164
-208.221481 -505.583008 3060.237061
-173.569519 -967.376526 2933.397949
-102.156097 667.018677 3086.870850
-110.778503 437.561646 3056.632080
83.553452 428.611023 3057.807373
318.480835 320.690430 3007.129639
174.348999 557.515137 2805.574951
-305.110474 446.512207 3055.456787
-382.161926 100.533539 3040.293701
-375.252625 -217.271057 2897.948242
-121.512154 199.833252 3020.973633
-21.316223 -43.004349 2985.986084
26.215279 -508.875000 3091.351807
20.384729 -1000.586182 2874.723633
-243.175385 -32.785904 2984.644287
-206.085907 -506.596008 3059.976074
-176.093689 -967.864624 2930.815918
-108.154953 670.035461 3098.216553
-115.122215 440.484436 3062.418945
79.271431 432.261658 3063.615723
323.734436 323.346252 3000.077393
224.370605 575.135803 2801.180908
-309.515869 448.707214 3061.222168
-381.086365 99.260101 3036.669678
-375.414307 -219.042725 2900.094727
-124.915558 203.273712 3023.354980
-23.783447 -38.629120 2984.973877
28.640675 -510.025726 3052.506592
20.495533 -984.542114 2909.208984
-245.634338 -29.244904 2983.608154
-204.963470 -502.402740 3061.281494
-174.457977 -967.406494 2933.556885
-108.856377 673.156311 3105.397949
-116.289352 443.710938 3066.371094
78.091492 435.159546 3068.758057
324.874451 326.671143 2990.071045
268.121887 586.218628 2798.286865
-310.670197 452.262360 3063.984131
-380.034912 100.623901 3038.841553
-382.823395 -223.323914 2916.465088
-126.203194 206.860474 3025.176514
-25.189030 -34.870071 2985.343994
27.340954 -499.733704 3087.638916
21.553209 -996.693359 2867.960205
-247.045029 -25.109940 2982.619873
-201.673035 -496.565979 3067.407715
-174.376221 -965.339355 2934.794189
-108.874771 673.427551 3095.439453
-116.990768 442.128296 3062.414551
77.381622 433.730347 3066.117920
327.922302 331.827972 2984.029297
316.248993 592.473755 2797.250244
-311.363159 450.526245 3058.711182
-379.530273 102.324219 3042.903320
-384.132568 -223.328613 2922.540527
-126.539497 204.646271 3025.059570
-25.161140 -37.628418 2989.818115
27.117783 -498.592407 3111.689697
23.500677 -1011.979431 2841.256836
-247.015320 -28.043091 2985.591064
-203.924515 -500.062744 3068.672119
-170.961884 -972.167358 2938.835693
-110.578659 673.758301 3090.476318
-117.674454 442.214478 3060.720947
76.749573 434.587585 3061.719971
331.477722 335.431274 2972.997803
362.300140 595.280518 2797.779053
-312.098450 449.841339 3059.721924
-380.249054 101.146393 3043.945557
-384.222534 -223.738342 2921.668213
-126.826721 204.333221 3025.832764
-25.011988 -37.901047 2991.514893
25.850691 -507.176025 3068.948975
21.572046 -992.768250 2900.024902
-246.945999 -29.194992 2990.374268
-202.591309 -501.462952 3071.505127
-171.412415 -969.265686 2942.723877
-108.782585 674.769775 3091.008057
-116.773209 443.298340 3061.686768
77.637390 435.321838 3060.520020
334.744690 337.711151 2964.985596
403.437256 599.563110 2813.505859
-311.183807 451.274841 3062.853516
-380.117310 101.575073 3044.495850
-381.284668 -222.504761 2920.035156
-126.741890 205.442886 3026.735352
-25.759426 -36.964813 2991.118164
28.574963 -504.180481 3084.402588
20.956720 -998.803345 2871.775635
-247.661728 -27.860352 2992.449707
-205.069626 -500.738708 3070.974365
-171.481979 -969.232117 2940.560059
-111.091797 674.455688 3089.227295
-118.658165 442.468262 3060.916748
75.776573 434.730286 3060.202881
337.857330 340.869781 2959.968506
429.448944 598.728394 2812.427002
-313.092896 450.206177 3061.630615
-380.073486 102.285858 3044.689209
-379.873810 -223.209076 2923.058838
-128.255600 204.428253 3027.089600
-26.894262 -38.027588 2992.854980
26.836672 -501.475861 3105.628174
21.705795 -1009.432861 2841.807861
-248.811798 -29.195892 2993.669922
-209.032501 -502.447876 3071.450195
-173.534790 -969.615967 2939.968262
-114.028755 673.056152 3088.876709
-119.977142 441.515625 3061.353760
74.488159 434.570038 3062.014160
341.408264 345.446808 2952.503174
449.015503 602.389282 2813.387695
-314.442444 448.461243 3060.693359
-380.556732 100.132629 3043.319092
-378.040009 -222.837708 2913.866943
-128.369629 203.364563 3027.972168
-25.779135 -38.750427 2994.967529
24.609186 -562.930847 3085.109619
23.507925 -1035.426514 2877.139648
-247.745087 -30.822601 2994.213623
-205.189926 -504.858887 3065.169434
-171.604050 -967.777954 2938.449707
-111.554886 674.384277 3089.689697
-117.961021 442.964874 3062.822021
76.512184 436.309631 3064.491699
339.684662 344.234680 2948.773926
454.776672 602.388977 2816.360840
-312.434235 449.620117 3061.152344
-380.296753 99.559082 3044.612549
-383.153381 -227.231903 2925.752930
-125.830200 204.738342 3029.825195
-22.713806 -37.286316 2997.781250
30.869911 -605.082947 3093.381348
23.785076 -1021.882324 2844.843750
-244.684937 -29.690063 2995.875488
-205.843414 -503.585632 3069.904785
-169.258179 -969.950195 2943.105469
-108.794106 676.269775 3101.093018
-115.989006 445.366821 3067.690674
78.339272 437.203308 3072.698486
340.876556 343.138000 2950.901611
451.703583 603.032104 2817.523926
-310.317291 453.530396 3062.682861
-381.113403 98.257263 3045.784912
-386.534241 -230.235382 2929.035156
-125.030640 207.725006 3031.159180
-23.150082 -34.576553 2997.486084
36.141598 -553.197205 3087.175537
20.128967 -982.209290 2894.265869
-244.994446 -25.257095 2991.769287
-208.421204 -500.931213 3053.705566
-174.947403 -968.115845 2939.107910
-109.795982 679.260254 3106.330078
-116.012352 448.226959 3070.720947
78.372948 440.796631 3075.337402
346.425232 344.572357 2958.466553
428.991608 602.830444 2806.201416
-310.397644 455.657288 3066.104492
-380.069641 100.118225 3044.923584
-382.028809 -228.672516 2927.589355
-124.167557 210.879059 3032.094727
-21.395391 -30.709015 2996.102783
36.014786 -523.971191 3089.949707
22.020725 -989.079712 2871.410889
-243.250122 -22.228668 2990.834229
-206.211823 -495.223083 3069.289062
-173.627258 -963.756653 2940.664307
-110.174011 678.855225 3108.426758
-117.231628 448.627930 3071.995605
77.050766 439.996460 3078.436523
340.222778 345.277191 2959.248047
383.787354 601.033691 2790.822266
-311.514008 457.259399 3065.554688
-380.021851 99.567169 3043.943848
-385.650940 -230.447479 2929.664795
-126.475433 211.386307 3032.899658
-27.323002 -30.671066 2997.397461
45.294872 -502.026245 3061.997803
4.711243 -923.072388 2874.325439
-244.115479 -21.039566 2990.209961
-204.770874 -494.922363 3062.902832
-176.019287 -965.204468 2943.657227
-109.254303 677.358887 3111.013672
-117.398117 447.789551 3072.505859
76.854462 437.988220 3078.363770
335.632477 345.614197 2961.638184
337.556335 599.417725 2787.915039
-311.650726 457.590942 3066.647949
-379.487457 100.298523 3041.998535
-387.590607 -230.187561 2931.583496
-128.139740 210.812805 3032.202148
-29.998312 -31.657837 2995.181885
32.132065 -568.755371 3066.253906
10.247059 -1020.164856 2883.522217
-247.764420 -20.670074 2988.614990
-217.599915 -495.640686 3058.689453
-152.759186 -960.932129 2940.119873
-109.242393 676.617065 3111.311279
-117.932915 447.392944 3072.340576
76.300285 436.909729 3077.864502
330.358246 338.263733 2972.337158
290.736053 582.986267 2790.043701
-312.166138 457.876160 3066.816650
-379.197876 100.675629 3038.550049
-388.138031 -229.257233 2928.000244
-129.549316 210.568283 3031.358887
-31.303509 -32.185913 2993.501709
33.934185 -525.684875 3107.365234
15.395512 -999.578979 2887.646240
-251.027939 -20.326843 2987.252686
-209.919144 -493.678436 3062.230713
-164.602798 -961.836243 2938.497314
-109.051292 672.593079 3099.391113
-118.621017 442.907776 3066.847900
75.682892 433.002075 3070.322021
319.205750 339.154541 2972.158447
236.924530 570.064026 2791.923340
-312.924927 452.813507 3063.373779
-378.573486 102.816620 3036.762451
-387.074036 -226.580139 2930.497803
-130.086014 205.335571 3030.690918
-31.147722 -37.865067 2996.507812
62.231262 -537.265564 3101.486816
18.461929 -1012.712524 2846.127197
-251.954300 -26.608231 2992.560059
-207.448776 -499.242188 3070.739258
-167.639664 -969.346191 2944.209961
-108.403915 672.660156 3105.958252
-117.392899 444.111755 3069.107666
76.968750 434.930176 3070.681641
312.079529 346.562653 2974.575195
176.323273 552.477112 2802.222656
-311.754547 453.293335 3067.533691
-379.307953 100.921875 3037.399902
-381.622589 -222.255035 2915.734863
-128.260406 207.169098 3028.915283
-27.439510 -35.049698 2989.627441
73.491516 -501.314575 3053.127686
7.730278 -911.592407 2849.423584
-250.816330 -24.497452 2987.818359
-203.488525 -496.843628 3066.493164
-169.751480 -963.432983 2932.714844
-106.948532 673.718628 3109.289795
-113.933792 445.683716 3070.079102
80.462402 437.360413 3072.574463
299.509705 340.802490 2978.321533
128.196442 538.039307 2815.182861
-308.329987 454.007080 3067.583740
-379.184479 100.937866 3036.188965
-377.980927 -219.351471 2906.381592
-123.558853 208.722458 3029.514893
-19.715942 -33.097092 2990.407227
78.117455 -503.074646 3024.641846
-8.768044 -918.421265 2840.018311
-246.651886 -23.380539 2987.494141
-220.024704 -493.190796 3084.367920
-145.265656 -963.097900 2933.392334
-106.168396 673.944092 3097.364746
-113.865921 445.441833 3064.822998
80.564590 437.952667 3064.507324
295.290955 339.931000 2983.153320
89.223297 521.601318 2832.773926
-308.296417 452.930969 3065.138672
-379.557648 102.439575 3034.080078
-376.770386 -218.119507 2902.476074
-123.080368 207.726135 3029.047852
-20.064220 -34.312485 2993.090576
61.440273 -570.451416 3057.706787
24.732162 -1026.364136 2857.306396
-244.525421 -25.666611 2993.454834
-208.654236 -548.447632 3063.696289
-163.649124 -1008.834595 2936.646973
-104.018486 675.143188 3104.983154
-112.761971 446.863434 3067.873047
81.616020 438.581360 3065.167236
287.130493 339.444733 2982.592041
58.697128 510.362885 2837.248291
-307.139984 455.145508 3070.578857
-379.791534 102.235413 3034.060059
-374.096008 -215.288483 2896.840088
-123.409050 209.695435 3028.947754
-22.482075 -32.226532 2988.469238
41.986523 -529.061462 3091.554688
22.592585 -998.966431 2867.185303
-245.630173 -22.718597 2991.575684
-216.190247 -519.404541 3075.780762
-171.033417 -989.348511 2928.991455
-104.424889 674.817627 3108.864014
-112.897614 447.352356 3070.640869
81.503204 439.246460 3067.957031
282.041626 339.229126 2984.380615
40.955521 505.783173 2843.031738
-307.298431 455.458282 3073.324707
-379.420105 103.585022 3038.110352
-368.884338 -209.910461 2891.473633
-123.330826 210.269714 3030.970703
-22.503689 -31.452148 2989.764648
38.045845 -516.164795 3076.922363
23.813244 -975.960815 2910.315186
-245.024384 -22.173737 2992.836426
-211.860779 -506.566101 3077.904785
-171.351074 -983.087524 2933.687500
-104.768188 675.541443 3110.201416
-111.801895 447.193665 3071.812988
82.579651 439.304810 3073.432617
289.527466 337.619781 2992.213867
50.031967 510.808960 2842.984863
-306.183441 455.082550 3070.193359
-379.702850 102.780853 3042.060547
-370.413055 -209.500763 2889.299805
-121.082047 210.202774 3031.254395
-19.243248 -31.297836 2991.621582
37.444481 -510.128113 3071.088867
26.043230 -963.828735 2929.210449
-241.481140 -22.278427 2989.770020
-201.422760 -500.849792 3070.790771
-169.904999 -973.419800 2933.563232
-106.448524 670.820435 3097.841797
-113.083282 442.556274 3066.292236
81.352493 435.522308 3068.320557
294.757019 334.810486 2993.104736
62.667450 517.211548 2835.235840
-307.519073 449.590210 3064.263916
-379.856750 102.394470 3043.509521
-370.873108 -210.293762 2890.048096
-121.309586 204.812012 3030.411621
-18.506971 -36.948837 2995.689209
31.594072 -508.101562 3096.495361
24.147171 -989.135376 2891.238770
-240.564804 -28.915634 2993.372803
-203.759064 -504.121704 3078.218994
-173.341080 -978.795471 2940.394775
-103.780304 674.088257 3105.196289
-112.319748 444.909302 3069.816162
82.067276 436.312195 3070.733154
297.378113 331.888672 2994.574951
82.799866 529.046021 2826.013672
-306.706787 453.506439 3068.899170
-379.926697 100.707581 3041.264893
-371.155243 -211.073181 2889.103271
-122.623520 207.759827 3030.697754
-21.953432 -34.297684 2992.102783
28.030142 -508.423584 3061.949707
18.927868 -975.382690 2912.077881
-243.901154 -24.481644 2991.055908
-208.418396 -498.939026 3072.386963
-177.929428 -965.147888 2933.085693
-107.718040 677.745972 3109.378906
-113.939400 447.579956 3072.229004
80.470909 440.554596 3075.704590
307.691315 330.956024 2997.310547
126.231995 549.511780 2816.981689
-308.349731 454.605286 3068.753418
-379.461029 101.334106 3041.149902
-370.860046 -212.170380 2890.541016
-121.768448 210.643829 3031.228027
-16.138819 -30.392303 2992.255371
27.123648 -568.962646 3060.035156
21.931215 -1014.611694 2892.791504
-243.056183 -22.192261 2988.198730
-208.064636 -495.251343 3073.496094
-172.955673 -969.490356 2932.823730
-108.685341 676.236572 3111.877441
-114.695900 446.581238 3074.414062
79.726097 439.563232 3078.215088
316.318085 320.493866 3002.194580
178.805542 556.146912 2810.619385
-309.117889 453.599213 3070.613037
-378.753021 101.677460 3043.390137
-371.412628 -213.259857 2894.392090
-122.453217 209.581512 3033.619873
-19.060810 -31.430328 2994.998535
30.754551 -592.827759 3051.024902
17.193100 -1032.640503 2887.824219
-241.360245 -23.406067 2990.652832
-207.210770 -495.578461 3079.134277
-173.695831 -973.018799 2938.728027
-110.258949 675.011536 3112.704102
-115.085983 444.923645 3074.087891
79.240311 438.928345 3081.455322
321.661194 328.754395 3000.124268
231.211365 571.107788 2797.320557
-309.412262 450.918945 3066.720459
-378.871338 100.823547 3043.708252
-376.341492 -217.536438 2901.979248
-120.806038 208.053604 3032.209229
-15.509274 -32.241501 2994.539551
38.646950 -541.591980 3091.606689
26.070457 -1006.085571 2887.199463
-237.542892 -25.391373 2986.121582
-198.699905 -498.557495 3065.359375
-170.289810 -968.940857 2934.633301
-111.003937 671.973816 3099.130127
-115.984589 441.097748 3067.603516
78.165283 435.642761 3078.707275
325.778320 330.338104 2992.576660
284.405365 580.529236 2791.014893
-310.134460 446.552734 3056.499756
-378.482300 101.450806 3044.347656
-380.796356 -220.889038 2915.916260
-120.561539 203.400208 3030.857910
-14.272424 -37.412308 3000.452881
32.095654 -521.531433 3118.907471
23.509108 -1016.297607 2850.229004
-236.004562 -31.182358 2987.771729
-199.069977 -503.762756 3071.026611
-173.035355 -968.771301 2938.706055
-112.278488 671.823914 3092.317871
-116.775238 440.750549 3065.302734
77.464279 435.899139 3075.565430
333.895386 338.179535 2976.272705
332.432251 590.142700 2779.725830
-311.014771 445.601990 3055.040039
-378.234558 101.718597 3045.156982
-383.549866 -222.109924 2924.753662
-120.965363 202.529572 3031.995605
-14.285816 -38.460556 3004.546143
41.302467 -512.563416 3118.650146
0.676964 -1017.633972 2823.254639
-236.025146 -32.922287 2992.830811
-201.077057 -506.668396 3069.794434
-175.262787 -965.207764 2948.075684
-112.450615 674.887207 3102.429932
-116.734138 444.044586 3071.240479
77.577248 439.214355 3080.329102
338.442291 341.581970 2972.145020
385.149963 596.742981 2792.363281
-311.045532 448.874817 3062.151855
-377.122711 100.360901 3047.110596
-385.114105 -223.433716 2930.328369
-120.994614 206.100525 3035.871094
-14.352266 -34.600388 3005.688965
35.135910 -510.506409 3082.322754
10.943176 -989.194275 2885.871338
-236.157913 -29.086685 2995.314453
-202.282425 -503.713074 3067.111328
-175.744049 -962.405640 2946.008789
-114.319550 676.745300 3106.984131
-119.725677 446.304657 3073.554688
74.543365 439.736267 3082.502930
341.237000 341.773651 2969.591064
423.688293 594.500366 2795.485352
-313.994690 452.873047 3064.606445
-378.042969 99.692139 3046.563965
-386.299835 -224.571930 2932.160645
-126.048233 208.676178 3036.390137
-21.493736 -32.701157 3004.332520
23.204235 -502.386597 3104.354492
11.868520 -1000.127625 2860.480957
-243.247849 -25.203445 2994.118652
-209.943558 -500.524109 3061.483398
-181.889984 -957.231689 2943.053223
-115.535599 676.493469 3109.301025
-120.877548 445.841980 3074.955811
73.384338 438.763031 3083.846924
341.643890 341.355042 2965.839111
452.092224 599.350952 2809.178955
-315.139435 452.920898 3066.064697
-376.993561 98.861115 3047.329346
-386.045685 -225.669891 2931.004395
-127.783974 208.373749 3036.788086
-23.824295 -33.134445 3003.694580
27.448719 -498.016296 3118.133545
18.158730 -1008.952271 2827.769775
-245.556503 -25.054489 2993.546143
-204.117508 -499.235474 3063.959229
-176.727203 -957.397156 2942.035400
-115.229736 674.005737 3111.945801
-120.901321 444.139130 3076.145508
73.361877 436.374207 3084.477783
339.339996 334.154297 2968.939209
460.746124 592.649536 2810.941162
-315.164520 451.904053 3067.813232
-377.477234 99.941467 3053.206299
-386.876984 -225.977112 2935.978271
-128.691086 206.905472 3036.680664
-25.612713 -34.759720 3001.971191
27.165352 -505.873413 3073.479980
19.878210 -988.894531 2886.470703
-247.348999 -25.896652 2992.460449
-203.897446 -499.989380 3062.577637
-177.523727 -962.593628 2938.173584
-114.307358 676.624146 3111.754883
-120.344505 445.741272 3075.873535
73.940193 437.646423 3083.384766
336.197296 323.556000 2976.946289
455.990936 582.809875 2813.937988
-314.629211 453.836121 3068.362305
-376.711975 103.483398 3051.161865
-382.134338 -221.302307 2935.246094
-128.687195 208.575668 3036.072754
-26.149691 -33.209747 3000.558594
28.589655 -501.800537 3089.200195
20.777874 -997.088257 2860.647705
-247.910080 -23.970123 2991.985352
-200.163544 -497.307739 3064.392822
-175.945847 -958.433289 2937.130127
-112.799171 676.060364 3113.657471
-118.331665 445.481812 3075.522217
75.905746 437.834808 3084.500732
331.599854 315.784424 2985.000000
437.313934 573.781860 2809.526611
-312.569061 453.128784 3066.543701
-376.854279 103.227753 3047.091797
-384.892517 -223.208038 2939.988281
-125.707047 208.693359 3033.406738
-22.227032 -32.459381 2996.415527
33.418755 -504.888458 3060.695312
25.012314 -979.687622 2902.633545
-243.937820 -23.730774 2986.166992
-200.000763 -496.172852 3066.119385
-170.747208 -965.426636 2932.990234
-113.478134 673.847534 3113.089600
-118.696892 444.043396 3075.039795
75.618507 436.665039 3082.325439
327.301544 312.396454 2991.474609
407.134521 568.823364 2806.239746
-313.012299 451.421753 3067.754150
-377.426483 102.109711 3041.067627
-388.648529 -226.731323 2942.891357
-126.115143 207.223389 3033.059570
-22.633640 -33.807602 2995.237305
30.392601 -499.639465 3094.802734
20.638828 -995.057617 2869.195801
-244.433151 -25.385635 2986.921387
-205.992538 -497.292603 3072.574707
-174.858597 -966.489868 2938.135254
-114.319733 673.694153 3112.297607
-120.274994 444.015564 3074.626953
74.058167 436.285889 3081.144287
321.185059 315.178894 2989.684570
359.067200 568.679932 2800.936035
-314.608154 451.745239 3068.109619
-378.179260 100.574646 3040.567871
-387.664307 -226.490997 2937.679688
-128.293152 207.180298 3032.822266
-25.405733 -34.066269 2994.737061
27.488272 -505.472900 3062.736572
19.199322 -981.116333 2910.294189
-247.216888 -25.243637 2987.298096
-204.416168 -496.849915 3072.754150
-176.967758 -963.277893 2934.582520
-112.024628 670.600830 3099.417725
-118.803947 439.927673 3069.408936
75.262871 432.099274 3080.568115
312.022522 321.536743 2983.846191
309.161896 564.619629 2790.858887
-312.870789 447.756073 3058.249756
-377.655212 100.843933 3038.280518
-381.498779 -221.317627 2925.008301
-126.312744 202.216736 3033.234375
-23.036629 -39.963120 3003.430176
34.927258 -509.505371 3084.669434
23.317501 -998.336792 2894.574707
-244.606445 -31.025284 2990.689453
-202.271164 -503.427856 3071.992676
-171.512482 -969.480835 2941.527832
-110.319206 674.272827 3106.472412
-116.256447 443.614624 3072.064697
77.608482 435.230103 3086.090820
309.528015 322.278442 2987.442871
266.117981 558.335266 2797.347412
-310.121368 451.999146 3058.038574
-378.809387 98.907745 3037.635986
-382.469208 -222.380493 2922.931641
-123.736099 206.246216 3033.553223
-20.579369 -35.907135 3003.046143
37.154224 -503.840027 3095.766357
18.028193 -1001.698364 2842.060547
-241.852127 -26.337250 2987.037354
-199.847275 -500.900543 3053.280273
-171.268311 -956.131042 2936.412109
-108.374062 675.464600 3109.507812
-114.993874 445.268982 3073.691650
79.003288 436.785156 3085.965576
308.261108 323.130371 2992.220459
217.533661 542.363831 2802.933105
-308.991028 453.752808 3061.417725
-377.908081 98.457214 3038.849365
-383.079407 -223.448425 2919.363525
-122.833359 208.139221 3033.694824
-19.966829 -33.831909 3000.702393
34.526375 -506.625397 3061.570068
19.455233 -982.678711 2890.885254
-241.378860 -24.149170 2986.693604
-201.773972 -497.901550 3060.325684
-175.036301 -961.227051 2942.675293
-106.872284 675.091492 3098.008301
-114.324867 445.214661 3068.411133
79.696724 436.746155 3080.572754
296.132507 327.068024 2990.099121
155.892838 529.535217 2811.702637
-308.346466 453.683105 3056.249512
-378.451263 100.728882 3039.913086
-378.222443 -219.603149 2911.555908
-122.535255 207.307312 3033.735596
-20.025084 -35.432648 3006.000244
34.374657 -502.812195 3098.201660
21.358418 -1000.478149 2866.387939
-241.466202 -25.767395 2992.119873
-201.407455 -499.773041 3064.500732
-174.831192 -961.319946 2951.430176
-106.673965 671.022400 3105.255371
-113.716820 442.445374 3070.344238
80.464867 434.189392 3079.470703
286.036377 322.510651 2991.049316
108.368225 513.812988 2826.784668
-307.898529 450.701294 3061.217773
-378.753235 101.386597 3037.473389
-374.698517 -216.132294 2902.021484
-122.005127 205.098190 3031.986328
-19.463245 -36.961105 2998.837402
30.832806 -503.643433 3100.495361
23.763134 -1009.467712 2821.893311
-241.123611 -27.536850 2988.419434
-201.816483 -502.611816 3053.860840
-173.527023 -963.122864 2941.812988
-106.985107 671.601868 3108.386719
-113.933464 443.396484 3071.560303
80.375298 435.598053 3077.814209
282.514648 321.254425 2991.512451
75.693253 503.792908 2840.059326
-308.242218 451.194885 3065.306396
-379.879883 102.193298 3034.252686
-372.748108 -214.642059 2897.110107
-122.208427 206.089264 3032.751465
-19.586311 -35.668701 2997.511963
55.554039 -564.278198 3094.491211
9.304630 -1023.755249 2860.093506
-241.380463 -26.767181 2990.373291
-199.729492 -499.701294 3067.927979
-174.675812 -956.892822 2946.706543
-105.763870 672.336182 3111.508545
-114.525826 445.000793 3072.749512
79.796898 436.078491 3075.042969
280.244568 318.607361 2994.775391
50.996399 489.426636 2848.288086
-308.848541 453.923126 3070.456055
-379.949829 101.608856 3034.655273
-372.284607 -213.062927 2892.139648
-124.927155 208.057007 3032.260742
-24.412491 -33.979492 2993.081055
47.549240 -532.680786 3083.772949
9.566231 -982.769714 2897.567871
-246.244461 -23.794098 2990.462891
-207.506683 -498.068115 3061.374023
-179.068726 -956.357544 2942.471924
-105.977966 672.071594 3112.035400
-113.646858 444.928406 3073.343262
80.741417 436.955933 3075.999512
280.574341 319.344269 3002.893555
43.625183 491.785461 2853.990723
-308.035126 452.900940 3070.687012
-379.524689 102.770111 3036.804199
-372.413666 -213.064209 2894.682129
-122.818771 207.881134 3033.086426
-21.067852 -33.715469 2994.345459
43.942471 -511.430237 3109.781982
24.563883 -997.471375 2871.737305
-242.913513 -24.616837 2991.313721
-197.629852 -496.398743 3073.414062
-169.771820 -956.974548 2946.520996
-105.530846 672.802124 3111.255127
-112.640175 446.277527 3073.324951
81.782860 438.577026 3075.286865
288.275970 322.195038 3004.876709
52.862076 502.881287 2853.337646
-307.063202 453.978027 3071.363037
-379.774933 102.870453 3035.925049
-365.181335 -209.442841 2889.637939
-121.628998 209.155746 3033.411865
-19.667568 -32.360428 2994.618408
38.571404 -509.679688 3071.812012
23.314121 -980.109985 2910.472168
-241.568085 -23.571640 2992.379150
-203.508926 -495.947144 3075.177490
-170.134109 -956.556152 2946.401123
-109.408638 672.754028 3111.396729
-113.571152 445.503601 3073.868164
80.857971 439.560974 3078.320068
297.629974 323.105774 3015.463867
75.637238 518.351318 2849.538330
-308.000275 451.446259 3069.416260
-380.395081 101.920410 3034.971924
-368.440521 -210.084442 2888.337646
-119.887016 208.427704 3033.243164
-15.231998 -32.039993 2995.159180
41.354328 -502.148682 3093.609619
26.904114 -994.905518 2873.637451
-237.173752 -25.256424 2990.077148
-196.210449 -498.157959 3068.773438
-167.833328 -963.500427 2938.416016
-109.093201 673.783020 3112.975098
-111.597443 445.378723 3074.122803
82.663055 440.584412 3083.163574
301.829926 316.566467 3020.264893
111.330276 539.080017 2846.253174
-305.857941 450.173035 3065.082031
-380.682434 100.934692 3039.012207
-369.544312 -211.612335 2890.219482
-115.470078 208.564529 3031.752930
-8.452974 -30.986404 2994.543701
41.749619 -504.363586 3068.824707
28.807785 -976.962769 2910.584229
-230.232452 -25.512924 2984.222412
-194.604935 -498.743469 3063.713867
-166.177322 -962.167236 2935.981934
-111.869789 672.113342 3114.252686
-113.188545 442.722748 3074.816406
81.153923 439.055481 3083.312988
312.883820 310.807373 3019.629395
162.366409 555.873352 2841.082764
-307.531006 446.390015 3066.319824
-378.873413 100.439209 3038.031738
-375.510223 -216.386658 2896.462891
-115.778252 205.983887 3031.870605
-7.473536 -32.847580 2993.773193
35.201935 -500.751587 3095.226318
24.997969 -995.852600 2878.802002
-229.262375 -28.662369 2984.076416
-202.271088 -500.697205 3072.801514
-173.123474 -963.609497 2940.739990
-113.638817 671.701660 3112.900879
-117.293785 441.672607 3074.194092
77.071556 435.930786 3080.835205
317.459290 317.893738 3018.310059
210.270477 578.402893 2831.049072
-311.659149 447.414398 3067.552979
-379.919006 99.225861 3040.536133
-379.167633 -220.171600 2905.293701
-122.840576 204.891602 3031.815430
-17.461632 -35.166275 2993.226807
19.591522 -500.251404 3109.038330
13.522726 -1004.296875 2841.218994
-239.313110 -28.612503 2985.646729
-213.373108 -502.106079 3066.830078
-185.035736 -963.193726 2944.511230
-113.884857 674.383057 3113.708984
-119.081078 443.800903 3075.206787
75.261452 436.673370 3081.612305
312.265656 320.916290 3014.646973
262.960480 589.946533 2823.420654
-313.423615 450.928436 3068.801270
-378.420746 100.641449 3041.271484
-380.962189 -221.812408 2912.295166
-126.370972 207.040100 3032.935303
-22.756317 -33.788147 2994.319336
44.486366 -542.091187 3102.370605
17.451969 -1004.613892 2824.960938
-244.565399 -25.653259 2987.008301
-207.589325 -498.730225 3066.036133
-180.271164 -957.155884 2944.831055
-114.249641 672.488831 3113.071045
-120.422066 442.361267 3074.774414
73.913200 434.626709 3081.043701
322.193420 319.414459 3006.273193
316.907837 595.964966 2823.034424
-314.757324 450.095886 3068.505127
-377.145599 101.873291 3042.108154
-382.641541 -222.617676 2918.942627
-128.500122 205.530243 3032.995117
-25.675699 -35.714737 2994.793457
34.343781 -526.928772 3080.600586
18.616680 -982.379456 2884.701172
-247.480667 -26.886856 2987.638184
-202.905441 -499.838440 3063.674561
-177.452866 -960.773682 2943.870361
-117.091949 671.369385 3113.325684
-121.795212 441.062378 3074.410156
72.568451 434.247192 3080.997559
326.561340 321.731140 2997.670410
360.202423 600.361877 2823.658691
-316.158875 447.877533 3067.822754
-376.608887 102.405365 3040.072510
-383.707916 -223.031708 2922.418457
-128.649689 204.347198 3031.755371
-24.581486 -36.257355 2992.859863
36.097221 -519.306030 3059.980469
22.785776 -972.906738 2912.155029
-246.426849 -28.478577 2985.341309
-198.351959 -501.115662 3061.679199
-174.274231 -962.838745 2939.869385
-117.381195 674.043701 3112.909668
-121.178955 443.403992 3074.722900
73.195038 437.106018 3081.621582
329.195160 325.934723 2993.355713
399.106476 600.870972 2828.319336
-315.552948 449.701965 3067.824219
-375.390381 103.143829 3039.979736
-379.963745 -219.497314 2919.652832
-127.341629 206.639374 3032.213867
-21.879910 -33.742020 2993.666748
37.577831 -568.311951 3052.098389
19.123737 -1012.395020 2899.534912
-245.128708 -26.508469 2985.742920
-199.192886 -498.889465 3065.149414
-173.331100 -958.665405 2942.454346
-117.821732 670.877075 3113.232666
-122.384354 440.965698 3074.117920
72.004028 434.234589 3080.165527
331.126526 328.444336 2987.159668
428.944183 602.112976 2836.684082
-316.772766 447.696777 3068.070312
-376.666473 103.086731 3041.543213
-378.059387 -217.086060 2918.379883
-129.245148 204.288483 3031.220215
-24.820000 -36.242218 2991.784668
37.854191 -530.086670 3095.101562
15.051394 -999.946533 2892.546875
-247.391891 -28.535217 2984.860352
-203.811996 -501.312744 3063.387451
-176.186737 -963.363647 2941.614990
-118.299446 670.141052 3111.801758
-123.018677 439.761658 3073.638672
71.369171 432.987305 3079.728027
332.069336 331.231415 2981.006348
445.124573 602.628174 2838.611328
-317.406525 446.536011 3067.549316
-377.325623 101.560730 3041.190430
-376.568573 -215.317688 2914.723633
-129.954178 202.936386 3031.573730
-25.780773 -37.761002 2992.989502
33.928631 -522.955139 3062.732178
19.029497 -986.227966 2924.248779
-247.998581 -30.016769 2986.028076
-201.854340 -502.315369 3066.022217
-175.597397 -965.634399 2943.921143
-118.736877 669.151184 3111.617432
-123.248047 439.358826 3073.601562
71.120865 432.523376 3080.222412
333.028381 332.615723 2976.022217
442.586304 605.188477 2832.698242
-317.616974 446.194275 3066.980713
-378.163269 99.795685 3040.986084
-380.305298 -218.744263 2916.971924
-130.158661 202.465820 3031.908203
-26.055990 -38.331238 2993.996338
35.699471 -514.653687 3076.411377
15.709225 -992.440430 2895.608398
-248.082550 -30.523132 2986.433350
-203.374664 -503.177765 3065.194824
-174.082275 -964.593872 2943.857178
-118.904243 668.194031 3111.574219
-123.114182 438.359528 3073.099121
71.178741 431.807068 3081.674805
333.507050 333.311401 2975.540283
425.796356 605.715332 2825.685791
-317.407074 444.911987 3064.523438
-377.585693 99.390961 3039.482422
-382.339783 -221.107269 2918.416992
-129.236633 201.541321 3030.865723
-24.426197 -39.018051 2993.528564
35.242035 -514.606079 3061.291260
20.860111 -979.559448 2921.751221
-246.291977 -31.535721 2983.736084
-200.311417 -505.662231 3051.381592
-172.203644 -962.559631 2941.537354
-119.557976 667.804932 3111.560303
-123.108910 437.787476 3072.641113
71.112953 431.258301 3082.708984
332.246399 332.655701 2969.306641
400.171753 603.511658 2810.335205
-317.330780 444.316620 3062.573242
-379.295929 98.691711 3038.224121
-383.769897 -222.890991 2917.691406
-128.853485 201.044708 3029.930664
-23.731937 -39.425034 2992.967041
31.984989 -514.484375 3057.520752
21.409019 -971.954468 2933.867188
-245.464172 -31.971054 2981.473389
-203.723053 -504.408569 3061.695801
-174.668335 -960.210022 2940.833252
-117.703018 674.430786 3112.538818
-123.055840 443.854309 3074.018311
71.055382 435.947083 3085.137207
332.141144 342.308807 2967.166016
363.207611 602.577393 2791.237305
-317.167084 451.761536 3062.899414
-379.125580 98.863770 3039.595459
-384.559692 -223.938141 2920.985596
-130.239166 207.188400 3031.118652
-26.629206 -33.990738 2994.565430
28.734194 -500.086731 3096.888184
17.461826 -985.836365 2887.318359
-248.215790 -24.964279 2981.872559
-207.128113 -497.173462 3064.473877
-177.991241 -954.379883 2941.922363
-115.290955 675.305908 3114.553955
-121.447563 444.715820 3074.799561
72.593727 436.112976 3086.666992
329.085632 335.632690 2978.129395
316.446838 590.709412 2801.836426
-315.488861 453.318665 3062.932129
-379.542572 98.942169 3040.803467
-383.803040 -223.480408 2914.562988
-129.240662 208.268036 3030.819580
-26.289314 -33.089630 2993.612793
29.522026 -503.247131 3074.663086
21.018547 -971.410278 2917.209961
-247.778198 -23.269897 2980.066406
-201.055359 -495.252228 3061.140625
-174.702377 -957.987671 2939.949219
-114.759026 675.823853 3112.513916
-120.442719 445.386993 3074.144531
73.534195 436.496094 3086.864014
318.043243 335.312897 2984.052734
271.276825 578.533752 2800.822021
-314.419617 454.277893 3061.425049
-378.766693 100.984406 3036.855225
-383.942413 -223.743134 2917.132568
-128.496445 208.700165 3031.523926
-25.844383 -33.060837 2996.162354
30.376266 -500.197815 3093.720947
21.762260 -988.630310 2888.116211
-247.255966 -22.912491 2981.644287
-205.298965 -494.881775 3065.472168
-174.061050 -958.968994 2942.417969
-113.409760 672.364441 3100.006104
-120.312462 441.820099 3067.437744
73.522713 432.556641 3081.865723
311.500275 334.641296 2987.013672
222.208160 568.831421 2809.030762
-314.147644 451.083557 3053.009766
-377.401642 101.011932 3039.414551
-383.365753 -223.086517 2912.125977
-128.829346 204.407928 3029.430176
-26.718588 -38.291183 2999.657227
28.666674 -510.093994 3068.587646
21.085264 -980.836182 2918.751221
-247.973862 -27.717300 2983.187988
-203.673233 -499.586365 3066.577148
-176.010529 -967.468140 2943.483154
-112.715988 672.048767 3095.749023
-119.607986 441.529480 3065.568115
74.301819 432.115845 3078.888428
296.262024 334.825623 2986.972656
165.210663 550.726929 2810.477783
-313.517792 450.943085 3052.247803
-377.190094 101.005707 3040.199951
-383.002167 -221.741486 2907.118164
-128.667007 203.824829 3029.457031
-27.060604 -39.252213 3000.947998
29.087559 -508.806946 3085.432617
21.160038 -994.776367 2873.932373
-248.391449 -28.507401 2985.743896
-206.416672 -501.316833 3064.892822
-175.546585 -962.613831 2942.537842
-110.232407 671.872498 3103.141846
-117.596176 442.758484 3068.645264
76.436920 433.414429 3079.991699
292.615479 337.898987 2991.490723
122.896118 539.146484 2826.214844
-311.629272 452.102509 3057.298828
-378.609467 100.013184 3039.122559
-382.586548 -221.507660 2903.424805
-126.731033 205.539642 3029.504883
-25.125784 -37.012085 2996.840332
30.391962 -510.459778 3052.826416
23.860350 -981.444763 2907.754395
-246.605988 -26.346283 2983.888672
-202.516037 -499.692047 3058.545654
-173.287888 -963.754822 2937.164062
-107.026886 672.582886 3108.322998
-115.943817 444.138123 3070.256592
78.244217 434.653320 3077.404785
285.781403 326.425873 2996.252197
91.688705 519.452759 2838.786865
-310.131836 453.622864 3063.108398
-379.328247 98.526672 3037.583740
-381.663116 -221.575531 2899.760742
-125.974899 207.379272 3028.613770
-25.159075 -34.793686 2991.051270
33.441277 -508.154907 3049.981934
21.698668 -968.764038 2924.648438
-246.852890 -23.965439 2982.890625
-202.183914 -497.080200 3058.806396
-174.272202 -963.068359 2937.002930
-107.242645 670.533081 3109.929443
-114.556740 443.123169 3070.170410
79.739433 434.612732 3076.026611
281.875610 321.718628 3001.619873
66.172440 506.855347 2851.357422
-308.852905 451.633606 3064.314209
-378.179962 98.254120 3034.319580
-380.888855 -221.801575 2895.445557
-123.625641 206.542419 3027.250488
-21.818966 -34.894836 2987.672363
37.280087 -501.917572 3080.066650
27.750381 -992.104004 2880.821533
-243.570114 -25.181824 2980.988770
-194.188248 -498.113312 3055.019775
-170.224274 -961.925720 2937.588135
-108.946861 673.817444 3099.721191
-115.118652 444.475159 3066.411377
79.281967 437.536133 3070.879395
291.949524 322.877502 3012.300537
61.872574 503.629395 2861.212891
-309.519287 451.414185 3061.943359
-379.077881 97.113525 3034.133545
-380.485352 -222.152924 2893.229004
-122.690796 207.197327 3027.368652
-19.319492 -34.040588 2990.875732
32.683113 -506.143555 3058.879150
25.553104 -979.267883 2920.100830
-241.206390 -26.120422 2985.776123
-197.931381 -499.775940 3058.864014
-170.352463 -960.296814 2947.031738
-110.776085 671.366211 3093.616455
-116.431442 442.767639 3062.503418
77.910202 436.134338 3069.342285
295.457520 326.431396 3017.157471
64.386902 506.298279 2852.375000
-310.773071 449.400909 3055.664062
-378.553680 97.066223 3038.547119
-381.213348 -222.247192 2896.476807
-123.240829 205.124725 3025.510742
-19.137138 -36.303864 2992.421387
30.919563 -506.530853 3076.310303
23.199837 -993.317627 2887.017090
-240.963287 -28.732483 2984.615234
-201.753174 -503.170563 3054.894775
-172.129501 -963.302429 2941.474121
-115.081528 669.967773 3102.579102
-117.664719 442.261169 3065.610107
76.702271 437.182556 3073.205566
301.726868 326.224121 3028.583252
81.582397 518.927673 2847.015381
-312.031738 447.339783 3058.014648
-379.279175 97.019073 3037.298584
-381.048157 -221.487305 2895.859619
-122.262207 205.221527 3024.765869
-15.936285 -34.716431 2988.256348
30.526869 -508.916565 3047.044922
24.594843 -979.884766 2910.656250
-237.783096 -28.919800 2979.586914
-202.296692 -501.582733 3061.838623
-168.991241 -962.028687 2935.287842
-118.655563 671.286743 3107.066650
-120.161003 443.928528 3068.052002
74.268852 439.742676 3074.690674
311.848907 325.113556 3027.794678
113.402878 536.093811 2844.504639
-314.590851 448.114380 3061.413330
-378.654144 99.002014 3034.677979
-382.389496 -221.507690 2901.433594
-123.795212 207.202393 3025.228027
-16.470146 -31.912582 2986.192627
28.530823 -501.548218 3073.542725
20.661434 -991.422852 2874.826172
-238.388687 -27.134933 2978.615479
-208.523666 -499.078857 3067.126953
-172.685379 -962.639526 2935.677734
-120.426064 666.926208 3096.773926
-123.422836 438.296387 3062.485840
70.997162 433.765137 3069.390625
306.422729 321.055725 3029.379883
147.564194 552.294128 2835.233398
-317.842834 442.827637 3055.581055
-378.327789 100.007019 3039.825195
-382.295380 -221.928314 2904.083496
-127.572556 200.920532 3023.554199
-20.768982 -39.041260 2988.562988
24.341515 -512.570679 3052.513672
17.256708 -985.306641 2912.723145
-242.675568 -33.869385 2980.682129
-209.726257 -505.580231 3069.750000
-177.810364 -970.446289 2940.382812
-122.946381 665.212036 3104.668457
-125.170441 436.593262 3065.749268
69.293121 431.895386 3071.061279
310.700287 325.014069 3015.699219
194.219849 571.986877 2817.807617
-319.634003 441.291107 3060.437256
-380.173645 97.011658 3041.934814
-384.261383 -225.314331 2905.791992
-129.743896 199.749161 3023.716553
-23.333673 -39.776077 2984.715576
26.516794 -507.212952 3079.547363
21.211771 -994.328308 2863.343750
-245.301025 -34.413773 2978.652100
-203.299088 -506.309387 3062.414795
-176.883484 -964.900757 2935.644775
-125.935188 664.921631 3108.104980
-127.671875 436.782104 3067.220215
66.843384 432.926514 3071.017090
321.336914 334.506927 3000.844971
247.042328 587.604797 2804.203125
-322.187134 440.637695 3063.423340
-381.099731 95.001526 3042.993896
-385.157501 -227.683899 2906.520508
-131.508972 200.202805 3023.559082
-24.333002 -38.576920 2982.064941
27.701887 -510.411011 3051.196289
21.783379 -981.994934 2903.975830
-246.359131 -34.176041 2977.730957
-204.530197 -505.108215 3067.089844
-175.179855 -967.431396 2935.403809
-128.462997 665.110413 3109.352051
-129.886765 436.478394 3067.537842
64.635712 432.916199 3071.560059
327.653534 339.755463 2988.473633
295.155975 597.886902 2800.029297
-324.409241 440.040588 3063.515625
-380.563934 92.981598 3039.533936
-385.396545 -228.962952 2902.373779
-133.285614 200.121979 3022.590332
-25.672091 -38.267349 2979.938232
28.260458 -504.694946 3077.679688
22.565821 -997.784058 2865.166748
-247.696838 -34.201523 2975.347412
-207.450287 -504.749695 3067.653076
-175.386017 -966.859070 2934.277100
-131.667892 658.462280 3098.940430
-131.111252 429.532562 3061.879883
63.297241 427.592865 3069.371826
330.287354 343.849213 2975.770020
338.965515 601.807495 2792.808838
-325.519745 431.472260 3054.387939
-381.818329 94.015076 3038.760254
-384.206940 -228.214874 2901.298584
-131.902756 192.450165 3021.037109
-21.723923 -45.739426 2984.470703
36.112679 -515.632446 3063.927734
26.519606 -988.466553 2909.875000
-243.664597 -43.525040 2975.917969
-202.960770 -512.219788 3076.813721
-168.473022 -979.737915 2936.853271
-130.080887 661.246582 3092.713379
-130.059296 430.705627 3059.519043
64.337807 428.500153 3067.697021
336.639526 345.421814 2969.367676
389.932220 603.725403 2802.686279
-324.456390 432.911133 3051.341064
-380.911865 95.516724 3041.357422
-384.656647 -228.425354 2910.787354
-131.161377 193.121109 3021.644043
-21.330017 -45.722000 2988.435791
25.093613 -513.395874 3086.790771
24.237913 -996.992981 2869.135010
-243.196899 -43.204849 2979.102295
-208.153580 -514.328918 3069.879883
-171.767441 -972.369568 2939.300049
-130.971756 660.079102 3089.082764
-130.355148 429.492065 3057.565918
64.042839 427.911011 3066.091309
340.802948 350.226807 2962.660645
428.327911 604.744629 2810.882568
-324.753113 431.073151 3049.040527
-379.971130 97.251678 3040.137695
-385.708160 -228.204041 2917.989990
-130.700287 191.632996 3021.324219
-20.106148 -47.128372 2989.947754
26.869678 -519.886414 3055.173096
23.468571 -989.843018 2907.978516
-241.984711 -45.323807 2980.217285
-204.896011 -514.978271 3077.792725
-172.380875 -970.463867 2940.692139
-131.603836 657.753418 3088.330322
-129.441208 427.442719 3056.695068
64.921608 426.419800 3066.133057
343.878235 352.125427 2961.376709
457.184174 603.883789 2816.737305
-323.804047 428.465637 3047.257080
-381.005707 95.105652 3043.069336
-384.692444 -226.714966 2911.853027
-128.892212 189.699753 3019.622070
-17.420321 -48.626984 2987.935303
28.457258 -516.128357 3083.688721
27.323595 -1002.215088 2866.257568
-239.266098 -47.459442 2977.162842
-202.290985 -519.744019 3060.299561
-172.561417 -970.819092 2935.760986
-132.930847 663.057556 3100.940430
-128.754990 433.227020 3062.689697
65.634804 432.880249 3071.666016
345.429565 352.557556 2956.691406
467.263947 606.738098 2817.282227
-323.144806 433.573792 3053.713379
-380.512115 95.052948 3040.553955
-383.381378 -225.732269 2908.420410
-127.250320 196.302521 3020.951660
-14.807039 -40.819885 2984.336426
49.020699 -549.994507 3070.241699
28.453869 -1001.037964 2830.026123
-236.684265 -40.424072 2974.090820
-202.810730 -512.133911 3062.314941
-173.036499 -958.811523 2938.799561
-132.731964 662.827454 3093.227783
-128.469650 432.802917 3058.982178
65.694359 432.441895 3071.508057
344.183929 347.255615 2959.351074
461.486755 603.400757 2816.019287
-322.633667 433.163879 3046.456299
-380.784668 95.049561 3039.765869
-382.855286 -225.621399 2905.303955
-126.420731 195.344177 3020.378418
-13.543817 -42.320602 2988.924316
39.797092 -605.900635 3086.119629
27.692225 -1012.422241 2821.884766
-235.199799 -41.908493 2974.625000
-203.528809 -513.811584 3063.118652
-173.814606 -966.403809 2941.963379
-131.467056 665.904358 3102.380859
-128.655487 436.720398 3063.794678
65.389420 434.461029 3077.899414
339.111938 346.630890 2962.696289
433.343994 603.455811 2807.823242
-322.700409 438.979736 3049.689941
-380.368561 92.520447 3037.867920
-381.361542 -226.217712 2897.919678
-128.370911 199.809753 3021.930664
-17.344175 -38.390305 2988.116211
43.680275 -552.104858 3090.901855
20.180752 -972.271606 2880.144043
-238.828491 -35.811447 2972.017090
-209.472382 -507.383240 3063.230713
-178.765335 -958.349365 2936.103271
-130.335953 663.547729 3094.420654
-129.284592 433.481201 3060.162842
64.701363 431.167603 3075.234131
335.547821 345.311554 2958.834961
402.282318 599.140869 2789.940186
-323.270508 435.794800 3045.091553
-379.190338 94.769440 3033.910400
-381.485504 -227.191315 2902.364258
-129.107635 196.031555 3021.434082
-18.229160 -42.738388 2991.305908
34.625896 -532.620422 3098.428711
22.573099 -996.446228 2859.672119
-239.632202 -40.097794 2974.104736
-207.945724 -509.802612 3073.546631
-175.883331 -968.011108 2940.930420
-128.788452 665.434692 3090.444580
-127.791771 434.622437 3058.698242
66.221840 431.846558 3073.445557
334.290588 347.151855 2957.876221
371.005157 599.416870 2781.655518
-321.805389 437.398254 3043.950928
-379.078522 93.398071 3034.930908
-383.322449 -227.996307 2899.849365
-128.369263 196.903107 3021.550781
-18.007868 -42.403473 2992.835938
36.375381 -572.964844 3070.120605
18.508379 -1024.066162 2877.576660
-239.885651 -39.228943 2975.970703
-207.575531 -509.864563 3070.865479
-175.777969 -962.492554 2938.303467
-127.493591 663.195068 3090.471436
-126.872734 433.002197 3058.605469
67.109795 429.616943 3073.685303
317.203918 336.022278 2962.955322
320.570740 587.974976 2787.652832
-320.855255 436.387482 3043.525635
-380.473083 92.255371 3031.423096
-384.384003 -229.348297 2898.851807
-128.144073 195.251038 3021.586914
-18.604059 -44.433960 2993.182617
36.357910 -539.462524 3097.781494
21.248165 -1004.743774 2882.414307
-240.226776 -40.566315 2975.954102
-207.306900 -511.616425 3068.731201
-175.837601 -967.014771 2935.222900
-126.599510 659.109131 3090.177002
-126.332718 428.869507 3057.848633
67.641937 425.481750 3073.067871
309.570831 334.481354 2972.223145
275.694672 577.839661 2792.494385
-320.307373 432.257294 3042.629395
-379.256531 91.600128 3029.829346
-384.398987 -229.029480 2897.302734
-127.548416 191.172272 3020.432617
-18.011015 -48.459274 2991.706299
32.606926 -534.451355 3066.335205
20.721819 -993.226624 2909.853271
-239.517212 -44.590683 2974.326904
-206.783737 -515.525330 3067.865479
-175.095810 -968.832764 2936.487793
-124.991982 659.111206 3089.854492
-123.409088 429.359802 3056.693848
70.409500 426.214264 3073.748047
301.775452 338.243622 2981.641357
225.160065 570.088501 2796.095215
-317.227692 432.505371 3039.639648
-379.632660 90.794037 3028.898926
-384.845551 -228.806824 2896.830078
-123.945724 191.707657 3018.959473
-13.838348 -47.740189 2990.960693
34.414398 -528.997559 3052.987549
24.571074 -985.050842 2928.438721
-235.126373 -44.148819 2971.489502
-200.888489 -514.839539 3065.757568
-170.981186 -962.433105 2937.001709
-124.159897 660.207214 3087.685303
-122.580406 431.118408 3055.918701
71.457527 428.770233 3070.206299
287.389435 332.628296 2981.802246
168.874268 556.567261 2808.939453
-316.618317 433.466553 3041.631104
-378.816681 90.891541 3029.958008
-385.227692 -228.689880 2900.972656
-122.706429 193.403931 3018.562012
-12.071436 -45.650909 2989.360840
30.163130 -516.324463 3088.616455
24.476603 -997.291626 2877.999023
-233.593460 -42.970154 2973.049805
-200.021530 -514.146973 3065.110352
-173.649246 -959.259766 2939.959473
-123.999413 661.631836 3086.591309
-122.194702 432.624084 3055.072998
71.936142 430.802582 3068.261719
276.686096 330.831635 2984.857666
118.565765 544.127441 2826.544678
-316.325531 434.445557 3041.884277
-377.920532 92.931702 3027.997070
-385.892487 -226.964050 2902.562256
-121.915459 194.845154 3018.123047
-10.842604 -43.973312 2988.699951
29.218294 -511.383789 3099.060303
23.590359 -1006.509888 2845.135742
-232.429825 -41.894211 2973.646240
-199.318466 -512.694702 3067.783691
-174.435425 -960.647095 2938.808105
-121.948143 664.446411 3088.561523
-120.358337 435.707825 3056.769287
73.827423 433.659668 3069.195557
271.877502 328.397491 2993.376709
82.242249 530.863953 2839.241211
-314.544098 437.755981 3044.343018
-376.431793 97.481842 3027.061768
-394.681305 -222.462036 2909.375732
-120.497414 197.938293 3019.752930
-9.813343 -41.000153 2989.828369
29.621960 -513.040771 3071.939453
23.558521 -986.481201 2894.919189
-231.459641 -38.662354 2975.644775
-202.901489 -510.369019 3066.540771
-174.310379 -959.140625 2940.635498
