123.885735 704.421143 2487.492432
123.999756 473.787537 2463.631104
307.957092 481.953583 2388.996582
400.463654 367.691925 2162.218994
211.277481 602.579895 2104.453613
-59.957592 465.621460 2538.265625
-59.957401 148.747833 2538.265625
-59.962803 -168.125458 2538.265625
122.035156 233.506088 2432.499023
223.588409 -2.180069 2359.368164
262.271698 -485.182312 2365.238525
224.100723 -947.382324 2322.251221
16.552700 -11.370621 2443.365723
123.623871 -483.580933 2456.661865
144.543167 -948.895874 2458.737549
125.473938 705.554077 2487.334717
124.025597 475.803650 2463.277832
305.730682 485.072388 2383.584229
402.236847 361.854858 2176.599854
168.535706 562.016174 2150.359131
-57.679466 466.534912 2542.971436
-57.679276 149.661285 2542.971436
-57.684677 -167.212006 2542.971436
122.799751 235.460602 2432.530029
223.860733 0.335175 2356.920410
252.454254 -483.182220 2367.545898
229.809586 -945.074707 2314.287598
19.287071 -10.100098 2446.644043
114.973206 -484.811310 2455.955078
150.156387 -947.447266 2485.017578
126.391037 703.971863 2487.295410
120.766319 474.137360 2463.196533
300.819275 481.087372 2379.629883
406.630554 356.419312 2186.333008
141.848633 522.800903 2195.695801
-59.286625 467.187347 2546.763184
-59.286434 150.313721 2546.763184
-59.291836 -166.559570 2546.763184
116.246521 233.725616 2433.464111
213.057098 -2.774796 2356.702148
244.273499 -486.208984 2366.840576
213.718262 -948.271362 2317.801270
10.396343 -10.597458 2450.761230
107.629929 -485.141479 2459.758057
139.292984 -948.964966 2479.766113
128.858063 702.886292 2488.270996
120.865761 472.414703 2462.097656
299.537750 477.925415 2375.466797
411.311401 352.690948 2190.695557
130.350067 501.012634 2227.599609
-57.806236 466.903992 2548.728516
-57.806046 150.030365 2548.728516
-57.811447 -166.842926 2548.728516
113.365570 232.211258 2431.349365
206.404312 -4.891312 2351.853760
241.039764 -488.133972 2361.390381
229.734985 -950.713257 2311.248291
5.326455 -11.093063 2449.348389
118.685791 -481.850525 2456.938232
132.310532 -946.745056 2467.914307
128.579376 701.589233 2487.239258
120.095070 471.303894 2460.999268
297.184875 476.325317 2371.126221
414.663361 351.847626 2194.353271
124.018097 493.586365 2248.522705
-56.994713 466.282471 2550.872314
-56.994522 149.408844 2550.872314
-56.999924 -167.464447 2550.872314
111.765976 230.998230 2431.161133
203.090530 -6.481735 2350.748779
244.474960 -489.097473 2363.202148
235.846771 -952.574585 2318.975830
3.783243 -12.133133 2451.897217
119.457123 -482.506287 2459.427002
141.651138 -947.055725 2478.284912
130.673798 702.595642 2488.241699
120.142693 472.657715 2463.506104
294.216278 477.010803 2368.023193
416.343964 349.919067 2196.201416
121.385986 502.220215 2249.344238
-53.930901 468.304565 2558.989014
-53.930710 151.430939 2558.989014
-53.936111 -165.442352 2558.989014
110.196396 232.317932 2434.416016
198.243484 -5.571274 2351.574707
247.793900 -487.350281 2365.382324
220.979141 -950.627686 2330.219971
2.256697 -10.472397 2459.077148
123.579765 -479.508911 2463.405273
133.855194 -944.617676 2481.460449
129.985519 702.361572 2486.217041
118.975349 472.274475 2463.693115
293.925659 475.871948 2369.662842
422.167725 347.455750 2196.598877
133.884399 525.991516 2230.029541
-55.974957 468.677063 2557.723389
-55.974766 151.803436 2557.723389
-55.980167 -165.069855 2557.723389
108.889160 231.801208 2435.727051
197.227112 -6.648209 2354.861084
247.992371 -488.417542 2366.006836
230.461578 -952.449341 2332.199707
0.378848 -10.695938 2460.660889
128.009872 -478.088257 2461.662598
129.400970 -943.572388 2466.625732
129.711639 700.525818 2486.703369
118.799477 470.393433 2464.389404
295.991699 473.301941 2374.676758
425.591644 344.735321 2196.795898
149.079956 547.785645 2201.560059
-58.392757 467.484985 2554.102051
-58.392567 150.611359 2554.102051
-58.397968 -166.261932 2554.102051
108.290169 230.002472 2435.839111
197.507980 -8.751556 2356.796875
247.880554 -490.652496 2360.556641
238.305115 -955.519409 2335.496094
-1.946256 -12.025452 2457.780762
123.135345 -480.146820 2455.469971
130.586853 -945.773376 2460.397949
129.333282 699.025513 2486.452637
120.221725 469.359711 2465.044922
299.463531 471.854065 2379.497803
426.296875 347.367401 2190.900635
174.690460 579.251587 2164.787109
-59.020065 466.865356 2550.592041
-59.019875 149.991730 2550.592041
-59.025276 -166.881561 2550.592041
109.894341 228.969147 2436.397461
200.439209 -10.017654 2359.606445
247.576477 -492.271179 2364.242676
244.760834 -956.241760 2325.761230
-1.305289 -12.825180 2455.893555
131.775879 -478.695374 2456.977783
127.506866 -944.337097 2455.731445
130.224762 696.432983 2487.836426
123.151611 466.405151 2464.838135
304.516083 469.309326 2383.935303
427.665161 348.691864 2182.959229
207.745300 606.515625 2132.341553
-58.212845 463.501038 2545.740967
-58.212654 146.627411 2545.740967
-58.218056 -170.245880 2545.740967
113.595612 226.157104 2434.791992
206.111206 -12.456512 2359.213867
251.856277 -494.845001 2365.726562
238.925781 -958.028687 2320.003418
1.968016 -15.725403 2450.277832
132.755554 -482.297028 2452.521973
125.149567 -948.048950 2451.997314
126.634796 700.860107 2488.056152
125.259155 469.506104 2465.592285
308.140167 475.106567 2388.322266
426.830444 351.321960 2170.531982
248.407791 630.599304 2094.717773
-57.621857 463.905640 2542.862305
-57.621666 147.032013 2542.862305
-57.627068 -169.841278 2542.862305
120.204498 229.079285 2436.203369
218.066940 -8.195831 2363.330322
266.854614 -490.215576 2359.652100
232.074738 -953.020508 2341.850098
12.232742 -14.499207 2450.298584
132.493896 -483.686951 2458.936768
137.648483 -949.349243 2454.544189
126.192482 703.073364 2494.129639
126.373955 471.508484 2468.135742
309.250793 479.256775 2390.920898
424.408844 352.662354 2158.259277
298.832672 649.390747 2060.385986
-56.502872 463.760162 2545.350586
-56.502682 146.886536 2545.350586
-56.508083 -169.986755 2545.350586
122.975922 231.403641 2435.994141
222.469269 -4.341782 2360.409424
256.867493 -487.338013 2350.882324
234.179245 -951.640442 2337.945068
16.686491 -13.060593 2447.295654
129.120346 -484.224426 2455.567627
138.584869 -949.911621 2457.542969
125.726273 705.248901 2489.659424
127.443985 473.729980 2467.038086
310.131226 482.084412 2389.353271
421.205200 354.835144 2148.126465
357.415161 657.293579 2030.540771
-55.243237 465.375610 2544.722900
-55.243046 148.501984 2544.722900
-55.248447 -168.371307 2544.722900
125.512115 233.369446 2436.646484
226.371979 -2.290375 2362.544434
255.036346 -485.810455 2361.028320
231.805237 -949.659302 2333.071777
20.788509 -11.691833 2449.965332
133.418030 -482.764923 2462.939453
140.327469 -948.583862 2466.062988
125.919868 703.551392 2487.424561
127.907249 472.487152 2465.733887
310.156464 481.474945 2387.060547
418.100372 359.921814 2135.557129
412.757080 657.972961 2003.930908
-54.341942 463.499359 2544.407227
-54.341751 146.625732 2544.407227
-54.347153 -170.247559 2544.407227
126.873474 232.040482 2435.870361
228.394760 -3.348587 2361.735840
254.516571 -487.124817 2363.383545
230.689880 -950.132446 2322.234863
23.284630 -13.463791 2450.277832
124.142349 -487.172119 2459.362793
140.633804 -952.704224 2462.800293
125.373062 705.425232 2494.306641
127.308067 473.759155 2468.872559
307.752319 484.502686 2386.449707
416.517700 364.442444 2125.265625
450.223602 657.668335 1989.416992
-53.136158 463.015656 2551.295410
-53.135967 146.142029 2551.295410
-53.141369 -170.731262 2551.295410
126.738922 233.664749 2436.331543
227.737061 -0.382431 2357.396973
254.306747 -484.208374 2358.672607
224.138412 -947.028564 2316.971191
24.602482 -12.476913 2450.184082
121.273010 -487.177429 2457.450684
141.854630 -952.557373 2464.208252
125.140953 703.700012 2498.758301
126.294060 472.937866 2470.198242
306.280670 483.930725 2386.747070
419.253448 367.216278 2117.635254
468.795471 656.730713 1978.484131
-53.692558 461.945007 2553.649414
-53.692368 145.071381 2553.649414
-53.697769 -171.801910 2553.649414
124.986603 233.103394 2435.785645
224.954178 -0.545609 2354.416748
249.341629 -484.484497 2359.154053
227.118484 -948.373596 2324.543701
22.404116 -12.916550 2448.329346
131.690201 -484.777039 2454.521240
134.825912 -950.176758 2466.944580
124.266640 702.506897 2500.977295
124.469231 471.340149 2470.689209
304.832153 481.353333 2387.897949
418.634125 369.107391 2114.320312
467.950256 657.890564 1977.782471
-55.893700 461.327026 2553.480469
-55.893509 144.453400 2553.480469
-55.898911 -172.419891 2553.480469
121.704590 231.600250 2435.671387
220.434097 -2.505035 2354.065186
248.050629 -486.285004 2358.963867
220.764511 -949.861206 2322.372803
17.445808 -13.774292 2447.241943
122.136375 -486.704620 2456.881348
131.606079 -952.265564 2462.884766
126.582687 703.098511 2503.585449
124.441162 471.557129 2472.308594
304.904541 479.395935 2389.505127
413.824524 368.052216 2113.166504
448.138306 657.729431 1979.864746
-56.022217 463.718323 2555.112061
-56.022026 146.844696 2555.112061
-56.027428 -170.028595 2555.112061
118.406097 232.013123 2436.479004
213.929230 -3.119476 2354.050537
243.422668 -486.744141 2362.410889
228.062439 -950.807739 2325.897705
10.812836 -11.942261 2447.248291
117.096169 -484.527710 2459.449219
129.274902 -950.134216 2467.292236
127.687057 701.958130 2503.386475
124.805405 471.406738 2472.750000
305.901733 478.061584 2391.228516
412.414215 365.524963 2121.081299
407.295074 652.553589 1990.689819
-56.290939 464.751892 2554.271484
-56.290749 147.878265 2554.271484
-56.296150 -168.995026 2554.271484
117.640594 231.828033 2437.276367
212.388153 -4.005646 2355.926270
254.300476 -486.601624 2358.731445
221.358246 -950.094299 2331.843506
8.563416 -11.495697 2447.679199
124.702209 -481.638733 2461.655029
136.673279 -947.337036 2469.055176
130.113022 703.368469 2503.786865
126.519165 472.693115 2472.441406
308.962830 478.525696 2393.965820
409.214325 361.768951 2129.538086
348.954163 642.022217 2012.307495
-55.924465 466.860535 2550.916992
-55.924274 149.986908 2550.916992
-55.929676 -166.886383 2550.916992
118.630814 233.229004 2436.304688
213.424484 -2.952454 2356.000732
257.481628 -485.362671 2350.485840
214.256454 -948.482910 2343.135498
8.060431 -9.517761 2444.335205
133.955826 -477.140900 2457.323975
133.867706 -942.904175 2461.979248
131.745636 705.530579 2495.992676
127.110413 474.982452 2470.369873
310.814850 479.450867 2394.827637
398.574249 361.862671 2136.261963
280.341583 624.910278 2038.449951
-56.594036 470.514038 2545.912109
-56.593845 153.640411 2545.912109
-56.599247 -163.232880 2545.912109
119.526886 235.026779 2437.734863
215.330276 -2.414124 2362.585449
253.749939 -485.320892 2365.140381
229.232010 -948.613892 2337.419678
8.556439 -7.443665 2447.614258
130.867996 -476.091614 2460.771240
134.206741 -941.887573 2468.226318
132.521255 707.492737 2492.591064
127.710785 477.041748 2468.502930
311.330414 482.213654 2392.737305
396.783264 357.435242 2150.127686
219.890549 591.636719 2077.020020
-55.908844 471.869843 2544.268555
-55.908653 154.996216 2544.268555
-55.914055 -161.877075 2544.268555
121.376366 236.919266 2436.760254
218.363297 -0.293030 2362.384766
261.772675 -482.836060 2361.054932
224.234344 -945.539307 2331.053955
11.720580 -6.113403 2447.650391
134.345322 -474.815277 2456.499756
138.009720 -940.661926 2464.436768
132.653412 705.919678 2489.396729
128.989532 475.804871 2465.037842
312.755859 482.582977 2389.739990
396.389099 353.218994 2165.569092
170.561157 550.406494 2119.960693
-54.776814 469.026794 2540.335693
-54.776623 152.153168 2540.335693
-54.782024 -164.720123 2540.335693
124.955109 235.597443 2433.569336
224.333786 -0.795685 2359.727539
267.426636 -483.376556 2353.683105
218.717072 -945.770142 2335.521484
17.507587 -8.424316 2444.474121
133.616531 -478.781830 2452.750732
140.902145 -944.586853 2461.531982
134.404617 704.750732 2489.296387
130.555008 475.408081 2462.512451
313.036163 482.731628 2384.243164
397.190735 349.107910 2176.282227
134.727783 508.134064 2164.281738
-51.926151 468.084595 2540.781738
-51.925961 151.210968 2540.781738
-51.931362 -165.662323 2540.781738
126.550804 235.234253 2430.704590
225.248367 -0.817856 2354.846191
259.095428 -484.104126 2353.650879
223.183624 -947.350037 2327.064941
19.844852 -9.061325 2442.947266
128.047974 -481.226257 2453.351562
133.446899 -947.036499 2463.885010
134.055923 704.535461 2487.234131
130.709122 474.356354 2460.004395
310.970612 482.904968 2376.996582
398.102875 347.065887 2182.629150
115.659637 486.697876 2196.106445
-49.552399 465.807739 2543.012207
-49.552208 148.934113 2543.012207
-49.557610 -167.939178 2543.012207
127.716949 234.090698 2428.762939
226.196274 -1.362839 2350.795410
259.805450 -484.700073 2354.900391
223.511719 -947.864258 2323.189941
23.253288 -10.987076 2444.247559
131.640289 -483.187439 2453.694336
133.245514 -948.889771 2468.501953
134.503265 702.153931 2487.720703
129.775803 471.240234 2459.659912
308.760284 479.761505 2373.879150
405.553711 345.033966 2186.814697
113.946899 483.280975 2216.264404
-49.208645 462.718994 2545.440674
-49.208454 145.845367 2545.440674
-49.213856 -171.027924 2545.440674
126.435699 230.923904 2428.818604
223.809570 -4.597565 2349.708740
258.803101 -487.851898 2356.466064
220.214264 -951.107422 2326.597168
22.381620 -14.187317 2446.245850
124.930931 -487.627411 2457.906494
131.048187 -953.404053 2463.235352
134.533310 701.173340 2486.474121
128.571747 470.475525 2460.740723
305.854034 477.798157 2371.406738
410.285370 344.514160 2188.423340
116.535522 494.771179 2220.614502
-48.710522 463.152893 2550.074707
-48.710331 146.279266 2550.074707
-48.715733 -170.594025 2550.074707
123.392075 230.089325 2430.757812
217.983780 -6.175812 2350.499268
257.139221 -488.915527 2364.471680
215.478516 -951.075928 2324.214600
18.441013 -14.417908 2451.050537
119.304581 -488.225098 2463.753418
129.430359 -953.980347 2469.551025
133.856323 700.994812 2485.830566
127.601761 470.313232 2461.399414
305.838654 476.478577 2373.839355
414.141022 345.255829 2186.707275
130.668671 524.428406 2206.739990
-50.635147 464.147858 2548.959473
-50.634956 147.274231 2548.959473
-50.640358 -169.599060 2548.959473
121.513039 229.864273 2432.074707
215.716171 -7.115494 2353.480957
255.220291 -489.853638 2368.271729
225.698349 -952.782166 2326.750732
15.132452 -14.053848 2452.019043
126.805313 -485.346741 2463.646484
129.286118 -951.191284 2463.984375
132.602463 702.821777 2485.512451
126.862686 471.816803 2462.631592
305.918579 477.445831 2376.682373
418.570312 345.625977 2185.854736
155.056244 558.423279 2183.041504
-52.193222 466.187775 2548.580811
-52.193031 149.314148 2548.580811
-52.198433 -167.559143 2548.580811
120.557587 231.316803 2433.745605
215.009171 -6.015686 2356.495117
260.408508 -488.280853 2358.609131
220.314636 -951.295776 2332.436035
13.495804 -12.350708 2453.224121
122.267159 -484.422638 2463.216553
133.001038 -950.134888 2461.035400
134.023041 701.787109 2487.873047
130.186188 471.125061 2462.714355
311.473846 477.706116 2381.800049
419.303680 345.818268 2178.947266
180.833389 588.902710 2158.880859
-51.101463 464.544006 2543.628662
-51.101273 147.670380 2543.628662
-51.106674 -169.202911 2543.628662
125.364037 230.778168 2432.362305
222.594620 -5.864044 2356.460938
265.256042 -488.488129 2357.575928
237.221436 -952.267334 2327.972900
18.489145 -13.273438 2447.559570
139.112671 -482.340607 2457.618896
139.052185 -948.066589 2451.146729
131.698456 702.525085 2487.051270
131.355759 471.523163 2462.084473
313.904266 479.443115 2384.136475
418.156189 348.906372 2168.990723
217.633377 621.133301 2128.948486
-51.192734 463.603210 2540.032471
-51.192543 146.729584 2540.032471
-51.197945 -170.143707 2540.032471
128.537308 231.232574 2431.069336
228.440796 -4.601379 2356.192139
262.327759 -487.902557 2356.289795
241.457458 -952.166748 2325.933838
22.996925 -13.514648 2443.916260
139.535263 -483.570618 2458.131592
140.576401 -949.425781 2454.341797
130.293686 701.547913 2486.629150
131.865341 470.608704 2462.202148
315.014923 479.017883 2385.643799
416.079193 352.954895 2156.503662
267.290771 648.517944 2092.995361
-51.284225 462.199585 2538.760498
-51.284035 145.325958 2538.760498
-51.289436 -171.547333 2538.760498
129.718292 230.371399 2430.678467
230.623367 -5.134369 2356.077881
257.430542 -488.896393 2354.965088
238.808044 -953.583740 2328.048096
24.519125 -14.597473 2442.231689
136.098557 -485.863770 2457.465820
136.966919 -951.786377 2455.639893
127.945984 708.237671 2495.411377
130.270386 476.837036 2468.088623
312.251465 486.870422 2388.990234
418.014679 354.964233 2146.241211
321.890503 660.024353 2055.758301
-51.710697 466.803711 2547.187012
-51.710506 149.930084 2547.187012
-51.715908 -166.943207 2547.187012
128.557495 236.999100 2433.725586
229.257996 2.807617 2354.848389
253.622299 -481.130981 2356.428467
232.704208 -945.566895 2326.080078
24.431227 -8.485321 2443.876709
134.784271 -480.068115 2459.694580
132.811844 -946.010254 2459.750732
127.333519 708.997253 2498.802490
128.983856 477.746704 2470.352539
310.127045 488.819763 2389.459961
413.999237 353.980560 2138.115723
367.683899 663.248413 2029.029663
-52.159313 466.673645 2551.245117
-52.159122 149.800018 2551.245117
-52.164524 -167.073273 2551.245117
127.818214 238.051361 2434.931641
228.586517 4.587097 2353.990234
253.666534 -479.338165 2357.531006
233.349731 -943.768311 2326.012451
24.718626 -7.875092 2445.031250
123.115883 -482.063141 2456.886475
136.708817 -947.540527 2460.792725
126.970573 706.938416 2501.501953
129.107605 476.304596 2470.538330
309.987885 488.521790 2389.187500
411.992432 351.993530 2133.057129
392.748657 662.362366 2012.402710
-51.772690 464.087402 2551.889160
-51.772499 147.213776 2551.889160
-51.777901 -169.659515 2551.889160
128.872162 236.765289 2434.041260
230.421402 4.100830 2351.766602
254.389297 -479.904144 2352.322266
238.339706 -944.734741 2324.641846
26.852034 -9.648865 2443.321777
122.749031 -484.510132 2450.860352
140.785797 -949.935730 2456.965576
127.901863 705.530151 2502.853027
129.716675 475.105255 2469.634766
310.821136 487.062653 2388.719482
412.001251 350.997803 2130.032471
403.327179 663.797363 2009.763184
-51.387768 463.147858 2550.550049
-51.387577 146.274231 2550.550049
-51.392979 -170.599060 2550.550049
128.468430 235.829575 2431.481934
229.133118 3.282684 2347.795654
250.733139 -480.820709 2351.435059
236.013748 -945.393311 2319.021240
25.307247 -10.174896 2438.862549
116.160980 -486.025299 2448.266357
142.324265 -951.093689 2453.260986
127.637787 704.608521 2502.530518
129.992493 474.719482 2468.788086
311.227020 486.844147 2388.175537
413.493530 346.008362 2132.042969
393.802704 659.124084 2013.554932
-51.242039 462.594849 2549.400635
-51.241848 145.721222 2549.400635
-51.247250 -171.152069 2549.400635
128.979065 235.453979 2430.522949
229.954193 3.011520 2346.893555
256.782471 -480.792419 2352.656250
234.022339 -945.245361 2324.270996
25.977077 -10.634598 2437.622070
116.270874 -486.465515 2452.542480
138.241562 -951.825195 2455.363770
128.326752 705.636841 2502.365967
131.180328 476.260010 2468.821777
313.009308 488.567261 2389.594238
414.247223 346.004089 2135.528320
365.506439 655.156982 2024.317139
-50.648640 463.952759 2548.049316
-50.648449 147.079132 2548.049316
-50.653851 -169.794159 2548.049316
130.653931 237.007355 2430.448242
232.454987 4.680817 2347.488037
259.576508 -478.895538 2361.425049
232.570114 -942.416626 2323.877930
27.800091 -9.171448 2436.661377
121.642059 -484.329285 2451.959717
133.626205 -949.989136 2455.852295
130.093811 705.197754 2502.777832
132.129684 476.508881 2468.334229
315.217804 488.514221 2392.070557
414.132965 346.009338 2141.265381
322.425507 643.981384 2042.126221
-50.958454 464.503540 2544.597900
-50.958263 147.629913 2544.597900
-50.963665 -169.243378 2544.597900
131.369629 237.434128 2428.875000
233.655609 5.116241 2346.492920
253.881378 -478.881348 2356.063721
236.715103 -943.329468 2325.893799
27.563541 -8.397491 2432.338623
129.881973 -481.690552 2449.293213
131.308304 -947.410950 2456.530762
132.501434 705.127563 2502.981445
132.722473 476.074860 2467.705078
316.924622 487.355530 2394.075684
408.574860 346.011597 2147.631836
273.439941 628.083008 2063.807617
-51.479668 464.794189 2541.334473
-51.479477 147.920563 2541.334473
-51.484879 -168.952728 2541.334473
131.212433 237.158417 2427.323486
233.367264 4.590500 2345.504883
254.675980 -479.388428 2356.359863
230.160385 -943.199463 2321.263672
26.037516 -8.106552 2428.378906
124.929390 -482.017334 2448.851074
135.205505 -947.620117 2457.592285
131.377960 706.875549 2494.579346
131.563446 478.037537 2464.343994
314.752197 489.324402 2388.227539
408.308350 341.526733 2158.806641
226.321884 595.609009 2090.639160
-51.625301 466.750671 2540.460449
-51.625111 149.877045 2540.460449
-51.630512 -166.996246 2540.460449
130.966309 238.585693 2427.400391
233.460052 5.485611 2347.621582
256.555573 -478.374512 2360.821777
234.437103 -942.035889 2321.392090
27.278278 -7.217911 2433.291992
122.842529 -481.779663 2455.056885
138.728043 -947.240967 2465.805420
134.753220 708.665161 2489.913330
132.902359 479.470215 2461.314697
313.385345 489.575500 2379.070557
405.191681 337.280212 2167.926025
177.201065 553.312012 2123.437744
-47.580631 469.364929 2543.558838
-47.580441 152.491302 2543.558838
-47.585842 -164.381989 2543.558838
130.593536 239.672638 2426.784668
229.903366 5.564697 2345.947998
254.572250 -478.246246 2358.717773
226.791641 -941.399414 2316.707275
26.666071 -5.814606 2438.561279
124.142113 -480.204193 2454.600586
136.701416 -945.833618 2464.838135
135.423889 707.794312 2488.060303
133.221008 478.250671 2457.850098
311.999176 488.338013 2371.902100
401.097290 333.137726 2175.969238
136.838745 510.006348 2161.143799
-45.557148 468.163330 2543.798096
-45.556957 151.289703 2543.798096
-45.562359 -165.583588 2543.798096
130.222626 238.424103 2423.466064
227.820526 4.273544 2340.720215
255.267807 -479.349548 2354.900635
234.789963 -943.171997 2316.423096
26.627972 -7.078476 2437.443848
121.742752 -482.081848 2449.054199
135.490250 -947.756958 2456.822510
137.017426 705.589294 2488.120117
135.021255 475.643677 2455.696533
313.879852 485.333862 2369.744873
402.079010 328.045044 2177.976318
115.032684 476.175720 2197.390869
-43.837311 465.953522 2541.648193
-43.837120 149.079895 2541.648193
-43.842522 -167.793396 2541.648193
131.560913 235.794403 2421.455566
228.727570 1.396866 2338.857666
255.518311 -481.948242 2360.349609
237.454529 -945.395935 2316.282959
27.473570 -9.506638 2435.571533
123.377136 -484.251587 2451.118652
136.028641 -950.010864 2455.931641
139.078278 704.481567 2488.165039
136.935623 474.287292 2454.314209
315.745667 483.633759 2368.161133
405.554138 324.511078 2181.486328
104.929901 459.147675 2220.796875
-41.874424 464.940857 2540.467285
-41.874233 148.067230 2540.467285
-41.879635 -168.806061 2540.467285
132.915405 234.460022 2419.952637
229.508621 -0.108170 2337.114014
257.002167 -483.117859 2364.419434
240.840942 -946.263794 2316.312988
28.281765 -10.626358 2434.068115
124.556229 -485.088013 2454.889404
134.986435 -950.923340 2456.009033
140.182831 703.037354 2487.189697
136.924011 472.270386 2453.278809
314.190430 481.333862 2364.000977
406.785767 324.760834 2180.744141
99.375397 460.268005 2225.252930
-40.342384 463.206909 2542.556641
-40.342194 146.333282 2542.556641
-40.347595 -170.540009 2542.556641
132.465164 232.289978 2420.062988
227.773193 -2.589417 2336.600830
255.259201 -485.658234 2363.470215
236.048233 -949.067139 2319.045898
28.239426 -12.791412 2437.093506
120.009529 -488.269165 2454.656494
128.916656 -954.043945 2462.337646
140.194778 702.833618 2486.913330
131.309784 472.227264 2457.741455
300.088959 478.033020 2354.379639
411.032745 325.351929 2180.589600
106.377930 480.116760 2215.753174
-37.469383 466.421509 2561.103271
-37.469193 149.547882 2561.103271
-37.474594 -167.325409 2561.103271
121.238991 232.070343 2427.807617
206.479599 -4.807999 2339.504150
233.995972 -488.171082 2359.706299
218.736588 -952.589111 2327.533447
15.856781 -11.365158 2456.243408
110.744537 -486.343933 2470.731689
111.464691 -952.174438 2477.790039
137.595795 705.694336 2488.059082
126.133018 474.965393 2462.067627
293.480621 479.496735 2355.717285
414.529633 328.678528 2177.808594
119.436279 509.354431 2193.790039
-41.214607 470.434082 2568.417969
-41.214417 153.560455 2568.417969
-41.219818 -163.312836 2568.417969
114.522835 234.667999 2433.560059
196.930588 -3.083649 2345.303467
246.536057 -484.282104 2363.355469
231.646423 -948.585632 2328.131836
8.894723 -8.175171 2464.801514
120.613815 -479.047974 2461.208008
124.851501 -944.833374 2471.314209
137.785370 707.145386 2489.130127
126.333832 476.291046 2464.135010
295.540497 480.758545 2360.435303
417.270050 332.842590 2172.404785
149.658447 547.953491 2162.333252
-42.872852 471.823547 2567.834717
-42.872662 154.949921 2567.834717
-42.878063 -161.923370 2567.834717
114.770142 236.050644 2434.916992
198.346588 -1.677811 2347.391602
260.223907 -481.693237 2361.101318
234.722168 -945.220581 2322.847168
8.066311 -6.701706 2464.006348
122.725906 -477.001831 2452.298828
134.861893 -942.668457 2459.003174
137.342560 703.833618 2488.757812
130.282104 473.427368 2462.293457
304.968018 479.718781 2368.705566
415.690125 335.910767 2164.292480
179.558792 581.414001 2134.805176
-44.403790 467.135956 2555.881348
-44.403599 150.262329 2555.881348
-44.409000 -166.610962 2555.881348
122.110420 233.341400 2430.901123
212.358765 -3.199921 2346.780273
274.979126 -483.377625 2359.227051
241.664368 -946.329346 2319.703613
15.518704 -10.289215 2452.237305
129.873749 -480.884277 2440.872559
151.840454 -946.056396 2451.487793
136.348068 703.972900 2495.537109
133.330658 474.649170 2463.429199
311.460419 484.169525 2376.753906
414.919617 340.986145 2154.183594
220.388443 616.096130 2111.607422
-44.799099 465.128845 2550.104492
-44.798908 148.255219 2550.104492
-44.804310 -168.618073 2550.104492
128.479446 235.211273 2427.159912
223.846939 1.129654 2342.125732
270.385193 -480.792358 2349.546875
246.138245 -945.010742 2322.032959
23.409527 -9.582932 2439.655518
129.383850 -482.211243 2437.069092
152.351685 -947.307617 2451.437988
134.979706 706.061646 2498.374512
134.384506 476.181091 2464.215332
313.529022 486.833679 2379.351807
412.965485 345.996246 2143.596924
284.120667 648.470459 2085.775635
-44.759998 465.528503 2549.078857
-44.759808 148.654877 2549.078857
-44.765209 -168.218414 2549.078857
130.636002 236.942383 2426.271973
227.607300 3.692841 2340.615967
262.611267 -479.017761 2355.989502
239.628448 -943.127625 2323.669922
26.167706 -8.285492 2436.041260
120.900101 -482.914062 2448.170654
143.428284 -948.161194 2459.355225
132.413696 705.171021 2492.286133
133.261459 474.626373 2461.254639
312.909332 485.959839 2377.304932
412.477814 349.993774 2133.804443
358.671356 666.580444 2065.805664
-46.386417 463.292908 2545.204346
-46.386227 146.419281 2545.204346
-46.391628 -170.454010 2545.204346
131.464859 235.077850 2425.070557
230.713867 1.904007 2341.667725
256.082520 -481.433411 2359.323486
242.599350 -946.106445 2330.061523
28.622644 -10.845352 2436.105225
127.895027 -484.658264 2451.697510
140.127182 -950.205444 2462.984863
132.484634 706.011475 2489.242432
133.256134 475.360413 2460.123779
311.460815 486.413269 2373.056641
411.249634 355.004333 2123.402832
424.142029 672.415405 2049.462646
-44.948547 464.307495 2547.190918
-44.948357 147.433868 2547.190918
-44.953758 -169.439423 2547.190918
131.120789 235.593567 2425.315918
229.258667 2.046036 2341.516602
254.032562 -481.297607 2363.138672
230.199295 -944.580933 2322.851074
28.712217 -10.392563 2439.499512
125.364517 -484.935425 2453.214111
137.189911 -950.488037 2467.111328
131.812515 709.720764 2495.713135
133.178635 478.275238 2463.106689
309.002563 491.533203 2371.687500
411.582428 359.979523 2114.685059
477.254974 671.553223 2040.701172
-42.645275 465.017273 2554.525879
-42.645084 148.143646 2554.525879
-42.650486 -168.729645 2554.525879
131.623993 238.947144 2425.408691
229.031570 7.081268 2336.255371
255.543411 -476.352203 2355.336182
236.486740 -940.321045 2319.070312
31.107136 -7.843170 2439.166016
130.201141 -482.022461 2449.748291
135.659134 -947.734863 2461.928223
132.040833 709.463928 2499.456787
132.681717 479.269958 2464.802490
307.594360 493.315674 2371.665771
409.780518 358.483337 2110.341797
501.755463 665.510559 2032.416748
-42.230907 465.224182 2557.939209
-42.230717 148.350555 2557.939209
-42.236118 -168.522736 2557.939209
130.881836 240.213913 2425.371094
227.492203 9.060379 2333.538574
258.167847 -473.702087 2360.688965
230.705429 -936.637329 2317.519043
30.671703 -6.744614 2438.340820
118.581482 -482.916504 2452.828613
137.756775 -948.179565 2457.078125
131.874146 708.377747 2500.829346
133.259872 477.630127 2464.476074
309.175720 491.939484 2373.238770
410.895508 360.744141 2108.177490
512.310303 665.419067 2026.247314
-42.655964 463.320740 2555.713379
-42.655773 146.447113 2555.713379
-42.661175 -170.426178 2555.713379
131.793320 238.707275 2424.176758
229.313507 7.836227 2332.538818
262.248901 -474.809937 2360.190674
229.698456 -937.617493 2318.245850
31.340038 -8.267349 2435.216064
124.903397 -483.327026 2452.412109
137.403366 -948.933289 2455.589600
133.854187 706.999756 2504.008545
131.722214 476.217163 2466.673584
307.768829 488.448822 2375.359375
412.456635 362.869385 2106.594238
497.539337 671.484619 2027.020142
-44.324402 463.985504 2557.987793
-44.324211 147.111877 2557.987793
-44.329613 -169.761414 2557.987793
127.121170 237.443054 2425.819336
221.585846 5.552002 2333.580322
251.829834 -477.231171 2362.367920
217.910889 -939.889526 2319.106689
23.454397 -8.214111 2436.349854
111.055305 -484.083954 2460.582031
131.483459 -949.269043 2452.983398
133.708145 708.443359 2504.093994
130.002548 477.715149 2467.951904
306.554626 487.875305 2377.353027
410.230011 358.432281 2110.290771
460.953522 671.410217 2032.071045
-46.549549 467.555054 2558.550781
-46.549358 150.681427 2558.550781
-46.554760 -166.191864 2558.550781
123.313202 238.814270 2428.125244
215.978058 5.630966 2337.314209
255.661224 -476.430664 2365.538086
218.328552 -938.731995 2321.025635
17.269657 -5.804214 2439.282959
113.267685 -480.191833 2460.462891
137.012375 -945.378052 2454.688965
136.209076 706.616882 2506.119873
130.050430 477.224121 2468.698730
308.222626 485.210938 2381.165527
410.130341 355.234741 2116.630615
406.254547 666.017822 2037.902222
-48.121761 469.237305 2556.231934
-48.121571 152.363678 2556.231934
-48.126972 -164.509613 2556.231934
120.667587 238.595566 2427.827148
211.566681 4.462280 2337.688721
250.683136 -477.917267 2361.592285
225.964981 -941.203796 2320.279785
11.002795 -4.528259 2436.222412
111.195572 -478.329834 2449.841064
133.904297 -943.636108 2450.689697
140.533386 704.206970 2507.624268
130.754913 476.278137 2468.669678
310.936646 481.838867 2385.247314
409.083191 353.641907 2125.793457
336.773010 648.153198 2045.640381
-49.426823 470.717468 2552.092041
-49.426632 153.843842 2552.092041
-49.432034 -163.029449 2552.092041
118.710220 237.949966 2426.768555
208.084457 2.751724 2337.911377
252.622452 -479.146973 2362.185791
225.837234 -942.266174 2319.223389
5.246600 -3.508163 2431.823486
111.649765 -476.008545 2444.874756
123.751808 -941.562012 2451.909668
141.181381 703.273926 2504.400879
130.226868 475.287903 2467.150391
311.821777 479.383545 2386.725586
402.537415 350.321259 2133.889160
270.262238 621.705322 2059.447510
-51.368042 471.192261 2547.575195
-51.367851 154.318634 2547.575195
-51.373253 -162.554657 2547.575195
117.281487 236.900330 2425.780762
206.522659 0.817429 2339.154785
251.777679 -481.251648 2358.329834
228.511658 -945.164917 2322.668457
2.149535 -3.791946 2429.667480
111.149757 -475.647888 2445.838379
132.833435 -940.634338 2460.359131
140.721008 706.186951 2495.277100
131.812347 478.206329 2463.276123
312.663269 484.059692 2381.238525
402.792267 345.681061 2146.440186
207.094482 573.531494 2088.760986
-49.038586 472.352966 2545.313721
-49.038395 155.479340 2545.313721
-49.043797 -161.393951 2545.313721
122.416962 239.101715 2425.504395
214.784454 3.290726 2341.571045
257.758850 -479.082520 2358.788330
241.785431 -943.613770 2327.650146
11.258694 -3.296524 2433.894287
123.087814 -474.510986 2450.362793
148.334686 -939.396179 2466.183594
141.970215 706.670349 2499.731934
132.875870 477.867554 2462.877686
312.570831 484.668579 2378.391113
399.376221 341.826904 2153.719238
156.901474 525.834473 2122.320801
-46.819088 471.066467 2547.364258
-46.818897 154.192841 2547.364258
-46.824299 -162.680450 2547.364258
122.974297 239.173935 2422.603516
214.193970 4.307556 2334.785645
255.918411 -477.827087 2359.240234
228.428207 -940.032593 2311.514404
11.951465 -3.346893 2429.873047
109.792099 -477.599426 2440.794189
142.566345 -942.026428 2456.703125
143.529327 705.533508 2492.960205
134.475739 475.672485 2458.601562
315.566193 480.607208 2377.041260
396.660309 339.898834 2158.347168
124.809052 486.909210 2157.200195
-46.614693 470.737732 2540.161865
-46.614502 153.864105 2540.161865
-46.619904 -163.009186 2540.161865
124.107040 236.539886 2421.111328
215.654327 0.184525 2337.719727
253.714478 -482.411255 2359.158691
239.725494 -946.347107 2326.604004
11.822351 -5.369919 2429.522461
114.427345 -478.502869 2446.621094
139.259552 -943.514771 2459.087646
143.550705 703.815979 2488.567139
134.884918 473.580872 2455.334229
315.793518 478.014832 2373.273926
394.830627 338.949005 2159.662598
108.394470 470.014832 2172.079834
-46.023685 469.146881 2537.394531
-46.023495 152.273254 2537.394531
-46.028896 -164.600037 2537.394531
124.374779 234.225311 2419.230957
215.658127 -2.635330 2336.954102
256.287354 -485.138428 2356.047607
232.973099 -949.051086 2324.867676
12.071162 -7.625137 2429.301270
118.255524 -480.004028 2447.703369
140.894623 -945.168091 2461.182861
143.786636 701.932861 2487.881348
134.475357 470.972961 2454.574219
314.693329 475.219238 2370.978516
396.915833 339.974243 2162.828125
106.705566 474.984833 2176.137451
-45.742619 466.726685 2538.169922
-45.742428 149.853058 2538.169922
-45.747829 -167.020233 2538.169922
123.536003 231.571259 2418.830566
214.011765 -5.440918 2336.044678
251.473877 -488.167236 2356.197998
235.575485 -952.530640 2324.617676
11.181554 -10.219971 2430.129150
113.689667 -483.385223 2450.152100
140.632797 -948.318237 2464.353271
142.736404 705.282837 2486.529053
133.375351 474.573486 2455.671875
312.463898 478.979614 2369.705078
399.467041 341.996338 2161.907959
112.771515 491.487366 2173.161865
-45.713192 470.167389 2541.638672
-45.713001 153.293762 2541.638672
-45.718403 -163.579529 2541.638672
122.878433 234.918991 2421.521484
213.168335 -2.255859 2338.990967
251.759796 -484.895752 2359.444824
239.324615 -949.445801 2327.173096
11.594700 -7.215179 2435.751221
112.655533 -480.721161 2455.921875
142.094116 -945.602844 2466.900635
141.047287 705.860352 2486.369141
132.720871 474.487427 2457.094971
313.463409 478.568604 2374.705566
405.729675 342.492737 2162.959717
134.848816 520.122375 2161.126953
-48.021664 470.406250 2539.484375
-48.021473 153.532623 2539.484375
-48.026875 -163.340668 2539.484375
122.748848 234.748825 2423.343506
214.504105 -2.692749 2343.220947
251.901428 -485.486176 2362.364746
242.977432 -950.109009 2329.084473
11.049525 -7.286774 2435.963135
119.833809 -479.226440 2449.265137
141.082886 -944.210205 2467.716064
140.324493 704.107483 2486.783936
132.818604 473.478638 2457.554932
314.276062 477.642029 2376.708252
411.867004 343.746887 2160.985596
166.020844 552.484619 2141.330322
-48.638859 469.315247 2538.401611
-48.638668 152.441620 2538.401611
-48.644070 -164.431671 2538.401611
123.138397 233.770142 2423.483887
215.565033 -3.595596 2343.920166
257.202637 -486.106262 2360.871094
234.403214 -949.586670 2321.615479
11.351344 -8.281113 2434.905518
119.702522 -480.416626 2447.103027
133.385559 -945.776489 2463.394043
140.392365 702.169556 2486.997803
134.607468 471.424133 2456.875488
317.667053 476.091003 2379.821533
414.942169 343.375122 2155.504883
200.052139 582.332703 2126.506836
-48.452103 466.757263 2533.929443
-48.451912 149.883636 2533.929443
-48.457314 -166.989655 2533.929443
125.997581 231.806030 2421.908203
220.419830 -5.185394 2343.572266
256.733521 -488.254639 2350.445312
241.815475 -952.963440 2330.693604
14.355559 -10.438751 2430.309570
123.790695 -482.275787 2445.117432
136.858856 -947.854431 2455.753662
137.942566 704.325073 2494.598877
134.000015 474.653137 2460.522705
316.955444 481.691040 2383.360596
414.460327 345.688416 2146.741943
246.521988 614.810913 2105.264893
-48.955410 467.615234 2537.684814
-48.955219 150.741608 2537.684814
-48.960621 -166.131683 2537.684814
127.011398 235.532486 2422.142578
222.974411 0.372147 2340.342285
254.510895 -482.998230 2351.063477
241.283737 -947.243286 2319.272705
17.071150 -7.548508 2427.182617
118.531105 -480.922058 2446.705811
140.912781 -946.009521 2460.579590
136.965408 703.116638 2489.902344
134.001862 473.419312 2458.709717
317.852570 480.624695 2383.698975
416.222015 345.835205 2141.379395
303.565887 636.390381 2082.142090
-49.848843 466.213959 2533.720459
-49.848652 149.340332 2533.720459
-49.854053 -167.532959 2533.720459
128.289383 234.037445 2421.714355
226.036194 -1.289719 2342.507812
260.221680 -484.036682 2364.198242
232.026581 -946.361572 2319.530029
19.117611 -9.399155 2426.930176
121.896194 -482.519592 2447.018799
139.247040 -947.474976 2469.240967
135.949432 706.283875 2496.047852
132.703812 475.943573 2462.003174
315.578735 484.341614 2384.765625
413.096802 350.411133 2130.183838
361.842163 653.572815 2065.063965
-50.171089 467.545532 2539.240723
-50.170898 150.671906 2539.240723
-50.176300 -166.201385 2539.240723
127.304047 236.832550 2423.219971
224.819138 2.447617 2340.970459
254.910690 -480.887695 2353.268311
229.738846 -944.694458 2324.546631
18.989410 -7.004562 2427.903076
116.598274 -481.185974 2448.743408
140.171463 -945.965576 2469.886963
136.193298 703.994080 2491.118164
132.643127 473.499115 2459.492188
316.030151 481.664917 2383.416504
415.044922 350.702209 2125.093018
412.838135 657.020935 2054.986084
-50.743900 465.333313 2535.567871
-50.743710 148.459686 2535.567871
-50.749111 -168.413605 2535.567871
127.653114 234.201523 2421.777832
225.858643 -0.501007 2341.254150
257.087769 -483.697083 2358.301025
226.475616 -946.395752 2317.569580
19.467571 -9.691132 2426.872803
109.141647 -485.301910 2449.719971
133.724304 -950.335327 2460.299561
134.675079 705.726257 2488.651123
132.616913 473.375427 2458.248047
315.389679 481.727661 2380.715820
413.024261 348.856506 2121.038086
446.086975 655.211243 2051.343994
-50.155861 465.023163 2535.780273
-50.155670 148.149536 2535.780273
-50.161072 -168.723755 2535.780273
128.074570 233.879181 2421.740234
226.386887 -0.916855 2341.601562
254.448593 -484.413757 2356.954102
229.228592 -947.746338 2317.294434
20.677565 -10.317245 2428.863281
118.633232 -484.131409 2454.248047
137.794296 -949.537598 2460.997559
134.318314 707.872925 2495.928223
131.677673 476.208435 2461.749023
314.079987 485.157166 2383.400391
413.004486 350.423340 2117.520508
463.763641 656.187988 2050.440186
-50.724663 467.259705 2540.097656
-50.724472 150.386078 2540.097656
-50.729874 -166.487213 2540.097656
126.566940 237.161118 2422.547852
224.101852 3.149612 2339.256592
250.527634 -480.463318 2354.965576
233.463577 -944.621826 2320.494385
18.810575 -6.922043 2427.436768
109.524841 -482.330627 2449.705322
132.698120 -947.475586 2461.613525
133.872910 707.771790 2499.563232
130.350067 476.599304 2463.793945
312.333008 486.111084 2384.535156
409.996979 350.210999 2116.259766
463.966370 657.701233 2052.595703
-51.632893 467.087524 2543.052734
-51.632702 150.213898 2543.052734
-51.638103 -166.659393 2543.052734
125.264641 237.733551 2423.451660
222.590546 4.220581 2338.506348
252.207428 -478.995758 2359.353027
233.245789 -942.893250 2321.181152
17.767889 -6.484985 2427.712402
104.172363 -482.774353 2449.281250
136.863724 -947.312500 2461.004883
135.399063 701.578247 2492.370117
131.544632 471.437836 2459.003174
315.921875 478.839111 2385.527100
408.964691 348.087036 2118.613281
444.384735 657.791687 2051.634766
-52.832607 464.036560 2532.479248
-52.832417 147.162933 2532.479248
-52.837818 -169.710358 2532.479248
125.852074 232.264343 2420.626953
223.974457 -2.741821 2340.879395
254.894226 -485.990417 2359.483643
229.840530 -949.710449 2322.333008
16.344555 -11.076477 2423.622070
115.382431 -484.546356 2449.274902
130.140442 -949.796570 2453.119629
134.662048 701.174744 2488.781738
132.367416 471.019043 2457.488525
317.105438 478.452637 2384.776367
408.978638 347.041504 2122.806885
409.833862 655.205688 2051.667236
-52.370605 463.585388 2530.200684
-52.370415 146.711761 2530.200684
-52.375816 -170.161530 2530.200684
127.372467 231.634888 2420.325195
226.311661 -3.567078 2342.253662
251.587265 -487.140869 2360.539307
237.856827 -950.995728 2320.429199
18.443380 -11.931427 2424.070068
116.356270 -485.629089 2451.838623
131.973755 -950.945618 2462.345459
135.287613 702.017334 2487.989258
133.170685 471.714203 2457.221436
318.320801 479.071228 2385.483154
410.492310 346.520081 2128.413330
358.210754 644.446655 2054.205322
-51.979424 464.357178 2528.959717
-51.979233 147.483551 2528.959717
-51.984634 -169.389740 2528.959717
128.235519 232.341888 2419.936035
227.481354 -2.890747 2342.284668
254.306885 -486.481476 2358.226318
237.347198 -950.625366 2322.033447
19.119347 -11.170105 2423.016602
113.547852 -485.565094 2451.759033
135.165787 -950.808899 2457.193359
137.171082 703.042664 2488.092041
134.828476 472.665131 2457.127686
320.816772 479.672485 2387.548828
404.248566 346.760406 2134.210205
295.098022 626.219238 2066.685791
-51.159817 465.657776 2526.706543
-51.159626 148.784149 2526.706543
-51.165028 -168.089142 2526.706543
129.825516 233.321289 2419.650391
229.487991 -2.079147 2343.017334
256.214996 -485.717407 2358.152832
236.966095 -950.102783 2325.868896
20.157114 -9.965958 2421.328857
117.505890 -483.915161 2448.019043
138.038666 -949.041504 2462.309326
136.892456 704.849670 2486.137451
134.379059 474.256042 2456.739746
319.923309 481.371490 2385.965332
405.126801 342.385498 2143.097168
240.034286 588.788696 2077.860352
-51.165173 467.140594 2527.514160
-51.164982 150.266968 2527.514160
-51.170383 -166.606323 2527.514160
129.863327 234.668732 2420.814209
229.758606 -0.914520 2345.061768
253.882385 -484.739288 2358.467529
236.748703 -949.623657 2333.106201
20.936581 -8.922638 2424.715576
116.196136 -483.247345 2452.598145
141.880020 -948.083984 2469.649170
138.274933 706.011353 2487.180176
134.001343 475.335327 2456.539307
318.108765 481.704254 2382.120850
402.566284 341.687317 2151.062256
179.113373 534.518677 2097.659668
-50.106094 468.966431 2530.957764
-50.105904 152.092804 2530.957764
-50.111305 -164.780487 2530.957764
127.875725 235.745895 2420.880371
225.374161 -0.258835 2343.335449
242.834473 -484.400330 2353.573486
235.871445 -949.264465 2324.636963
18.126053 -7.428268 2427.107422
114.863274 -481.573975 2453.046387
134.957184 -946.761597 2468.831055
142.325043 704.766174 2487.193604
136.017853 474.738098 2455.440918
319.565552 479.937286 2379.524170
406.285339 340.837280 2158.038330
144.025757 482.428497 2120.631348
-47.529842 469.538910 2531.357666
-47.529652 152.665283 2531.357666
-47.535053 -164.208008 2531.357666
127.932060 235.254028 2419.490723
223.131699 -1.304367 2340.820801
245.928268 -485.178040 2353.017578
235.023300 -950.098999 2325.110352
16.560818 -7.155716 2426.260254
109.231796 -482.221558 2449.871094
141.751511 -946.576660 2466.038330
141.426498 703.414062 2488.701904
135.641708 472.736694 2456.000244
319.013000 478.042847 2379.622314
406.142029 340.918091 2162.020996
118.167419 432.675415 2145.961914
-47.729607 467.430542 2532.378174
-47.729416 150.556915 2532.378174
-47.734818 -166.316376 2532.378174
127.340622 233.346802 2419.439941
222.224792 -3.057236 2339.900879
246.552551 -486.774292 2355.578369
236.182663 -951.509521 2323.989014
15.854284 -9.028915 2425.858398
117.758141 -482.055237 2450.764648
126.132202 -947.079956 2461.465576
142.136276 701.905457 2487.942871
135.613174 470.341614 2455.541748
319.822144 474.599976 2381.154297
406.571442 341.458588 2163.008301
106.035919 400.347321 2168.158203
-48.595802 466.083252 2529.929199
-48.595612 149.209625 2529.929199
-48.601013 -167.663666 2529.929199
126.502327 230.934357 2419.275391
221.059631 -6.076401 2341.145508
247.276566 -489.688232 2357.613525
235.814514 -954.548523 2327.871094
13.723350 -10.869400 2424.872559
115.317009 -483.969543 2450.689941
129.097824 -949.279419 2456.102539
142.949127 703.337036 2487.563965
136.699356 471.737061 2455.362061
320.680481 475.701843 2380.369141
414.288605 350.224701 2162.988281
106.335907 389.764893 2176.327393
-47.281773 467.772339 2530.354980
-47.281582 150.898712 2530.354980
-47.286983 -165.974579 2530.354980
127.201286 232.296600 2419.401855
221.234848 -4.912796 2341.240967
255.230423 -487.803833 2362.056885
228.785751 -950.907349 2321.739502
14.171588 -9.374954 2425.642334
112.332344 -483.293762 2449.924561
139.275574 -947.771179 2464.589600
142.224884 702.700317 2486.874756
136.193008 470.646576 2454.385742
319.277008 475.171631 2377.279053
423.146912 354.617584 2167.488525
112.953217 403.577057 2163.017334
-46.890987 466.121521 2531.492432
-46.890797 149.247894 2531.492432
-46.896198 -167.625397 2531.492432
127.263916 231.080322 2419.125488
221.371109 -5.939316 2340.470947
253.284012 -489.149170 2357.524170
229.987442 -952.799805 2319.605225
15.298534 -11.032547 2427.259521
114.464783 -484.767090 2451.463623
135.253708 -949.822327 2464.249756
142.102737 702.651672 2486.027832
135.187927 471.691406 2453.656982
317.853821 476.871979 2375.589355
423.068085 357.812775 2165.738281
116.044373 429.573303 2148.231201
-47.477974 466.510834 2531.724609
-47.477783 149.637207 2531.724609
-47.483185 -167.236084 2531.724609
126.901001 232.105499 2418.368408
221.407761 -4.565094 2339.147949
252.114044 -487.503967 2363.704590
232.756348 -950.563171 2317.208496
15.820395 -10.395721 2427.011719
121.610725 -482.645752 2451.455811
131.176117 -948.159912 2459.694336
