-233.622513 727.338684 2208.302490
-240.842834 493.820038 2186.135254
-101.971016 477.329834 2312.207520
77.116447 352.534698 2324.400879
98.728203 616.085327 2165.603027
-379.714661 510.310242 2060.062988
-379.780975 192.870270 2060.082520
-381.159821 -124.523346 2054.838379
-244.844849 252.629669 2158.996094
-166.215515 1.627319 2206.872314
-201.617905 -482.463318 2214.962158
-231.073822 -948.090820 2202.726562
-331.478210 21.251282 2056.841553
-376.110168 -460.812439 2092.900635
-377.434052 -927.422241 2104.663330
-233.862579 726.246582 2202.334961
-242.292313 492.422546 2183.291748
-101.848236 476.654846 2307.683838
95.069183 350.274994 2327.703125
152.869064 630.319763 2224.956787
-382.736389 508.190247 2058.899902
-382.789337 190.750244 2058.915527
-384.034424 -126.652191 2054.196777
-246.821899 251.065552 2157.812012
-167.777710 0.325729 2206.354004
-203.252670 -483.579224 2221.108887
-233.404465 -948.841431 2200.469238
-334.925293 19.091415 2058.310547
-375.597992 -463.704407 2088.167480
-380.348267 -929.969788 2107.969238
-235.898010 728.289307 2199.851074
-244.982224 493.606873 2181.220947
-102.895607 477.861755 2303.724121
107.537132 351.638641 2329.351562
193.874786 638.039917 2284.002930
-387.068848 509.351990 2058.717773
-387.111023 191.911926 2058.730225
-388.234924 -125.497620 2054.484131
-249.835083 252.243500 2155.827637
-170.139145 1.510986 2203.330078
-206.679306 -482.320099 2218.946045
-236.105026 -947.469910 2194.130127
-339.236725 20.249268 2057.538574
-377.600555 -462.713989 2088.211182
-381.472687 -929.121948 2105.947754
-238.985916 731.729614 2203.610107
-246.902954 497.274719 2182.327148
-104.403603 480.960236 2304.291748
123.261879 363.314758 2329.179688
236.811188 640.820190 2347.563232
-389.402283 513.589233 2060.362549
-389.435852 196.149170 2060.372559
-390.450043 -121.266174 2056.551758
-250.878601 256.148468 2154.718018
-170.068176 5.315186 2199.677002
-205.317963 -478.334930 2221.724121
-236.298874 -943.291504 2194.648682
-339.640320 24.729202 2054.540771
-374.948364 -458.424255 2086.043213
-373.183624 -924.848389 2103.610107
-240.773087 731.220459 2199.484619
-248.691971 496.321533 2179.201904
-104.775505 480.432678 2299.539551
123.134132 359.658386 2329.585938
250.839630 631.063782 2385.828613
-392.608429 512.210388 2058.864258
-392.635101 194.770325 2058.872314
-393.550079 -122.649658 2055.434326
-252.449799 255.155396 2151.853516
-170.571091 4.534683 2196.111328
-207.998245 -478.606995 2224.479004
-236.610306 -943.649231 2196.012207
-341.844177 23.443802 2052.898926
-375.603516 -459.863831 2083.929932
-373.668579 -926.209900 2104.045898
-244.694382 733.315552 2197.424561
-252.336090 498.057068 2177.214844
-107.523552 482.208496 2296.485840
123.064827 357.326538 2329.790039
256.990631 623.874573 2409.084717
-397.148621 513.905701 2057.943848
-415.394562 97.065491 2035.167114
-414.861389 -69.881790 2009.040649
-255.538727 256.973145 2149.068359
-172.576416 6.459137 2191.889404
-209.390137 -476.378204 2225.808838
-237.555389 -941.076477 2192.013428
-344.906311 25.319290 2049.954346
-372.782776 -458.423706 2079.562012
-376.002991 -924.432007 2105.471680
-249.472687 738.057556 2202.397217
-256.197937 503.829590 2178.291016
-112.284637 486.398621 2298.421631
122.538803 357.669952 2327.408447
255.843643 626.311279 2412.447998
-400.111206 521.260620 2058.160400
-411.613525 204.318115 2044.623535
-411.377625 -110.023041 2000.377563
-258.760864 263.225006 2146.449463
-175.690216 12.248337 2186.089844
-208.895844 -470.821411 2220.725830
-239.914932 -935.727783 2193.276367
-346.957397 32.992477 2043.126099
-370.918671 -450.985168 2072.449219
-373.593384 -916.711792 2103.296875
-253.543106 741.366699 2205.381348
-260.129608 507.673767 2178.802490
-118.139481 488.684570 2300.940674
113.285110 349.345062 2322.212402
249.729355 624.864502 2389.013672
-402.119751 526.662903 2056.664307
-411.578979 209.541809 2046.040039
-411.906677 -105.384399 2006.171875
-262.648621 267.422516 2144.378418
-180.671738 15.871140 2182.636719
-208.812744 -467.309265 2219.979492
-237.755264 -932.415100 2193.091309
-349.663513 38.471420 2037.271973
-368.143494 -445.408203 2071.253418
-373.497894 -910.838684 2106.104248
-256.065643 739.562134 2207.377197
-262.489075 507.474792 2178.857666
-121.057419 487.338593 2301.479492
103.143616 350.173035 2317.115234
230.586624 634.809814 2344.347168
-403.920715 527.610962 2056.236084
-411.648865 210.375275 2047.872803
-412.381744 -105.026123 2011.962891
-264.681396 267.580475 2141.992432
-182.724075 15.705460 2178.085205
-202.532349 -467.862183 2215.214111
-234.730423 -933.018066 2193.856201
-351.023376 39.666885 2032.169067
-363.409973 -444.668640 2061.853027
-373.091766 -908.410522 2111.814941
-259.129547 739.071655 2206.871582
-264.891754 507.264526 2178.370361
-124.396378 486.761627 2302.012695
89.569702 341.586182 2316.564209
197.235229 627.831787 2280.270508
-405.387115 527.767395 2054.728027
-411.670471 210.458282 2048.126953
-412.685089 -105.328888 2015.791748
-266.939087 267.444824 2140.928955
-185.390747 15.425781 2177.055664
-199.386749 -468.832428 2206.394775
-235.876053 -933.281250 2213.068359
-352.582123 39.824509 2029.919434
-359.561188 -444.669739 2059.042236
-374.519836 -907.606567 2115.443115
-258.436676 739.316528 2202.120361
-265.520233 508.194244 2176.261963
-123.669861 488.404907 2298.460205
77.797958 338.302704 2321.287109
145.452347 604.551575 2207.984863
-407.370636 527.983582 2054.063721
-412.460785 210.627411 2048.841309
-413.661438 -105.472809 2019.731567
-268.628540 268.063293 2140.982178
-187.330704 16.156952 2178.414795
-195.719315 -468.511230 2203.061279
-234.001816 -933.084229 2216.075439
-356.142975 39.707733 2032.989990
-361.580994 -444.977997 2059.650635
-375.746918 -907.062195 2123.244141
-258.189209 737.541809 2198.736328
-265.192413 506.544373 2174.809814
-123.150238 487.381592 2296.898926
56.901398 333.154419 2319.140381
77.106110 569.385254 2143.090820
-407.234589 525.707153 2052.720947
-411.346710 208.320801 2048.581055
-412.660126 -108.033295 2022.379395
-269.174194 266.118500 2141.705811
-188.641174 14.290817 2181.244629
-191.294525 -470.607666 2202.884277
-233.242218 -935.134521 2214.424316
-357.670776 37.094452 2035.958862
-357.428528 -447.773834 2059.254883
-375.810730 -910.024658 2120.982422
-258.958679 739.053101 2203.049561
-265.075714 507.970367 2175.787109
-121.876907 488.098206 2296.394775
46.439682 329.068939 2325.071533
6.925297 523.146851 2107.116455
-408.274536 527.842529 2055.179443
-411.589539 210.436890 2051.892334
-412.960144 -106.123108 2028.311157
-268.743317 267.837921 2140.575684
-187.201614 15.880707 2177.130859
-186.535675 -469.262054 2192.698975
-230.704178 -933.453125 2210.824219
-357.620239 39.530243 2033.597778
-359.449890 -445.256042 2058.969238
-376.730408 -908.762390 2110.197266
-260.359650 743.067139 2205.712646
-266.166809 513.058655 2177.281250
-121.347900 492.663788 2295.833008
49.216949 330.532257 2332.038818
-35.745903 496.860413 2094.721191
-410.985718 533.453491 2058.729736
-413.653748 216.035492 2056.115967
-415.040009 -100.691345 2034.895142
-270.510498 273.044128 2141.296875
-188.678207 20.893433 2175.857910
-186.177856 -464.159363 2194.811523
-234.303207 -927.707397 2219.126953
-361.030182 45.165771 2034.767090
-366.778625 -439.452179 2062.634033
-380.330383 -902.908569 2116.006104
-261.259521 743.005615 2200.542725
-268.213623 513.187683 2174.927490
-120.754539 493.816040 2290.298584
42.131340 327.282104 2337.028320
-61.004570 485.912231 2090.014893
-415.672729 532.559387 2059.556396
-417.817200 215.133453 2057.475586
-419.188477 -101.728699 2038.380127
-273.211731 272.894348 2140.968750
-190.451614 21.072220 2175.671387
-186.880478 -464.000854 2194.758789
-235.180481 -927.665771 2217.880371
-365.968079 44.129776 2038.348511
-369.167694 -440.301636 2069.695801
-385.072357 -904.036377 2120.270752
-264.362427 737.054443 2198.429688
-271.433716 506.577515 2173.624023
-124.058029 487.182068 2289.147949
32.572357 324.141357 2346.006592
-67.339783 490.628662 2092.938965
-418.809387 525.972961 2058.100342
-420.531372 208.541962 2056.442383
-421.865631 -108.429871 2039.260010
-276.600006 266.251678 2139.866211
-194.088272 14.386948 2174.836914
-185.405273 -470.593506 2194.382080
-240.923477 -933.619141 2212.781494
-369.444336 37.464767 2037.379883
-367.449158 -446.544861 2074.253662
-391.957245 -910.531860 2117.634277
-265.595703 738.906250 2202.880371
-273.861389 510.255157 2176.773193
-128.773544 489.227539 2294.842285
27.792480 330.067535 2349.486816
-46.024010 524.424133 2100.900879
-418.949219 531.282776 2058.704102
-420.330902 213.848541 2057.382080
-421.612732 -103.212097 2041.921753
-280.736572 270.056091 2142.443115
-201.270233 17.343536 2178.375732
-189.157669 -467.433960 2200.922119
-247.434799 -930.340332 2207.527344
-373.953278 42.370514 2037.850464
-373.217010 -440.868378 2083.357178
-388.169769 -905.981384 2116.409180
-267.943878 739.065796 2205.626953
-276.668945 509.185120 2177.289795
-130.874191 487.002899 2294.302246
27.888382 335.027405 2353.748779
-10.347267 557.161377 2117.373047
-422.463684 531.367371 2060.277344
-423.571594 213.931091 2059.222412
-424.790863 -103.201630 2045.311646
-283.836060 269.325928 2140.749512
-204.260254 16.269028 2173.827637
-187.093704 -468.435425 2194.392090
-238.110596 -932.270996 2196.811523
-377.746094 42.664413 2034.590820
-373.163757 -440.178162 2084.183105
-387.618286 -905.847046 2110.244873
-271.761658 736.026550 2207.001953
-278.947693 504.417419 2177.915771
-133.836761 482.413635 2295.830811
32.441330 336.516602 2356.883057
32.544037 590.501526 2152.128906
-424.058594 526.421143 2060.000732
-424.946594 208.983582 2059.158447
-426.096924 -108.207489 2046.642090
-284.927979 264.651855 2140.533447
-204.569748 11.794449 2173.308594
-185.036865 -472.700928 2196.761963
-231.855530 -937.024414 2201.786133
-377.246796 37.978165 2032.993652
-368.166626 -444.514832 2085.448242
-383.395660 -910.335327 2110.077637
-274.301727 736.494446 2207.687988
-281.329163 503.096252 2179.555908
-137.987885 481.244568 2299.627441
46.720108 338.761017 2352.949219
84.658913 623.070251 2201.416992
-424.670441 524.947937 2059.484131
-425.381989 207.509521 2058.811523
-426.460205 -109.728790 2047.549683
-286.453552 263.327454 2142.038086
-206.281433 10.555603 2175.969971
-186.460434 -473.918762 2200.018066
-232.095703 -938.361633 2208.230469
-376.874451 36.561691 2033.070679
-370.427368 -445.715942 2088.056152
-380.198059 -911.799683 2110.689941
-275.325317 736.920349 2201.521973
-283.904785 502.359253 2178.608154
-140.665527 482.090057 2299.091553
57.351898 338.880310 2351.978271
133.766144 638.177856 2263.165527
-427.144043 522.628479 2058.124756
-427.714050 205.189514 2057.587402
-428.719147 -112.087128 2047.454346
-289.261780 262.100250 2144.557617
-209.391449 9.781067 2182.194580
-190.305679 -474.815369 2204.440430
-232.416824 -939.648193 2209.402344
-379.846069 33.901413 2038.819580
-374.351685 -448.914795 2088.974609
-383.166748 -914.887207 2114.745117
-277.686462 735.655029 2204.947998
-285.586212 500.789246 2180.989746
-142.746231 480.196869 2301.907471
71.173737 337.439850 2351.996826
182.812469 636.635864 2329.184814
-428.426178 521.381592 2060.072021
-428.882599 203.942261 2059.642578
-429.815277 -113.365387 2050.525146
-290.274902 260.693695 2145.640137
-209.974670 8.345825 2182.235840
-190.794647 -476.379547 2201.288574
-230.008362 -941.482178 2200.864502
-379.952545 32.850510 2038.345215
-370.798218 -450.487061 2082.283447
-380.756897 -916.318604 2110.440430
-278.225983 736.636780 2206.144287
-285.846130 502.055481 2182.416016
-142.821075 482.038239 2303.219727
83.088257 338.727295 2349.987793
216.245209 632.321167 2372.850098
-428.871216 522.072693 2061.612305
-429.236603 204.633087 2061.269043
-430.098724 -112.699707 2053.065186
-290.482971 261.802246 2148.095703
-210.018509 9.638580 2185.654785
-194.779953 -475.119843 2206.972412
-229.286133 -940.588257 2203.823730
-380.221100 33.459457 2041.895996
-372.088867 -450.124817 2083.637207
-379.540894 -915.651855 2116.870117
-277.601959 737.887634 2207.246826
-285.583374 503.628540 2184.296387
-142.100693 483.900848 2304.607666
92.052307 341.368408 2346.982178
243.555191 621.651855 2406.016846
-429.066040 523.356201 2063.985107
-429.358429 205.916473 2063.710693
-430.152740 -111.436676 2056.328857
-290.469360 263.271729 2150.711670
-209.980423 11.176590 2188.714355
-198.890976 -473.699768 2209.851318
-230.984024 -939.294861 2202.228027
-380.730286 34.653275 2045.539551
-373.147217 -449.341736 2082.286621
-379.986053 -914.758667 2117.443359
-275.294586 737.284790 2200.805420
-286.033478 502.327454 2182.360107
-141.989502 483.302124 2302.111816
96.532806 340.690277 2343.995605
257.586487 614.448364 2418.341309
-430.077454 521.352783 2062.608398
-430.311340 203.912933 2062.388916
-431.041077 -113.456726 2055.746826
-292.654572 261.599274 2152.079102
-213.565567 9.550491 2193.053711
-204.527344 -475.381775 2214.161865
-237.428574 -940.930054 2205.450684
-384.985779 32.191666 2050.542480
-377.138031 -451.916016 2086.030029
-384.051819 -917.491638 2119.155762
-274.171967 736.601562 2198.084229
-285.708527 501.039154 2181.679932
-140.816940 482.178162 2300.427734
95.774460 339.348877 2339.495117
262.807190 609.445068 2416.325195
-430.600098 519.900146 2062.932129
-430.787170 202.460236 2062.756592
-431.455902 -114.922821 2056.779785
-293.094849 260.191895 2152.438232
-214.265976 8.121719 2193.855469
-206.803650 -476.759216 2216.782227
-235.329865 -942.453857 2203.303711
-386.696381 30.567566 2052.537598
-375.279602 -453.320374 2089.949219
-381.557098 -919.326782 2115.577393
-273.443054 737.757507 2202.733887
-283.860657 502.157654 2184.493652
-139.232254 482.957520 2303.512451
95.382126 336.671417 2337.760254
255.807190 613.298767 2396.083984
-428.489075 521.357727 2065.474854
-428.638702 203.917816 2065.334473
-429.250183 -113.476074 2059.956299
-290.759338 261.439209 2154.044189
-211.601715 9.296402 2194.412842
-207.698364 -475.609863 2217.580322
-233.164062 -941.476074 2203.243408
-383.714325 32.145157 2052.776611
-377.946899 -451.570984 2093.227783
-373.406372 -917.751953 2113.127197
-271.036194 738.090576 2199.043945
-282.623688 501.686401 2182.998291
-137.623428 483.130859 2301.666992
92.195267 332.839844 2329.877441
241.134644 618.704834 2361.046631
-427.623932 520.241882 2064.329590
-427.743591 202.801941 2064.217285
-428.301788 -114.600647 2059.377930
-290.288330 260.734253 2154.687500
-211.674133 8.741119 2196.987549
-213.001740 -476.022736 2222.763672
-235.976807 -941.900879 2204.976807
-384.231812 30.823135 2055.765869
-384.171021 -452.868530 2096.854248
-377.118347 -918.946716 2120.027832
-269.668610 734.781006 2196.703613
-282.081635 499.445740 2181.697998
-136.135635 481.046356 2299.219971
82.606720 330.424286 2323.936768
212.962189 623.278320 2316.657959
-428.027649 517.845093 2064.176025
-428.123291 200.405151 2064.086182
-428.632050 -117.004547 2059.731445
-290.601318 258.385437 2154.537598
-212.277496 6.376801 2197.307373
-214.792603 -478.385986 2223.415283
-236.058990 -944.128723 2200.816650
-385.964508 28.273468 2057.447021
-386.847656 -455.327454 2099.906494
-379.811127 -921.713623 2115.719727
-268.036224 733.661743 2196.534668
-280.569244 499.270813 2180.282959
-132.410797 480.964966 2294.968262
72.804138 327.712524 2323.968750
167.651794 619.374146 2256.603271
-428.727692 517.576599 2065.597900
-428.804169 200.136627 2065.526123
-429.267242 -117.278778 2061.607422
-289.290283 258.216888 2153.072998
-209.838928 6.268784 2194.114746
-211.527725 -478.354614 2222.831055
-233.344589 -943.698364 2193.853027
-386.183716 28.057175 2057.611328
-386.621735 -455.804504 2097.090820
-377.795654 -922.201172 2113.300537
-268.358643 734.145935 2202.451904
-280.033966 500.820801 2182.515869
-132.040039 481.658203 2297.301514
55.400085 327.854980 2329.492188
107.297440 599.952271 2195.283936
-428.027893 519.983398 2067.729980
-428.088928 202.543427 2067.672607
-428.509827 -114.876709 2064.146240
-288.270996 260.037628 2152.938965
-208.455841 7.853271 2191.656250
-212.705933 -476.429718 2225.118652
-232.611786 -941.935364 2196.898438
-384.560211 30.655655 2055.067871
-385.610138 -452.975281 2097.324219
-374.549927 -919.439575 2110.309082
-268.124725 735.321106 2204.913086
-279.221924 501.842468 2182.929932
-130.927734 481.793823 2297.187988
42.697845 320.922302 2330.251709
38.573326 569.425659 2147.539307
-427.516113 521.891052 2068.671875
-427.564789 204.450989 2068.625977
-427.946930 -112.972900 2065.452637
-287.671112 261.275757 2151.684326
-207.884949 8.780090 2188.422363
-212.328918 -475.408417 2223.443848
-234.334839 -940.904785 2196.442871
-384.355652 32.638016 2052.455078
-386.939117 -450.535889 2099.439697
-376.119049 -917.119141 2106.508301
-266.698273 735.338623 2208.627441
-276.524109 502.231781 2182.829834
-125.467865 482.005310 2293.289795
33.320602 313.942535 2338.116943
-20.611637 535.430847 2120.978760
-427.580322 522.458252 2072.369873
-427.619141 205.018250 2072.333008
-427.965759 -112.408661 2069.477295
-284.295227 261.932007 2149.455322
-202.159195 9.593643 2181.825439
-208.635376 -474.531067 2217.497314
-228.837814 -940.309204 2194.329834
-381.973511 33.670837 2050.336182
-382.992188 -449.286194 2099.656494
-374.889130 -915.972778 2103.966553
-265.599701 731.104736 2201.489746
-274.739258 498.430817 2177.501953
-118.985664 480.120300 2281.311523
26.210518 304.500732 2350.061523
-65.131737 506.842346 2113.568359
-430.492859 516.741333 2073.692627
-430.523804 199.301331 2073.663330
-430.837952 -118.128143 2071.093262
-282.345886 257.814667 2146.473633
-197.199585 6.294403 2177.264893
-209.714188 -476.785004 2222.512939
-229.692780 -942.185120 2192.981689
-382.705444 28.102631 2053.625732
-386.798004 -454.822479 2103.133057
-377.143768 -921.339722 2114.203125
-264.546906 737.408386 2204.407959
-275.337067 505.370667 2179.814209
-120.964706 484.895477 2285.417969
25.112976 297.747009 2362.510498
-85.653305 492.722534 2114.377930
-429.709442 525.845825 2074.210449
-429.734100 208.405853 2074.187012
-430.018463 -109.025604 2071.874268
-285.601868 264.934692 2148.201904
-204.051605 12.320816 2179.398926
-217.963837 -470.825378 2224.257080
-242.461853 -936.311646 2200.484375
-387.681732 36.676605 2053.780273
-392.756683 -446.514465 2100.552490
-380.331299 -913.035034 2109.571289
-266.260925 737.726074 2206.887207
-276.303711 505.697693 2180.791016
-122.835472 484.913666 2287.750977
21.059151 298.876404 2373.261719
-82.092293 498.770996 2119.294922
-429.771942 526.481689 2073.830811
-429.791595 209.041718 2073.812012
-430.048859 -108.391388 2071.730713
-286.047852 265.377991 2148.074219
-204.503540 12.695221 2178.981201
-210.277710 -470.905914 2220.057373
-235.334534 -936.501770 2198.345215
-387.080444 37.421371 2051.733643
-389.425934 -445.485535 2101.491455
-374.129913 -911.979431 2106.765869
-266.138947 736.600098 2207.620850
-276.746460 504.917267 2181.694580
-124.507812 483.730164 2290.363525
20.529312 301.937866 2379.132324
-57.653015 516.879639 2125.672363
-428.985107 526.104370 2073.025391
-429.000732 208.664398 2073.010254
-429.233307 -108.770020 2071.137207
-286.697876 264.624390 2148.786133
-206.075424 11.726303 2180.530029
-211.391510 -472.419250 2214.839600
-235.578094 -938.096436 2214.584229
-387.223145 36.936707 2051.225342
-389.256042 -445.920319 2101.603760
-376.559509 -912.503784 2107.338623
-265.778809 735.914612 2207.996826
-276.616791 503.637451 2183.011230
-125.458084 482.375397 2293.189697
21.265884 306.471741 2380.072998
-18.964706 544.086609 2137.597900
-427.775513 524.899536 2072.832764
-427.787933 207.459564 2072.820801
-427.998016 -109.975922 2071.135254
-285.898987 263.414673 2149.388184
-205.245193 10.541443 2181.318848
-205.995819 -474.066559 2208.459473
-236.942596 -939.179199 2221.536133
-385.117157 35.842331 2050.211426
-388.447540 -446.848694 2102.116211
-373.808777 -913.389099 2107.701172
-266.553955 736.196533 2207.681152
-277.340149 502.790314 2182.365479
-127.427856 481.144043 2294.169678
25.135040 305.737823 2381.540771
22.648149 565.272827 2158.234131
-427.252441 524.436646 2070.561523
-427.262299 206.996674 2070.552002
-427.452026 -110.439667 2069.035156
-286.417603 262.656433 2148.044922
-206.295853 9.642807 2180.248779
-205.341263 -474.987793 2208.057129
-242.520584 -939.922852 2217.759033
-384.694244 35.402283 2047.199829
-391.276215 -447.131531 2100.183594
-375.193573 -913.625000 2106.317871
-266.864655 734.546936 2208.018066
-278.428314 501.023529 2181.963379
-129.339020 478.542877 2294.713135
28.569168 303.865662 2375.771240
71.756668 588.385864 2192.135498
-427.517609 523.504150 2069.213623
-427.525452 206.064178 2069.205811
-427.696747 -111.372803 2067.840576
-288.392822 260.977081 2147.277588
-209.649094 7.554626 2179.677979
-208.817642 -476.812408 2211.953125
-241.441467 -942.151917 2209.409668
-387.065552 34.306641 2045.505737
-392.811340 -448.071686 2100.031494
-379.044952 -914.566162 2109.713623
-268.075104 736.340271 2207.696045
-279.540558 502.120758 2181.812744
-130.716614 479.763855 2294.952881
44.770401 306.435120 2368.898682
128.223297 607.724792 2239.510498
-428.364502 524.477661 2068.672607
-428.370728 207.037689 2068.666504
-428.525391 -110.399841 2067.437988
-289.011902 262.094482 2146.841309
-209.933563 8.765945 2179.187988
-204.948181 -475.213440 2216.314453
-236.641205 -940.449951 2202.506348
-387.032928 35.370483 2044.551758
-391.400818 -446.753693 2101.390625
-377.121918 -913.283936 2108.552246
-269.203339 735.847107 2207.988525
-280.402893 501.009644 2181.733398
-131.586914 478.848633 2294.931396
56.340714 310.768616 2364.421387
177.962250 614.833130 2293.906494
-429.218872 523.170654 2068.535400
-429.223755 205.730682 2068.530518
-429.363403 -111.707275 2067.424805
-289.686584 260.948730 2146.940918
-210.423340 7.701813 2179.502441
-205.915771 -476.216766 2217.890625
-233.950897 -941.859375 2205.320312
-387.517212 34.073822 2044.794556
-392.416290 -448.268524 2099.730469
-377.359131 -914.589600 2113.472168
-268.775818 734.589600 2208.676758
-280.003143 500.081146 2182.361572
-130.721527 478.118530 2294.985596
65.169479 313.885101 2360.707031
214.743576 611.361023 2346.251709
-429.284729 522.043762 2069.737305
-429.288544 204.603790 2069.733398
-429.414642 -112.834564 2068.738281
-288.804901 260.052856 2147.220703
-208.780762 6.956314 2179.093750
-205.352295 -477.006470 2217.250488
-232.481796 -942.581421 2199.352539
-386.432556 33.092804 2045.065918
-389.900269 -449.081787 2101.568115
-376.804657 -915.454468 2116.321777
-270.270691 736.608154 2208.015137
-281.663727 502.793640 2181.875244
-132.335785 481.469238 2294.562256
72.074280 316.451904 2358.850342
234.444031 608.662231 2378.278076
-430.991669 524.118103 2069.188232
-430.994629 206.678131 2069.185059
-431.108307 -110.760590 2068.289551
-289.624207 262.699646 2146.989746
-208.731125 9.917099 2179.155518
-206.741699 -474.057556 2217.361328
-235.549866 -939.486694 2197.167480
-386.438263 35.294174 2045.052979
-390.297516 -446.856323 2101.776611
-378.245941 -913.312012 2115.164795
-271.213898 736.907593 2208.194092
-281.305847 503.036652 2181.659668
-132.142075 482.001587 2294.620117
72.519913 316.231506 2355.936279
242.140854 602.525818 2399.331299
-430.469635 524.071777 2068.699219
-430.471954 206.631805 2068.696777
-430.574341 -110.807220 2067.890869
-288.533386 262.959961 2146.497314
-207.005051 10.366913 2178.549072
-204.197952 -473.606110 2216.791016
-235.645874 -938.870239 2196.148682
-384.516785 35.399628 2044.120850
-387.622162 -446.843689 2100.109619
-376.470917 -913.298035 2114.558105
-271.040894 737.129517 2208.280762
-280.259857 502.533966 2180.925293
-130.633667 481.623474 2293.294922
80.758057 323.614929 2352.967041
249.546097 607.280334 2416.706055
-429.886047 523.444458 2068.555664
-429.887817 206.004486 2068.553711
-429.979919 -111.434723 2067.828369
-286.939056 262.531067 2145.157715
-204.586472 10.085846 2176.253174
-204.227219 -473.784576 2215.813477
-233.771576 -939.257935 2196.831787
-382.650024 34.970490 2042.527100
-388.947144 -446.956299 2100.804443
-376.371124 -913.447937 2112.472900
-269.319763 736.775452 2210.325928
-277.496307 503.344849 2182.476318
-128.503845 482.448242 2295.684814
78.374100 318.808807 2354.493408
237.121750 610.250305 2402.977295
-426.488800 524.241516 2069.267822
-426.490143 206.801544 2069.266113
-426.572937 -110.637817 2068.613281
-283.418762 263.431854 2145.986328
-200.686035 11.084702 2176.858887
-203.466125 -472.311584 2221.427734
-232.988297 -937.650757 2199.306152
-377.996368 35.952988 2042.133789
-385.086853 -445.612183 2103.239746
-371.993805 -912.150635 2112.119141
-267.829376 736.480225 2209.337402
-276.055664 502.583313 2181.204346
-126.756477 481.626343 2293.999023
70.703255 314.904205 2350.731445
220.281952 612.341675 2373.620605
-425.354858 523.540283 2068.409668
-425.355865 206.100311 2068.408447
-425.430267 -111.339203 2067.821045
-282.394012 262.634460 2145.012207
-199.896072 10.215775 2175.935303
-206.649612 -473.172668 2220.213135
-233.249619 -938.744019 2199.270752
-377.568634 35.155472 2041.704712
-389.957123 -446.281128 2102.820801
-377.553375 -912.754272 2115.173340
-266.579376 734.704712 2208.853271
-275.057831 501.389404 2179.779785
-125.050194 479.603149 2291.463379
60.354652 309.948120 2350.867432
195.123260 614.911987 2337.259521
-425.065460 523.175598 2068.096191
-425.066223 205.735626 2068.095215
-425.133026 -111.703979 2067.566406
-282.352112 261.590027 2142.799316
-200.385468 8.826935 2172.275391
-209.154449 -474.244263 2219.608398
-235.094742 -939.759277 2196.556152
-378.907318 34.754410 2039.362183
-390.345978 -446.466370 2102.443359
-379.635925 -913.042725 2112.263672
-265.242798 728.220581 2202.597900
-273.793243 495.952850 2175.094971
-121.074684 475.904785 2283.280762
47.199059 307.485413 2353.927246
162.002655 615.954773 2292.444580
-426.511810 516.000916 2066.909180
-426.512360 198.560944 2066.908447
-426.572388 -118.878723 2066.432617
-280.418213 255.863297 2139.955566
-196.144470 3.841064 2169.208740
-206.214798 -478.601410 2222.170166
-229.107040 -944.036865 2195.038818
-377.941864 27.706436 2040.423706
-387.415314 -453.532654 2103.750977
-377.454193 -920.070068 2116.052002
-262.924896 730.757446 2198.991943
-272.088013 498.113220 2171.258545
-114.728165 478.711487 2272.406982
34.606735 303.250488 2362.978027
118.421616 602.612122 2240.818359
-429.447876 517.514954 2070.110107
-429.448242 200.074982 2070.109375
-429.502075 -117.364777 2069.681152
-279.298950 257.992798 2136.418213
-192.797928 6.318130 2161.814453
-207.805832 -475.931274 2215.363037
-231.308441 -941.562988 2192.483887
-380.221863 29.426636 2041.341309
-389.405823 -451.311523 2108.359619
-381.225800 -917.952515 2111.643555
-262.311005 733.628540 2203.170898
-273.021057 502.896729 2172.021973
-116.330086 480.336029 2273.706055
23.809914 302.628021 2372.495605
67.145554 587.070862 2199.248047
-429.712036 525.457458 2070.337891
-429.712250 208.017487 2070.337402
-429.760590 -109.422272 2069.951904
-282.470703 263.461121 2133.459717
-198.726089 10.607178 2155.375488
-215.606857 -470.857849 2214.940918
-241.283188 -936.427856 2192.889404
-385.114624 37.443832 2034.419434
-392.580963 -443.698486 2098.696289
-383.162689 -910.263245 2107.392090
-260.704926 736.941406 2206.267334
-270.443695 507.487671 2172.273682
-112.493843 484.314941 2271.952393
21.395424 297.807404 2375.250488
17.034679 564.851562 2166.917969
-428.393524 530.660339 2072.594971
-428.393646 213.220367 2072.594482
-428.437103 -104.219452 2072.247559
-280.201355 268.307831 2132.132568
-196.001572 15.343582 2151.285889
-206.771423 -465.466797 2216.899658
-233.417618 -930.982422 2194.614502
-383.916473 42.912430 2032.697021
-386.635498 -437.043762 2105.090332
-375.343201 -903.641724 2110.682861
-260.315491 736.239563 2207.315430
-269.368652 506.377197 2172.805908
-111.530998 484.023254 2272.924561
19.189720 297.408875 2384.128662
-26.184376 539.661987 2150.707031
-427.206299 528.731140 2072.687012
-427.206329 211.291168 2072.686768
-427.245331 -106.148712 2072.374512
-277.656860 267.166748 2132.462646
-192.047638 14.657974 2151.679932
-205.547348 -466.163391 2217.057861
-230.704910 -931.977844 2210.979004
-379.842499 41.254639 2032.558960
-383.508514 -438.689514 2105.329102
-371.901825 -905.287720 2112.244873
-258.452118 739.608887 2207.337402
-268.013580 509.455200 2173.564697
-110.581970 486.515472 2274.227051
19.597427 297.699036 2391.067871
-49.604645 524.918457 2144.362305
-425.445221 532.394897 2072.902100
-425.445190 214.954926 2072.901855
-425.480255 -102.484894 2072.620850
-276.994080 270.281311 2133.104980
-192.308731 17.459183 2152.535645
-211.102036 -463.707336 2213.830078
-233.242142 -929.536560 2222.493164
-379.640411 44.755692 2032.754883
-385.216492 -434.742188 2108.383545
-377.301605 -901.395264 2116.581299
-259.153778 739.452881 2208.853760
-267.440033 509.895752 2174.578369
-111.488922 486.437408 2277.390625
20.303955 298.353699 2394.040039
-49.991028 523.534485 2143.141602
-423.391144 533.354126 2071.766113
-423.391022 215.914154 2071.765869
-423.422668 -101.525604 2071.512939
-276.074005 270.874329 2133.138184
-191.909698 17.894073 2152.876221
-206.125931 -463.360931 2214.837158
-236.269974 -928.857422 2223.952881
-377.506256 45.811737 2030.519653
-383.110718 -433.894958 2104.926514
-375.787018 -900.592896 2111.758789
-256.915710 737.036804 2201.606689
-267.676178 506.575806 2171.257080
-111.025040 483.831604 2273.181641
19.660492 305.183350 2396.021484
-32.472420 536.324402 2145.379883
-424.327301 529.320007 2069.332520
-424.327148 211.880035 2069.332275
-424.355804 -105.559723 2069.104736
-277.103394 267.174133 2132.324219
-193.324432 14.239822 2154.035645
-208.927765 -467.063599 2215.506104
-235.322525 -932.909180 2224.359375
-379.736786 41.305069 2032.746948
-388.311981 -438.197266 2108.183350
-380.977417 -904.864502 2117.087158
-257.107452 738.369019 2204.977783
-268.569611 509.459900 2173.780518
-114.511238 485.205231 2279.165771
19.347008 310.099762 2395.008789
1.826042 552.959961 2153.120850
-422.627991 533.714539 2068.395020
-422.627808 216.274567 2068.394775
-422.653870 -101.165161 2068.189941
-278.553833 270.327393 2133.339111
-196.847076 16.759247 2155.619873
-210.980438 -464.709045 2216.254150
-240.775406 -930.443359 2222.765381
-380.229034 45.630539 2030.175659
-385.475067 -433.740906 2106.725098
-379.853302 -900.446167 2115.034180
-258.377319 739.284607 2199.664307
-271.234497 508.830719 2170.928955
-116.982147 484.775909 2276.134521
24.678192 310.552185 2388.498291
45.039085 570.905273 2169.332275
-425.486877 532.885498 2065.723389
-425.486694 215.445526 2065.723389
-425.510468 -101.994202 2065.539062
-281.947296 269.491211 2131.912109
-200.891815 15.840942 2155.484375
-212.933060 -466.090149 2212.744629
-238.681427 -931.985596 2223.814941
-384.428345 44.462463 2030.306152
-392.438782 -434.514587 2109.044434
-382.536682 -901.143555 2116.786133
-261.283936 737.182312 2204.026123
-273.013672 506.263885 2172.377930
-120.977859 481.854279 2280.645020
35.855530 311.289612 2383.266602
89.472961 589.689941 2194.879395
-425.049469 530.673462 2064.111084
-425.049286 213.233490 2064.111084
-425.071045 -104.206207 2063.945068
-282.418427 267.153320 2131.675537
-201.347473 13.516724 2155.402344
-207.516754 -468.917480 2208.922852
-240.902283 -933.720093 2231.883301
-382.298889 42.568787 2026.543823
-384.741547 -436.902405 2102.417480
-381.613403 -903.486816 2114.216309
-262.488342 737.413208 2205.698486
-273.183929 506.372864 2172.724365
-122.752464 481.680542 2283.160400
49.931801 313.648987 2376.640381
139.408463 605.886475 2229.826904
-423.615387 531.065125 2062.288330
-423.615204 213.625153 2062.288330
-423.635193 -103.814545 2062.138916
-281.974487 267.364075 2131.258789
-201.258072 13.663345 2155.502930
-205.198914 -468.568848 2211.205566
-241.091080 -933.492981 2229.434570
-380.272003 43.047256 2024.083496
-386.396698 -436.215576 2101.126709
-379.254364 -902.759399 2113.629639
-264.783752 738.300171 2206.529053
-275.272034 507.740967 2173.070557
-126.365524 482.005554 2285.329834
62.972153 317.827026 2370.322510
194.470551 612.101807 2279.193604
-424.178558 533.476379 2060.811523
-424.178375 216.036407 2060.811523
-424.196838 -101.403259 2060.677246
-284.386444 268.951630 2130.417969
-204.900146 14.849487 2154.560547
-209.455597 -467.563477 2208.790527
-246.719604 -932.419922 2227.938965
-382.101562 45.475098 2020.970215
-387.355804 -433.785370 2098.219482
-382.645233 -900.283936 2113.691895
-265.537445 734.212280 2201.444824
-276.777863 503.143097 2169.652832
-125.775169 478.536499 2279.314453
71.000786 320.922302 2366.162354
233.495178 610.708618 2318.021484
-427.780548 527.749695 2059.991211
-427.780365 210.309723 2059.991211
-427.797455 -107.129944 2059.870361
-285.913025 264.077576 2128.588867
-205.191711 10.369522 2152.780762
-208.356094 -472.183289 2205.931396
-240.515137 -937.463989 2224.325439
-384.904663 39.654572 2022.268921
-388.674255 -439.009338 2103.181641
-383.179138 -905.460938 2120.290039
-266.255005 735.344604 2199.401123
-276.620178 502.411865 2168.868164
-125.734001 478.673737 2278.922607
85.991661 325.968048 2361.580566
269.344574 606.003296 2364.325439
-427.506348 526.150024 2058.813721
-427.506165 208.710052 2058.813721
-427.522034 -108.729614 2058.704834
-284.675903 263.217712 2128.319824
-202.962036 9.900558 2153.248291
-206.373703 -472.543396 2207.419678
-235.936081 -937.671631 2232.385986
-382.501221 38.146530 2022.294678
-380.061707 -439.805054 2107.120117
-383.489502 -906.360352 2116.168701
-266.187531 733.461365 2197.874512
-276.155518 500.856567 2168.081299
-124.791794 477.878357 2277.660645
100.496857 329.991058 2361.280273
295.716431 599.776978 2404.664551
-427.519226 523.834778 2058.501953
-427.519043 206.394806 2058.501953
-427.533875 -111.044861 2058.404053
-283.718872 261.509094 2128.338867
-201.222595 8.489838 2153.794922
-206.156021 -473.452850 2212.021973
-238.594406 -938.740845 2227.484375
-381.341858 35.833389 2023.397827
-383.877350 -441.954956 2109.182617
-379.188385 -908.541992 2116.305664
-266.234497 733.411011 2196.615479
-275.693787 500.350952 2167.139404
-123.489243 477.938965 2275.671631
102.751862 329.498596 2358.133545
297.020111 600.674255 2409.548584
-427.898346 522.762878 2058.607178
-427.898163 205.322906 2058.607178
-427.912018 -112.116760 2058.519043
-282.929749 260.917358 2127.843750
-199.601486 8.148300 2153.126465
-207.096634 -473.899353 2210.232666
-237.830353 -939.317810 2227.258057
-380.729919 34.819260 2023.969849
-385.591187 -443.323975 2107.771973
-377.875824 -909.933044 2115.339844
-266.387451 732.626343 2195.986328
-275.773346 499.225525 2165.984131
-122.262520 477.201965 2272.730713
95.875710 327.248352 2355.062744
291.230957 597.394348 2408.658203
-429.284149 521.249084 2059.237549
-429.283966 203.809113 2059.237549
-429.296997 -113.630554 2059.158203
-282.659546 259.812500 2126.492188
-198.199799 7.294449 2150.519287
-207.347214 -474.231384 2211.573730
-238.185562 -939.834839 2221.480469
-380.891693 33.504486 2023.481323
-388.463104 -444.450531 2108.219238
-377.709991 -911.064819 2112.132324
-266.079437 731.248230 2196.174316
-275.789368 498.211273 2165.277588
-121.367622 476.370087 2270.746338
92.938774 327.123718 2353.027588
285.075378 600.039673 2395.582520
-430.211090 520.052490 2059.808838
-430.210907 202.612518 2059.808838
-430.223145 -114.827148 2059.737549
-282.508881 258.832703 2125.543945
-197.345245 6.458313 2148.565674
-206.622055 -474.928131 2210.792480
-237.964401 -940.314331 2227.230469
-381.111542 32.449951 2023.054810
-388.566345 -446.095276 2104.417725
-377.442688 -912.464111 2117.786377
-264.962830 731.720520 2196.268066
-274.094879 498.550964 2166.031006
-120.364876 476.683594 2272.508057
89.465309 325.061707 2352.018311
265.973175 608.294434 2362.730225
-427.824890 520.418274 2059.553711
-427.824707 202.978302 2059.553711
-427.836304 -114.461334 2059.489502
-280.695007 259.152344 2126.394531
-195.823914 6.742401 2150.113281
-204.941193 -473.889862 2217.776123
-236.408783 -939.432190 2222.426025
-378.766327 32.765060 2023.402832
-385.656952 -445.858765 2104.428467
-375.825836 -912.339355 2117.087646
-261.828552 736.172913 2202.297852
-272.578430 504.381714 2169.596924
-120.907600 479.677795 2278.312988
78.753746 318.537781 2350.998779
231.284332 611.883667 2319.315430
-424.249268 529.085632 2060.880859
-424.249084 211.645660 2060.880859
-424.260101 -105.793976 2060.822998
-281.188354 265.520325 2127.331543
-199.531097 11.956375 2149.768799
-211.969330 -468.952881 2214.898193
-238.583252 -934.843018 2212.957275
-380.065460 41.361526 2020.363525
-390.396362 -437.426147 2099.999512
-379.186371 -903.843018 2114.701660
-260.683746 739.133728 2205.824951
-268.113037 507.442017 2172.574219
-116.098557 484.909729 2281.304932
62.376663 312.272278 2356.991943
186.033981 606.405884 2273.199951
-420.127533 529.974304 2063.843506
-420.127350 212.534332 2063.843506
-420.137817 -104.905304 2063.791504
-273.994293 268.339264 2131.247314
-189.429245 15.830154 2154.613525
-197.497330 -464.361511 2225.249268
-224.755951 -930.060547 2213.697998
-370.321869 42.642883 2025.227417
-377.257782 -434.834351 2112.372559
-368.631012 -901.434937 2119.742432
-257.213135 734.929688 2200.085938
-264.824432 503.445679 2170.012451
-110.460480 482.943665 2275.741211
49.213013 310.150421 2364.493896
133.008820 592.804443 2224.652344
-419.188385 523.947693 2064.283691
-419.188202 206.507721 2064.283691
-419.198181 -110.931915 2064.236816
-270.056274 263.906555 2131.201660
-183.422775 12.166229 2155.312500
-198.298325 -469.053345 2216.484863
-232.429413 -934.276428 2218.660645
-367.153473 36.568634 2029.469238
-379.898743 -442.006531 2109.360596
-382.403656 -908.324463 2124.764160
-256.241241 736.002319 2204.226807
-262.501770 505.856384 2171.600342
-107.043671 484.598755 2275.601807
35.594025 311.567017 2372.749756
78.503151 575.121155 2184.158936
-417.959839 527.114014 2067.598877
-417.959656 209.674042 2067.598877
-417.969238 -107.765594 2067.556641
-267.798157 266.674072 2130.628906
-180.603653 14.844391 2151.533936
-202.654144 -466.715057 2207.740967
-234.327530 -931.770752 2224.235596
-365.585449 40.139130 2027.781128
-380.489868 -438.551361 2106.971191
-384.539093 -905.008057 2107.938965
-256.811829 734.797485 2206.800293
-262.434509 506.376526 2170.404541
-105.337120 484.107117 2271.684814
38.249123 292.258453 2388.128418
32.999569 534.360413 2166.795898
-419.531891 528.645874 2069.124512
-419.531708 211.205902 2069.124512
-419.540894 -106.233734 2069.086670
-268.655365 267.545746 2127.540039
-181.396149 15.463699 2144.941895
-207.697968 -465.553955 2204.334961
-236.364807 -930.994385 2220.837158
-368.356293 41.966263 2024.409058
-386.719513 -436.094482 2106.695557
-384.939209 -902.681641 2110.377441
-255.891083 733.796570 2209.086670
-261.997162 505.435791 2170.890381
-105.341812 482.468201 2272.741943
32.624237 294.625793 2394.575684
-5.956383 518.780579 2152.707520
-418.652527 528.403320 2069.038818
-418.652344 210.963348 2069.038818
-418.661194 -106.476288 2069.004639
-268.208160 266.850372 2126.642334
-181.216858 14.600372 2142.990967
-205.801208 -466.093018 2205.964355
-235.757080 -931.401611 2226.031494
-367.621460 41.929535 2021.797607
-383.612823 -436.149414 2104.606934
-381.025177 -902.775940 2112.267334
-255.023361 738.096558 2208.717285
-261.107544 508.778503 2172.145996
-105.189110 485.784790 2275.134033
25.806831 297.810059 2395.784912
-29.430233 510.977112 2141.769287
-417.025970 531.772217 2069.157959
-417.025787 214.332245 2069.157959
-417.034363 -103.107391 2069.127197
-267.923553 269.977570 2129.149170
-181.968796 17.495483 2147.429932
-203.768799 -462.525970 2216.229736
-243.052139 -927.314087 2228.297852
-367.510345 44.857788 2024.874634
-383.129059 -432.861786 2109.872559
-380.659515 -899.541748 2118.132324
-255.318741 738.307007 2208.537842
-261.432587 509.770142 2172.504883
-106.052315 486.257355 2276.199219
19.404144 301.900818 2394.895264
-34.523277 520.473511 2139.832520
-416.812836 533.282959 2068.810303
-416.812653 215.842987 2068.810303
-416.820892 -101.596649 2068.782715
-268.895691 270.977600 2129.541504
-183.906799 18.194809 2148.276855
-209.217712 -462.421692 2211.448730
-238.105347 -927.677002 2230.566895
-368.810791 46.175278 2024.879395
-385.600677 -431.806641 2108.202637
-380.063293 -898.517700 2111.652832
-255.531784 738.665771 2207.946045
-263.089508 510.590393 2171.855469
-108.706505 486.280243 2276.843018
16.203453 305.949341 2396.449219
-16.225220 534.742004 2145.296387
-417.472504 534.900513 2066.867920
-417.472321 217.460541 2066.867920
-417.480316 -99.979095 2066.843018
-271.097382 271.909119 2128.363525
-187.242050 18.762482 2147.342773
-211.988739 -462.075165 2209.360352
-236.712067 -927.793701 2225.549316
-370.968445 47.693207 2022.400513
-385.332062 -430.367920 2105.733887
-381.427002 -897.078064 2112.493408
-255.585739 735.694153 2201.150635
-264.304718 506.084717 2169.341797
-109.852097 483.120178 2274.534180
21.598328 311.977020 2393.225098
17.695076 554.151550 2155.200928
-418.757355 529.049255 2064.149414
-418.757172 211.609283 2064.149414
-418.764954 -105.830353 2064.126953
-272.050537 266.938965 2128.507080
-187.894257 14.128876 2150.263916
-207.168304 -467.268158 2209.707275
-237.229904 -932.424316 2232.151123
-371.698456 41.457504 2025.080811
-381.577057 -436.943665 2107.010742
-387.300537 -903.192871 2123.898438
-256.499939 734.431519 2204.760254
-264.528961 504.758240 2170.990479
-110.686859 481.507568 2277.017090
27.798538 313.489624 2389.622070
58.507690 573.269226 2177.094482
-418.371063 528.008911 2064.963867
-418.370880 210.568939 2064.963867
-418.378479 -106.870697 2064.943604
-271.564758 265.821533 2128.802734
-187.061981 13.050308 2149.702637
-206.658691 -468.623779 2206.960449
-235.694397 -934.022583 2227.093994
-370.139130 40.719360 2023.527222
-378.431427 -438.111450 2103.128662
-386.494720 -904.196289 2125.118408
-260.667908 730.641174 2200.054932
-267.864532 499.983154 2168.240234
-113.373230 477.810425 2273.549805
39.899094 310.749878 2386.802246
108.350464 587.762451 2213.131104
-422.355835 522.155884 2062.930664
-422.355652 204.715912 2062.930664
-422.363037 -112.723724 2062.912598
-273.788605 260.917297 2126.596191
-187.785843 8.658005 2147.614502
-210.254074 -472.358459 2209.106445
-233.144424 -938.249878 2224.864990
-371.639526 35.044846 2022.289795
-382.869263 -442.876770 2106.714355
-384.072662 -909.313721 2117.490723
-261.698029 733.207397 2198.706299
-268.853882 501.154205 2168.399902
-115.042450 479.401184 2274.787354
59.442062 317.375916 2375.903564
159.173706 607.487915 2249.384521
-422.665344 522.907227 2062.012451
-422.665161 205.467255 2062.012451
-422.672455 -111.972382 2061.996094
-274.445923 261.936279 2127.571777
-188.516251 9.774765 2150.046875
-211.225998 -471.214966 2211.834961
-232.520950 -937.000000 2232.745850
-371.559662 35.661926 2023.440552
-384.492767 -441.532104 2111.675293
-380.654724 -908.116089 2118.425293
-265.812134 731.895752 2198.042725
-273.202515 500.119507 2166.702881
-119.046577 478.214478 2272.565918
71.229454 322.183228 2371.448486
205.258148 612.869446 2288.307129
-427.358459 522.024597 2060.839600
-427.358276 204.584625 2060.839600
-427.365417 -112.855011 2060.824951
-278.897949 260.963409 2125.510498
-192.868454 8.773483 2147.308105
-214.821304 -472.530273 2206.933350
-236.047409 -938.479370 2224.718018
-376.318298 34.841110 2021.328247
-391.391418 -442.427002 2108.905029
-383.186890 -909.036194 2110.130127
-266.497528 733.957764 2197.200928
-274.311951 501.275635 2166.326172
-119.478294 479.498108 2271.220947
79.120872 325.093628 2366.718750
237.620117 612.466187 2321.270020
-429.145599 523.053223 2061.431396
-429.145416 205.613251 2061.431396
-429.152374 -111.826385 2061.418213
-280.349518 262.051697 2125.572021
-194.256683 9.869492 2147.233154
-210.232376 -470.856506 2212.628174
-238.003494 -936.591187 2224.580322
-378.517487 35.785995 2022.402588
-388.446991 -441.221680 2112.005127
-380.937500 -907.890259 2115.883057
-265.740692 732.612488 2198.282715
-274.308319 499.671722 2166.479004
-118.695976 477.856598 2270.203369
88.062492 323.545685 2365.356201
260.085449 608.725342 2351.561035
-429.920685 521.486816 2062.754639
-429.920502 204.046844 2062.754639
-429.927307 -113.392792 2062.742676
-280.447693 260.506897 2125.388916
-193.992676 8.361374 2146.018311
-208.542419 -472.316589 2212.365967
-238.398361 -938.048340 2217.981689
-379.181427 34.322784 2022.579346
-386.204346 -442.823151 2111.791992
-378.429077 -909.530396 2112.341797
-266.757599 732.273865 2196.815918
-274.535065 499.055267 2165.296143
-118.560211 477.688324 2268.573730
90.032822 326.280945 2360.164795
271.760223 607.414795 2370.925293
-430.509918 520.422241 2062.018555
-430.509735 202.982269 2062.018555
-430.516418 -114.457367 2062.007812
-280.390411 259.808716 2124.641846
-193.438004 7.848465 2145.439453
-209.315704 -472.701416 2212.544922
-236.535492 -938.651733 2216.617920
-379.053528 33.275879 2022.535645
-387.416931 -443.862000 2111.750244
-376.105225 -910.509155 2111.776123
-266.032593 732.626770 2197.089844
-273.816620 499.487335 2165.975586
-118.185997 478.021362 2269.754395
93.007957 324.638000 2357.595947
275.790222 606.606812 2377.416748
-429.447235 520.953308 2062.197021
-429.447052 203.513336 2062.197021
-429.453644 -113.926300 2062.187256
-279.643402 260.254883 2125.229980
-192.866806 8.249725 2146.234863
-210.455154 -471.439209 2218.704102
-234.159210 -937.389526 2210.653809
-378.073578 33.795135 2022.733765
-384.933472 -443.192932 2112.902344
-375.070801 -909.889771 2112.413574
-266.452179 735.382507 2202.232910
-273.320190 502.683044 2169.393799
-119.497681 480.645386 2275.674316
88.514191 323.827057 2357.308105
268.224487 607.639404 2368.106934
-427.142700 524.720642 2063.113281
-427.142517 207.280670 2063.113281
-427.149017 -110.158966 2063.104492
-278.440247 263.682343 2127.246582
-192.019989 11.566986 2148.347168
-207.566620 -468.222076 2220.743652
-235.252441 -933.953735 2209.321289
-375.100586 37.796310 2021.851562
-381.473816 -439.516296 2110.337402
-374.565186 -906.221802 2114.739990
-267.187256 735.270996 2204.798340
-273.181824 503.204559 2170.836182
-120.090637 481.168701 2278.184570
87.252350 323.914062 2357.160889
252.243988 614.480469 2346.665039
-426.272949 525.240417 2063.487549
-426.272766 207.800446 2063.487549
-426.279205 -109.639191 2063.479736
-277.929535 264.218384 2128.549316
-191.588623 12.120972 2150.134277
-208.831909 -468.067169 2219.437988
-235.199127 -933.930176 2207.689941
-373.765930 38.343445 2022.390625
-384.961456 -439.518982 2107.166992
-375.881042 -906.001343 2119.365234
-267.067841 736.050049 2206.081055
-272.070862 503.951172 2172.081787
-119.635323 481.869232 2280.359863
77.121513 317.957001 2356.086426
226.514069 613.492920 2313.582520
-424.506409 526.033081 2063.803467
-424.506226 208.593109 2063.803467
-424.512543 -108.846527 2063.796387
-276.597595 264.972900 2129.718018
-190.423950 12.855682 2151.780518
-205.793213 -468.191193 2215.118408
-233.909515 -933.961243 2215.896729
-371.824707 39.133575 2022.927979
-384.240448 -438.783325 2107.340088
-375.449768 -905.358765 2117.694336
