-267.478851 734.865540 2201.578125
-272.424469 505.164307 2166.476318
-114.431419 484.553864 2266.745605
57.361641 322.097137 2357.373291
75.280151 611.982300 2179.604004
-430.417542 525.774780 2066.207275
-430.417358 208.334808 2066.207275
-430.423615 -109.104828 2066.207275
-276.537933 266.242188 2123.847168
-186.650787 15.057510 2140.874756
-205.466156 -464.993652 2210.599121
-241.905533 -929.963501 2227.317383
-374.652008 39.582596 2021.561157
-385.038452 -437.637146 2110.059326
-386.067291 -904.024658 2128.078125
-266.810944 734.717285 2197.961914
-273.149261 504.321686 2165.957764
-117.559143 483.723389 2269.858154
68.655121 324.532440 2351.180420
139.407059 626.313477 2216.305664
-428.739380 524.919983 2062.057373
-428.739197 207.480011 2062.057373
-428.745453 -109.959625 2062.057373
-277.714844 265.054443 2125.359863
-189.683731 13.528503 2146.596436
-209.408020 -467.147522 2211.584961
-241.576508 -931.383057 2243.988525
-374.877106 38.045898 2022.927490
-382.882233 -439.394501 2110.520996
-394.106781 -905.667480 2125.887695
-266.077454 733.590454 2197.155518
-273.244598 502.695862 2166.147705
-118.354156 482.030518 2271.127441
79.823196 328.263489 2344.086914
195.955917 632.288147 2259.130859
-428.135040 523.361206 2061.167969
-428.134857 205.921234 2061.167969
-428.141113 -111.518402 2061.167969
-278.470764 263.240875 2126.721680
-191.547424 11.491379 2149.751709
-208.112076 -470.456360 2204.751709
-240.563400 -933.824951 2248.085693
-375.846466 36.080414 2024.839600
-387.809418 -441.736206 2109.821777
-388.317169 -908.187988 2121.860596
-266.520477 734.678040 2196.760742
-274.084137 502.878082 2165.248291
-119.579590 481.888550 2270.762695
95.408234 334.127197 2340.055176
247.676117 629.624268 2302.687012
-428.588654 523.867554 2059.733887
-428.588470 206.427582 2059.733887
-428.594727 -111.012054 2059.733887
-279.384827 263.490326 2125.389648
-192.759888 11.614426 2148.308838
-208.901154 -470.404358 2203.418213
-239.524002 -934.628540 2239.189697
-376.611176 36.590698 2022.753174
-388.459930 -441.252594 2107.697998
-384.330200 -907.844727 2115.138672
-266.768646 734.098755 2196.063965
-273.950470 501.889526 2165.158447
-119.854446 480.871704 2271.278320
106.195480 339.063110 2335.038574
280.088867 627.845459 2334.069092
-428.046478 522.907288 2059.038330
-428.046295 205.467316 2059.038330
-428.052551 -111.972321 2059.038330
-279.028931 262.522949 2125.124512
-192.420502 10.650833 2148.231689
-208.466324 -470.540161 2210.077148
-238.903473 -935.570068 2226.720459
-375.794281 35.661942 2021.949585
-386.217163 -442.027222 2107.970703
-380.130859 -908.612793 2118.086182
-267.293274 732.915527 2195.709473
-274.199127 500.785156 2164.251465
-119.412933 480.128113 2269.437256
113.099670 341.033020 2334.513672
294.428802 626.095398 2354.393311
-428.985352 521.442261 2059.065674
-428.985168 204.002289 2059.065674
-428.991425 -113.437347 2059.065674
-278.982513 261.400757 2124.278564
-191.665024 9.724976 2146.893311
-208.913269 -471.184692 2210.841553
-239.819092 -936.580933 2218.042725
-375.866760 34.307724 2021.718018
-389.549042 -442.914978 2109.792725
-380.703705 -909.517334 2118.593262
-265.322205 735.235352 2197.025879
-271.882965 502.788147 2165.197266
-117.264015 481.916565 2270.594727
112.058571 339.008972 2331.757568
297.928497 623.420654 2356.913086
-426.501923 523.659729 2059.800049
-426.501740 206.219757 2059.800049
-426.507996 -111.219879 2059.800049
-277.070251 263.382568 2125.398193
-190.257492 11.558136 2148.311768
-208.103653 -468.956512 2215.113037
-238.874054 -934.560913 2219.745850
-374.257599 36.395798 2022.886353
-389.648499 -440.659363 2111.624023
-378.324860 -907.256897 2118.510498
-264.624969 734.607178 2196.177002
-271.380920 502.582581 2164.514160
-116.613297 481.833771 2269.721191
107.038666 333.010406 2332.359863
288.963654 622.020691 2345.763672
-426.148560 523.331360 2059.306641
-426.148376 205.891388 2059.306641
-426.154633 -111.548248 2059.306641
-276.720398 263.109741 2125.140381
-189.970276 11.291000 2148.367188
-210.584320 -469.130310 2215.103027
-237.504517 -934.940002 2209.971680
-374.149475 35.982834 2023.166382
-391.190308 -441.046082 2111.766602
-380.472961 -907.628418 2121.065918
-263.642273 734.303589 2195.766357
-270.483154 501.791382 2164.258545
-116.107094 480.966553 2270.024902
97.513313 329.003967 2335.687988
261.136658 624.563171 2314.750488
-424.859192 522.616211 2058.492188
-424.859009 205.176239 2058.492188
-424.865265 -112.263397 2058.492188
-275.844910 262.310791 2124.932129
-189.348953 10.438873 2148.539551
-209.260910 -470.534576 2211.364502
-237.823822 -936.177734 2218.064209
-373.064392 35.221512 2022.671753
-388.371216 -441.672913 2112.310547
-378.057953 -908.306519 2119.758789
-260.138702 731.171387 2195.558838
-268.538818 498.441132 2163.906738
-114.175865 477.206543 2269.612305
90.273781 325.492676 2335.338867
228.918518 625.205994 2277.559326
-422.901764 519.675720 2058.201172
-422.901581 202.235748 2058.201172
-422.907837 -115.203888 2058.201172
-274.657898 258.954529 2124.733398
-188.927399 6.832840 2148.457275
-206.670166 -474.314819 2210.664795
-237.792969 -939.787354 2222.437256
-372.626556 32.102997 2022.662720
-386.982635 -445.436401 2108.915039
-378.885559 -911.950195 2122.205078
-258.637512 732.966919 2196.966553
-266.682190 501.930969 2164.525879
-111.960503 480.312988 2269.625977
81.642036 323.740173 2336.671143
190.854446 623.277588 2238.938232
-421.403870 523.549011 2059.425781
-421.403687 206.109039 2059.425781
-421.409943 -111.330597 2059.425781
-273.056641 262.563293 2124.674316
-187.367218 10.332260 2147.360352
-206.665939 -470.934326 2208.212158
-239.437653 -936.140869 2226.031006
-371.494995 36.058945 2022.285278
-386.687012 -441.409851 2108.830566
-378.404846 -907.970093 2121.189209
-256.729248 732.299988 2196.663574
-265.192780 502.094666 2163.920166
-109.163109 480.602722 2267.070312
68.823906 321.370941 2342.334229
136.839539 610.262695 2195.508789
-421.222443 523.586548 2060.770020
-421.222260 206.146576 2060.770020
-421.228516 -111.293060 2060.770020
-271.868835 262.721954 2124.144043
-185.696457 10.560089 2145.749268
-208.280838 -470.840912 2204.286621
-237.179077 -936.179077 2225.804932
-371.393311 36.138443 2022.986450
-388.965485 -441.348267 2108.973145
-379.423462 -907.891968 2121.472412
-255.335434 735.414062 2202.503418
-264.004395 506.613281 2166.094482
-108.894844 482.651154 2270.062500
47.420143 315.188354 2347.171631
71.823776 589.402100 2161.931396
-419.113953 530.575439 2062.126465
-419.113770 213.135468 2062.126465
-419.120026 -104.304169 2062.126465
-272.154541 267.846039 2123.223389
-188.004364 14.819733 2142.220215
-209.935440 -466.545532 2201.388184
-243.366119 -931.623291 2222.486816
-372.605011 43.337814 2018.484497
-390.674805 -433.968384 2105.389404
-378.860413 -900.518066 2115.226318
-255.868515 733.925232 2205.430176
-263.632538 506.390442 2165.858154
-107.519356 481.419617 2268.073242
50.801750 293.416901 2365.789307
18.085743 546.399658 2154.879395
-419.745728 531.361328 2063.643066
-419.745544 213.921356 2063.643066
-419.751801 -103.518280 2063.643066
-272.140259 268.070068 2120.630859
-187.756790 14.891403 2136.223877
-203.878464 -466.101318 2199.736084
-244.904266 -930.687439 2216.927490
-373.539154 44.607956 2014.583252
-391.160065 -432.107727 2104.717285
-379.429962 -898.640320 2115.795166
-254.247559 734.834106 2207.393799
-262.306641 507.319153 2166.072021
-104.739151 481.819519 2265.882080
44.892883 292.703278 2369.898682
-34.971848 524.219666 2142.767822
-419.874146 532.818848 2066.261963
-419.873962 215.378876 2066.261963
-419.880219 -102.060760 2066.261963
-271.429260 269.242798 2119.649414
-186.791122 15.992828 2132.618896
-203.521973 -464.154663 2202.042236
-241.147415 -928.887207 2223.289795
-374.312622 46.340042 2013.834717
-388.034973 -429.254028 2110.102295
-382.722229 -895.906738 2119.031006
-253.747345 733.971313 2207.870850
-261.244354 507.574890 2164.660400
-101.914299 481.985352 2261.583496
57.336189 287.550629 2378.118164
-60.685257 499.661957 2144.192871
-420.574432 533.164368 2067.737305
-420.574249 215.724396 2067.737305
-420.580505 -101.715240 2067.737305
-270.607788 269.696838 2117.248535
-185.159241 16.591354 2127.512451
-203.542892 -463.066711 2199.982422
-242.367386 -927.593872 2224.091064
-374.783203 47.046249 2012.160889
-386.173889 -429.217102 2105.460938
-385.728699 -895.767578 2119.013916
-252.814407 736.328857 2208.111816
-260.454285 508.962402 2163.846924
-99.870041 483.698273 2258.782959
52.669739 291.275757 2379.556152
-81.160904 494.194397 2137.468750
-421.038513 534.226501 2068.910645
-421.038330 216.786530 2068.910645
-421.044586 -100.653107 2068.910645
-269.839050 271.083313 2116.417480
-183.676544 18.172134 2125.474854
-203.788483 -460.481689 2203.782471
-239.313538 -925.398560 2225.526611
-374.771088 48.236343 2012.501221
-384.094391 -427.526550 2108.597168
-385.751740 -894.201294 2116.843750
-250.695831 737.020935 2201.229248
-260.405731 508.955994 2161.917725
-100.133812 483.498108 2257.364990
47.334023 294.635712 2382.271240
-78.575615 501.615662 2134.307617
-420.677673 534.413940 2066.470459
-420.677490 216.973969 2066.470459
-420.683746 -100.465668 2066.470459
-271.200592 270.752747 2116.510010
-186.638748 17.402832 2127.890381
-208.014038 -460.951904 2207.839600
-241.470093 -925.954834 2231.272705
-377.352173 47.696121 2014.314209
-386.057861 -428.362976 2109.071289
-388.408142 -894.846069 2124.230713
-254.073944 738.529663 2205.815186
-262.289337 509.965302 2165.082031
-105.068207 484.052002 2265.220703
45.190033 302.836121 2382.161621
-53.770920 519.102661 2130.458496
-419.510468 535.878601 2064.943359
-419.510284 218.438629 2064.943359
-419.516541 -99.001007 2064.943359
-271.632324 271.993835 2118.169922
-187.388062 18.597260 2130.866211
-206.052658 -460.098389 2209.493652
-237.758102 -925.378601 2229.620117
-374.562561 49.447479 2011.649414
-380.467194 -426.834808 2105.502930
-388.142761 -893.350220 2117.774902
-255.012558 738.342896 2201.585205
-263.950012 510.093872 2164.559570
-107.721458 484.776672 2266.455078
44.582298 311.912842 2377.081787
-13.858269 543.032471 2129.745117
-420.178558 535.411133 2062.664062
-420.178375 217.971161 2062.664062
-420.184631 -99.468475 2062.664062
-273.220886 271.750854 2119.554443
-189.549011 18.346207 2135.168457
-206.762878 -461.092712 2209.422852
-239.627441 -926.082153 2233.817383
-375.434509 48.469437 2013.930176
-385.392303 -427.119812 2110.816650
-391.864319 -893.769226 2118.495850
-254.405243 738.074341 2205.470215
-264.474304 510.335114 2166.563965
-109.403046 483.900635 2269.962891
52.296356 317.957794 2367.043945
41.206898 568.963623 2137.800781
-419.545593 536.769592 2063.165283
-419.545410 219.329620 2063.165283
-419.551666 -98.110016 2063.165283
-274.209412 272.248352 2120.295898
-191.681107 18.433746 2135.547363
-207.958542 -461.825409 2204.431396
-238.279343 -926.963379 2229.482910
-376.207886 49.889435 2012.508179
-384.261383 -426.548828 2105.295898
-393.963989 -892.983032 2119.091797
-255.764435 737.701233 2200.914551
-266.444275 508.751221 2164.519531
-112.425598 482.317535 2269.500732
63.642990 320.477173 2357.522949
103.026932 590.439453 2162.040527
-420.462952 535.184875 2059.538330
-420.462769 217.744904 2059.538330
-420.469025 -99.694733 2059.538330
-276.208374 270.541992 2118.864746
-194.332855 16.605011 2135.672852
-209.755844 -463.898743 2203.188232
-238.629364 -929.222412 2226.585938
-377.612091 48.060562 2010.747070
-384.458649 -428.438782 2103.414795
-395.371735 -894.784058 2120.086670
-257.944763 735.963928 2198.135498
-268.186798 506.428711 2163.156738
-114.671616 480.816742 2269.093506
78.313416 322.241211 2349.763184
158.294952 605.197083 2191.597412
-421.701996 532.040710 2057.219727
-421.701813 214.600739 2057.219727
-421.708069 -102.838898 2057.219727
-277.203796 267.986877 2118.576172
-194.880295 14.306076 2137.027344
-205.626373 -466.529968 2202.983398
-242.638016 -930.974487 2230.434814
-377.561310 44.783981 2010.963867
-383.176666 -431.276855 2105.956787
-392.752075 -897.758301 2119.864258
-259.603424 731.507568 2190.744385
-270.567078 499.541870 2158.464844
-115.567108 475.629578 2262.600342
86.671585 328.130554 2343.381592
216.843185 610.910767 2235.001709
-425.567078 523.454163 2054.329346
-425.566895 206.014191 2054.329346
-425.573151 -111.425446 2054.329346
-279.147583 260.641418 2116.378418
-195.493149 7.511612 2136.259277
-209.166519 -473.168762 2202.879395
-238.849976 -938.340820 2226.116211
-379.963013 35.970291 2012.324829
-384.206055 -440.107056 2107.342773
-395.467712 -906.446533 2124.500000
-261.547211 727.664551 2186.045166
-271.883881 495.412903 2155.627930
-115.801620 473.160583 2258.510010
94.843460 332.571655 2339.685303
255.241241 613.532898 2270.984863
-427.966125 517.665161 2052.745850
-427.965942 200.225189 2052.745850
-427.972198 -117.214447 2052.745850
-279.504059 256.154327 2115.439453
-194.251892 3.655167 2136.468018
-206.043350 -476.691772 2205.817139
-242.536911 -941.497314 2226.724854
-379.996582 30.136368 2014.033936
-382.079529 -445.175110 2112.809570
-391.226349 -911.718628 2119.073730
-262.009399 731.828369 2190.216309
-270.450836 499.959229 2158.884766
-115.931549 477.990753 2264.147949
103.427353 330.793365 2341.856445
278.294037 610.061096 2299.825928
-424.970123 521.927734 2053.621582
-424.969940 204.487762 2053.621582
-424.976196 -112.951874 2053.621582
-276.465759 260.804565 2117.802490
-190.534470 8.577621 2139.356689
-203.533386 -471.296265 2211.713135
-240.710480 -936.339233 2221.088623
-374.426910 34.722168 2014.083740
-380.189362 -440.508606 2113.094971
-379.354858 -907.121338 2114.276367
-263.967865 738.294250 2198.781006
-272.214722 507.328735 2162.194336
-119.256287 482.852661 2269.148682
106.230789 330.404419 2338.931885
288.289368 610.523071 2315.034424
-425.173157 531.804810 2055.239990
-425.172974 214.364838 2055.239990
-425.179230 -103.074799 2055.239990
-279.454163 268.788025 2117.958496
-195.673447 15.682465 2137.367432
-214.045029 -464.062195 2209.294922
-244.951111 -929.641113 2210.302734
-377.713745 44.812164 2010.077881
-393.126526 -430.510773 2107.173096
-384.979675 -897.074097 2111.301758
-262.500916 738.608826 2196.564941
-271.577545 508.666107 2162.257812
-119.122726 484.224060 2269.975586
103.612503 332.701202 2334.963135
288.204834 614.261230 2319.542725
-424.032379 533.108154 2054.540039
-424.032196 215.668182 2054.540039
-424.038452 -101.771454 2054.540039
-279.330872 269.937531 2119.061768
-196.380310 16.667023 2139.953125
-206.887238 -463.082733 2213.115479
-241.690414 -928.466064 2216.207520
-377.788086 45.750885 2011.778320
-388.852417 -429.237976 2111.228760
-381.701416 -895.839294 2119.077393
-259.924500 740.294373 2196.459229
-269.713531 510.131653 2162.201172
-117.463272 485.270508 2270.134277
98.314484 331.843811 2333.480957
277.700134 615.891113 2309.627197
-421.963806 534.992798 2054.268066
-421.963623 217.552826 2054.268066
-421.969879 -99.886810 2054.268066
-278.203583 271.387085 2119.185059
-196.106812 17.850479 2140.387695
-207.554642 -462.681091 2208.156494
-232.516739 -928.290833 2222.857910
-377.280457 47.434586 2011.950317
-384.040436 -428.286377 2108.294189
-387.817139 -894.658447 2122.452637
-258.279877 737.574768 2196.392578
-268.720184 507.178589 2161.646729
-116.548164 482.276672 2269.693115
94.167961 328.922852 2334.726807
250.055481 619.650391 2280.295166
-420.892212 532.080566 2053.600342
-420.892029 214.640594 2053.600342
-420.898285 -102.799042 2053.600342
-277.616180 268.354309 2119.132812
-195.969162 14.713272 2140.906982
-206.500366 -465.910706 2208.428955
-236.437103 -931.312012 2224.450439
-377.055176 44.346771 2012.330811
-382.638000 -431.568542 2107.955078
-389.584167 -898.027100 2121.304688
-255.439590 737.878235 2197.879639
-266.869019 507.631470 2162.343750
-114.401764 481.699585 2269.728516
82.092316 323.456787 2338.362793
217.138367 615.936401 2248.883301
-419.336273 533.563293 2054.958984
-419.336090 216.123322 2054.958984
-419.342346 -101.316315 2054.958984
-277.310730 268.926270 2119.525391
-197.030090 14.790894 2140.604004
-204.957733 -465.935760 2207.836914
-240.247787 -930.821472 2228.422607
-378.474792 45.651260 2012.809937
-384.218994 -430.000305 2109.810791
-391.967682 -896.596802 2118.061768
-254.102234 738.023804 2203.628174
-263.975586 508.337097 2165.215088
-112.564568 481.932129 2273.962158
71.553642 318.234833 2341.692871
174.267273 607.398560 2210.969727
-415.386597 534.742065 2056.467773
-415.386414 217.302094 2056.467773
-415.392670 -100.137543 2056.467773
-273.243591 269.987854 2120.245361
-192.415802 15.926590 2139.984619
-202.442291 -464.527283 2208.906250
-235.009705 -929.824341 2225.306885
-372.607391 47.350662 2010.566650
-377.999329 -428.492371 2106.691895
-379.947693 -895.163452 2114.614014
-252.641510 736.505188 2199.988525
-261.655975 506.870056 2163.815918
-109.314941 481.643005 2271.534424
59.282776 318.123291 2345.841309
122.298988 591.919312 2173.159912
-413.997009 532.097046 2056.097168
-413.996826 214.657074 2056.097168
-414.003082 -102.782562 2056.097168
-270.450623 268.218689 2120.363037
-188.597046 14.556366 2141.006592
-205.278656 -465.664032 2210.016846
-235.189178 -931.092285 2228.653809
-369.893494 44.578293 2012.813721
-379.750092 -430.623901 2111.604248
-386.288544 -897.302063 2116.698486
-249.276840 734.347656 2198.185791
-259.582184 505.500336 2161.687988
-105.602226 479.578186 2266.848877
54.144753 315.064636 2350.431152
67.336205 568.462952 2142.587402
-413.562164 531.422485 2056.527100
-413.561981 213.982513 2056.527100
-413.568237 -103.457123 2056.527100
-270.059692 266.918854 2118.219238
-188.906113 12.911514 2137.330078
-207.259674 -467.513184 2204.627930
-238.485352 -933.034424 2218.082764
-372.168304 43.763245 2012.170898
-383.608795 -431.531708 2110.411377
-393.512024 -898.188049 2112.652588
-247.301483 737.050964 2197.773926
-257.600067 507.682800 2161.875244
-102.851982 481.680603 2265.903564
47.578606 307.034363 2358.714355
8.928219 538.955139 2126.603271
-412.348175 533.684998 2057.846680
-412.347992 216.245026 2057.846680
-412.354248 -101.194611 2057.846680
-268.901917 269.021423 2119.033203
-188.130188 14.888977 2138.087158
-208.445480 -464.754211 2210.147949
-232.759216 -930.737915 2220.381592
-372.277313 45.831070 2014.295166
-384.740753 -429.695435 2111.319092
-385.932068 -896.338379 2118.014648
-245.950821 736.745605 2196.581055
-257.943298 507.723389 2159.445068
-100.934097 480.957825 2259.750732
43.280533 304.014893 2362.872314
-30.893723 522.704346 2115.586182
-414.952515 534.488953 2059.139404
-414.952332 217.048981 2059.139404
-414.958588 -100.390656 2059.139404
-270.664307 269.292572 2115.734375
-189.940216 14.932068 2131.721191
-210.577438 -464.812958 2203.157715
-238.518967 -930.662354 2211.312988
-376.830414 46.791458 2012.326294
-390.815521 -429.011414 2107.781982
-388.554688 -895.699097 2114.738037
-245.423981 736.186096 2195.475830
-259.610291 506.986633 2157.530762
-101.990028 479.011414 2256.582031
42.644356 302.504059 2364.939453
-51.240349 515.876953 2111.267578
-417.230530 534.961853 2058.479492
-417.230347 217.521881 2058.479492
-417.236603 -99.917755 2058.479492
-274.018250 268.772095 2113.178711
-194.649063 13.913498 2127.757812
-210.707321 -465.184937 2204.276367
-246.614212 -930.422546 2213.879883
-382.203369 47.201584 2009.895508
-390.240356 -428.967896 2104.033691
-393.573975 -895.486328 2117.037598
-244.188095 736.380554 2195.918945
-259.404938 508.028992 2157.599854
-102.402061 479.105988 2257.385986
42.324501 302.249023 2368.472656
-60.884651 516.632385 2114.104736
-416.407806 536.952026 2057.813721
-416.407623 219.512054 2057.813721
-416.413879 -97.927582 2057.813721
-274.613281 269.994690 2112.534180
-196.408295 14.751801 2126.839111
-206.152039 -464.125061 2205.669189
-243.199463 -929.182373 2219.894775
-383.234955 49.168930 2008.098022
-384.971985 -427.224548 2101.323730
-391.379303 -893.627686 2117.947021
-245.162811 738.799683 2195.152100
-260.878906 509.660706 2156.610352
-104.071449 480.406464 2256.629395
38.160637 304.612183 2369.756348
-48.913231 526.432556 2114.710205
-417.686371 538.914917 2056.591064
-417.686188 221.474945 2056.591064
-417.692444 -95.964691 2056.591064
-276.229645 271.719757 2111.082275
-198.281662 16.372879 2125.064453
-207.530365 -462.397034 2204.827148
-241.915833 -927.698425 2218.743652
-384.879089 51.184769 2006.044067
-386.052612 -424.804565 2101.454834
-390.514954 -891.236816 2118.869873
-245.205475 739.051880 2195.758301
-260.995636 510.481781 2157.650879
-105.727638 481.039978 2259.964355
38.579567 307.806915 2365.382568
-18.936256 543.952881 2117.372559
-416.263641 539.923584 2055.337402
-416.263458 222.483612 2055.337402
-416.269714 -94.956024 2055.337402
-276.036804 272.541168 2112.006836
-198.682602 17.080597 2127.246582
-205.380753 -461.609863 2207.812500
-241.752762 -926.724548 2223.353516
-383.473358 52.120514 2005.479004
-381.799988 -423.519379 2102.644775
-391.325745 -889.819763 2121.331299
-245.165009 739.463562 2195.059814
-261.543457 510.709320 2158.051758
-107.382751 481.101654 2261.984619
41.286606 310.402649 2360.193604
21.650810 566.093567 2128.432373
-415.704163 540.317017 2054.119141
-415.703979 222.877045 2054.119141
-415.710236 -94.562592 2054.119141
-276.598633 272.733459 2112.589844
-199.925583 17.140549 2128.969727
-205.277100 -461.606567 2209.370117
-244.975189 -926.376587 2226.914307
-383.382019 52.374664 2005.286011
-383.068146 -422.880585 2104.375000
-392.767303 -889.294556 2120.399170
-244.362411 739.499207 2196.218018
-261.319794 510.402466 2158.543701
-107.573181 480.453064 2263.009277
47.638794 311.196655 2355.610596
63.968658 586.495972 2147.928955
-415.066406 540.351807 2054.077881
-415.066223 222.911835 2054.077881
-415.072479 -94.527802 2054.077881
-276.325256 272.547729 2112.437012
-199.852463 16.873306 2128.486816
-205.221893 -462.664490 2203.908203
-241.253098 -927.578857 2224.896484
-382.808990 52.512711 2004.173828
-380.591614 -423.908569 2097.307373
-392.060913 -889.606567 2124.943604
-245.015274 736.880981 2196.291748
-262.391785 507.666534 2158.441162
-109.844322 477.343018 2264.535889
59.820534 313.099792 2347.811279
119.126213 606.388062 2183.254639
-414.939270 537.990051 2052.346436
-414.939087 220.550079 2052.346436
-414.945343 -96.889557 2052.346436
-277.136353 269.921509 2111.690186
-201.108841 14.132736 2128.070068
-205.767715 -465.236938 2204.693848
-244.638199 -930.151978 2218.260742
-382.652985 50.220215 2001.808472
-376.494354 -425.233521 2099.530762
-399.604370 -890.772705 2119.213867
-247.232422 737.649414 2201.820557
-264.579254 508.496643 2161.142578
-114.060402 476.641296 2269.617920
70.422539 314.054810 2341.404541
163.375763 616.979370 2217.604248
-415.098114 540.351990 2052.667236
-415.097931 222.912018 2052.667236
-415.104187 -94.527618 2052.667236
-280.004578 271.111725 2112.834961
-205.856140 14.769684 2129.081055
-210.886185 -465.004913 2203.117920
-243.216690 -929.957886 2226.044434
-385.003662 52.683914 1999.973633
-381.380371 -421.856567 2102.179688
-397.855225 -887.914673 2117.792236
-247.384811 739.424377 2205.597412
-264.910889 509.563995 2162.937744
-115.045731 477.199066 2272.194092
82.712128 323.028381 2332.711914
206.982117 627.439087 2259.335693
-414.776062 541.928955 2053.681152
-414.775879 224.488983 2053.681152
-414.782135 -92.950653 2053.681152
-279.665955 272.488281 2112.948242
-205.255341 16.156311 2127.963379
-205.046555 -463.268158 2204.239990
-240.034607 -928.208862 2225.038086
-383.586700 54.668823 1997.954102
-378.845917 -419.733582 2100.887695
-393.922119 -885.784668 2120.312988
-247.368149 738.344849 2206.981934
-264.602814 508.562805 2164.184326
-115.223907 475.785400 2274.000000
91.854340 328.509155 2326.364502
241.808533 627.369385 2301.287354
-413.981720 541.340210 2054.368896
-413.981537 223.900238 2054.368896
-413.987793 -93.539398 2054.368896
-279.637390 271.562805 2113.896484
-205.792328 15.060440 2128.948242
-206.271606 -464.285706 2205.841309
-238.933365 -929.581787 2222.809570
-383.551605 54.065186 1998.269043
-380.940125 -419.261230 2106.052002
-396.218323 -885.502075 2121.395996
-247.646423 738.358459 2207.173828
-265.187195 508.791687 2163.744141
-115.095978 475.805908 2272.525879
98.429214 334.752686 2322.681152
261.784973 627.406250 2333.432129
-415.278442 541.777466 2054.962402
-415.278259 224.337494 2054.962402
-415.284515 -93.102142 2054.962402
-280.485046 271.899567 2113.018555
-206.475952 15.380310 2127.020020
-208.858765 -464.281006 2201.904785
-236.311127 -929.654541 2224.395508
-385.089844 54.634567 1997.566040
-380.677002 -419.344421 2102.430176
-395.961639 -885.375244 2123.341797
-247.330856 735.703796 2208.284668
-264.634644 507.554382 2164.036621
-114.663223 474.600464 2273.002441
107.191360 342.375793 2320.365479
272.450623 632.484741 2357.456299
-414.606049 540.508301 2055.070801
-414.605865 223.068329 2055.070801
-414.612122 -94.371307 2055.070801
-279.586639 270.708374 2112.987305
-205.304291 14.254471 2126.773682
-206.430786 -465.472351 2201.317383
-235.611740 -930.743469 2224.674072
-383.772980 53.470230 1997.102295
-377.711609 -420.408569 2102.404785
-393.035797 -886.449829 2123.859375
-245.955734 733.612427 2208.822998
-263.476593 505.722534 2165.375977
-114.481056 472.332428 2275.534424
106.594002 339.186523 2319.186035
268.900299 631.178589 2357.406982
-412.472137 539.112671 2055.217285
-412.471954 221.672699 2055.217285
-412.478210 -95.766937 2055.217285
-278.665466 268.929871 2114.145508
-205.196228 12.268784 2128.463623
-205.753433 -467.766541 2201.008057
-242.334305 -932.147705 2229.757568
-382.512421 52.005600 1997.366577
-378.158051 -421.763733 2103.276367
-389.918732 -888.003296 2122.556152
-244.995636 731.710938 2208.089355
-262.199738 504.509521 2165.040527
-112.473160 471.439819 2274.302734
101.304184 336.096863 2319.587158
253.052475 634.720154 2344.237061
-411.926300 537.579163 2055.778076
-411.926117 220.139191 2055.778076
-411.932373 -97.300446 2055.778076
-277.713745 267.571869 2114.587646
-204.137131 10.957031 2129.148193
-205.121216 -468.608215 2204.702881
-239.530853 -933.616333 2223.226807
-382.318390 50.311417 1999.121460
-380.840973 -423.444153 2105.165039
-393.234894 -889.858276 2118.321777
-242.731720 730.727783 2209.728271
-259.313232 502.894958 2166.262695
-110.194450 470.002563 2276.408203
91.146172 332.550079 2322.300781
234.119232 637.218140 2322.871338
-408.432007 535.787354 2056.117188
-408.431824 218.347382 2056.117188
-408.438080 -99.092255 2056.117188
-274.177795 265.953979 2115.629883
-200.313385 9.441269 2130.536133
-204.388947 -470.219971 2205.354736
-236.167267 -935.471252 2224.484131
-377.771332 48.584702 1999.458008
-377.070892 -425.990967 2101.737793
-389.596588 -891.998901 2123.960449
-241.300430 729.942688 2208.534668
-257.582031 501.889404 2166.309814
-108.144196 469.397095 2276.145996
86.078445 329.783142 2326.636230
206.348297 640.424683 2287.974365
-407.019836 534.381714 2056.473633
-407.019653 216.941742 2056.473633
-407.025909 -100.497894 2056.473633
-272.474365 264.790283 2116.431641
-198.448639 8.357681 2131.907959
-206.060455 -471.194336 2207.122803
-238.761978 -936.376892 2227.442139
-376.284790 47.024673 2001.198975
-379.402893 -427.693970 2102.749756
-393.169403 -893.848267 2121.959717
-239.959991 734.232422 2214.943848
-256.947540 506.222290 2169.229492
-108.675362 472.281525 2280.184326
73.545174 324.891663 2328.820801
167.019608 631.954834 2240.829346
-405.219727 540.163086 2058.274658
-405.219543 222.723114 2058.274658
-405.225800 -94.716522 2058.274658
-272.609497 269.520660 2117.752686
-200.040909 12.622314 2132.300293
-209.341354 -467.330109 2204.718262
-242.014832 -932.547913 2224.853271
-376.501984 53.015747 2000.251465
-382.975677 -421.941895 2100.520020
-393.321686 -888.209167 2119.686523
-238.988174 735.146240 2212.651367
-256.316742 508.017212 2168.116211
-107.411835 474.119324 2278.241211
59.281342 330.948608 2332.406006
113.743797 616.192322 2185.842041
-405.221649 541.915100 2057.990967
-405.221466 224.475128 2057.990967
-405.227722 -92.964508 2057.990967
-272.850159 271.174011 2117.568359
-200.783356 14.161148 2132.546143
-209.854965 -465.744141 2205.376953
-234.884445 -931.511108 2221.984131
-377.983795 54.500458 2001.494995
-384.298981 -419.902954 2104.392090
-391.903625 -886.382690 2118.938721
-239.254959 736.377563 2216.961182
-254.300079 510.165375 2166.898193
-101.417328 476.965027 2271.436523
42.595612 327.945740 2336.673828
55.696270 592.031433 2145.111084
-407.182831 543.365723 2062.359619
-407.182648 225.925751 2062.359619
-407.188904 -91.513885 2062.359619
-269.542816 273.737061 2114.102783
-193.757751 17.540970 2123.550537
-200.079224 -461.839722 2199.937012
-231.150330 -927.393860 2207.187500
-375.813354 57.076538 1999.064209
-377.958099 -417.807861 2099.833984
-389.537109 -884.187622 2115.252930
-239.492279 734.738525 2218.699707
-257.287201 510.558350 2164.366699
-103.673897 472.428894 2266.074463
48.554497 300.214539 2361.979980
9.847717 537.947815 2140.800049
-410.900513 548.687805 2062.659180
-410.900330 231.247833 2062.659180
-410.906586 -86.191803 2062.659180
-277.557922 275.688812 2106.931641
-206.413956 18.128601 2110.022461
-217.541214 -460.134735 2192.330811
-253.739609 -925.037842 2209.056396
-389.243317 63.509964 1988.970703
-392.431519 -411.537781 2089.012451
-406.273499 -877.613342 2110.154297
-238.746353 733.711914 2220.542969
-258.290863 511.258270 2163.515869
-104.019287 470.920837 2263.460693
40.263504 293.601013 2366.002441
-34.631088 512.706482 2129.937012
-412.562439 551.595703 2063.571045
-412.562256 234.155731 2063.571045
-412.568512 -83.283905 2063.571045
-280.533844 277.210815 2103.388672
-211.007721 19.168472 2102.714111
-208.056274 -457.258179 2194.318848
-243.603485 -922.062622 2216.419678
-394.545929 67.158234 1983.808838
-381.534576 -405.483917 2092.419434
-400.047485 -871.304199 2115.597412
-240.743317 733.333008 2214.404297
-257.049286 508.838501 2161.717041
-100.710114 473.237000 2260.186768
38.159332 295.310577 2368.975586
-68.480530 500.038971 2121.846924
-413.388458 544.440002 2063.247559
-413.388275 227.000031 2063.247559
-413.394531 -90.439606 2063.247559
-275.141174 273.527161 2105.364990
-200.193878 17.028946 2107.613281
-195.345749 -458.232971 2205.600586
-225.724548 -923.175049 2232.377197
-386.272247 59.402664 1990.412598
-369.043121 -411.747803 2105.272217
-384.025604 -877.812378 2126.200439
-240.936768 734.330750 2217.889648
-256.107178 508.642456 2164.056152
-101.121864 472.874023 2264.669678
30.584480 295.159637 2367.497314
-84.295929 502.995300 2115.648682
-411.092468 544.410889 2063.442627
-411.092285 226.970917 2063.442627
-411.098541 -90.468719 2063.442627
-273.232239 273.421753 2106.813965
-198.159409 16.923050 2109.424805
-204.677567 -459.024597 2203.715820
-231.138931 -924.488892 2225.357666
-382.555206 59.479019 1989.718628
-374.305450 -413.122681 2099.540527
-390.606110 -879.203796 2119.580078
-240.296036 736.724121 2219.611816
-256.700592 510.958740 2166.623047
-104.560501 473.634888 2270.903076
26.301132 299.582458 2368.239258
-77.260849 516.496033 2113.446045
-408.840698 548.282593 2062.342773
-408.840515 230.842621 2062.342773
-408.846771 -86.597015 2062.342773
-274.650330 275.940674 2108.693359
-202.061295 18.711136 2112.820801
-208.785904 -456.815796 2209.798096
-241.065659 -922.149841 2224.430908
-383.138824 63.134064 1988.706543
-379.685455 -409.612488 2098.569336
-394.041077 -875.860657 2116.122559
-241.780304 736.376465 2221.012695
-256.362122 510.168213 2169.313721
-106.387589 474.143646 2277.130859
32.646606 310.294952 2366.145508
-47.270432 538.956787 2115.166260
-406.336670 546.192749 2061.496826
-406.336487 228.752777 2061.496826
-406.342743 -88.686859 2061.496826
-271.606995 274.835693 2111.888672
-197.613800 18.067780 2118.617188
-199.582077 -458.986176 2207.907715
-236.131302 -923.345337 2234.801270
-376.089935 60.938568 1990.310059
-372.066956 -411.296692 2102.604492
-384.809479 -877.669800 2118.087646
-241.743591 734.782227 2221.179688
-259.384338 509.212158 2167.835449
-110.065460 470.998230 2275.873535
39.330643 318.144409 2361.065430
-8.311775 562.985840 2120.412109
-408.703217 547.426086 2059.797363
-408.703033 229.986115 2059.797363
-408.709290 -87.453522 2059.797363
-277.268951 274.299835 2109.463379
-206.322464 16.653717 2115.364258
-211.926254 -461.738525 2197.022705
-252.035721 -925.692383 2227.350586
-383.984680 62.121323 1986.818481
-386.016144 -410.135620 2099.077637
-403.922455 -876.443604 2108.351074
-245.328125 732.733154 2214.766113
-264.659058 506.938110 2163.157959
-115.535477 468.139771 2271.312256
46.170197 320.070465 2357.025879
35.380203 584.491455 2136.242920
-413.782654 545.736389 2055.003662
-413.782471 228.296417 2055.003662
-413.788727 -89.143219 2055.003662
-284.316467 271.876831 2105.937988
-215.256241 13.733414 2113.062012
-213.778763 -463.888306 2199.296143
-250.988968 -928.462830 2223.684082
-392.691467 59.897720 1984.374023
-386.686829 -411.541321 2099.718018
-402.914551 -877.767456 2114.625244
-245.537155 732.462646 2211.556885
-266.100830 506.020416 2162.150879
-116.488525 468.011169 2269.934326
57.088684 320.540649 2347.507812
89.212616 606.746704 2161.853271
-415.713165 544.029663 2054.367432
-415.712982 226.589691 2054.367432
-415.719238 -90.849945 2054.367432
-285.778656 270.590149 2106.442139
-216.439896 12.545090 2114.862549
-205.834732 -464.302734 2204.538818
-241.774048 -929.146851 2226.623047
-394.473053 57.774689 1986.604248
-380.486267 -413.341461 2102.538086
-397.713135 -879.530396 2118.571289
-248.543823 730.407104 2211.462158
-266.694977 504.273254 2162.112305
-117.265900 467.783264 2270.675293
67.044342 319.274323 2340.254395
137.013657 619.552002 2198.249512
-416.124054 540.763245 2053.549316
-416.123871 223.323273 2053.549316
-416.130127 -94.116364 2053.549316
-283.591003 268.686615 2106.183594
-211.573685 11.387680 2114.852051
-201.809280 -466.293762 2200.465332
-235.246368 -931.206543 2225.287598
-389.400360 54.812241 1985.657715
-372.594330 -417.220154 2097.571289
-391.936798 -883.133057 2118.295410
-248.871994 730.697937 2209.899902
-267.012634 503.899170 2161.629395
-117.374527 468.036804 2270.126709
78.521271 322.148071 2333.115479
183.092560 628.520264 2240.266846
-416.650757 539.761536 2053.132080
-416.650574 222.321564 2053.132080
-416.656830 -95.118073 2053.132080
-283.626953 268.071350 2106.593994
-211.206207 10.905350 2116.114746
-206.886688 -466.522705 2203.669678
-238.245880 -931.870056 2221.418213
-389.276337 53.581741 1987.002319
-378.704681 -418.999939 2097.353516
-396.609131 -884.527405 2125.713623
-248.818405 731.199219 2208.625000
-267.124268 504.315918 2162.137939
-117.810150 469.434082 2271.399902
90.753479 330.075134 2325.057617
223.608139 633.717041 2288.375488
-416.438354 539.197754 2052.875977
-416.438171 221.757782 2052.875977
-416.444427 -95.681854 2052.875977
-283.504272 268.019531 2109.084717
-211.038803 10.967621 2121.044922
-207.706512 -466.627533 2207.962891
-239.052231 -932.012207 2225.848389
-388.729767 52.478668 1991.018188
-382.630615 -420.798065 2098.764404
-393.037445 -886.185791 2132.049805
-251.360748 732.705383 2209.995605
-267.216125 505.704346 2163.931885
-118.226624 472.306152 2274.090576
99.373550 337.541748 2321.031006
252.721207 632.295898 2329.230225
-416.205627 539.102539 2053.773193
-416.205444 221.662567 2053.773193
-416.211700 -95.777069 2053.773193
-281.260986 269.185242 2111.219238
-206.651520 12.792969 2124.055176
-203.367630 -465.454346 2207.362793
-236.423859 -930.839722 2222.034180
-383.960205 52.539307 1992.957886
-376.898285 -421.425171 2097.692871
-391.627930 -886.677490 2131.853760
-252.252487 734.410095 2209.175293
-266.472870 506.877563 2164.379883
-117.552261 475.126953 2275.114502
103.680634 340.275970 2315.514893
266.000854 627.702576 2355.707764
-415.393494 538.628174 2053.645264
-415.393311 221.188202 2053.645264
-415.399567 -96.251434 2053.645264
-278.808167 269.962219 2113.038818
-202.531021 14.154251 2127.588379
-203.660263 -464.741638 2207.035156
-237.471970 -930.070007 2222.305664
-379.755890 51.939468 1995.807129
-377.218689 -422.266174 2099.659912
-391.682983 -887.531616 2134.336182
-251.660049 737.553894 2209.260498
-265.858429 508.825806 2165.575195
-116.986549 477.895142 2276.615967
105.835701 340.144867 2312.252197
269.923767 624.934570 2366.134033
-414.730316 539.756470 2054.534424
-414.730133 222.316498 2054.534424
-414.736389 -95.123138 2054.534424
-277.786621 271.614319 2115.491455
-201.134613 15.998779 2131.478027
-203.906677 -463.526703 2207.042236
-240.756927 -928.311768 2228.930176
-378.295013 52.806870 1999.337402
-379.090118 -422.164917 2099.645508
-396.592499 -887.599426 2130.356445
-253.840607 736.810791 2210.317383
-266.369293 508.315186 2166.665527
-118.498940 477.637146 2279.100342
105.416710 339.075897 2311.635742
266.127441 625.169067 2360.116211
-414.239655 538.993225 2054.230713
-414.239471 221.553253 2054.230713
-414.245728 -95.886383 2054.230713
-277.011963 271.172485 2115.957520
-199.666336 15.775223 2132.152344
-203.005142 -464.695801 2201.276855
-239.809921 -929.180542 2228.847656
-375.642914 52.284363 1998.346680
-379.469330 -422.654633 2098.809082
-391.149872 -888.623657 2122.292480
-255.693695 737.594116 2215.351807
-265.849426 508.757629 2170.168701
-119.488319 478.209229 2284.579346
101.214394 336.545349 2309.332764
248.495178 630.416138 2335.944580
-412.210541 539.306091 2055.758057
-412.210358 221.866119 2055.758057
-412.216614 -95.573517 2055.758057
-274.731628 271.805542 2118.263428
-196.520447 16.675339 2134.438965
-201.567719 -464.187805 2200.838135
-234.800385 -929.173462 2224.197021
-370.707214 53.031540 1998.277344
-379.242706 -422.237000 2096.824707
-387.853546 -888.193115 2122.622803
-255.768478 737.773193 2211.852295
-266.356354 509.403290 2168.502930
-119.319214 479.243134 2282.160889
91.114334 333.276947 2309.162354
222.489792 633.673462 2299.762695
-413.393494 539.563477 2054.844971
-413.393311 222.123505 2054.844971
-413.399567 -95.316132 2054.844971
-275.794250 272.214355 2117.772217
-197.745026 17.080124 2134.667969
-206.090866 -464.257751 2197.140625
-234.465561 -929.406982 2223.439941
-372.719269 52.970703 1999.415161
-384.320740 -422.008850 2099.088379
-398.179657 -887.928467 2123.299316
-254.654358 739.826172 2210.102783
-265.420654 511.359192 2168.689453
-117.571793 482.547180 2281.640625
82.063232 326.644928 2309.579834
189.993835 629.375366 2253.433350
-413.269531 540.171204 2055.738037
-413.269348 222.731232 2055.738037
-413.275604 -94.708405 2055.738037
-274.724426 273.693726 2120.243164
-196.053970 18.884308 2139.006104
-200.177155 -462.217804 2203.687256
-232.111801 -927.299072 2227.167725
-372.002441 53.172211 2004.587646
-381.220428 -422.479767 2101.261719
-394.314941 -888.133301 2130.590332
-255.748627 741.321228 2209.226807
-265.864624 512.583496 2168.717773
-116.789566 484.791870 2280.297852
69.041397 323.329346 2311.789307
144.651703 617.883911 2203.429688
-414.939667 540.375122 2057.137695
-414.939484 222.935150 2057.137695
-414.945740 -94.504486 2057.137695
-275.309662 274.565796 2122.052734
-196.049194 20.010986 2141.782227
-201.851746 -461.913177 2199.651123
-231.614700 -926.976807 2226.349365
-373.460205 53.085205 2008.993164
-381.090332 -423.011444 2103.640625
-394.727234 -889.044189 2125.070068
-256.398651 741.416077 2208.297607
-266.676514 513.156555 2167.807861
-115.941986 485.650391 2277.189453
52.526001 319.167786 2318.395752
86.656029 596.108276 2158.507568
-417.411041 540.662720 2058.426270
-417.410858 223.222748 2058.426270
-417.417114 -94.216888 2058.426270
-276.580750 275.064636 2121.583496
-196.788864 20.604889 2140.447754
-199.787415 -461.581970 2196.534668
-231.665390 -926.519165 2223.294434
-376.181091 53.340546 2010.270508
-382.475525 -423.543274 2100.931641
-394.548157 -889.610229 2123.513672
-258.639374 738.937195 2214.814697
-267.902527 511.493195 2168.904297
-116.065781 483.122925 2276.529541
49.657593 293.835388 2346.478760
29.874405 540.421997 2144.250488
-419.739258 539.863525 2061.279053
-419.739075 222.423553 2061.279053
-419.745331 -95.016083 2061.279053
-277.510437 273.970001 2119.847412
-196.772278 19.565887 2134.829834
-196.108612 -462.625427 2191.048096
-231.730103 -927.404602 2215.627197
-377.464417 53.327728 2006.751099
-380.378693 -424.272919 2093.671387
-396.918945 -889.884644 2121.636230
-258.869965 739.987793 2211.587402
-267.827881 511.399475 2167.645996
-115.032921 483.623352 2274.075684
38.338356 292.424072 2352.239502
-24.642052 514.488953 2125.978271
-420.622833 539.175598 2061.216309
-420.622650 221.735626 2061.216309
-420.628906 -95.704010 2061.216309
-278.115326 273.546417 2120.339844
-197.489075 19.166458 2136.359863
-193.072098 -462.286560 2198.208008
-234.057693 -926.719238 2220.495605
-379.316467 52.220291 2009.707642
-384.118774 -423.990295 2103.683594
-395.904327 -890.088623 2124.242676
-259.834412 741.613281 2209.970703
-267.748383 513.080872 2166.645508
-111.996231 486.995270 2269.026855
48.592163 282.848389 2375.220947
-51.157265 476.892761 2132.916992
-423.500519 539.166443 2064.264160
-423.500336 221.726471 2064.264160
-423.506592 -95.713165 2064.264160
-277.644928 274.882111 2121.010742
-194.833481 21.156509 2136.316162
-186.211441 -460.468628 2196.452881
-231.618210 -924.545898 2217.637451
-380.249481 52.210220 2014.435791
-384.020721 -424.557495 2105.752441
-391.859650 -890.831482 2125.166016
-260.223389 743.219727 2208.660400
-268.712952 514.404541 2166.910400
-112.508347 488.643890 2268.758545
37.802872 286.928406 2378.104248
-76.964394 472.011780 2130.319824
-424.917542 540.165283 2065.062500
-424.917358 222.725311 2065.062500
-424.923615 -94.714325 2065.062500
-279.224670 275.957214 2122.721191
-196.810745 22.184906 2139.121094
-189.375168 -459.717682 2197.341309
-234.247543 -923.720764 2221.426758
-382.662048 52.834808 2017.942871
-388.654480 -424.428894 2106.569092
-393.255798 -890.922852 2121.285889
-262.861328 743.654785 2203.522949
-270.260742 515.070068 2167.665283
-115.887444 491.599213 2272.754150
27.358574 294.447327 2372.073975
-87.634758 486.251465 2122.208740
-424.634033 538.540894 2062.576416
-424.633850 221.100922 2062.576416
-424.640106 -96.338715 2062.576416
-279.064209 275.925232 2127.186035
-195.997406 22.812469 2149.247070
-185.075256 -459.337891 2204.773193
-231.382736 -923.187683 2229.369629
-379.737946 50.748322 2024.166504
-383.324554 -427.140045 2109.499512
-389.452148 -893.418701 2129.610596
-265.932617 748.098816 2206.436768
-274.141876 519.001831 2170.697266
-122.269211 494.897919 2279.208496
20.676056 300.720825 2369.532715
-74.882439 509.621460 2118.061768
-426.014557 543.105713 2062.186035
-426.014374 225.665741 2062.186035
-426.020630 -91.773895 2062.186035
-283.337830 279.814056 2130.436523
-202.159546 26.282928 2154.747070
-191.577347 -456.741486 2201.509521
-237.283478 -920.954346 2217.644043
-382.908020 54.969696 2025.604492
-388.874756 -423.712097 2106.154053
-397.409058 -889.837524 2129.194824
-268.571228 746.997314 2200.391846
-279.053162 518.002014 2168.465820
-128.622177 494.224487 2279.080322
16.818817 305.849304 2371.760254
-45.298676 533.851746 2124.279053
-429.484161 541.779480 2057.851318
-429.483978 224.339508 2057.851318
-429.490234 -93.100128 2057.851318
-289.128662 278.450775 2130.674561
-209.705688 24.753189 2158.693115
-187.863831 -457.930908 2204.184570
-237.082672 -921.948242 2214.038818
-388.702637 53.045914 2027.073486
-394.316803 -425.066223 2111.029541
-397.368896 -891.534790 2123.650635
-270.593567 745.660828 2197.868652
-282.976410 515.450928 2167.715576
-133.730011 491.387482 2279.895264
13.402466 309.418854 2375.873047
-5.236044 555.343689 2137.854980
-432.222809 539.514404 2055.535645
-432.222626 222.074432 2055.535645
-432.228882 -95.365204 2055.535645
-294.183105 275.744568 2131.206299
-216.593475 21.721313 2161.439941
-184.563202 -460.196381 2208.770996
-233.832489 -924.309692 2214.281982
-394.186127 50.355103 2027.954102
-394.863556 -427.379150 2114.146240
-397.001465 -893.921082 2127.397217
-272.857269 742.933777 2197.600342
-286.878571 512.560730 2168.083984
-140.528214 487.241852 2283.687988
15.202774 311.204803 2374.919434
41.191589 577.899902 2160.661865
-433.228912 537.879639 2052.479980
-433.228729 220.439667 2052.479980
-433.234985 -96.999969 2052.479980
-299.408264 272.931091 2131.463867
-224.838318 18.233017 2163.644775
-186.248138 -462.784485 2215.396973
-228.402924 -927.545410 2213.373291
-399.037598 48.369858 2026.042725
-394.628632 -429.075195 2113.688477
-397.630188 -895.592224 2128.889893
-276.728790 742.632812 2196.977783
-291.368011 511.438110 2168.259766
-145.760742 486.092499 2284.848877
23.097443 312.101227 2373.959961
88.210884 596.942322 2198.679932
-436.975281 536.783691 2051.670654
-436.975098 219.343719 2051.670654
-436.981354 -98.095917 2051.670654
-304.226013 271.734070 2132.208252
-230.459976 16.951538 2165.517578
-179.876770 -462.086884 2223.817871
-225.160141 -926.546265 2216.934326
-403.708038 47.108521 2026.795776
-395.097809 -429.442749 2118.817139
-397.133820 -895.987549 2134.048340
-279.568390 740.647705 2196.662354
-294.754700 509.228943 2168.627686
-149.410461 483.681335 2285.534424
29.554077 314.547180 2374.977539
137.407349 608.940369 2250.818115
-440.098938 534.776550 2051.720947
-440.098755 217.336578 2051.720947
-440.105011 -100.103058 2051.720947
-308.226379 269.494568 2132.987061
-235.223999 14.560349 2166.901367
-176.723267 -463.190735 2228.752686
-226.297028 -927.267212 2223.649658
-408.172119 44.960007 2027.791626
-393.157379 -430.665588 2123.571289
-396.960541 -897.302612 2134.958984
-281.900452 743.260376 2202.516846
-296.699738 512.999695 2173.926514
-152.429749 486.958862 2292.053955
36.277939 318.775146 2375.497314
173.315567 616.567871 2299.315674
-440.969757 539.040588 2055.799072
-440.969574 221.600616 2055.799072
-440.975830 -95.839020 2055.799072
-309.824890 273.419556 2137.141602
-237.107071 18.344681 2170.644531
-168.329391 -457.130920 2238.781738
-227.779495 -919.558777 2250.375977
-408.792999 49.334122 2030.068848
-389.971649 -426.035522 2126.593994
-392.520599 -892.727905 2136.433838
-282.701874 745.648010 2205.943115
-298.974609 515.860840 2177.540039
-154.733368 489.565369 2295.660889
44.673904 325.859467 2377.251465
207.522980 617.261353 2353.277100
-443.215851 542.156311 2059.419189
-443.215668 224.716339 2059.419189
-443.221924 -92.723297 2059.419189
-312.487183 276.306396 2140.712402
-240.176636 21.106232 2174.166260
-167.025452 -452.931885 2248.063721
-234.241989 -914.043518 2268.777100
-411.822876 52.397675 2033.603149
-391.895081 -423.113983 2129.347168
-394.131226 -889.799500 2139.999756
-283.497070 743.546753 2207.652344
-300.979980 511.914764 2180.162598
-155.619858 486.190918 2297.025391
50.347183 329.435974 2379.624023
224.982071 615.870300 2398.852539
-446.340088 537.638611 2063.299805
-446.339905 220.198639 2063.299805
-446.346161 -97.240997 2063.299805
-315.072632 272.160370 2144.916992
-242.670563 17.099304 2179.209229
-162.120972 -454.793121 2258.906738
-238.511414 -912.334351 2302.853760
-415.660034 47.712646 2040.133545
-387.584930 -427.580536 2134.638672
-397.882629 -894.123901 2143.741211
