-43.169289 715.932861 2590.982910
-51.840134 487.605896 2553.978516
141.626633 481.079987 2534.080322
346.336243 359.642303 2388.616699
222.129761 639.987305 2295.775391
-245.306900 494.131775 2573.876709
-315.664978 127.805664 2555.164795
-329.393250 -146.633087 2398.007812
-63.882725 250.519302 2514.645996
34.487869 9.708313 2463.957520
81.643646 -466.786591 2511.364502
57.358437 -922.457642 2436.764160
-186.338501 17.157104 2486.669434
-135.571808 -460.381073 2517.736084
-125.446976 -922.952942 2512.217529
-40.855431 711.654358 2580.792969
-48.022217 483.268127 2549.601074
145.872299 477.920105 2534.846436
337.116638 359.274506 2392.854004
164.697159 615.456421 2301.785156
-241.916733 488.616089 2564.355713
-316.883392 134.943909 2556.602295
-335.337402 -142.258728 2403.328857
-57.278847 245.491730 2514.141602
44.160797 4.662125 2470.258545
88.052460 -472.761780 2510.919922
71.373169 -931.557129 2460.433350
-177.231766 10.768570 2487.105713
-128.204697 -466.910400 2519.028564
-114.617813 -929.380859 2512.031738
-39.276901 710.703125 2575.657471
-46.085938 483.046417 2546.893799
147.908463 477.979919 2532.896729
334.051453 355.135132 2395.423584
120.599579 586.836548 2313.100098
-240.080368 488.112915 2560.890869
-317.448669 139.976715 2556.290283
-337.704956 -136.832703 2401.948730
-54.674156 244.854980 2514.081055
47.431595 3.772583 2473.281494
79.399704 -475.183167 2502.994385
67.540474 -935.545044 2464.329834
-173.956345 9.554504 2489.255127
-132.841492 -468.653229 2523.459229
-118.597122 -930.943787 2510.222900
-37.996746 710.273621 2573.594238
-44.529976 482.529053 2545.905518
149.561218 477.608459 2533.011230
329.520020 347.568420 2399.717041
93.917313 570.560730 2325.848389
-238.621185 487.449677 2558.799805
-318.231262 141.489380 2556.626709
-335.032196 -138.425476 2404.267822
-52.704872 244.207489 2513.798828
49.880539 3.077911 2474.333740
79.618973 -476.437103 2499.116699
67.476822 -937.302124 2462.955322
-171.640076 8.693909 2489.050537
-136.118774 -470.083649 2521.584961
-120.067108 -932.199585 2504.489990
-39.159626 709.121765 2572.062012
-43.712444 480.885986 2545.319336
150.440277 477.361206 2532.806641
330.747009 342.794312 2405.359619
84.583115 565.973206 2335.895264
-237.865173 484.410767 2557.832031
-319.129395 145.736053 2555.804199
-338.056702 -135.920532 2404.996582
-50.066818 242.414337 2513.898193
54.380146 1.931107 2475.336182
81.595146 -478.068054 2493.820801
70.795395 -939.735046 2469.017334
-167.222534 5.954269 2489.617920
-132.019852 -472.896362 2521.989502
-118.925583 -935.156982 2505.920166
-39.372601 709.842896 2580.306396
-43.334709 481.964661 2548.113281
150.859955 479.131104 2535.976074
335.374390 338.900085 2410.683105
100.664154 577.900024 2336.975098
-237.529358 484.798157 2560.250488
-319.063141 147.362518 2556.414062
-339.635223 -133.923370 2405.610352
-48.998161 244.003235 2513.052002
56.163315 4.424759 2471.064209
77.900444 -475.811157 2491.530273
68.171265 -936.877563 2456.523193
-165.486542 7.658890 2484.917236
-133.744949 -471.290466 2519.374756
-120.035110 -933.389038 2499.536377
-39.133186 713.112366 2584.948730
-43.074020 484.540527 2551.115723
151.086594 481.540466 2538.420410
336.192566 339.442261 2407.850342
122.818069 597.562866 2333.025635
-237.234634 487.540588 2563.811035
-318.524292 147.682556 2558.238281
-340.291992 -132.542542 2405.552490
-49.103271 246.712433 2515.106201
55.674461 7.172226 2471.851318
76.626068 -473.054871 2494.394043
64.825798 -934.502930 2463.961426
-165.939499 10.596451 2486.342041
-136.382401 -468.377014 2522.507080
-123.102539 -930.712036 2514.183350
-40.609501 715.251099 2586.758057
-45.744099 486.056274 2552.693604
148.225464 481.988800 2537.768311
338.098389 340.714172 2406.430420
160.441971 622.863159 2330.691650
-239.713684 490.123749 2567.618896
-319.758636 148.344727 2559.634277
-340.771423 -131.913910 2405.936768
-53.528282 248.331299 2516.315186
49.395168 8.284821 2471.418213
68.178040 -472.025940 2494.598877
60.134888 -933.047852 2457.128662
-172.020096 12.927826 2488.455322
-142.576096 -465.876984 2526.967285
-126.993080 -927.781799 2508.064941
-40.220581 714.579346 2588.667236
-47.054012 485.612671 2552.731201
146.777390 480.192322 2536.495605
347.053589 347.346588 2403.722900
212.594238 650.026367 2328.986084
-240.885422 491.033081 2568.966797
-317.873779 140.179138 2556.328369
-333.095795 -136.170929 2393.115967
-56.829258 248.124466 2515.314697
44.016850 7.542786 2468.632324
73.536560 -471.532104 2500.664795
55.549355 -929.656006 2442.760254
-177.225845 13.729706 2487.164062
-141.816315 -465.094086 2518.869873
-127.495407 -927.316528 2512.338135
-43.412151 715.677612 2597.625000
-50.524734 487.516266 2555.962158
143.189880 482.371765 2538.265869
352.511353 350.160858 2400.364014
262.615234 667.353760 2328.575684
-244.239349 492.660767 2573.658447
-318.450623 142.600128 2558.675781
-336.392395 -135.818176 2399.553955
-60.585938 250.706604 2514.668457
39.905655 10.960983 2463.275635
75.437653 -466.886780 2505.412109
54.352211 -923.249146 2434.923584
-181.199936 16.832901 2483.473877
-139.682007 -461.695007 2512.055664
-128.046814 -924.020996 2516.317383
-44.916443 715.022034 2593.583496
-52.704277 486.265015 2554.670410
140.881699 480.437561 2535.788818
355.263519 353.082092 2396.669189
325.786530 678.824707 2328.537842
-246.290253 492.092468 2573.552002
-318.715759 141.799347 2562.340088
-342.125458 -138.943665 2406.389160
-63.697132 249.183807 2515.134766
35.789925 8.776855 2464.823486
75.351250 -468.861847 2507.005127
53.807270 -925.938354 2439.779541
-185.169907 15.428345 2486.374756
-139.216873 -462.217316 2521.760742
-131.121719 -924.705688 2519.385986
-47.723003 710.591919 2591.069824
-55.924294 482.185608 2552.659668
137.425278 476.943115 2531.424561
360.135590 357.547272 2388.825439
388.839233 684.271606 2337.994629
-249.273865 487.428101 2573.894775
-319.352875 141.394257 2563.671143
-345.265137 -141.513458 2408.934814
-66.607307 244.939331 2513.959473
33.061302 4.700974 2463.139648
71.349998 -473.681763 2497.360840
60.946060 -932.934814 2446.212402
-187.641937 10.685135 2487.378906
-139.638489 -467.059998 2519.047363
-126.615128 -929.475830 2521.868164
-48.764774 710.217834 2590.813232
-56.954964 481.752350 2552.727539
136.287033 476.721924 2530.419189
365.065735 365.777466 2380.895020
438.602509 688.021301 2344.243408
-250.196976 486.782776 2575.035889
-319.674988 140.694122 2566.847168
-347.308533 -143.477997 2412.014893
-67.574890 244.460144 2514.242188
32.085945 4.297134 2463.025635
73.708466 -473.608887 2500.523193
59.126827 -931.720032 2439.681885
-188.475571 10.038742 2488.488037
-137.301453 -467.274414 2522.023682
-125.000732 -929.630981 2514.845947
-48.157631 711.100647 2591.176514
-56.696911 482.514862 2552.594971
136.551941 476.960449 2530.416260
368.569336 368.856445 2377.944824
476.355957 685.012146 2352.419678
-249.945770 488.069275 2574.773682
-318.800781 136.879089 2570.904785
-343.517426 -147.127777 2413.203857
-67.914902 245.219574 2514.277344
31.152584 4.754425 2463.302490
76.638657 -471.847900 2510.678955
56.967896 -928.011108 2437.763916
-189.418365 11.094147 2488.616943
-137.145294 -466.414429 2517.346924
-123.799072 -928.859375 2514.729248
-48.574574 711.279785 2590.372559
-56.687645 482.271759 2551.958496
136.616348 476.737640 2530.230713
370.778870 370.929779 2375.519287
494.163269 685.734741 2359.670654
-249.991669 487.805878 2573.686279
-319.415497 137.937256 2575.415039
-346.799774 -148.217651 2416.974609
-67.793640 244.976715 2513.591797
31.418961 4.523346 2462.824951
75.072830 -473.232758 2497.897705
62.722603 -932.581177 2454.633545
-189.218231 10.839996 2487.625244
-138.703278 -466.420807 2522.628174
-123.774467 -928.483337 2507.842041
-49.857330 714.786621 2598.472168
-57.076752 485.917023 2555.329102
136.291107 481.193298 2533.981445
369.389740 365.967896 2377.761719
492.656311 683.291382 2357.288818
-250.444611 490.640747 2576.676758
-320.206207 142.962891 2574.220215
-349.942108 -149.382843 2424.351074
-67.490967 249.226990 2513.369873
32.451759 9.841095 2459.227295
77.248390 -467.929443 2494.322998
64.139633 -927.860474 2450.995850
-188.262115 15.232819 2483.593994
-135.366776 -461.560699 2521.591064
-123.010681 -923.715820 2504.462646
-50.405220 714.765259 2602.526855
-57.472389 487.034973 2556.700195
136.021042 482.675903 2536.454346
366.698883 360.488098 2380.393799
471.989380 684.176147 2348.963623
-250.965805 491.394043 2576.946045
-321.099609 146.972931 2575.616943
-348.555817 -148.718414 2429.676514
-67.411942 250.711807 2512.587891
33.077904 11.900879 2456.920898
80.120850 -464.660675 2502.897461
60.079540 -922.503174 2443.456543
-187.780899 16.876434 2480.030273
-132.900803 -459.557251 2519.899170
-125.497940 -921.993652 2508.419678
-50.568817 716.427490 2604.051758
-57.618134 488.703552 2557.776855
136.027756 484.226318 2539.111084
364.353180 355.744843 2388.212891
435.631866 683.787964 2333.019043
-251.264008 493.180756 2576.442627
-321.047760 151.982788 2576.304443
-342.902618 -144.962189 2429.249756
-67.419189 252.537323 2512.744141
33.297432 13.815857 2457.058350
76.347641 -463.218903 2502.866455
64.909103 -922.521851 2451.717041
-187.737915 18.926331 2478.364502
-136.774872 -457.570557 2522.275146
-124.274796 -919.899902 2509.668945
-50.344486 716.597412 2605.815430
-57.224850 489.169128 2558.684082
136.503510 484.415741 2540.941406
362.681976 349.867188 2395.631104
389.575226 677.533386 2319.811768
-250.953232 493.922546 2576.426758
-321.520782 156.492310 2577.147217
-340.861053 -142.034210 2434.176758
-67.200211 253.128525 2513.001953
33.385799 14.375122 2457.194092
74.905228 -463.048431 2500.825928
66.084381 -923.180847 2455.104980
-187.736938 19.800690 2477.445557
-138.687027 -456.441498 2526.029541
-121.301071 -918.107178 2502.926514
-49.353722 716.886108 2607.193848
-56.031738 489.811584 2559.366211
137.812790 484.763550 2543.053955
357.346802 342.433655 2406.831787
334.952026 663.701172 2309.392822
-249.876266 494.859619 2575.678467
-320.255798 158.242584 2574.071045
-339.546265 -139.978210 2434.130615
-66.117928 254.011139 2512.479248
34.426003 15.329697 2456.282715
77.450546 -460.980957 2509.027344
62.961239 -918.493286 2444.891113
-186.834244 21.091705 2474.901855
-134.631485 -455.035858 2521.384277
-121.119453 -917.116150 2503.638672
-49.548458 714.375122 2597.860840
-55.985943 487.771790 2555.915527
137.856918 483.436493 2539.344238
347.674225 338.722046 2411.911133
268.794861 641.490845 2296.852295
-249.828812 492.107086 2572.486816
-320.127655 157.619415 2572.522461
-338.566895 -139.295380 2432.490479
-65.010986 251.340790 2512.198242
36.590260 12.435623 2459.023682
74.068100 -465.288391 2501.442871
68.014854 -925.361328 2464.075684
-184.662308 17.383957 2477.938232
-131.789200 -458.828979 2522.947266
-120.143036 -921.194946 2515.263184
-48.423485 716.584961 2593.699463
-52.754814 488.841064 2554.520752
141.174393 485.840637 2538.718994
344.329163 335.361267 2417.461426
212.228287 614.880615 2298.697266
-246.684036 491.841553 2570.322510
-320.072937 157.311157 2568.748047
-337.571442 -138.433167 2428.736328
-59.784370 251.912659 2513.237793
43.865166 13.271820 2462.936523
80.589447 -464.778961 2503.402588
73.133888 -925.046082 2462.109619
-177.493027 16.696655 2480.973145
-128.326324 -459.901459 2526.074707
-113.389923 -922.046143 2511.715576
-48.241562 714.915405 2592.126221
-51.090244 487.783783 2552.951172
142.983093 486.566284 2538.925049
344.159149 334.683746 2420.244629
167.794800 591.157471 2307.784424
-245.163574 489.001282 2566.977295
-320.542206 156.648987 2567.379395
-336.272980 -136.960266 2422.033936
-55.578804 250.834473 2511.412109
50.698887 13.190277 2461.867676
80.095169 -465.695099 2497.943848
73.651917 -926.558655 2460.171875
-170.833618 14.580048 2477.878418
-130.787704 -463.139526 2518.984375
-112.554123 -925.200317 2503.718262
-47.967583 713.126099 2590.796631
-51.077209 486.780457 2552.301514
142.949127 486.209747 2537.496338
338.073181 334.852631 2423.103271
119.874054 563.382324 2316.699951
-245.103546 487.351135 2567.106689
-319.776245 153.317719 2562.685303
-333.323547 -139.287994 2415.835205
-54.875824 249.650513 2511.660156
52.053787 12.194901 2462.569580
73.076218 -467.318115 2495.832764
69.479485 -928.692383 2462.719482
-169.402664 12.846268 2479.468018
-136.432236 -464.471924 2529.610596
-118.856720 -926.104248 2505.002197
-46.734016 711.631653 2590.735840
-51.656071 485.597076 2551.834229
142.329010 484.369019 2536.477051
335.054016 334.914062 2426.532471
91.656921 551.060364 2330.413330
-245.641144 486.825134 2567.191406
-319.368378 150.672821 2561.347168
-329.747131 -141.074341 2411.100098
-56.342575 248.405731 2511.603271
49.677425 10.513535 2462.608154
73.691223 -468.689087 2498.957764
64.570145 -929.823730 2462.977295
-171.735580 11.915237 2480.136475
-139.051376 -466.216187 2522.416748
-122.819092 -928.293091 2510.242432
-46.827415 713.566162 2590.639648
-51.150501 486.460449 2552.254150
142.826645 484.964539 2536.770752
330.542847 339.947632 2425.226562
78.974884 557.845093 2335.787842
-245.127640 487.956329 2567.737549
-319.666809 148.355682 2557.647705
-328.860382 -143.396301 2406.975342
-56.143143 249.168472 2512.631104
49.566616 11.022797 2464.171631
77.284119 -467.415833 2507.155029
62.145805 -925.743774 2449.792725
-171.838196 12.730225 2481.844482
-136.799362 -465.287750 2524.381836
-122.159966 -927.431030 2509.078125
-46.991009 714.810120 2589.553223
-50.816788 486.795013 2551.746826
143.172165 484.835327 2536.444336
331.791565 345.457581 2422.097656
90.116882 577.896790 2334.537598
-244.805740 488.754700 2567.049316
-319.313721 142.700348 2555.794189
-330.734314 -146.963867 2399.050537
-56.297787 249.422333 2512.662598
48.931717 10.931244 2464.845215
80.140633 -466.778870 2513.293945
59.194630 -922.987122 2442.081299
-172.489288 13.168060 2482.311523
-133.747421 -464.777283 2522.674316
-127.158890 -927.222168 2513.339111
-47.258312 714.842041 2589.030273
-50.902779 486.925415 2551.814697
143.049301 484.870300 2536.053467
335.901611 348.728485 2419.507080
115.339066 599.815979 2332.925049
-244.854874 488.980591 2567.575928
-319.147552 145.857025 2555.394043
-330.361969 -147.315765 2404.284912
-56.551659 249.467972 2513.264160
48.489319 10.837631 2465.718506
77.224113 -467.164368 2513.221924
59.852028 -923.472290 2440.034180
-172.890396 13.183395 2483.708740
-133.643051 -464.240601 2529.414307
-127.728157 -926.513916 2512.681152
-48.495598 714.188843 2589.795166
-51.814949 486.324707 2552.279541
142.222610 484.058044 2537.672119
338.452881 347.361633 2418.269775
155.951035 624.487976 2330.200928
-245.852524 488.591370 2566.886963
-318.073608 144.430115 2555.685059
-328.314850 -146.697021 2399.151855
-57.506058 248.900513 2513.522461
47.543365 10.182709 2466.428711
72.976921 -468.965057 2500.793457
64.714607 -928.225281 2452.943848
-173.937683 12.769928 2483.102051
-136.143967 -465.279205 2523.076172
-125.464302 -927.667542 2514.674805
-47.703640 713.202271 2590.150635
-51.413765 484.732086 2552.177979
142.599609 482.234253 2537.265381
347.750366 354.165955 2418.580811
204.667847 650.672974 2327.169678
-245.427124 487.229919 2567.090576
-319.008270 146.237762 2559.838623
-338.256073 -146.444702 2406.586670
-57.422699 247.257416 2513.777832
47.292618 8.357224 2466.866943
73.359993 -470.277893 2508.071777
61.431458 -927.078491 2440.906738
-174.155884 11.208267 2483.888428
-136.334106 -466.936096 2523.088379
-122.013847 -929.327515 2516.859863
-48.915657 712.743652 2587.335938
-52.080616 483.236816 2551.645508
141.828323 481.077820 2535.424072
353.876343 353.589478 2414.273438
260.583862 667.455200 2324.192627
-245.989548 485.395752 2567.866943
-319.001282 145.114563 2559.919678
-337.895874 -147.909515 2406.778076
-57.848221 245.585495 2514.329590
47.051861 6.702026 2467.755859
75.863083 -470.747040 2519.180664
58.712601 -924.866211 2435.970947
-174.283508 9.166351 2486.271484
-136.489685 -469.208527 2522.700195
-123.540085 -931.711792 2519.071289
-49.253307 712.471741 2588.455566
-52.764412 482.530090 2551.553223
141.226883 480.300293 2536.353516
357.938507 353.293335 2408.658203
325.124939 677.559204 2323.696533
-246.755722 484.759888 2566.752930
-320.502808 145.557220 2564.947021
-343.511230 -147.691620 2410.993652
-58.439568 244.915543 2513.979980
46.597778 6.028442 2467.732178
75.467293 -471.884857 2515.469482
57.778618 -926.274658 2431.735596
-174.827225 8.573578 2485.081299
-136.006821 -469.927460 2518.710693
-126.788559 -932.538574 2515.414062
-52.262089 712.032410 2589.021484
-54.722672 482.684174 2551.928223
139.281235 481.033630 2536.790039
361.944214 355.165710 2401.347900
389.241333 680.708252 2327.226074
-248.726547 484.334717 2567.066406
-321.276886 144.754944 2566.988770
-341.833252 -150.006042 2412.483154
-59.711723 245.128418 2513.891602
46.018021 6.630692 2467.215576
76.344666 -471.458862 2512.728760
57.682049 -926.489136 2431.726562
-175.419571 8.514633 2484.494385
-137.999207 -469.606873 2524.153076
-124.145157 -932.092773 2519.832764
-52.921227 714.786743 2589.786377
-55.256184 484.768616 2552.704102
138.664307 483.635193 2536.509033
368.465210 361.085114 2393.169434
442.474976 682.175049 2331.099121
-249.176697 485.902039 2568.899170
-320.643188 145.372864 2568.012695
-346.039795 -149.995514 2414.390381
-59.887260 247.335632 2513.867432
46.154972 9.255798 2465.788086
76.838295 -469.062927 2508.859131
57.396652 -924.865601 2432.032959
-175.191650 10.549500 2484.273438
-138.323776 -467.209198 2528.580566
-122.614471 -928.959656 2508.360840
-53.558693 715.957764 2589.153320
-55.762344 485.711700 2552.823975
138.120331 484.803040 2536.145020
375.218567 368.558014 2389.046387
479.828613 683.443726 2331.165039
-249.645020 486.620361 2569.502930
-320.330475 146.174042 2567.027344
-349.121857 -150.333801 2418.678955
-60.204155 248.251038 2514.126953
46.003632 10.271805 2465.911133
71.265022 -468.581970 2506.254395
63.419819 -926.620239 2443.957520
-175.295563 11.308945 2484.948730
-139.202713 -466.895264 2524.916992
-123.887596 -929.028992 2515.717285
-52.893902 716.080933 2580.336426
-55.635311 485.718109 2549.309082
138.293243 484.739685 2533.164795
377.103699 364.775848 2385.517090
502.655243 674.765381 2336.007080
-249.563873 486.696533 2565.453369
-320.670715 147.092133 2568.006348
-351.481415 -150.831085 2423.263916
-59.765854 247.733185 2514.114746
46.779964 9.189880 2469.706787
73.519470 -469.415314 2512.244385
61.181519 -926.115356 2440.753662
-174.572754 10.306641 2488.134033
-138.890869 -467.996033 2527.551514
-125.557480 -930.292603 2516.821289
-54.648491 717.428955 2584.949707
-56.136738 486.711670 2551.105957
137.772919 486.355408 2534.710693
379.045593 361.389709 2385.766846
506.414246 670.166077 2329.323975
-250.046417 487.067871 2567.501221
-320.340637 148.540283 2567.520020
-348.805328 -149.250793 2423.543945
-59.697796 248.977814 2514.153320
47.407261 11.040665 2467.843750
71.242477 -467.904602 2508.281006
60.129654 -924.355286 2434.030762
-173.924957 11.447281 2486.557617
-136.072083 -466.829285 2524.272705
-125.363136 -929.281799 2514.556396
-56.278408 718.111938 2587.264160
-57.455109 487.821594 2552.155029
136.399734 487.539673 2535.121094
372.522247 360.692535 2384.887451
490.647003 672.092651 2320.211914
-251.309952 488.103577 2569.188965
-321.668335 147.767029 2568.289062
-351.635376 -150.667084 2425.319824
-61.121750 250.213013 2514.359375
45.846375 12.443512 2466.842285
72.130058 -465.157715 2518.587891
56.848789 -919.782715 2434.713135
-175.423157 12.765320 2486.285156
-139.922638 -465.616577 2524.976074
-124.249252 -927.953369 2515.828857
-54.551384 716.916199 2590.416260
-57.901031 487.409058 2553.215576
135.870850 485.403564 2535.458252
368.768127 357.336426 2385.953125
464.921936 673.093506 2311.671631
-251.672897 489.414520 2570.972900
-322.327148 147.890350 2566.148926
-352.923798 -150.754303 2426.397705
-63.932995 250.055206 2514.199219
40.626991 11.556778 2465.048340
67.535461 -466.642334 2511.031250
53.336700 -922.214661 2431.791748
-180.556915 13.845963 2485.317383
-146.834488 -464.602478 2524.819580
-125.763817 -926.681152 2513.742432
-52.383793 713.296265 2591.489502
-57.421677 484.815430 2552.446777
136.411270 481.196655 2535.685059
365.393738 347.163513 2394.979980
425.439545 665.877808 2309.349121
-251.254623 488.434265 2569.208496
-322.654602 148.450165 2563.564697
-351.863831 -149.159698 2425.328857
-65.278595 247.617004 2512.799072
37.489189 8.353226 2463.585205
65.833519 -470.242737 2504.612549
65.544525 -928.576172 2446.594238
-183.760208 12.483902 2482.717529
-144.656799 -465.309143 2524.734619
-125.412277 -927.442261 2511.662842
-51.165798 713.946289 2591.015137
-57.339897 485.263611 2552.524414
136.653366 480.258240 2538.348145
357.695496 341.078003 2400.485107
369.140106 657.271851 2301.612305
-251.333176 490.268982 2566.700684
-324.828644 145.731628 2563.769531
-352.511108 -149.441223 2423.694824
-66.320724 248.013046 2513.395264
35.420837 7.905670 2466.175049
64.813896 -470.735870 2506.400391
68.493706 -930.138062 2454.720703
-186.023941 13.619324 2482.357178
-141.925018 -463.418060 2527.695801
-126.961365 -925.601685 2511.500244
-51.568241 714.669312 2590.780273
-56.570435 485.555176 2552.684326
137.475098 481.997742 2538.659424
346.834167 335.549622 2406.247314
299.923187 639.505127 2297.583740
-250.615967 489.112610 2566.709229
-324.427979 144.853882 2561.891113
-352.788757 -149.910187 2422.763672
-63.803978 248.378510 2512.762207
39.700859 9.171692 2464.836426
74.346542 -469.544617 2498.998291
73.253128 -929.748535 2453.238770
-181.775909 13.232025 2480.843750
-135.682404 -464.032379 2521.622070
-120.035095 -926.341919 2510.588867
-50.708187 716.340820 2598.696289
-55.625740 489.187378 2555.843018
138.455002 486.381897 2542.019531
340.415680 333.276367 2411.626221
242.381714 621.729004 2299.907227
-249.706467 491.992859 2569.666504
-323.714478 142.922516 2559.957764
-352.281799 -149.433685 2418.092041
-62.129532 252.601456 2512.544922
42.125641 14.414490 2461.357910
68.947571 -464.660492 2497.178711
72.944885 -924.852417 2450.321045
-179.392288 17.616577 2477.135742
-136.446289 -459.907288 2518.509766
-120.299515 -922.290344 2514.077148
-50.041733 714.045532 2593.633057
-53.819065 487.695862 2553.705566
140.357758 485.860352 2541.134521
336.697571 331.136536 2417.819092
193.020401 601.852661 2309.944092
-247.995880 489.531372 2566.276611
-323.868286 140.463867 2557.468262
-346.061646 -151.033630 2413.000977
-58.735668 250.719467 2512.362549
47.166691 12.695526 2463.845215
69.952797 -466.407593 2502.394043
75.717842 -927.061157 2459.836426
-174.471237 14.790619 2478.193848
-132.358749 -462.134003 2526.414551
-120.604416 -924.510986 2515.439941
-49.673252 716.014648 2600.113037
-52.740810 490.296570 2556.563232
141.414062 489.512878 2543.511230
335.839905 327.569824 2423.910645
157.570312 580.442627 2319.420410
-246.895691 491.080261 2569.615234
-323.941864 142.727600 2557.748535
-348.379730 -149.220184 2413.953125
-56.611004 253.658142 2513.199951
50.323338 16.572479 2462.387939
72.120857 -462.344147 2504.060791
67.465721 -920.844360 2445.138184
-171.285736 17.466980 2477.285400
-130.430969 -459.630280 2525.206299
-122.732895 -922.046143 2511.502930
-48.737385 717.596497 2603.356445
-51.876659 492.333923 2557.506592
142.277054 492.094727 2544.356689
334.906952 325.792419 2429.472900
130.653702 563.541321 2332.801025
-246.030380 492.573120 2570.656494
-324.483276 139.848541 2555.897705
-342.967834 -150.871155 2407.717041
-55.172386 255.861160 2513.147461
52.335003 19.251907 2461.283691
72.437973 -459.479187 2505.980957
69.032425 -919.062866 2454.559082
-169.271225 19.524918 2476.292969
-130.623047 -457.107361 2530.081787
-123.802620 -919.276917 2509.632568
-48.961784 718.216064 2605.468506
-51.432556 493.401428 2558.354004
142.659134 493.447906 2544.308838
333.949036 324.897766 2433.731934
120.713394 558.650574 2339.139404
-245.524246 493.354950 2572.399170
-324.243500 139.418365 2555.975342
-340.790558 -152.587616 2410.126953
-54.632938 257.043182 2513.344971
52.936371 20.711456 2460.320312
71.305679 -458.650055 2498.106934
68.273880 -919.248657 2456.166992
-168.603012 20.658417 2476.351562
-134.832901 -456.282501 2530.724121
-125.385574 -918.545532 2512.941895
-50.505455 717.945374 2606.530762
-52.367073 493.401123 2558.940918
141.694809 493.954834 2544.481201
333.453552 326.465881 2435.362549
121.933090 563.680115 2338.904053
-246.428970 492.847473 2573.400635
-324.139832 141.187500 2556.516357
-340.565704 -152.805817 2413.664062
-55.071892 257.098145 2513.591553
52.975471 21.111130 2459.989990
69.782890 -458.597107 2494.189697
68.001747 -920.053467 2463.055908
-168.528885 20.479172 2476.494385
-137.350906 -456.928101 2528.388916
-127.954041 -919.352417 2515.164307
-51.182323 716.920593 2597.553711
-52.369869 491.437408 2555.500488
141.684586 492.527527 2540.958252
337.225830 330.236420 2433.176025
133.454895 576.036133 2338.950928
-246.424332 490.347290 2570.042725
-323.570984 144.593170 2557.746826
-346.826721 -151.115509 2417.677490
-54.219833 254.603577 2513.060303
54.678402 18.391876 2462.320801
69.167625 -461.526215 2494.842041
71.310692 -923.436096 2470.180420
-166.817993 17.147614 2478.919434
-138.493729 -460.419800 2531.086914
-121.111931 -922.592407 2518.694824
-51.044964 713.516113 2593.559570
-52.457832 488.010925 2554.096924
141.577072 488.681335 2539.263184
339.115479 335.619690 2428.074219
156.248383 596.165405 2332.566650
-246.492752 487.340515 2568.930664
-322.782135 145.298401 2558.866455
-350.051392 -150.113068 2419.440674
-54.682999 250.731277 2514.266113
53.829086 13.834244 2465.969482
66.534821 -466.311218 2495.876221
69.691643 -928.062500 2467.247314
-167.645416 13.069046 2482.901123
-137.834503 -464.687927 2532.489014
-125.748032 -926.826294 2514.446289
-51.020645 716.789124 2591.055176
-53.971027 489.515015 2553.717285
139.884460 488.222717 2536.948242
343.067688 344.807526 2422.537109
182.917603 619.203064 2322.659180
-247.826508 490.807312 2570.486328
-323.879425 143.148071 2560.949951
-352.159210 -150.494507 2422.477051
-58.898376 252.088562 2515.051758
46.820034 13.924515 2466.815186
64.376633 -465.021790 2508.591309
57.543465 -922.789673 2449.710449
-174.471481 15.399704 2485.957275
-145.783585 -462.464050 2535.280029
-129.465332 -924.231934 2511.785156
-49.534420 717.917603 2591.325439
-55.719143 489.252441 2554.143799
137.806992 484.928467 2534.671875
349.539185 354.395264 2412.790283
222.807114 644.742859 2314.476074
-249.245300 493.576416 2573.615723
-321.933472 137.074127 2562.000244
-345.327423 -152.051605 2415.436523
-64.889252 251.938004 2515.702637
36.406261 12.155426 2466.146729
59.085293 -466.766937 2506.436768
51.903877 -924.324219 2441.907471
-184.524979 17.091705 2488.376221
-149.110428 -460.439148 2536.105713
-132.631287 -921.890381 2506.852295
-50.730877 719.154114 2590.939209
-58.114655 489.336182 2554.291504
135.147797 484.592133 2532.353027
354.272339 359.195435 2403.393555
273.844269 662.298584 2305.070801
-251.377090 494.080231 2576.229980
-320.961975 138.536865 2561.512695
-349.015289 -151.953003 2418.370117
-68.287979 252.015289 2515.990479
31.829674 11.987061 2465.169678
66.572128 -465.861389 2508.322266
55.593689 -922.189514 2434.782959
-188.752274 17.401733 2490.209229
-143.823990 -459.772858 2532.119141
-127.960045 -921.621826 2509.695312
-52.148510 717.704163 2590.248047
-59.939049 487.588745 2553.719971
133.029816 482.911804 2529.280518
359.639893 361.600281 2394.690430
333.009979 671.794434 2302.163818
-252.907928 492.265686 2578.159424
-320.475311 139.265015 2564.263428
-351.405334 -151.661865 2421.793701
-70.470276 250.176819 2516.000488
29.124855 10.095779 2464.333496
65.677391 -468.280762 2500.060303
61.664146 -927.354980 2448.620361
-191.127853 15.434006 2492.228516
-143.739685 -461.885376 2530.251709
-122.215164 -923.585266 2509.296143
-55.644165 717.997192 2590.908447
-62.315437 487.107605 2553.715820
130.743378 483.427185 2529.693359
364.802856 368.814148 2387.358154
390.181580 678.525146 2301.165527
-255.374268 490.788025 2577.738281
-320.256470 137.117249 2567.133545
-351.594910 -151.110138 2419.299805
-71.590866 249.711578 2515.543457
29.305252 10.215271 2463.662354
72.716675 -466.876556 2507.519287
61.008804 -923.900635 2440.658936
-191.037842 14.415833 2491.079834
-137.537964 -462.140839 2530.639404
-121.959862 -923.853699 2505.461670
-56.238007 717.815552 2590.681396
-63.285446 487.263855 2553.689453
129.778610 483.782654 2529.592041
370.838898 371.965027 2379.610352
439.045197 677.710938 2302.411133
-256.349487 490.745117 2577.786865
-320.187805 139.521606 2567.532959
-352.710297 -151.447662 2425.721436
-72.304611 249.817963 2515.731934
28.853638 10.385391 2464.022461
71.440376 -466.691895 2509.874756
58.654861 -923.079224 2436.925293
-191.501190 14.358719 2491.526367
-137.538498 -462.838440 2520.406738
-126.034607 -924.669067 2521.012451
-58.559780 719.768433 2598.632324
-63.603054 490.047241 2556.721191
129.472778 487.673645 2532.566406
376.913940 377.483734 2374.804932
484.901154 675.383362 2309.102539
-256.678864 492.420837 2580.875977
-320.097015 141.757446 2570.781250
-353.437653 -151.287750 2432.386963
-71.675644 253.138519 2515.474365
30.440807 14.875183 2460.442383
73.105148 -462.350677 2505.214111
59.882854 -918.659790 2430.612305
-189.937271 17.584412 2488.012695
-140.561630 -459.961823 2520.005127
-120.087036 -921.743774 2515.743652
-58.698448 719.804749 2603.112305
-63.776943 491.169708 2558.365234
129.319016 489.254883 2534.300049
379.954468 377.742798 2372.914795
518.906738 666.279602 2319.052490
-256.872925 493.084534 2582.430420
-321.050476 143.872833 2574.405029
-354.441833 -150.577118 2437.212402
-71.510956 254.598892 2515.131836
30.954632 16.935287 2458.164551
69.482559 -460.572327 2503.770996
65.227127 -918.820374 2442.213867
-189.444565 19.120865 2485.632324
-138.577499 -458.003601 2521.847656
-126.199005 -920.259521 2518.099609
-59.189316 718.315857 2595.820068
-63.884201 489.035492 2555.913330
129.113007 487.556702 2531.037109
382.479797 379.378754 2371.446045
537.513733 664.806641 2330.261230
-256.881409 490.514282 2580.789551
-320.522095 143.932129 2574.693115
-354.680176 -150.412598 2436.809326
-70.968704 252.027100 2515.038574
32.092056 14.174744 2459.966797
71.845779 -462.629669 2511.364258
63.330437 -919.761597 2441.745117
-188.198471 15.862671 2488.360840
-138.731079 -461.167267 2527.940918
-124.709526 -923.438965 2519.120117
-59.229794 721.589722 2601.700684
-62.777512 492.233490 2558.669189
130.395157 490.747009 2535.218506
385.245361 379.191895 2369.239258
536.787720 666.990051 2324.308105
-255.950165 493.719971 2582.119873
-320.757324 144.960144 2574.847168
-355.484833 -150.425049 2441.222656
-69.738602 255.470032 2516.335449
33.547440 17.858215 2460.617920
69.085175 -459.902985 2505.489258
69.621994 -918.869202 2449.951904
-186.946823 19.554932 2487.385498
-137.210098 -457.810516 2522.370850
-125.919510 -920.284180 2516.759521
-58.283978 721.623901 2594.111816
-61.767509 491.627319 2556.477051
131.549942 489.729736 2534.289795
383.612061 378.088379 2368.613037
523.345398 670.819946 2319.661133
-255.084991 493.524841 2578.664307
-321.889008 144.490509 2580.415039
-356.222260 -150.708344 2445.274414
-68.613861 254.358795 2517.116943
34.868393 16.007324 2465.094238
69.658470 -462.163788 2506.394775
70.013725 -921.825684 2455.073975
-185.788818 18.173248 2490.419434
-137.390625 -459.540894 2522.605469
-127.805023 -922.072083 2524.735107
-57.560680 719.292542 2591.319824
-61.239773 489.399658 2555.033447
132.229187 487.406097 2534.224121
380.301392 373.541626 2369.310547
498.640533 671.410767 2309.752930
-254.708755 491.393188 2575.842773
-321.951050 147.249878 2582.190430
-357.835266 -151.168304 2452.702148
-67.815079 251.952332 2516.648438
36.024654 13.367279 2466.387451
66.795784 -465.639648 2499.859131
71.590408 -926.086731 2455.982178
-184.805420 15.642761 2490.139404
-137.392502 -462.204193 2522.059814
-125.691467 -924.619995 2515.455078
-54.879227 715.247559 2590.431396
-59.584602 485.969788 2554.374023
134.122574 483.142303 2536.182373
374.146667 370.265778 2370.656006
458.053467 673.099609 2299.116455
-253.291763 488.797241 2572.565674
-321.979767 148.131378 2581.085693
-357.909058 -150.556366 2452.064697
-66.588493 248.411560 2516.718262
36.966736 9.239563 2468.679443
67.385345 -470.049133 2498.928467
71.956139 -930.617310 2455.227295
-184.151505 12.467133 2489.445557
-137.918518 -465.799377 2516.037354
-126.943794 -928.308533 2515.962158
-52.254227 713.116272 2591.002686
-58.638664 484.588257 2554.061279
135.011902 480.421051 2535.453613
367.589386 368.118683 2374.326660
406.926910 673.094055 2291.980225
-252.289246 488.755432 2572.668945
-322.972351 149.077881 2578.548096
-357.753815 -149.886444 2451.230469
-67.379181 247.108719 2516.281250
34.394554 7.251022 2467.882080
61.334404 -472.641541 2489.990479
69.745758 -934.082703 2460.027588
-186.633942 12.007370 2489.120361
-136.552490 -465.878357 2515.672363
-133.209198 -928.320068 2524.846680
-51.909443 714.408447 2598.800293
-59.116436 486.186829 2556.538818
134.573120 482.102295 2538.235352
363.297333 364.059967 2385.672363
346.204437 659.829346 2284.886719
-252.806000 490.271362 2574.842285
-323.483307 147.534973 2574.782227
-357.385529 -149.970551 2447.790039
-67.990524 249.271027 2515.500732
33.671238 10.024246 2464.017090
66.711853 -469.337891 2489.304932
68.836876 -930.839417 2457.807129
-187.400452 14.686203 2484.908203
-133.025925 -462.478577 2515.371094
-133.460800 -925.055908 2517.367188
-49.808327 713.842529 2594.673584
-58.358662 485.806458 2555.239258
135.422668 480.161316 2538.469971
349.142609 362.021576 2384.822266
281.302307 646.494141 2282.614502
-252.139984 491.451599 2572.008545
-325.246429 144.280060 2574.381104
-356.496552 -150.122467 2440.551025
-68.643509 248.602142 2516.241211
31.669041 8.175964 2467.672363
66.358604 -470.980743 2495.377441
67.132980 -932.415283 2461.687744
-189.525757 14.619690 2486.813965
-136.599747 -462.345032 2522.465088
-130.816742 -924.934692 2524.355713
-47.493515 714.601562 2591.599854
-55.980419 486.192108 2553.732178
137.745926 479.676605 2536.577637
340.585815 361.000092 2386.892090
224.286652 627.359619 2285.259766
-249.706787 492.707611 2570.886719
-323.606293 143.652893 2569.685303
-355.435150 -149.533569 2433.909668
-67.335281 248.880646 2515.634766
31.867939 7.850845 2467.747314
69.499146 -471.067993 2496.096924
67.780624 -932.016296 2456.313721
-189.248230 15.287521 2487.327393
-135.906372 -461.935852 2518.784180
-125.551483 -924.489380 2518.912598
-45.966476 713.920715 2590.593018
-53.276539 486.011444 2551.957520
140.511856 480.195007 2535.215088
331.769836 357.018463 2390.469482
174.281052 607.164917 2297.086426
-247.064911 491.827881 2568.699951
-323.828979 141.305878 2567.344482
-351.152374 -151.645050 2432.418213
-63.728161 248.722885 2513.418701
36.415005 8.114883 2465.324951
75.150360 -470.442078 2497.969482
72.111328 -931.098877 2454.664795
-184.774582 14.753769 2484.434814
-131.211105 -462.339111 2517.744385
-121.163864 -924.927734 2514.969971
-44.791019 713.250000 2590.086426
-51.649960 485.662537 2551.211182
142.224380 480.285095 2535.325928
328.871216 350.018951 2399.260010
143.244965 588.637939 2308.502686
-245.524307 491.039917 2567.096436
-321.431580 141.142151 2565.658936
-347.615234 -152.526642 2430.151855
-61.407234 248.376068 2512.451660
39.480824 8.020691 2464.626221
76.115524 -469.867584 2506.886475
65.578049 -927.886108 2445.073975
-181.809845 14.158539 2482.758057
-133.963974 -463.214966 2519.992432
-122.408287 -925.773438 2515.266846
-43.444397 712.366760 2589.828369
-49.203651 485.169525 2550.735596
144.729156 481.048920 2535.210449
327.418304 346.023529 2405.135010
123.194046 579.889709 2321.779297
-243.136444 489.290131 2566.260742
-320.233917 143.557648 2564.325684
-350.000977 -149.739014 2429.210449
-57.349281 247.824005 2511.979004
45.185257 8.126801 2464.362061
82.454887 -469.028900 2513.805420
65.068123 -924.820923 2438.630615
-176.175079 12.830170 2482.082764
-131.202179 -464.841400 2519.374023
-120.310028 -927.443420 2516.265381
-42.945190 712.562561 2589.139893
-48.605980 485.275574 2550.561768
145.315887 481.203796 2534.843750
326.699463 343.528534 2404.981201
122.193939 585.732422 2329.065186
-242.527832 489.347351 2566.279785
-319.622131 141.781189 2565.632568
-353.802521 -149.602905 2427.770264
-56.699905 247.859283 2512.204834
45.877251 8.119247 2464.877686
75.845894 -470.510742 2501.931396
63.835358 -929.476440 2452.823242
-175.464920 12.766739 2482.818115
-134.836655 -464.838501 2525.245605
-127.306015 -927.365845 2515.507568
-42.496761 712.771667 2588.848145
-48.715195 485.448792 2550.758057
145.124039 480.984039 2534.157959
329.861328 344.256409 2405.968994
126.935364 591.569397 2331.056396
-242.554428 489.913513 2567.358154
-319.295593 137.898285 2565.331299
-348.851868 -151.978760 2424.948242
-57.450146 248.018860 2512.618164
44.441116 8.040863 2465.004395
71.953293 -471.170563 2497.614258
64.130341 -931.691772 2460.613281
-176.811310 13.137024 2483.952148
-139.084152 -464.630005 2527.490723
-127.483528 -926.977356 2513.907715
-44.401825 714.719849 2588.702148
-49.781559 486.857056 2550.907471
144.090714 482.398865 2534.673828
332.922119 346.129425 2405.547363
143.760864 606.411865 2331.337891
-243.653824 491.315308 2567.141113
-319.666443 138.448181 2565.105469
-351.985962 -150.999725 2426.560059
-58.435844 249.424164 2512.757812
43.553585 9.446930 2465.343506
76.175980 -469.649719 2495.566650
63.328979 -930.767090 2464.326416
-177.733841 14.535583 2483.872803
-136.012589 -463.376373 2521.405029
-127.631927 -925.884521 2518.439697
-46.380268 713.246948 2589.648682
-50.972198 485.835266 2551.727051
142.873291 481.787170 2535.067383
335.449707 349.071716 2403.283936
171.146942 624.914551 2323.746094
-244.817688 489.883331 2568.386719
-319.842682 137.210236 2567.087402
-354.781769 -150.837250 2426.476074
-59.279518 248.528839 2512.728027
43.042465 8.912155 2464.221191
70.583282 -470.807556 2489.189697
67.993408 -932.607056 2466.504395
-178.216125 13.532700 2483.236816
-135.985825 -464.448120 2519.780762
-127.355576 -927.028320 2520.638916
-47.493462 712.591797 2589.077393
-52.825443 485.058258 2552.146973
140.984268 480.548767 2535.188965
341.254089 352.513977 2402.604248
202.362381 640.419678 2316.360840
-246.635178 489.567749 2569.104980
-319.887878 137.631531 2569.038086
-355.009705 -150.160278 2427.381592
-61.723843 247.704727 2513.565430
39.986683 7.777603 2465.305908
70.492783 -470.851990 2502.578857
63.469101 -930.839600 2459.253174
-181.231155 12.924789 2484.661865
-140.674835 -464.863892 2525.361328
-126.528076 -927.285828 2521.506348
-49.309277 711.418091 2589.304443
-54.977501 483.575378 2552.420410
138.760727 478.886139 2534.717773
349.634827 355.753876 2399.769775
248.883270 656.451843 2309.729736
-248.715714 488.264587 2570.123047
-320.931763 137.821442 2570.028320
-355.646423 -150.203217 2427.871094
-64.210335 246.165619 2514.262695
37.125504 6.079681 2466.001953
69.946396 -473.035553 2494.266602
63.740387 -934.055115 2460.081543
-184.011841 11.432068 2486.208008
-141.150482 -465.827332 2530.592529
-125.142334 -927.884888 2515.741455
-50.219540 710.095276 2588.921631
-56.226219 482.479492 2551.952393
137.425598 477.479675 2533.418457
354.327759 355.871216 2391.855713
298.395477 664.308350 2297.437256
-249.878036 487.479279 2570.486328
-321.450989 138.418152 2571.023926
-354.839783 -149.774261 2429.533447
-65.965256 245.016937 2514.252686
34.815178 4.700958 2465.975342
68.790115 -474.480499 2493.429443
65.351532 -935.624451 2457.770264
-186.223755 10.407837 2487.130615
-139.965378 -466.832733 2528.137939
-125.298439 -928.940308 2510.955811
-49.308327 708.256592 2589.218506
-55.704643 481.032166 2551.880127
137.939285 475.517700 2533.399902
361.199921 357.904938 2385.409424
355.018372 668.529419 2293.130615
-249.348572 486.546661 2570.360352
-320.687805 138.243011 2571.487549
-355.665710 -150.416656 2432.560547
-66.033325 243.541107 2514.518311
34.151955 2.902878 2466.609619
75.841766 -475.188416 2500.655273
60.989258 -933.785095 2445.822754
-186.875961 9.197189 2487.703369
-139.421982 -468.147095 2526.227539
-124.375809 -930.412170 2513.300049
-50.244602 708.914673 2589.388672
-56.338120 480.969604 2552.139160
137.247711 475.816284 2532.962891
369.088440 363.463928 2379.183838
410.932770 669.227112 2288.847656
-249.923965 486.122864 2571.315430
-320.851440 140.110443 2574.266357
-355.467621 -149.845398 2437.084229
-66.365059 243.470734 2514.739746
34.089546 3.030838 2466.396240
74.556061 -475.068420 2502.755859
59.377670 -932.934814 2440.217773
-186.873535 8.912918 2488.284424
-136.374023 -468.196045 2525.895264
-125.677658 -930.498047 2510.073975
-49.777382 711.305847 2589.471680
-56.085258 482.843079 2552.031006
137.412506 477.845795 2531.954346
375.041504 367.736115 2374.567871
452.494171 665.341919 2283.619873
-249.583008 487.840393 2572.107666
-320.923645 139.551514 2577.652588
-355.970459 -150.060272 2438.112549
-66.090256 245.328461 2514.723145
34.336288 4.961807 2465.957275
73.578285 -473.624023 2497.047363
63.483280 -933.390686 2450.075439
-186.526794 10.665848 2488.873291
-133.286118 -466.306702 2524.378174
-124.621605 -928.814575 2516.571533
-50.221748 715.006958 2598.521240
-55.906158 486.342285 2555.728516
137.516403 482.480713 2534.734619
381.506592 372.362305 2369.778076
486.368073 664.140015 2284.632812
-249.328720 490.203857 2576.722412
-320.472992 139.780792 2575.341797
-355.653931 -150.421967 2436.151855
-65.114639 249.487274 2514.454590
36.067184 10.428360 2461.198975
76.616592 -467.078430 2503.608643
61.662315 -923.457397 2433.878174
-184.713425 14.836136 2485.162354
-132.539078 -462.220276 2521.268799
-125.218307 -924.781433 2512.366943
-50.416836 713.530762 2594.027100
-56.572571 484.824646 2554.554199
136.750626 481.216064 2532.611328
386.254242 371.188019 2368.370117
498.671570 661.623474 2284.473633
-249.895752 488.433228 2576.497070
-320.733826 141.387329 2576.665039
-356.505646 -151.322327 2440.452637
-65.508545 247.682922 2514.823730
35.886276 8.481750 2462.570312
71.707436 -469.617920 2503.197998
64.668861 -928.842773 2455.707764
-184.775314 12.600616 2487.616211
-134.653564 -464.526917 2525.626221
-125.499603 -927.079712 2516.709473
-50.065166 713.545044 2591.763916
-56.445019 484.342102 2553.728760
136.913284 480.292725 2532.155029
385.142151 366.580444 2368.174316
503.567993 654.640869 2286.775146
-249.803345 488.391479 2575.302490
-321.353851 143.213867 2576.794922
-356.905853 -151.569855 2442.619385
-65.775467 247.099762 2514.632812
35.244236 7.546448 2463.224609
67.511124 -471.063965 2501.149902
68.110474 -931.294556 2459.094971
-185.456055 12.168396 2487.849121
-135.748962 -465.338715 2521.144287
-123.880310 -927.867310 2514.200684
-49.780308 712.728760 2590.145752
-56.569016 483.684814 2552.701660
136.838730 478.973328 2531.714355
382.079803 361.780304 2370.080322
499.521362 648.174500 2286.153320
-249.976746 488.396301 2573.688965
-321.668976 143.120728 2577.373535
-356.879242 -151.369995 2439.574219
-66.497604 246.318604 2514.491699
33.953514 6.263489 2464.303955
70.074631 -472.075623 2502.471436
66.113701 -932.382629 2458.410400
-186.805908 11.641296 2488.259521
-138.847565 -465.656555 2526.549072
-123.778259 -927.850159 2511.890869
-49.081795 711.330688 2589.846680
-56.492264 482.192200 2552.438232
137.039734 476.764374 2532.857910
378.542480 358.884003 2371.043457
482.683838 644.056152 2274.166016
-250.024261 487.620026 2572.018555
-322.333069 145.068024 2577.670410
-357.111359 -151.732605 2442.166748
-66.961166 244.757690 2514.781738
33.023064 4.225403 2465.950439
71.436813 -474.080994 2502.495850
61.836605 -933.177002 2447.843018
-187.883209 10.420959 2488.300049
-137.521027 -466.674835 2526.222168
-128.697662 -929.084839 2513.459717
-47.072762 713.221191 2590.203369
-55.388596 483.186768 2552.769287
138.206696 477.250305 2533.956787
374.282898 358.930237 2371.038086
452.354736 647.232788 2266.831299
-248.983887 489.123199 2571.581787
-322.657104 147.544952 2575.816650
-356.556213 -150.918091 2444.934326
-66.327415 245.770081 2515.118652
33.219307 4.965454 2466.731689
73.588745 -473.640411 2495.963623
65.059776 -933.724243 2449.239502
-187.751770 11.741364 2488.204346
-135.057800 -465.011536 2527.339355
-130.181808 -927.334961 2509.957275
-45.620735 715.149780 2598.885010
-54.670715 486.634003 2556.642090
139.071060 480.129272 2539.686768
368.665405 355.480713 2373.528076
407.963867 642.741455 2255.073730
-248.412476 493.138733 2573.597412
-322.806305 147.754150 2574.902100
-355.802490 -149.745544 2441.981201
-66.298576 250.041321 2514.541016
32.647690 9.736191 2462.762939
72.293991 -469.147400 2488.689697
65.135483 -929.993042 2449.259033
-188.500580 17.161087 2482.116943
-135.134766 -459.986267 2514.489014
-129.477051 -922.477661 2509.423340
-41.992916 716.555176 2602.726807
-52.968212 488.734741 2558.095703
140.810364 480.823486 2542.209961
364.845398 355.740540 2376.274902
353.431335 633.673828 2247.158203
-246.746811 496.645996 2573.981445
-321.891785 147.874817 2572.441895
-356.714111 -150.418243 2440.736816
-66.240387 252.626923 2513.781738
31.079624 12.004059 2460.401611
73.934875 -465.766846 2497.329834
59.643089 -924.614441 2442.339600
-190.104752 21.034195 2478.533936
-135.728104 -455.656494 2515.670166
-128.735840 -918.226685 2510.200439
-40.126007 714.246826 2595.615723
-52.332417 487.159363 2555.542969
141.403961 478.481628 2539.473877
354.426331 348.368805 2381.621338
302.926361 619.585388 2247.145264
-246.068771 495.837097 2571.612061
-321.440857 148.942139 2568.713867
-350.355164 -150.472961 2435.872314
-66.410004 250.671570 2513.526123
30.076427 9.231476 2462.338623
70.312317 -468.832306 2499.391846
65.271111 -928.947632 2454.178467
-191.051620 19.136108 2480.679932
-138.356522 -457.329803 2522.776123
-125.687325 -919.499390 2507.991943
-39.158676 716.034912 2601.106934
-51.519341 489.467102 2558.023926
142.077972 480.539856 2540.495850
348.207916 343.675293 2387.816895
249.816650 600.558716 2253.668945
-245.116669 498.394379 2575.552002
-322.223938 150.976685 2567.371826
-351.473267 -148.384644 2432.950439
-66.393829 253.393204 2513.970215
29.220222 12.224380 2459.913086
70.588524 -465.632019 2498.856445
66.189575 -925.417725 2448.708496
-191.756866 22.414185 2479.919922
-135.634399 -454.052826 2517.202393
-129.851486 -916.491028 2513.306396
