-93.018623 739.118835 2145.253662
-101.063202 509.075684 2114.203613
96.281631 500.493408 2135.957764
297.109314 314.895325 1997.556274
426.057648 564.894165 1881.521240
-298.408051 517.657959 2092.449463
-381.303741 207.380981 2096.428467
-402.349030 -80.446472 1968.789185
-107.442078 269.628052 2077.603760
-2.764820 25.350723 2053.246094
-3.827235 -457.304810 2096.724609
-4.744017 -923.212830 2090.339600
-224.877075 35.010086 2028.761841
-210.103821 -446.837280 2078.315674
-202.562622 -912.684937 2072.769043
-95.295265 740.253784 2145.663330
-102.719841 509.457642 2114.389160
94.626106 501.119324 2136.248779
297.920380 312.566803 1994.773193
461.386292 552.275391 1893.105225
-300.065796 517.795959 2092.529541
-381.784424 206.593567 2095.615967
-404.439209 -80.845825 1969.112915
-108.797165 269.983398 2077.905762
-3.817448 25.816742 2053.723877
-3.463120 -456.504669 2100.719238
-4.616801 -922.405945 2092.849854
-225.931519 35.201569 2029.120972
-210.981049 -446.535950 2079.745361
-202.328796 -912.296021 2069.881592
-95.756332 740.829834 2145.429932
-103.497185 509.855469 2114.946777
93.922432 501.733582 2136.217773
292.953308 308.796082 1994.856323
479.690369 539.968994 1904.940186
-300.916809 517.977356 2093.675781
-383.907928 207.281494 2095.354736
-402.865997 -81.139587 1970.168945
-109.403503 270.396851 2078.330566
-4.210235 26.367538 2053.684814
-2.206309 -456.245422 2097.531982
-4.092021 -922.186035 2094.464600
-226.409393 35.508896 2029.743774
-209.760742 -446.247375 2079.666260
-202.426834 -912.087952 2072.066162
-95.895157 739.709595 2145.274658
-103.880272 510.103149 2115.001953
93.559059 501.651520 2135.965332
293.528320 306.367310 1993.868164
488.564209 536.877258 1912.442871
-301.319611 518.554810 2094.038574
-383.905640 206.177124 2095.181152
-404.067627 -81.278687 1969.740356
-110.273735 270.614807 2078.663818
-5.556699 26.370239 2054.123047
-3.907592 -456.136688 2099.252930
-4.586229 -922.064880 2093.556152
-227.777695 35.882690 2030.528320
-212.480087 -445.845398 2081.165771
-202.480881 -911.612549 2071.974854
-95.585266 740.247498 2144.699219
-103.509674 510.528442 2114.566895
93.887497 502.175659 2135.965332
292.239502 304.199524 1993.454224
480.461670 540.890442 1908.195312
-300.906860 518.881226 2093.167969
-384.467102 205.582153 2094.510986
-405.518829 -81.668060 1971.256104
-109.734283 270.996368 2078.486816
-4.871923 26.763718 2054.449219
-2.717655 -455.633911 2100.769531
-1.839161 -921.348083 2087.304199
-227.045868 36.164902 2030.364624
-210.631409 -445.858521 2077.636230
-199.636795 -911.648926 2075.321777
-95.113838 739.782837 2144.938721
-103.601524 509.983643 2114.393311
93.689964 501.389526 2136.641357
286.620544 301.591553 1995.754883
459.530396 545.477051 1902.468750
-300.893005 518.577820 2092.145264
-384.225098 206.798584 2093.227783
-405.125488 -81.046722 1972.856323
-109.966934 270.455200 2078.312500
-5.303894 26.090286 2054.751953
-2.367926 -456.473145 2099.272461
-4.369076 -922.312500 2092.224365
-227.360794 35.763199 2029.711426
-210.853622 -446.251953 2077.117920
-202.709900 -912.121216 2074.272217
-93.552681 737.579346 2146.592041
-102.873741 508.378357 2114.770752
94.360130 499.416626 2137.386475
280.321564 298.773682 1999.927368
418.219116 553.107422 1887.258789
-300.107605 517.340149 2092.155029
-384.095001 206.910309 2092.128662
-403.498932 -80.902039 1972.818604
-109.534821 268.965271 2077.990723
-5.200933 24.508865 2053.937744
-3.604652 -458.220764 2096.679932
-3.038678 -924.104675 2089.696777
-227.190857 34.595474 2028.483643
-211.197006 -447.460083 2075.694336
-202.265915 -913.316528 2071.014648
-92.080788 738.694214 2151.899902
-102.101837 509.337189 2116.751221
95.089905 499.427673 2139.327393
274.664917 297.378906 2006.481445
365.845032 558.110107 1870.488525
-299.293579 519.246704 2094.175049
-382.541168 207.457703 2089.072998
-403.377289 -80.058197 1971.591064
-109.609924 270.367004 2077.436523
-6.145714 25.820099 2050.826904
-3.637783 -456.681274 2096.006592
-5.735651 -922.397217 2082.643799
-228.090302 36.973541 2025.416748
-210.105591 -445.189758 2070.712891
-203.370483 -911.020874 2074.525635
-90.902397 739.353821 2148.025635
-101.464211 509.790161 2115.948242
95.733223 499.720825 2138.417236
269.336609 296.190979 2014.722290
300.638245 555.719238 1855.719971
-298.661652 519.859497 2093.479248
-383.266113 208.732086 2087.021240
-401.348907 -79.708557 1969.920654
-109.433548 270.511627 2078.657959
-6.428996 25.566544 2054.012207
-3.694730 -456.668030 2101.923340
-2.958524 -922.474731 2090.945312
-228.376785 36.899673 2028.723267
-211.169464 -444.718079 2079.504883
-202.601059 -910.565918 2079.888672
-89.392372 738.622437 2146.581055
-100.139343 509.461975 2115.249268
97.003372 499.628540 2138.294678
260.659821 297.103027 2017.849609
226.309433 547.319397 1850.468262
-297.282043 519.295349 2092.203857
-383.138245 208.365845 2085.472656
-400.750427 -79.731110 1967.580811
-107.860008 269.992584 2079.113770
-4.636662 24.989365 2055.947266
-1.077190 -457.530396 2100.798828
-1.036063 -923.385986 2090.844238
-226.524673 36.057053 2030.009277
-206.708878 -445.843872 2076.975342
-201.293320 -911.753052 2075.331787
-88.016815 738.230835 2145.868652
-99.099121 509.133972 2114.917480
97.941711 499.304077 2138.812256
251.823837 299.552826 2021.429688
151.525818 531.304321 1852.504517
-296.139954 518.963867 2091.022705
-384.569244 210.686096 2085.198975
-398.964447 -79.012451 1965.309814
-106.747871 269.560242 2079.433105
-3.509510 24.454605 2057.395752
-1.811145 -458.054871 2102.520264
-3.130853 -923.760376 2087.563721
-225.283737 35.518387 2030.501709
-206.900772 -446.357910 2078.470947
-202.199448 -912.259644 2073.352783
-86.676025 737.022827 2146.037109
-97.842293 508.661133 2113.853760
99.194130 498.075928 2137.459229
246.947937 301.743286 2025.215820
92.654495 514.559509 1865.212036
-294.878723 519.246338 2090.248291
-384.747528 210.869568 2084.622559
-397.473633 -78.629517 1960.662476
-106.421768 269.162018 2078.069824
-4.117006 23.705948 2055.570068
-2.477165 -458.858948 2100.163574
-6.485300 -924.611938 2086.936035
-225.885483 35.619827 2029.001587
-210.188522 -446.447021 2076.033936
-203.187943 -912.322449 2070.111084
-86.998428 734.910706 2146.118652
-98.238487 507.230591 2112.527344
99.041420 496.885223 2134.028564
247.972534 300.870361 2032.598999
49.321701 491.684753 1887.851318
-295.518402 517.575928 2091.026123
-384.877106 208.934906 2081.825928
-396.313110 -78.896637 1955.531006
-106.841980 267.802338 2076.264160
-4.418787 22.551849 2052.101562
-1.397744 -459.691956 2099.881348
-5.581417 -925.202393 2080.482910
-226.472168 34.196320 2027.900513
-210.865692 -447.825256 2075.524170
-202.389435 -913.699524 2070.951904
-86.461136 737.434937 2146.156250
-98.233833 508.646362 2112.434326
99.233070 497.882812 2131.869385
252.492737 300.433228 2037.291504
23.997986 474.740234 1906.341553
-295.700745 519.409851 2092.999268
-384.433441 207.467560 2079.927246
-396.197632 -79.548370 1951.888794
-107.733887 269.223694 2076.359863
-6.104810 23.743637 2051.222900
-2.907619 -458.466980 2099.402832
-7.726839 -924.184937 2086.928955
-228.363052 35.858444 2029.347900
-212.672623 -445.738953 2080.952393
-202.683456 -911.505615 2072.021973
-85.921989 738.415710 2145.178711
-98.616409 509.596680 2111.570557
99.088318 498.608948 2128.120850
255.749939 300.715851 2040.641846
20.893600 474.120514 1910.013672
-296.321136 520.584412 2095.020264
-385.213776 207.232208 2078.477783
-396.335358 -79.867279 1949.545776
-108.910675 270.190918 2075.600098
-7.937737 24.601318 2048.944092
-2.485972 -457.483185 2098.149414
-7.855268 -923.299866 2088.951172
-230.472153 36.968994 2030.315063
-212.788757 -444.799225 2079.644043
-199.265015 -910.521484 2074.893555
-86.892540 735.095276 2139.168457
-100.233078 507.039795 2109.553711
97.554794 496.068573 2125.258545
257.382629 305.363892 2038.306641
31.494598 486.824310 1898.180908
-298.020966 518.010986 2093.848877
-385.599670 206.112061 2078.731445
-394.491730 -79.173859 1946.832275
-110.898636 267.263245 2076.369873
-10.264538 21.312927 2052.023438
-4.716037 -460.563324 2103.227539
-5.592333 -926.395386 2093.142822
-232.863861 33.660461 2034.348511
-210.024048 -448.016968 2082.234375
-202.381958 -913.852295 2076.851318
-87.134506 735.495789 2142.184326
-99.470901 506.997803 2112.041748
98.100067 496.434662 2130.407471
259.693939 308.687347 2032.170044
50.057358 501.795044 1881.733398
-297.041870 517.560913 2093.676025
-386.796143 206.047302 2080.367920
-393.311279 -78.125122 1945.446289
-109.111542 267.308533 2077.891846
-7.561765 21.674469 2054.077881
0.620999 -460.716919 2099.369873
-1.512089 -926.610962 2092.060303
-229.942596 33.564056 2033.406128
-204.387650 -448.453766 2076.042480
-200.049194 -914.363770 2074.371826
-88.530640 739.442261 2143.691406
-99.793411 509.871460 2113.732910
97.618698 499.678375 2133.966797
265.843079 312.347595 2026.104248
84.378098 519.361694 1862.150146
-297.205505 520.064575 2093.499023
-386.899475 205.017456 2081.179932
-393.827332 -78.419922 1945.510864
-108.603401 270.234497 2078.966309
-6.320198 24.861420 2055.586182
0.673546 -457.201111 2104.525146
-4.564401 -922.691772 2086.983154
-228.506592 36.333649 2032.813232
-207.196884 -445.347412 2080.977783
-201.175629 -911.182434 2073.906982
-89.293007 739.178833 2144.438477
-100.365334 509.641602 2115.095703
96.911629 499.397400 2136.646240
268.917236 309.673035 2022.072266
136.001099 538.509460 1850.624390
-297.642303 519.885803 2093.545166
-386.949402 204.008453 2082.074463
-396.654694 -78.659241 1945.091064
-108.996414 270.013245 2080.195801
-6.611819 24.620071 2057.423096
-0.098967 -457.822510 2102.583008
-6.854753 -923.380005 2085.558594
-228.643173 36.149734 2033.168579
-209.267319 -445.631042 2081.506836
-201.246399 -911.434204 2072.874023
-89.824196 738.094727 2144.810059
-101.026726 508.869385 2115.454590
96.090950 498.311493 2138.302490
276.958313 312.331879 2015.055786
200.407059 555.529297 1840.230835
-298.144409 519.427246 2092.606689
-387.969482 203.507935 2084.519775
-396.098083 -79.139343 1945.585693
-109.803276 269.259460 2080.449707
-7.651794 23.708069 2058.302490
-1.182902 -458.819733 2102.733154
-8.920099 -924.387817 2085.450439
-229.507858 35.591003 2032.587036
-210.786041 -446.263306 2080.660156
-202.922577 -912.011230 2068.960938
-91.199234 737.723755 2144.505859
-102.247208 507.950317 2115.115723
94.959198 497.610901 2137.334473
283.473175 315.177185 2008.000977
268.811005 566.494507 1836.480713
-299.453583 518.289734 2092.896973
-388.499725 203.240234 2087.805908
-395.442963 -79.749115 1950.218750
-110.846222 268.357544 2079.942871
-8.468363 22.946320 2057.273438
-2.368902 -459.818451 2099.128662
-7.184873 -925.475525 2083.001465
-230.422104 34.583221 2032.266602
-211.093521 -447.198425 2080.927002
-203.630020 -912.999878 2070.704346
-92.795639 737.002319 2144.848389
-103.465149 507.071045 2114.732422
93.844116 496.588318 2135.958008
288.745209 317.082794 2001.985596
335.289124 568.984314 1841.435059
-300.774414 517.553772 2093.506836
-388.745270 203.122345 2089.935547
-396.712341 -80.735382 1954.159668
-112.370422 267.540039 2079.215332
-10.238613 22.109818 2055.643066
-2.113163 -460.324646 2100.752441
-9.227333 -925.839539 2081.656250
-232.312775 33.908279 2031.753418
-208.330109 -447.812683 2078.720459
-206.438751 -913.639587 2068.241943
-93.644539 736.147888 2144.489014
-103.728882 506.332275 2114.509766
93.649353 496.067566 2135.215332
294.367310 318.061096 1995.932251
397.630859 563.328796 1849.678955
-301.107117 516.597046 2093.804199
-388.386841 202.548523 2092.482666
-393.768738 -82.405609 1958.396240
-112.495140 266.750244 2079.301270
-10.186184 21.391678 2055.744873
-1.297119 -461.171387 2099.406006
-4.629025 -926.905762 2086.942139
-232.336594 32.944717 2032.440796
-209.030609 -448.609009 2081.523926
-202.886703 -914.410400 2071.489990
-95.763916 737.585510 2144.832764
-104.104385 507.600464 2114.763428
93.383026 498.675201 2135.012939
298.664093 316.547333 1990.460449
441.392029 554.111938 1859.509277
-301.591827 516.525757 2094.513916
-387.215118 201.757782 2093.749756
-392.517059 -83.639832 1963.052979
-111.289856 268.017212 2079.240234
-7.335614 23.411102 2055.112793
1.551452 -458.969452 2100.779297
-2.394479 -924.640930 2085.399170
-229.615036 33.456818 2032.321167
-207.864059 -448.579773 2077.070557
-199.518280 -914.408936 2073.872559
-96.115158 741.932495 2151.006836
-104.109489 510.754578 2116.960205
93.501106 501.861938 2135.980713
299.823273 313.765442 1988.735474
463.250122 548.223999 1870.231445
-301.720093 519.647217 2097.939697
-386.615936 201.883850 2095.390869
-392.348694 -84.302795 1966.911621
-111.196823 271.590332 2078.775391
-7.076650 27.421677 2051.294678
-2.621594 -455.054993 2096.432129
-3.133847 -920.787415 2082.124756
-229.491653 37.430527 2029.886475
-210.346802 -444.861267 2073.126221
-201.734360 -910.728760 2071.569092
-96.417511 742.052551 2148.072021
-104.428619 510.881897 2116.044434
93.167038 502.549927 2135.495117
298.895447 314.398224 1985.855713
470.867889 551.491089 1877.303467
-302.024292 519.213867 2096.593750
-385.822510 202.433807 2096.661865
-392.555573 -84.843811 1971.691162
-110.865578 271.528992 2078.904541
-6.105085 27.487244 2052.710693
-2.209102 -454.494934 2102.778809
-2.787816 -920.195740 2086.978760
-228.499969 36.864929 2030.818604
-207.602829 -445.068970 2077.126221
-201.327789 -910.989624 2076.529053
-98.888214 741.286011 2146.599121
-105.500618 510.882904 2114.980469
92.075569 503.289551 2134.930420
297.926483 314.717529 1984.420776
464.571716 559.173767 1879.175903
-303.076782 518.476257 2095.030518
-382.930542 197.704559 2095.799561
-392.353363 -90.256592 1972.129395
-111.048851 271.364227 2078.760742
-5.409478 27.572327 2053.768066
-2.611895 -454.883270 2099.070068
-3.099317 -920.721558 2089.328369
-227.784683 36.118774 2031.313965
-206.623398 -445.743866 2078.365723
-203.217667 -911.629944 2072.383301
-97.574303 741.150085 2148.388184
-104.874603 511.120758 2115.047119
92.583023 502.780823 2135.845215
293.472595 313.847351 1985.234619
442.356232 566.422363 1873.804199
-302.332214 519.460693 2094.249023
-381.951721 194.859528 2095.397461
-391.322479 -93.537018 1973.072998
-111.078911 271.748169 2077.962402
-6.161518 27.682190 2052.582031
-3.203694 -454.996094 2095.625000
-5.175226 -920.900146 2089.408203
-228.404938 37.068970 2029.173462
-209.855560 -444.821350 2077.027100
-204.921722 -910.699036 2069.813232
-96.081573 740.101318 2146.231689
-104.066002 510.661926 2114.354004
93.381554 502.361206 2135.288086
286.734802 313.935364 1987.072754
405.347534 575.291626 1866.010010
-301.513550 518.962646 2093.419922
-383.974548 194.934814 2095.630371
-391.658997 -94.957794 1975.318848
-110.270531 271.187073 2077.917236
-5.361010 27.041000 2053.261230
-2.561000 -455.517395 2097.763184
-2.215395 -921.394836 2089.107666
-227.589111 36.383469 2029.699707
-207.706161 -445.354004 2078.589355
-201.910492 -911.256592 2073.093018
-94.872513 740.240723 2145.649658
-102.975998 510.263245 2114.183838
94.477295 502.221161 2135.176025
280.338867 311.504456 1993.486572
350.583984 575.647705 1851.192505
-300.429291 518.305298 2093.191650
-382.516052 194.948364 2093.252197
-394.177277 -95.281952 1975.944824
-108.914886 270.701477 2078.268066
-3.735714 26.613983 2054.165771
-2.097300 -456.165039 2096.276123
-0.171667 -922.091675 2092.543457
-225.971832 35.665436 2030.538696
-207.985245 -446.334717 2077.511230
-199.800797 -912.221313 2074.638184
-94.128876 739.437561 2144.934814
-102.108749 510.159729 2113.710693
95.294662 502.100769 2135.162842
276.155975 311.747437 2001.809814
283.482910 569.793945 1840.652466
-299.512146 518.218628 2092.258545
-382.761078 198.972229 2091.104492
-398.164703 -90.238800 1975.820557
-107.959274 270.629456 2077.562012
-2.719295 26.563980 2053.485840
-1.588911 -456.289490 2094.830811
-1.865644 -922.214722 2089.223877
-224.900299 35.634415 2029.340942
-207.825226 -446.468018 2075.650879
-203.348816 -912.396057 2072.034424
-92.557266 739.335632 2146.100586
-101.103165 510.003479 2114.256104
96.259827 501.656952 2135.970947
270.090454 311.348206 2007.963379
207.698303 554.000610 1837.523193
-298.466156 518.349976 2092.541260
-382.361969 203.497925 2090.575684
-399.952911 -86.307312 1974.222168
-107.183136 270.573730 2077.485352
-2.195322 26.446899 2052.934814
-2.795779 -456.333618 2095.139160
-1.215896 -922.220581 2086.844238
-224.330887 35.841064 2028.494507
-207.761826 -445.904846 2078.448242
-203.651520 -911.802246 2071.609863
-91.377930 737.622986 2145.616455
-99.955872 509.053802 2113.348389
97.344391 500.570190 2135.572510
265.048004 312.166962 2014.496094
138.342499 531.093628 1847.198364
-297.256134 517.537415 2091.124268
-381.668182 206.262329 2089.727539
-400.872345 -83.968872 1972.803467
-106.146271 269.578674 2076.889160
-1.303950 25.329315 2052.936768
-1.703231 -457.201721 2097.865723
-1.195527 -922.946167 2084.207764
-223.369385 34.877777 2027.923096
-207.679306 -447.141815 2075.484619
-200.998306 -913.039795 2072.245117
-90.567291 737.907593 2144.902100
-99.779327 509.519409 2112.449463
97.746155 501.261719 2132.565186
264.527527 309.585815 2022.736084
88.651291 502.444092 1864.441162
-297.304810 517.777100 2092.333740
-379.333130 207.128540 2089.874268
-402.797668 -81.751404 1968.642578
-106.107483 270.005981 2076.264648
-1.270456 25.845215 2051.400635
-3.312404 -456.712952 2096.024658
-1.290598 -922.533997 2084.889893
-223.600830 35.139893 2028.758911
-209.435059 -446.576172 2079.689941
-201.166367 -912.306519 2069.391357
-90.217194 736.318420 2145.053467
-99.948532 508.923157 2110.905762
97.874008 500.887695 2127.700195
263.258514 308.287842 2029.364502
59.801208 484.826538 1877.995117
-297.771057 516.958679 2094.111328
-379.672394 207.067932 2088.948730
-401.161194 -80.676880 1963.845581
-106.538666 269.529541 2073.989014
-1.789927 25.613358 2046.524536
-1.874539 -456.303711 2097.281250
-3.989380 -921.915405 2080.438721
-224.467667 34.658463 2027.620239
-210.207703 -447.392944 2075.241211
-202.245239 -913.208679 2072.571289
-88.942039 737.952759 2145.126465
-99.375702 510.114197 2110.646729
98.573975 502.146240 2126.061279
263.632141 306.144043 2033.166138
46.135345 476.856323 1889.233643
-297.325378 518.082153 2095.232178
-379.835510 207.032745 2087.993652
-398.793213 -79.566406 1959.039551
-106.128670 270.739868 2073.629395
-1.490322 26.881760 2045.286011
-0.126696 -454.523865 2100.661865
-4.767187 -920.214294 2086.015137
-224.272949 35.849289 2027.937866
-210.915695 -445.865356 2079.073730
-200.754883 -911.521606 2068.974365
-88.896080 737.381287 2145.667236
-100.076645 509.989746 2110.894775
97.874619 501.285065 2126.007080
262.851440 307.041077 2032.078613
45.884644 482.013123 1885.370117
-298.027893 518.694458 2095.782471
-380.380951 206.542511 2088.015381
-397.813293 -79.346130 1954.992432
-107.761887 270.670532 2073.711426
-4.053332 26.452911 2045.032227
-3.604744 -454.859619 2101.416504
-7.640624 -920.577637 2086.736816
-226.840927 36.249725 2028.023926
-211.691605 -445.404022 2079.319092
-204.778870 -911.173828 2069.624023
-89.514000 737.301270 2144.910645
-100.485229 509.553894 2110.914062
97.408600 500.417480 2126.579102
263.943085 313.500977 2025.051025
56.185760 496.997620 1871.861450
-298.379089 518.690247 2095.249023
-383.666504 205.793152 2086.467773
-396.997742 -79.618744 1951.761719
-108.614761 270.204895 2074.015137
-5.380424 25.714462 2045.931519
-1.965332 -455.415527 2103.768555
-5.734931 -920.899475 2083.416260
-228.108170 35.997360 2028.300659
-209.893555 -445.440491 2080.589600
-203.830750 -911.254822 2070.854736
-91.576469 737.552979 2145.045410
-101.317635 509.055847 2111.564697
96.423561 500.238098 2129.148193
267.466156 315.252808 2018.542603
84.829559 514.203430 1854.144531
-299.058838 517.873535 2093.981201
-385.335999 205.392792 2085.226318
-395.127472 -78.775024 1949.488525
-108.693398 269.710876 2074.483643
-4.785113 25.403519 2047.298218
1.326187 -456.068604 2101.926270
-3.619648 -921.733032 2086.795166
-227.353210 35.328323 2027.507202
-207.332352 -445.944763 2080.692627
-203.312225 -911.762268 2069.612305
-92.324600 738.428955 2144.604004
-101.749641 509.462402 2111.902344
95.949089 500.728943 2130.061523
270.212250 314.634705 2011.311523
124.398453 534.299011 1842.176758
-299.448395 518.195862 2093.743164
-387.180115 204.690796 2084.558594
-394.401001 -78.891296 1947.868042
-108.926132 270.096680 2074.910400
-4.849003 25.816238 2048.137451
-2.594060 -456.167542 2098.156738
-1.874316 -921.973267 2090.596191
-227.356232 35.645645 2027.699463
-209.358353 -445.825012 2079.821289
-203.354111 -911.682800 2076.644287
-93.256729 739.828979 2144.370605
-102.184303 509.603577 2112.194824
95.471184 500.817383 2130.827637
277.599396 318.313843 2003.192139
182.835480 554.713135 1829.337891
-299.839783 518.389832 2093.562012
-387.085266 203.354034 2084.707764
-395.287323 -79.689209 1947.502197
-109.353088 270.213531 2075.355713
-5.291099 25.879013 2049.002197
-4.312187 -456.266785 2097.704590
-2.680326 -922.139099 2090.697266
-227.752640 35.767929 2028.031006
-208.966522 -445.767334 2079.315186
-202.662064 -911.637085 2073.926025
-96.245567 742.545349 2145.733643
-104.717651 511.133850 2112.723389
92.971497 502.601318 2131.136475
282.744415 319.226685 1996.007690
246.355057 567.668457 1824.171387
-302.406799 519.666321 2094.310303
-387.112976 202.620789 2084.874268
-395.998291 -80.122375 1947.991699
-111.632843 271.715179 2076.020508
-7.297671 27.494827 2049.679688
-5.066810 -454.617004 2098.806396
-4.049466 -920.513550 2091.271973
-229.798401 37.098221 2028.955566
-212.387299 -444.718445 2078.000244
-202.708954 -910.542480 2072.682129
-97.821655 741.488708 2145.422363
-105.331093 510.795288 2112.728516
92.370934 502.797058 2131.246826
287.824554 321.159180 1988.984863
316.153900 575.181885 1827.394531
-303.033112 518.793457 2094.210205
-388.105042 202.774719 2087.401367
-398.974487 -80.298157 1949.184570
-111.615692 271.305450 2076.384033
-6.641793 27.314560 2050.460938
-0.863832 -454.612915 2101.019043
-2.020332 -920.420288 2089.463379
-229.158798 36.316696 2029.618164
-209.211655 -445.488281 2077.784424
-199.545013 -911.345215 2074.744629
-99.429626 739.443237 2145.815674
-106.163139 509.410370 2112.940674
91.561028 502.209229 2131.541504
293.387543 322.096130 1981.510010
382.117737 572.694275 1835.380615
-303.887329 516.611511 2094.339844
-387.577637 202.365906 2089.217285
-397.493561 -79.980591 1950.825928
-111.394531 270.009888 2075.866699
-5.354307 26.556885 2049.260498
0.395626 -455.524994 2098.423828
-2.186131 -921.367004 2087.899170
-227.897522 34.661926 2028.324829
-207.574188 -447.376129 2073.927979
-197.782120 -913.245239 2073.321045
-101.797943 738.426453 2145.983398
-107.039581 508.797638 2112.665527
90.737411 502.262329 2130.947998
299.661041 323.579041 1975.241333
430.870880 568.227417 1845.393311
-304.816559 515.332947 2094.383057
-387.825562 201.152344 2091.124512
-397.302979 -80.276276 1953.008057
-111.520126 269.386993 2075.553223
-4.699749 26.298523 2048.729492
-0.603420 -455.657837 2099.289551
-2.973268 -921.479492 2087.477051
-227.301590 33.654175 2028.152222
-207.455704 -448.172119 2076.146729
-200.502472 -914.073059 2072.805420
-103.774971 735.328735 2147.072754
-107.922913 507.728394 2112.531006
89.939651 501.802246 2130.067871
302.319366 322.294067 1972.122803
463.334351 560.760193 1856.999023
-305.785492 513.654541 2094.994141
-387.925568 200.066925 2093.087646
-398.014343 -81.043335 1955.292725
-111.704437 268.476440 2074.345459
-4.136278 25.889465 2046.029053
-1.515657 -456.273865 2094.675537
-4.087802 -922.171265 2087.300049
-226.835648 32.559509 2026.290771
-207.354263 -449.347504 2073.680176
-203.541122 -915.275635 2069.166748
-105.146255 735.613342 2146.107910
-109.095146 507.867157 2112.038574
88.846428 502.521088 2128.852295
300.645966 317.666168 1973.030640
479.063080 552.609741 1872.071045
-307.036743 513.213257 2095.224854
-388.980377 202.517151 2094.556396
-397.843536 -80.646759 1959.608643
-112.337708 268.562744 2074.121582
-4.186614 26.249786 2045.666870
-1.923997 -455.617310 2097.157227
-6.704941 -921.508423 2089.942871
-226.973907 32.266876 2026.742554
-210.195038 -449.507965 2076.363281
-202.906387 -915.400818 2072.669434
-105.735611 733.995850 2145.613525
-109.193687 506.760437 2111.726318
88.801308 501.478088 2127.933350
296.329956 313.839020 1973.462646
482.249664 546.852417 1874.459229
-307.188690 512.042786 2095.519287
-388.489624 202.755280 2094.810303
-401.113434 -81.121490 1961.460449
-112.487228 267.431885 2073.956543
-4.357820 25.130661 2045.307373
-2.387950 -456.836304 2095.928711
-7.215127 -922.753906 2090.115234
-227.203735 31.075974 2027.066162
-210.477219 -450.835083 2075.429443
-201.895676 -916.714722 2075.713623
-105.477783 732.792175 2145.410889
-108.393417 506.281586 2111.131348
89.538345 501.026428 2128.103271
291.159241 313.917999 1971.769287
470.850647 551.574524 1870.678955
-306.325165 511.536743 2094.159424
-388.747345 204.371979 2094.409180
-403.113953 -81.101868 1964.778076
-111.424957 267.100342 2072.424805
-3.068560 24.961700 2043.269165
-1.848601 -456.757202 2096.202393
-2.522451 -922.466431 2082.756592
-225.844437 30.876495 2024.167114
-210.070679 -450.969696 2073.515137
-198.676117 -916.747192 2068.870117
-103.012383 735.175781 2144.764893
-107.273201 506.646149 2111.160156
90.617622 500.941193 2128.468506
287.101349 311.442047 1973.871094
447.501953 557.313354 1863.207153
-305.164032 512.351074 2093.851807
-388.347534 204.210876 2092.660889
-399.194733 -82.747894 1965.916504
-110.839676 267.373413 2073.068848
-3.041531 24.890167 2044.717773
-2.671286 -456.433990 2101.071777
-2.782919 -922.179871 2087.390381
-225.770752 31.311188 2025.237305
-210.248489 -450.125336 2078.400146
-202.150040 -915.974487 2072.836914
-101.116196 739.284241 2145.462891
-106.703529 508.848877 2111.415771
91.133827 502.133301 2128.953125
281.077606 306.195587 1978.941528
406.669952 561.266724 1852.015625
-304.540894 515.564453 2093.878418
-388.143524 205.129089 2090.324951
-402.534271 -82.911163 1968.178223
-111.443069 269.607056 2073.267578
-4.846833 26.585938 2044.988647
-3.310180 -454.938416 2099.625977
-4.894409 -920.752625 2088.005615
-227.518387 34.144531 2025.249878
-210.542465 -447.560822 2075.430176
-204.650391 -913.459290 2070.081543
-100.155106 744.367981 2150.802246
-105.958260 513.008545 2113.872559
91.821541 505.255096 2131.617920
275.048187 304.086761 1986.990479
347.126434 562.346191 1836.884644
-303.738068 520.762085 2096.127197
-388.059967 204.069763 2087.171631
-397.587372 -84.231659 1962.964111
-111.741875 274.088043 2073.940186
-6.222425 30.804138 2043.994141
-2.446378 -450.655518 2099.103027
-6.204227 -916.421936 2085.905762
-228.828552 39.530884 2024.021484
-211.081543 -442.130554 2074.450439
-202.482147 -907.957886 2067.020996
-98.410324 743.309631 2147.490479
-105.294121 512.981262 2112.296387
92.313652 504.742401 2131.619141
269.022888 299.038025 1996.002441
273.810699 552.202026 1828.779297
-302.901886 521.220093 2092.973633
-387.527344 205.541718 2086.566406
-397.714447 -83.192657 1964.745117
-111.408890 273.972137 2072.919434
-6.315452 30.326416 2044.416748
-1.901756 -451.347900 2097.583252
-6.201677 -917.183533 2087.231934
-228.731857 39.599609 2022.668213
-209.058151 -441.608368 2076.496094
-202.174515 -907.372681 2064.989258
-96.580696 740.013550 2146.337158
-103.624992 511.240540 2111.053467
93.789848 503.343933 2132.336182
262.003448 299.019775 2000.014893
195.147827 535.548767 1828.627441
-301.039825 519.137146 2089.770752
-386.768280 205.769470 2084.772461
-400.948090 -82.143036 1963.416748
-108.980301 272.155334 2072.018555
-3.235499 28.626114 2044.960938
-0.268677 -453.350403 2095.373291
-1.352638 -919.255615 2091.775879
-225.435730 37.514114 2021.006348
-206.041397 -443.999207 2072.167480
-198.574951 -909.841431 2066.846436
-94.597595 737.596191 2146.264160
-102.425362 509.605988 2109.999023
94.815285 501.090424 2132.631592
256.505188 300.003204 2003.522949
129.993195 514.165771 1834.775391
-299.665985 518.121582 2087.366455
-385.875977 205.890472 2083.372070
-402.336304 -81.483490 1960.585449
-108.241364 270.565796 2070.744141
-3.059267 26.733429 2044.225708
-3.037338 -455.249939 2094.647705
-4.208778 -921.175964 2089.723145
-225.055481 36.317780 2018.752563
-209.467239 -445.049805 2072.409180
-203.149261 -910.919067 2065.833008
-93.272461 738.526794 2145.721680
-101.748581 509.387085 2109.331299
95.657150 500.519409 2130.325928
255.759537 298.996948 2009.751343
84.505737 492.405457 1850.540527
-299.154327 518.254761 2088.336670
-386.433411 205.947601 2082.204834
-402.481262 -80.635345 1956.137451
-108.288841 270.397339 2069.881836
-3.736867 26.417206 2042.247192
-3.703944 -455.479004 2093.565918
-5.159665 -921.427002 2089.103271
-225.921326 36.397980 2018.617310
-212.521881 -444.948700 2073.132324
-203.041656 -910.792175 2070.357910
-91.938995 739.576965 2145.456055
-101.569855 510.007629 2108.984863
96.038498 500.770294 2127.733398
258.385559 301.496857 2016.868652
58.676590 478.490021 1864.868896
-299.178192 519.244995 2090.236328
-385.712219 206.473358 2080.617188
-401.895111 -79.748138 1951.440918
-109.013268 271.019592 2069.687988
-5.247114 26.832977 2040.942261
-3.384638 -454.613281 2096.162354
-6.952125 -920.496094 2088.256104
-227.666245 37.230133 2019.839722
-214.119812 -443.913269 2076.146484
-205.050690 -909.778564 2072.449951
-92.130562 739.896240 2144.819336
-102.091301 510.268188 2108.390137
95.667763 500.982300 2125.484131
260.697540 302.247803 2020.419922
50.375717 473.188721 1869.883545
-299.850342 519.554138 2091.296143
-386.353210 205.736237 2079.324951
-401.528137 -79.437836 1947.586426
-109.921188 271.282257 2069.148438
-6.461950 27.070663 2039.526367
-4.470880 -454.292175 2095.562012
-5.278816 -920.182190 2087.048340
-229.040192 37.521957 2020.287109
-211.805511 -443.869141 2073.203125
-205.590607 -909.780151 2073.607666
-91.387863 739.347534 2145.514648
-102.647095 510.328003 2108.388428
95.001740 500.382812 2126.421143
258.358276 302.110291 2017.733398
53.712814 483.132446 1866.904053
-300.295929 520.273254 2090.355713
-387.161957 205.878845 2080.648682
-399.304840 -77.840454 1944.108643
-111.060028 271.413513 2068.833496
-8.247107 26.902390 2039.426392
-5.575448 -454.437317 2095.682129
-4.670394 -920.359985 2088.872803
-230.698822 38.095627 2019.130981
-213.134293 -443.384583 2071.266113
-204.768738 -909.276001 2071.342773
-92.392059 739.421570 2144.844482
-102.620277 510.000519 2108.388428
94.935417 499.964935 2127.402344
260.173676 303.551758 2014.901733
72.792725 497.954529 1855.794800
-300.175964 520.036133 2089.374512
-387.080322 205.939880 2081.304932
-401.417908 -74.645874 1939.506348
-110.921356 271.127197 2068.557617
-8.047974 26.606354 2039.426758
-2.458368 -454.657166 2096.071045
-3.903616 -920.518005 2086.261963
-230.396912 37.901398 2018.026855
-211.588486 -443.436279 2071.092041
-200.991959 -909.280945 2069.187256
-93.740891 739.718750 2144.489990
-101.950340 509.731476 2108.591309
95.454323 499.935364 2129.204590
264.077820 304.277649 2011.465820
106.294479 514.231140 1842.832886
-299.355011 519.527588 2087.978027
-386.545074 206.468658 2081.635254
-400.828491 -72.432587 1938.141602
-109.684494 270.783020 2069.100342
-6.325841 26.321655 2041.209839
-1.094144 -455.063354 2096.891602
-3.803377 -920.970093 2089.787109
-228.511444 37.347473 2018.009155
-210.736694 -443.928284 2072.015625
-198.440186 -909.734985 2069.417725
-95.652672 740.312073 2144.817871
-103.248596 509.781494 2108.930176
94.195114 500.801453 2129.577881
267.502136 301.172638 2010.227051
154.744598 528.506226 1834.314941
-300.692322 518.761536 2088.282471
-386.311310 205.204712 2081.808594
-400.723877 -74.472382 1939.546875
-110.008591 270.774414 2069.622803
-5.657363 26.713852 2041.934814
-2.809805 -454.901978 2095.708252
-2.932186 -920.830872 2089.380127
-227.879807 36.820847 2018.696045
-210.227509 -444.684204 2070.655518
-201.645325 -910.544312 2072.825439
-97.259239 741.875183 2144.440918
-104.062263 510.375519 2109.215820
93.413185 501.767151 2129.748047
273.706726 301.641602 2005.049805
210.874313 542.306946 1826.911621
-301.537720 518.983887 2088.683594
-386.706268 204.065216 2082.369141
-399.201538 -75.649445 1940.258301
-110.439011 271.291992 2070.306641
-5.686305 27.364105 2042.952026
-3.422822 -454.351166 2095.906738
-3.775519 -920.305542 2091.180176
-227.945221 37.052826 2019.843140
-211.916855 -444.146393 2074.979492
-202.141190 -909.947998 2070.814209
-96.988098 742.876343 2145.829346
-104.024918 510.751801 2109.619629
93.401886 501.758942 2130.465576
278.365417 302.298676 1999.571533
274.465363 553.952454 1830.695312
-301.451721 519.744629 2088.773682
-387.336090 203.042999 2082.702881
-399.856812 -77.359528 1941.097900
-110.721390 271.801147 2069.956787
-6.314807 27.789734 2042.025269
-3.878682 -454.020111 2094.132812
-5.764629 -919.953857 2087.876465
-228.520920 37.911255 2018.562866
-213.911880 -443.133789 2075.440918
-202.809387 -908.904297 2068.901367
-99.646835 742.312134 2146.989746
-106.256081 510.924866 2110.073486
91.387764 502.909119 2129.089600
279.676666 303.653748 1991.271729
337.948090 556.927124 1838.465088
-303.899933 518.940552 2091.057373
-388.176117 203.517456 2083.361572
-398.760345 -78.637634 1944.516113
-112.092606 272.016235 2070.028564
-6.697782 28.596481 2040.685791
-5.392255 -453.052368 2094.289062
-3.925996 -918.958374 2086.649902
-229.160461 37.618759 2019.281494
-213.117813 -443.316345 2076.738770
-202.629074 -909.144653 2073.603027
-101.808861 739.301575 2147.070068
-107.783234 509.543823 2109.485352
89.999725 502.130066 2127.273682
285.331329 306.833984 1983.121582
392.243317 558.291992 1850.470947
-305.566193 516.957581 2091.697021
-388.098145 203.750275 2084.702637
-398.442932 -79.348602 1946.729126
-113.104256 270.680908 2069.093750
-7.121773 27.645828 2038.712769
-5.455042 -454.190247 2090.593018
-3.630280 -920.094910 2082.396973
-229.728790 35.990128 2018.691772
-213.685608 -445.211060 2073.870117
-202.496857 -911.044434 2072.610840
-103.866928 737.832886 2146.601318
-108.963135 508.591675 2109.378662
88.932709 501.673553 2126.100342
289.159790 308.926086 1975.540649
436.483032 553.911804 1866.476074
-306.858978 515.509766 2092.656982
-388.558197 203.365875 2085.871338
-399.964691 -79.930389 1946.859741
-113.895081 269.730499 2068.922607
-7.460307 26.976105 2037.876587
-2.670208 -454.699280 2090.961914
-8.267542 -920.555664 2086.578613
-230.193756 34.762543 2019.056274
-215.102463 -446.317017 2075.567627
-201.923981 -912.092163 2072.444092
-104.907715 738.530640 2145.346680
-109.789085 508.716431 2108.557373
88.166023 502.146790 2124.750000
288.070862 306.983368 1972.721680
467.475006 541.616089 1882.989990
-307.744202 515.286011 2092.364746
-388.792297 203.171021 2087.433838
-399.555786 -80.614624 1950.358154
-114.455597 269.756958 2068.653809
-7.722894 27.100449 2037.862427
-1.105044 -454.390625 2092.418701
-6.437893 -920.266907 2086.278809
-230.521332 34.494553 2019.637817
-214.734985 -446.292297 2078.390137
-201.918854 -912.010620 2070.670166
-105.251152 739.357178 2144.756104
-111.436134 509.510101 2108.064453
86.570335 502.339386 2123.345215
288.056488 303.977783 1970.841309
483.403931 534.339600 1892.791016
-309.442596 516.680786 2092.783691
-388.876495 204.097778 2087.737793
-399.814362 -80.814392 1955.421387
-117.013771 270.563263 2068.207520
-11.161230 27.581024 2036.950073
-4.579647 -453.829559 2092.267334
-8.566426 -919.756714 2088.098877
-234.021576 35.651825 2019.751343
-218.836777 -444.759521 2081.605469
-206.212936 -910.236328 2066.034912
-104.992729 739.838989 2145.010254
-111.596809 510.091980 2107.649658
86.393227 502.582764 2123.013916
288.062225 302.943909 1968.982056
487.267761 534.756409 1895.172852
-309.586853 517.601257 2092.285400
-387.899597 204.573822 2086.912842
-401.953705 -80.642303 1957.129150
-117.523445 271.238770 2067.282227
-12.030728 28.159714 2035.560913
-3.887406 -453.345886 2089.833252
-5.051369 -919.303223 2087.670654
-234.869431 36.611374 2018.268433
-215.603653 -443.855103 2078.437988
-203.681931 -909.459290 2065.274902
-103.600227 741.445923 2145.577148
-111.331078 510.925964 2107.542236
86.548088 502.372620 2123.729248
283.545074 301.956421 1968.505859
475.294403 539.072693 1891.422485
-309.210236 519.479309 2091.355225
-387.431702 206.300201 2085.946045
-401.529144 -80.809784 1960.671265
-118.321228 272.162170 2066.827148
-13.951333 28.584839 2035.221436
-7.854906 -452.785187 2090.920410
-3.042969 -918.668701 2086.226318
-236.671432 38.211914 2017.002686
-217.005539 -442.338989 2076.470215
-203.756760 -908.009949 2067.484863
-102.599457 741.937317 2145.369873
-110.337387 510.854584 2106.983154
87.408005 502.153473 2124.630859
279.769653 301.476349 1971.773682
444.039886 548.464355 1877.243530
-308.082764 519.555664 2089.335449
-387.214752 206.150543 2084.458496
-402.852661 -80.838501 1959.493652
-117.191223 272.118713 2066.072266
-12.760592 28.486145 2035.093140
-4.183024 -452.620605 2092.665039
-1.641610 -918.517761 2086.002441
-235.329529 38.279541 2015.229858
-212.435028 -442.299744 2073.249512
-201.508881 -908.087524 2067.536865
-101.709053 740.666138 2145.282227
-109.807755 510.055725 2106.413086
87.740387 501.054688 2125.958984
275.383728 298.736511 1977.901001
395.042084 554.116211 1856.803955
-307.355896 519.056763 2086.867188
-387.604919 205.575928 2083.218018
-406.268951 -83.184784 1960.990967
-116.616112 271.352722 2065.298584
-12.249453 27.584152 2035.183960
-4.142315 -453.301636 2094.667725
-3.719544 -919.207275 2087.208740
-234.599503 37.715256 2013.183960
-215.565979 -442.518127 2075.148926
-200.520096 -908.127197 2066.075928
-100.074661 735.675903 2139.736084
-107.118179 507.540985 2104.145264
90.079758 499.222687 2127.017334
271.173370 297.357849 1985.966064
336.111298 553.357239 1835.250610
-304.316132 515.859253 2081.273438
-387.317108 205.796570 2082.107178
-405.271149 -82.245148 1958.577148
-112.631683 268.523743 2064.752441
-7.157523 24.824768 2038.232300
-0.652795 -456.335480 2095.645996
-0.328529 -922.277222 2093.635498
-229.132858 34.188232 2012.486694
-211.579224 -445.933533 2075.866211
-195.195969 -911.528442 2067.215576
-99.690819 738.225586 2141.934814
-104.228546 509.279541 2105.023926
92.412857 500.606018 2131.974854
269.594910 298.185608 1990.995850
262.481750 541.822571 1819.266846
-300.869965 517.953003 2078.072998
-387.648285 205.388550 2080.553955
-406.683228 -83.409088 1956.684448
-109.234924 270.407776 2064.675781
-3.565544 26.654312 2039.496460
-2.255283 -454.903259 2093.554688
-3.608314 -920.859375 2091.004639
-224.917053 36.417740 2009.159058
-212.233932 -443.930054 2071.889648
-197.394089 -909.627686 2067.253418
-97.482979 737.861694 2137.053955
-102.793945 509.170502 2103.466309
93.608307 500.928894 2132.375244
266.781403 300.584778 1995.000122
190.389038 520.307922 1810.993530
-299.196198 517.412109 2074.557617
-386.836273 205.204346 2078.263428
-406.522705 -83.658478 1954.010376
-107.286156 269.868530 2065.762207
-1.262394 25.928986 2044.325195
-3.310081 -455.629578 2098.454346
-7.639903 -921.480957 2090.584961
-222.294327 35.204132 2011.791016
-215.355698 -444.316284 2080.965088
-198.241898 -909.832642 2070.988770
-96.567810 734.532043 2128.615234
-103.054550 506.911621 2099.907227
93.453354 499.325256 2128.404541
261.393860 304.298645 1995.492432
130.159210 498.291809 1809.379395
-299.562439 514.498047 2071.409912
-385.913788 206.098602 2076.117920
-404.072266 -81.791840 1948.612671
-107.335190 267.111938 2065.585938
-1.039641 23.043350 2047.300415
-3.033643 -459.022400 2096.647461
-8.461084 -924.895813 2089.317383
-222.192017 31.581131 2015.229126
-218.205551 -448.539429 2080.528320
-199.636993 -914.050537 2071.987305
-95.527023 734.094971 2124.387695
-102.713181 505.515625 2097.618652
93.964172 498.248291 2125.066406
263.203552 306.157104 2003.227295
82.538727 467.803375 1824.559326
-299.390533 512.782898 2070.170898
-385.951874 207.544312 2074.051758
-402.443359 -80.118225 1943.745117
-107.065811 265.438049 2065.241211
-0.740782 21.270889 2048.309570
-4.411285 -461.196472 2093.448730
-5.948582 -927.125000 2089.332764
-222.096100 29.450089 2017.418091
-219.161972 -450.874512 2081.512695
-199.897919 -916.212646 2067.623047
-94.669724 736.083130 2128.300781
-102.272865 505.741455 2098.759277
94.362801 497.553101 2126.281738
265.108734 308.068359 2007.633423
48.426300 442.499207 1843.809570
-298.908539 513.929810 2071.236816
-385.466644 207.277191 2072.037842
-401.115356 -78.882050 1939.530029
-107.456192 265.945862 2064.448242
-1.983646 21.542313 2045.625366
-6.215575 -460.931641 2090.865723
-5.897252 -926.816223 2082.996826
-223.295395 30.758255 2014.648804
-220.942169 -449.807495 2077.060547
-200.835876 -915.175537 2064.797852
-94.711563 734.962036 2124.235840
-103.235802 504.712402 2096.696289
93.578667 496.342468 2122.850342
265.565002 311.536987 2007.796631
27.537628 431.770691 1855.049805
-300.050293 513.082275 2070.542236
-385.225464 208.637207 2071.022705
-402.011169 -75.061218 1934.245972
-109.040985 264.754944 2063.588379
-4.086806 20.087234 2045.198975
-7.746934 -461.911804 2095.166504
-7.779377 -927.764160 2084.934814
-225.605530 29.507767 2015.761963
-223.265884 -450.690308 2080.967285
-200.206406 -915.905151 2067.975098
-94.695045 731.060791 2122.701660
-103.904037 501.890747 2094.861084
93.013077 493.266449 2120.167236
271.299866 314.262329 2014.365479
29.669037 433.432983 1857.760498
-300.821167 510.515015 2069.554932
-384.614746 213.650146 2069.713135
-403.523804 -69.203186 1929.844360
-110.200409 261.896240 2062.064697
-5.681328 17.048416 2043.509399
-5.509185 -465.022034 2092.934814
-9.021402 -930.843384 2081.953369
-227.312241 26.755081 2015.027344
-221.761795 -453.392273 2080.404785
-199.210968 -918.367432 2060.850586
-95.561020 731.030029 2121.944092
-104.648071 501.893188 2094.004639
92.450195 492.809082 2117.651367
270.657745 314.126526 2010.671875
39.233505 448.051758 1850.437866
-301.746338 510.977295 2070.357910
-384.801666 211.327850 2071.374268
-402.617065 -68.718231 1926.348145
-111.766510 261.926941 2061.151367
-7.963633 16.848419 2041.605957
-6.593610 -465.265808 2090.728760
-10.524827 -931.126709 2081.206787
-229.806274 27.072968 2014.990356
-222.205597 -452.573517 2083.709473
-201.131500 -917.624390 2063.679688
-95.228058 732.429932 2121.553955
-104.478790 502.934357 2094.183838
92.657394 493.286530 2117.319580
267.362579 317.539734 2001.309204
54.377319 475.795044 1837.309204
-301.614990 512.582153 2071.048096
-385.369141 208.686371 2071.702881
-401.574280 -69.174225 1922.314209
-112.385040 262.970459 2061.483398
-9.353254 17.577271 2041.802612
-4.180933 -464.251190 2093.301270
-7.845868 -930.157837 2086.085938
-231.229324 28.435852 2015.763550
-221.881165 -451.292114 2083.761963
-200.779129 -916.310608 2062.692627
-96.244408 736.762939 2127.372559
-103.929657 506.945923 2097.635986
92.995422 497.071167 2122.389648
268.187531 319.273743 1996.174316
83.539658 502.288147 1825.394043
-300.854736 516.820679 2072.882324
-385.807343 213.231812 2070.861328
-401.758545 -65.737244 1922.480225
-111.579742 267.269470 2062.882324
-8.406542 22.035782 2042.059204
-3.137304 -459.836487 2093.277100
-6.988334 -925.676758 2082.856201
-230.053116 33.150223 2014.197876
-217.091171 -446.939270 2078.849854
-199.740250 -912.312866 2064.476074
-98.233879 736.983887 2130.281738
-104.843414 506.924469 2099.043701
91.959366 497.788605 2125.023193
268.085144 314.144348 1995.107910
138.131760 532.012451 1821.754395
-301.646210 516.060303 2073.064209
-385.910400 211.104858 2072.934326
-401.419464 -66.919067 1921.435791
-111.238586 267.364929 2063.245605
-6.881072 22.664093 2042.067749
0.151448 -459.047760 2094.589844
-8.786846 -924.809143 2084.632324
-228.386444 32.946686 2012.827026
-216.822845 -447.109344 2078.098145
-200.000031 -912.621094 2067.313232
-101.097878 736.044189 2132.738281
-106.739716 506.468384 2099.996094
90.030411 498.721375 2126.657959
270.530121 313.082245 1985.564697
205.438660 557.328430 1822.603271
-303.509857 514.215454 2073.334229
-386.467529 210.539490 2074.475586
-401.984406 -68.493469 1924.105225
-111.174782 267.027740 2063.153320
-4.875030 23.227341 2041.314941
-0.339942 -458.786438 2091.207764
-7.044987 -924.648193 2084.953857
-226.344666 31.946823 2011.306152
-214.551224 -448.059753 2076.968262
-199.782608 -913.705200 2068.603760
-102.001793 737.119873 2132.447754
-107.313080 507.064667 2100.436035
89.547668 499.986816 2126.640381
272.741333 311.068848 1979.255127
279.409821 571.596008 1835.714233
-304.173798 514.142517 2074.231689
-387.263306 208.745453 2076.245361
-400.459839 -72.342896 1928.139771
-111.050217 267.570190 2063.822266
-4.004251 24.092651 2041.954834
-0.541547 -457.575562 2095.137939
-10.148734 -923.173218 2081.339844
-225.570450 32.058777 2012.462158
-216.884949 -446.807617 2085.953857
-202.491058 -911.959473 2065.620117
-102.720711 737.389832 2132.820068
-107.144859 507.480164 2100.729004
89.700905 500.886169 2127.192627
275.313538 312.074829 1970.158203
348.565186 575.148438 1853.312012
-303.990631 514.074158 2074.265381
-386.684967 207.830627 2078.109619
-400.408478 -74.959259 1932.582275
-110.231964 267.987946 2064.016113
-2.543805 24.784927 2042.195923
-3.440540 -457.056213 2093.793701
-6.585701 -922.800903 2082.388428
-224.094330 32.206497 2012.410767
-217.406815 -447.193787 2082.726074
-201.027420 -912.365173 2062.468994
-103.767311 736.113831 2133.509521
-108.263344 507.066833 2100.879883
88.746895 501.087891 2126.227051
278.148743 314.041321 1961.071899
407.980835 569.529114 1872.921631
-305.273590 513.045837 2075.532959
-386.853638 206.908875 2080.075439
-400.728241 -76.495056 1935.975586
-110.706894 267.684814 2063.404785
-2.279922 24.938004 2040.193970
-3.511283 -457.177734 2089.249023
-6.741386 -923.039307 2083.704346
-224.020966 31.667557 2011.665161
-219.482941 -447.928406 2080.957520
-203.319366 -913.248047 2063.206299
-104.332336 735.053894 2126.837402
-109.027618 505.982483 2098.335693
88.144897 500.250000 2122.439453
281.084595 316.529968 1954.522705
445.262878 565.049561 1887.503174
-306.200134 511.715027 2074.231934
-386.917206 205.447571 2080.031250
-400.857208 -77.743073 1938.262329
-111.752487 266.204376 2063.598633
-3.516066 23.200211 2042.426270
-5.285286 -458.851746 2092.194824
-7.900860 -924.769287 2087.697754
-225.438644 29.652298 2015.296875
-222.411346 -449.853149 2085.388184
-201.032425 -914.856079 2065.258545
