-130.596313 666.281311 3086.361816
-129.035324 435.023315 3053.852783
65.138985 433.101257 3066.510010
314.528351 321.363770 2962.476318
345.048309 570.444702 2777.086182
-323.209656 436.945374 3041.195557
-395.818359 92.288666 3042.173096
-417.739319 -213.049744 2926.016602
-128.932861 197.358765 3016.190430
-18.016504 -41.402710 2985.751465
24.830484 -506.374847 3096.974365
13.941476 -1007.255249 2830.204590
-239.644287 -39.208862 2971.304688
-213.836487 -511.700012 3058.853516
-176.606476 -961.149353 2936.445557
-129.761963 663.286133 3085.429688
-128.645309 432.750732 3052.968994
65.439728 430.073853 3066.789062
306.275909 321.166107 2967.250488
299.990295 563.556580 2775.398193
-322.730377 435.427612 3039.148926
-397.892487 92.163025 3039.550781
-417.649017 -212.748138 2921.552246
-129.273712 195.016678 3015.746582
-19.135387 -44.245087 2986.411377
25.124893 -515.577148 3060.370361
16.475136 -994.070129 2888.015869
-240.668839 -41.189636 2970.636963
-211.991455 -513.430054 3058.719482
-177.781754 -965.535522 2939.750244
-128.012665 665.616394 3086.984131
-126.965805 435.495850 3054.096436
66.993530 431.741943 3069.309082
302.151306 317.068268 2971.647705
248.592102 545.769165 2778.772949
-320.925140 439.249695 3038.883789
-402.427856 91.094513 3032.757324
-417.520935 -212.671082 2916.353027
-128.611160 197.837219 3016.430176
-19.559992 -41.963806 2987.446045
24.380301 -516.536011 3043.233154
18.441870 -983.677979 2917.080566
-240.953033 -37.678986 2970.081787
-212.769287 -510.790161 3053.482666
-177.677765 -958.758301 2939.651611
-125.918358 668.029297 3087.231445
-126.028503 438.347931 3054.239990
67.934952 433.936951 3069.287354
288.148071 310.980499 2968.287598
200.078735 534.751160 2781.042725
-319.991943 442.758911 3039.192627
-405.640015 89.605499 3026.371338
-417.184753 -213.441101 2916.676758
-128.531616 200.655701 3016.828613
-20.340788 -39.553864 2988.004639
22.105959 -508.346130 3078.277100
19.136959 -996.076782 2870.591064
-241.728668 -34.519196 2970.829834
-208.605423 -506.922699 3056.337891
-176.988617 -955.965820 2941.337646
-124.567848 669.825745 3086.824219
-123.981003 441.135468 3054.326172
70.008942 437.246399 3069.214355
279.013580 312.556580 2966.572266
145.438004 526.423340 2790.935303
-317.970947 445.024536 3039.437988
-407.884491 86.253937 3021.648438
-416.546143 -213.310730 2911.292480
-125.914558 203.359695 3017.408691
-17.137905 -36.635574 2988.987793
27.215939 -509.897156 3051.838379
23.793106 -982.092468 2910.597168
-238.558334 -32.196579 2971.994629
-205.776855 -503.799316 3061.959717
-173.005020 -955.210693 2939.989990
-124.163223 667.844299 3086.148926
-123.639725 440.246826 3054.280029
70.417984 437.187683 3068.449219
274.479980 311.310577 2969.742432
104.419785 511.779541 2807.952148
-317.697418 443.306000 3040.110840
-408.972321 82.600159 3018.329346
-415.106842 -213.812683 2906.052979
-124.730759 202.388306 3017.868408
-15.070634 -37.216125 2989.543213
24.274891 -507.937622 3074.000244
24.925713 -996.061890 2873.407227
-236.572952 -33.724335 2973.370361
-207.280304 -506.717560 3056.812500
-173.540695 -962.835938 2940.353027
-122.723976 666.124634 3086.848389
-122.879898 438.578033 3053.585449
71.095703 435.029663 3068.727539
271.748352 310.640808 2969.920410
73.186935 499.407654 2823.171875
-316.855499 442.126404 3038.443359
-409.472656 80.806488 3017.163330
-407.882141 -211.239288 2899.979492
-124.308655 200.875137 3016.185547
-15.033483 -38.852859 2987.427490
19.391384 -506.649902 3090.164551
23.497131 -1007.363281 2835.315674
-236.441330 -34.802658 2970.143799
-208.794159 -507.725342 3054.751465
-175.605331 -961.251953 2936.295166
-122.919060 667.204956 3086.170898
-122.571175 439.297180 3053.265869
71.542473 436.663879 3066.624268
269.868286 311.332123 2970.934326
57.081070 493.302979 2828.960938
-316.684814 441.930481 3039.907471
-409.744019 81.393127 3017.093994
-410.287231 -210.101715 2902.453369
-123.243973 201.541977 3016.174805
-13.129963 -37.716125 2986.707764
22.418625 -506.589905 3086.614990
26.120996 -1009.228516 2820.486572
-234.703598 -34.710297 2971.459717
-210.399887 -507.987579 3055.163330
-174.140091 -959.484436 2941.038330
-121.712845 666.214233 3087.357910
-122.930351 438.137207 3051.988037
71.238365 433.950806 3064.025146
268.953766 306.146790 2974.467041
57.140076 493.154724 2835.239014
-317.099060 442.323608 3039.950928
-406.352081 81.211182 3015.570557
-410.718323 -209.173981 2900.660400
-125.717125 200.500656 3014.293457
-17.687603 -39.525177 2983.468750
17.394520 -513.283997 3051.616455
18.341852 -991.972351 2875.663818
-239.320190 -34.746613 2969.729004
-214.739975 -507.895355 3054.172607
-181.053452 -958.831665 2938.647949
-123.276260 664.870300 3088.441162
-122.790718 437.818115 3051.675781
71.394798 435.044586 3063.902344
268.963989 308.580688 2973.243164
61.388596 497.598938 2826.695312
-316.976227 440.591644 3039.449219
-405.188995 80.092285 3018.307861
-406.455322 -208.429840 2897.428711
-123.646667 200.596283 3011.458008
-13.680937 -38.208405 2978.218018
24.401110 -513.608154 3036.616699
25.868891 -979.806580 2903.108887
-235.324295 -35.042694 2964.262451
-207.283340 -507.009552 3053.895508
-172.742386 -958.681641 2934.218018
-124.717896 665.694824 3086.964600
-122.740273 439.058319 3050.958984
71.403755 437.236420 3064.038086
267.948090 308.814331 2968.128418
76.931061 512.125732 2819.621094
-316.884308 440.880219 3037.879883
-407.624908 79.526306 3017.117676
-404.239899 -207.889832 2893.944336
-122.304001 201.711731 3011.421387
-10.650867 -36.678543 2979.376221
27.674400 -559.530518 3033.119873
21.790445 -1014.546875 2901.205322
-233.084579 -34.591171 2964.391357
-210.130646 -505.577698 3060.191650
-174.113495 -962.244263 2938.458984
-125.950806 665.816467 3086.161377
-124.838745 438.796265 3050.510986
69.339050 436.873535 3063.140137
269.501465 300.407196 2976.462158
108.320160 524.536560 2823.935547
-319.016541 440.719025 3037.881836
-409.289459 78.781891 3019.543945
-406.559906 -208.401978 2894.732910
-124.657898 201.341125 3011.578613
-13.450447 -37.213409 2979.867188
22.687042 -531.046143 3066.777344
19.529686 -997.566895 2896.069336
-235.503662 -35.014648 2965.425293
-215.089233 -505.910553 3062.429932
-178.980408 -961.781982 2940.672852
-126.562775 664.646423 3086.334961
-126.400803 436.969177 3049.961914
67.664139 433.848724 3063.936279
280.765930 310.688843 2976.753418
143.502701 540.389404 2809.516113
-320.465729 440.089600 3035.987549
-403.625641 78.403656 3020.757324
-407.925598 -208.366821 2894.528809
-127.367264 199.621368 3010.384277
-17.472958 -39.509003 2978.789551
21.472282 -524.371460 3051.423340
17.249060 -984.581360 2921.081543
-239.194489 -35.943848 2962.823730
-215.322388 -506.686493 3059.857422
-180.996918 -962.612427 2934.302002
-127.638992 666.415771 3085.929443
-127.784630 437.535858 3049.940918
66.322350 434.585388 3063.429443
288.368439 311.372498 2975.802246
189.245514 549.583130 2801.836670
-321.891602 440.486328 3036.452393
-406.839355 80.169128 3018.978760
-411.415985 -209.619171 2903.382080
-128.636871 200.195618 3010.290039
-18.660711 -38.829239 2978.340576
21.471693 -513.731506 3073.274170
22.432096 -996.970642 2879.138428
-240.317505 -35.460007 2962.937744
-213.754227 -506.944946 3055.522217
-178.294357 -963.348267 2939.050537
-126.327286 668.462097 3087.236572
-127.574188 439.308716 3050.434570
66.630188 435.721558 3062.161621
302.190063 317.172607 2972.900879
231.372177 561.174438 2792.137451
-321.778564 442.895874 3038.707520
-402.413635 82.091888 3021.522217
-412.986664 -210.541718 2910.867188
-129.488174 202.179276 3009.596436
-20.538294 -36.997940 2975.452881
17.853930 -513.488037 3043.660156
20.003342 -983.285645 2908.265137
-242.266037 -32.902390 2962.063721
-214.434586 -504.588867 3053.348633
-178.013779 -959.873596 2937.131348
-126.455711 668.791565 3086.772949
-127.599144 439.564789 3050.394775
66.630562 436.036499 3061.814697
314.604584 329.122925 2963.247070
274.523438 574.933716 2777.333252
-321.828857 443.093079 3038.974854
-406.209045 82.042877 3022.764893
-409.139252 -210.462616 2909.026855
-129.524017 202.380920 3009.853516
-20.591085 -36.816742 2975.830322
21.995550 -512.361755 3042.293457
20.779280 -973.164185 2924.603516
-242.306686 -32.789154 2962.794189
-207.812836 -503.962006 3054.285400
-177.083893 -965.593079 2939.726318
-127.583580 669.298584 3085.641113
-127.988899 439.473999 3049.772217
66.130424 436.334656 3062.966309
320.288269 334.565155 2951.644287
320.754150 585.134949 2770.080322
-322.108215 442.613342 3036.578125
-407.615509 81.018066 3024.856445
-412.908813 -212.424164 2912.997803
-129.102234 202.205597 3009.697754
-19.420988 -36.854584 2977.153809
22.221361 -513.209595 3034.257080
21.525787 -970.886047 2932.019775
-241.010147 -33.270996 2962.092773
-207.956924 -503.869385 3057.083740
-176.726395 -966.363220 2937.956055
-129.221909 669.100220 3086.082031
-129.118973 439.628021 3049.745117
64.950882 436.286804 3063.660400
324.146729 335.264374 2948.889404
361.840057 592.443237 2778.313477
-323.188843 442.969238 3035.829834
-408.141144 97.836060 3028.756592
-416.088104 -197.208130 2920.600098
-130.323273 202.374649 3009.573730
-20.769234 -36.785614 2977.343994
21.019283 -512.988770 3034.351318
18.950314 -967.995483 2934.428955
-242.285904 -32.971832 2961.460693
-209.707352 -503.848816 3055.334717
-177.778168 -961.643616 2934.186035
-129.044586 668.832153 3086.329834
-129.086456 440.349182 3048.951416
65.039742 436.872925 3062.047607
319.581726 327.619659 2952.451904
395.525635 582.866821 2791.469971
-323.212646 443.825409 3035.855225
-408.064789 93.417786 3026.440674
-415.536865 -199.882599 2917.808838
-130.553253 203.272644 3007.764648
-21.229670 -35.787811 2974.052002
17.463068 -512.707520 3026.106201
20.072189 -967.860291 2934.920654
-242.810425 -31.819946 2959.103760
-211.877289 -502.288940 3055.556152
-177.776855 -962.308411 2933.510986
-127.120941 668.537720 3073.420898
-128.554825 438.256897 3043.148193
65.621277 434.891541 3055.529785
323.801117 320.819641 2956.213623
412.794983 575.907715 2798.540527
-322.730896 441.622314 3030.766602
-408.021301 86.702423 3020.709473
-416.596466 -206.340057 2916.167969
-130.387024 200.385773 3007.228027
-21.400860 -39.406036 2978.374268
18.976688 -516.383789 3028.327881
19.460840 -972.803711 2948.574951
-243.037582 -35.564697 2964.241455
-210.106094 -506.201294 3059.226562
-177.361404 -965.465027 2943.552246
-130.018784 664.990234 3067.945312
-130.151917 434.081848 3039.542725
64.007996 430.692627 3052.195801
321.399994 319.912231 2956.580322
419.810974 571.673889 2800.302734
-324.311829 437.471069 3026.889648
-409.009644 83.856689 3017.321045
-416.790039 -209.900208 2913.701172
-132.112473 195.869873 3005.820801
-23.264681 -44.276367 2979.320068
16.843950 -522.018982 3020.617920
18.677732 -978.598022 2943.565918
-244.881378 -40.407867 2964.877686
-213.176804 -513.244263 3047.846191
-177.921219 -965.709656 2939.355225
-130.402618 667.023926 3077.744629
-130.040268 436.376526 3042.663818
64.055809 432.685638 3056.166992
316.712341 317.463989 2955.306641
417.472687 565.047241 2795.053955
-324.136353 440.067413 3029.160645
-409.991028 79.416687 3015.666504
-415.666840 -212.558411 2907.726318
-131.800171 199.114410 3003.109375
-22.786760 -40.254150 2971.261475
20.066240 -510.976471 3052.167725
20.247324 -990.346558 2873.783203
-244.333389 -36.041260 2955.848389
-211.631760 -508.543457 3040.760254
-173.989822 -956.069702 2929.857910
-129.517532 666.406738 3068.617920
-130.113373 435.379456 3038.610840
63.947033 431.497742 3052.578857
316.852509 313.229675 2958.636475
396.301636 562.854004 2789.478027
-324.173767 439.261139 3024.642822
-408.997833 78.715271 3016.815430
-416.180481 -213.693298 2909.435547
-132.301971 197.496063 3002.910400
-23.738842 -42.602631 2975.181641
18.993912 -514.660278 3053.402344
18.844278 -980.105042 2913.520020
-245.242294 -38.171997 2959.238281
-214.710785 -507.327148 3060.517578
-177.691513 -966.352539 2939.319336
-129.006516 665.601196 3064.526611
-129.376862 434.033020 3035.973633
64.660416 430.239807 3050.293701
318.921204 307.623474 2962.284424
363.371399 560.775085 2788.541748
-323.414124 437.826172 3021.653564
-407.001068 80.861786 3012.348877
-416.513885 -214.278931 2913.166260
-131.494171 195.919189 3001.590820
-22.872906 -44.359421 2975.380615
18.074547 -513.069397 3072.642334
21.765944 -998.139893 2864.516357
-244.350052 -40.029831 2959.035400
-212.766708 -510.696106 3053.280029
-174.994812 -967.468384 2936.279053
-128.763229 662.919556 3062.528076
-129.037689 431.120239 3034.015137
65.098961 427.597961 3046.930420
309.459991 311.816925 2963.613037
319.963593 557.205200 2777.152100
-323.174316 434.642517 3021.099854
-406.004517 81.424683 3008.707031
-416.711304 -214.005646 2912.280029
-131.064560 192.997437 2999.541016
-22.293303 -47.135620 2972.437988
19.234190 -512.692932 3084.375977
21.032183 -1005.972778 2828.769531
-243.889572 -43.115143 2957.695801
-211.487900 -514.100952 3050.616211
-176.978500 -968.898254 2939.940430
-129.989197 665.805542 3074.037109
-129.399429 436.133240 3038.219971
64.551498 432.207336 3053.437256
303.756104 311.927124 2964.828369
273.380981 550.885254 2771.779053
-323.350372 440.059204 3023.002686
-405.474731 80.689056 3007.356445
-416.788300 -213.918762 2911.791748
-131.143860 198.742661 2999.209229
-22.192314 -40.888626 2968.883789
17.882504 -511.786072 3053.698975
20.415651 -985.483459 2881.407959
-243.584274 -36.407242 2951.513184
-212.073257 -507.708679 3043.421387
-176.415497 -955.701416 2937.973389
-126.622414 663.638733 3067.742920
-128.874084 434.636658 3034.946289
65.137794 430.268616 3049.321533
298.396332 307.461395 2972.372559
225.338623 538.589355 2778.603271
-322.885986 439.004669 3020.571045
-408.720276 82.853455 3005.669678
-416.319458 -213.496338 2908.910645
-131.441284 196.998154 2997.385742
-23.287500 -43.133133 2968.029053
17.773432 -516.592163 3038.979492
19.040003 -981.091064 2911.453369
-244.729462 -38.147537 2951.621338
-215.898987 -507.642883 3052.813965
-178.037048 -959.954346 2942.667969
-123.049866 662.646790 3064.116211
-125.064911 434.220795 3032.962402
68.764969 429.062073 3049.312256
283.193176 307.720428 2962.682617
168.397400 529.585876 2778.503906
-318.894775 439.379517 3016.612549
-409.361725 79.940613 3000.809326
-419.188568 -217.018250 2902.753418
-128.359818 196.338867 2996.967773
-21.030647 -44.487289 2970.304443
21.138168 -519.521240 3031.241455
22.760532 -979.824341 2928.394775
-242.278793 -38.598831 2951.641846
-217.088455 -507.325073 3057.406494
-175.006638 -958.558716 2940.835449
-122.214783 665.360779 3061.769775
-123.715385 435.761108 3031.950439
70.137123 430.420227 3048.068848
275.114563 309.859070 2958.776855
114.558334 511.294006 2789.141113
-317.567902 441.101990 3015.832031
-409.163208 77.985626 3001.363281
-416.211853 -216.472015 2898.972168
-127.373611 197.709930 2997.068848
-20.402969 -43.389221 2971.385742
17.756100 -518.954956 3032.624756
19.897808 -976.158997 2936.678467
-241.660690 -37.293304 2952.988770
-215.139099 -505.782990 3059.688965
-176.111526 -958.743042 2942.262695
-120.708450 664.916199 3062.141357
-123.937546 435.833862 3031.109131
70.074478 430.795013 3045.201172
269.553467 310.928162 2959.375000
77.206345 498.540314 2805.683105
-317.949554 440.872742 3017.017090
-408.087189 79.991852 3001.709473
-415.719330 -214.522491 2900.956787
-127.527420 197.890533 2995.452148
-20.389128 -42.928635 2967.837891
17.499079 -511.457581 3064.093262
22.124798 -994.679565 2875.796875
-241.845459 -37.176987 2951.752441
-215.802490 -505.612244 3058.926758
-176.561096 -959.410645 2938.781738
-121.539345 667.553040 3061.824951
-124.554642 438.484680 3030.423584
69.620850 433.683014 3041.998779
267.777985 302.965088 2968.170898
52.453781 483.005432 2827.032715
-318.730133 443.286316 3018.848389
-409.543060 82.993866 2998.873535
-414.727386 -213.083344 2897.052002
-128.310364 200.546127 2994.724609
-21.243160 -40.132889 2965.632080
18.807617 -511.738892 3047.361572
20.242157 -980.295288 2908.136475
-242.889008 -34.651932 2952.419189
-217.858841 -503.184082 3059.467529
-176.733475 -961.236938 2939.179688
-121.172890 669.523926 3060.655029
-125.545883 440.104187 3029.814697
68.703415 435.109406 3040.134521
267.404388 293.979980 2975.540527
39.080566 472.002655 2845.481201
-319.795197 445.098999 3019.494873
-407.758179 82.501892 2997.958008
-414.060791 -212.507935 2895.064209
-129.795486 202.098999 2994.611328
-23.189646 -38.756668 2965.297363
17.889757 -512.696045 3033.608887
18.635557 -975.284607 2926.427979
-244.900543 -33.055740 2953.518555
-219.752716 -503.729675 3050.138672
-177.860870 -959.285034 2941.864258
-121.818779 668.163025 3060.572998
-127.961754 439.627869 3028.255127
66.335869 434.119568 3037.412109
267.726471 294.975098 2976.737305
35.084183 472.532410 2849.025879
-322.259369 445.136230 3019.098145
-410.355652 84.264252 2997.511475
-413.236572 -211.980713 2891.278076
-133.054001 201.626526 2993.137207
-27.260933 -39.518433 2963.245117
17.147308 -508.789246 3055.470215
17.698862 -995.595337 2871.821289
-249.031555 -33.231232 2952.793457
-221.717926 -504.298615 3047.141846
-181.563599 -962.615356 2943.188477
-123.122955 665.324890 3060.558105
-129.423798 436.965271 3027.477783
64.826553 431.026550 3037.424072
268.374969 299.467773 2973.428223
39.086609 477.634583 2838.217773
-323.674133 442.903992 3017.531494
-411.661255 85.641724 2997.255615
-412.416229 -211.398376 2888.308350
-134.855667 199.094666 2991.534912
-29.429361 -42.165131 2961.268311
17.629812 -515.384766 3026.496582
18.748167 -988.355896 2905.781006
-251.145706 -35.386719 2949.915771
-221.436234 -505.137451 3049.912598
-179.854568 -960.866516 2942.098389
-123.585320 665.991638 3061.007568
-129.419846 437.513153 3027.524658
64.682373 430.858459 3039.534424
268.693237 298.729492 2972.235840
49.398911 484.027710 2829.697266
-323.522064 444.167847 3015.514893
-412.821136 85.823090 2997.112793
-412.222900 -211.511139 2887.775635
-135.304474 199.758545 2990.892090
-30.408382 -41.794113 2961.114014
17.976204 -506.613647 3065.895264
20.962479 -999.986694 2862.211670
-251.969818 -34.198013 2947.405029
-220.404831 -501.963013 3055.616699
-179.205795 -958.653381 2942.430664
-126.001915 666.248901 3058.274170
-128.648239 438.012939 3026.043213
65.313507 433.245239 3040.644775
273.829468 303.368591 2970.643799
71.699615 501.095703 2816.925781
-322.609985 442.780579 3011.441650
-410.424866 82.903900 2998.556396
-411.977234 -210.866302 2883.959961
-131.785385 200.124786 2990.041504
-24.216280 -40.484558 2962.373779
25.279634 -510.856506 3040.048340
27.530369 -986.600098 2905.507080
-245.628784 -35.042145 2945.705811
-210.562897 -502.185852 3055.694580
-171.362274 -960.261963 2940.257080
-127.797012 668.987427 3058.920654
-128.853455 439.900726 3026.935059
65.102417 436.274902 3042.106934
271.877380 299.209595 2973.849609
106.098648 513.317932 2802.313965
-322.809326 443.526550 3011.763184
-410.247803 81.921661 2999.281982
-412.807434 -211.419952 2885.561035
-130.436066 202.085327 2990.333740
-21.333649 -37.799225 2962.390625
19.563465 -503.961792 3066.760986
26.574707 -996.764526 2868.635498
-242.703705 -33.660919 2945.074219
-213.875931 -501.782440 3052.646484
-172.918076 -960.828857 2939.325684
-129.881683 668.085693 3047.223633
-130.105667 438.060272 3020.828613
63.565498 435.346558 3039.239746
281.396759 304.575714 2967.940674
154.120575 529.425354 2783.434326
-323.776855 440.773987 3002.417480
-412.160614 83.489288 3000.627930
-413.148682 -211.989624 2889.284668
-130.407654 199.614578 2988.859619
-20.168869 -40.380020 2967.399170
19.565472 -511.955688 3045.158691
23.037165 -986.806519 2909.382812
-241.250412 -37.282211 2946.382080
-215.195374 -505.502930 3054.382568
-174.418716 -964.240051 2941.765137
-132.215042 667.185059 3041.853271
-132.448044 435.990723 3016.792236
61.116745 433.294342 3036.452393
288.190125 307.787445 2968.970459
208.307846 543.509094 2777.573730
-326.012848 438.687103 2997.132080
-413.583038 81.249969 3000.272217
-417.079681 -216.173553 2889.101318
-132.653580 197.354065 2986.087158
-22.398920 -42.821320 2966.601318
13.067125 -517.826599 3026.392334
19.800425 -983.998657 2924.052490
-243.319305 -39.743866 2944.162842
-219.957474 -508.384094 3051.025879
-176.978592 -964.754089 2938.998535
-132.682175 664.303406 3039.690674
-132.211334 432.980774 3014.741699
61.215065 430.256470 3035.782715
294.086334 316.392700 2954.017822
260.879089 558.750244 2764.648682
-325.637756 435.705078 2993.700684
-413.791718 84.625458 2997.102295
-415.043945 -215.302887 2891.016846
-132.237885 194.322189 2984.085449
-21.878176 -45.891113 2965.437012
18.440660 -521.506958 3021.742920
20.670414 -982.856445 2932.738770
-242.650696 -42.781677 2941.421387
-217.464981 -511.662109 3046.859131
-175.764664 -963.184998 2938.877930
-135.201706 662.442810 3038.065674
-134.720169 431.663391 3013.260010
58.774277 429.511261 3033.801758
307.515961 325.732758 2935.944580
309.015198 572.816345 2751.587646
-328.214630 433.815491 2992.718262
-413.428619 80.284821 2994.541504
-417.409180 -218.036652 2882.054932
-134.190308 192.915985 2983.256348
-23.235352 -47.059586 2964.975586
17.184052 -522.938599 3021.716553
17.637756 -981.345337 2936.292236
-244.085541 -44.603226 2941.529785
-218.317078 -513.590515 3046.398926
-177.645081 -962.894409 2941.899902
-135.802689 662.750183 3036.792969
-134.804550 431.566681 3012.177734
58.584007 429.645081 3033.735596
312.233612 317.375977 2932.015869
353.436462 569.431519 2760.881104
-328.193115 433.488281 2990.619873
-414.227997 79.132019 2994.726807
-418.663605 -220.047302 2883.396484
-133.835098 192.813263 2982.199219
-22.498177 -47.036819 2964.523926
17.098846 -512.006470 3070.270264
21.764145 -996.051453 2878.946289
-243.233109 -44.843491 2939.917480
-216.363144 -513.126892 3047.600098
-175.722275 -958.299316 2941.336182
-135.421524 665.113770 3036.653564
-135.892593 433.313904 3012.760742
57.607990 430.455872 3033.163818
314.644775 312.172485 2931.481445
392.280945 563.672058 2770.152100
-329.393158 436.171997 2992.357666
-414.589386 78.582092 2995.881104
-419.473328 -221.727356 2884.132568
-136.304016 194.507080 2983.210938
-26.281849 -45.930893 2965.305420
12.513882 -508.261414 3086.848877
18.246546 -1005.925171 2840.005859
-247.149033 -42.668625 2942.016846
-219.975510 -509.308838 3056.366455
-181.681976 -956.859863 2944.048828
-138.085739 669.060913 3047.594727
-140.114258 438.453247 3016.216064
53.707836 433.943726 3032.351318
308.763153 310.031921 2929.283203
416.040649 559.879944 2780.814941
-333.936340 442.962769 3000.080811
-414.848145 80.337708 2996.955811
-420.881134 -222.698395 2888.581543
-142.720032 200.502762 2981.015137
-34.681515 -40.022018 2955.025146
7.376034 -510.148254 3032.818359
13.291725 -988.491577 2880.205322
-255.970093 -34.873459 2936.603271
-226.675064 -504.425049 3036.830322
-183.732941 -957.713501 2936.578369
-138.320816 668.573242 3041.026367
-142.594513 438.364319 3012.120605
51.186527 432.544434 3028.619385
306.388214 309.008240 2927.117188
426.014069 559.465515 2784.947021
-336.375549 444.184204 2995.621826
-415.416260 83.681732 2997.964355
-421.774872 -223.059052 2894.355957
-146.985382 200.036499 2979.623535
-40.797375 -41.612350 2956.541260
12.739075 -511.351990 3037.577393
14.289036 -977.284912 2915.289307
-261.955139 -34.970261 2937.711670
-224.344162 -504.096191 3037.405762
-183.910675 -957.317810 2943.565186
-137.264786 670.166809 3038.245361
-141.966446 439.766357 3010.380371
51.862427 433.094360 3026.142090
302.724487 308.487701 2927.019775
413.665619 557.844971 2772.418701
-335.795288 446.438354 2994.618652
-415.678345 85.860504 2999.980957
-421.733398 -222.715729 2895.191895
-147.609314 201.310852 2978.834717
-42.640068 -40.952148 2956.283691
17.446297 -512.283386 3026.490723
19.872122 -972.867004 2923.817383
-263.864319 -33.337158 2938.294434
-218.052002 -503.151215 3030.957031
-176.850983 -954.474854 2943.835449
-135.850845 667.092773 3023.874023
-142.145798 435.937836 3002.943848
51.557110 428.829346 3020.064941
306.341309 306.227356 2934.493408
394.875977 552.960938 2763.041748
-335.848724 443.046326 2985.822754
-416.358276 87.449371 2998.979980
-421.480835 -222.441864 2892.130127
-148.655975 196.852234 2977.333252
-44.620792 -46.290146 2961.493652
17.732395 -518.168701 3029.232910
18.871140 -976.156006 2936.766113
-265.711487 -38.176590 2941.951660
-219.650391 -507.849609 3035.763184
-176.847321 -962.884888 2946.814453
-138.091858 664.987915 3017.693115
-142.013840 433.502136 2998.454834
51.580235 427.675842 3017.183350
298.149872 300.120026 2935.757080
368.926910 546.519958 2757.105469
-335.607880 439.328491 2979.726318
-416.196198 89.719574 2996.466309
-421.829376 -222.895752 2892.541504
-146.892090 194.177094 2974.428711
-41.282711 -48.473145 2961.091309
18.016693 -521.697388 3023.430420
25.129587 -977.680542 2932.813232
-262.257996 -41.822784 2939.713867
-216.781952 -511.537048 3033.886963
-171.027206 -960.660034 2941.355713
-139.278381 663.729797 3013.568604
-142.349915 431.699463 2995.142334
51.326691 426.331451 3013.222656
291.559814 296.086151 2940.310303
335.305603 541.798157 2752.880615
-336.026520 437.067444 2977.062012
-415.771729 101.405457 2995.899902
-425.731201 -213.873444 2898.149170
-146.817734 192.260300 2971.913574
-40.756775 -50.242294 2959.003174
13.440590 -524.721008 3017.050781
21.992140 -980.208740 2929.819580
-261.814301 -44.115402 2938.366455
-219.584213 -514.766968 3029.345947
-174.779724 -957.803223 2941.946289
-140.719330 663.217041 3012.009033
-144.052322 430.797607 2993.074463
49.588860 424.803833 3011.383057
287.335541 290.997437 2942.637451
286.842773 528.385071 2742.076416
-337.693481 436.791382 2974.765869
-414.323120 98.751648 2992.398926
-423.065033 -215.897949 2891.680420
-149.311417 191.317291 2970.298340
-44.060081 -51.583649 2957.970947
9.005089 -517.647827 3056.783691
18.444351 -997.551880 2871.942627
-265.080933 -44.742401 2937.073486
-222.633820 -516.239014 3023.476074
-179.856735 -954.898987 2941.409668
-139.862640 666.386230 3010.759277
-143.572113 434.787537 2992.201416
50.159431 428.708191 3009.506104
279.681458 290.994781 2940.770752
231.784485 519.446045 2736.068115
-337.303650 440.866913 2974.896729
-415.018188 108.087036 2989.329346
-429.630920 -207.628784 2892.478760
-149.059570 195.296997 2969.500000
-43.982986 -47.663086 2956.674561
12.959373 -510.168823 3071.828125
22.389406 -1002.713257 2839.235352
-265.111084 -40.724030 2936.922607
-220.596985 -512.617188 3020.108154
-177.382080 -948.092346 2941.725586
-141.754761 668.756836 2999.682861
-141.955246 436.451233 2987.079102
51.421272 433.704468 3008.115234
266.799683 293.975433 2936.943848
167.317657 512.302368 2734.528076
-335.331757 439.197998 2966.042969
-414.043762 104.560425 2986.668701
-429.032623 -210.979370 2886.402344
-143.279434 196.648849 2967.939941
-34.207100 -44.721634 2960.810059
20.345585 -514.811218 3031.890137
35.019062 -992.248657 2914.954102
-255.000137 -41.585434 2936.791504
-210.225998 -514.314819 3014.886719
-168.078079 -954.414307 2940.835449
-143.255463 665.056458 2994.617432
-142.016357 433.603821 2982.218994
50.965767 432.852539 3006.693604
256.378082 287.982361 2945.003418
115.962189 497.023682 2748.310059
-334.998474 434.355072 2957.744385
-412.539307 99.782013 2985.338867
-428.474396 -213.285217 2876.441895
-140.715088 193.671051 2964.593750
-29.272863 -46.690475 2960.937012
17.270414 -520.091370 3023.323486
29.626755 -997.073059 2893.023926
-249.554779 -45.832932 2933.000000
-213.541641 -519.855469 3007.242188
-172.144333 -957.509888 2936.641113
-145.678802 665.798523 2991.576172
-143.198837 434.084656 2979.091309
49.188187 434.255737 3007.799805
249.674210 284.985931 2942.525146
66.303314 482.510681 2763.578613
-335.585846 433.913635 2950.382812
-413.906555 106.999146 2983.448730
-430.523651 -206.772217 2875.679199
-140.484070 194.081390 2962.328613
-27.965357 -45.824265 2961.951172
17.917192 -522.089783 2994.847168
22.166054 -991.951660 2930.506592
-247.573257 -46.019516 2929.180664
-215.658676 -520.931152 2999.701416
-174.279343 -955.314148 2936.372559
-144.961533 665.149536 2990.050293
-143.238785 433.806885 2975.592041
48.942566 433.933380 3005.882812
245.332764 280.993591 2943.798340
29.661026 466.570679 2782.483398
-335.420105 433.680359 2945.301270
-414.316162 111.889374 2980.035156
-430.967468 -202.352539 2873.130371
-140.313843 193.848175 2958.036865
-27.729807 -46.038330 2957.765625
15.886847 -522.812012 2997.204102
21.180874 -996.123779 2886.054199
-247.047989 -46.182709 2923.197754
-219.880936 -521.152222 2995.433105
-175.096008 -953.723328 2934.093262
-145.468018 665.996704 2987.283203
-144.418091 434.883026 2971.910889
47.561279 434.882324 3003.578613
243.161118 278.493469 2942.930176
10.208282 457.670349 2793.107422
-336.397461 434.883728 2940.243164
-413.946075 113.743774 2973.127930
-432.023224 -200.857239 2867.267090
-141.528656 194.912720 2954.389160
-29.085899 -45.057983 2954.938721
19.452808 -521.561523 2996.826904
20.090063 -1003.972107 2851.289795
-248.192535 -45.057190 2918.796143
-219.808899 -520.620117 2986.620361
-177.928589 -950.154480 2936.614258
-149.725525 668.088989 2984.911621
-148.646713 437.609070 2968.504639
43.658562 437.755920 2998.158447
239.576324 274.742615 2939.455322
0.950165 452.682556 2795.907715
-340.951996 437.462158 2938.850830
-413.960999 116.776154 2968.511719
-433.217743 -198.050171 2863.399902
-145.600327 197.717346 2949.937012
-32.806007 -42.090530 2948.292725
21.538948 -518.984924 2976.357666
18.497980 -1006.510254 2823.931641
-252.301865 -42.258194 2914.446045
-227.220108 -517.561707 2985.374512
-180.997833 -948.838989 2939.640625
-152.302368 668.012817 2973.199219
-152.376892 437.953186 2961.489502
39.870682 437.751953 2991.590576
234.790955 272.367249 2935.705078
1.801605 451.436707 2786.635986
-344.624481 438.154419 2931.388428
-416.313812 119.309296 2963.308594
-437.166351 -197.139771 2863.600830
-150.152573 197.868576 2945.678223
-38.217285 -42.330887 2947.044922
21.344017 -515.469849 2918.930908
17.546186 -984.356934 2896.110352
-257.639191 -42.101181 2912.688965
-232.274399 -518.599487 2974.485840
-182.279282 -952.659119 2940.739746
-152.855667 667.322998 2967.344727
-155.055069 437.100891 2955.984131
36.922459 434.440186 2987.562012
227.909607 282.668823 2916.344482
-0.466751 463.252380 2764.155029
-347.032593 439.761597 2924.406250
-421.873779 117.516693 2957.860840
-437.889893 -198.679779 2856.477051
-155.802597 197.006989 2940.298828
-46.978519 -44.605530 2942.636719
19.435703 -515.399719 2887.321045
13.208050 -988.837463 2869.795166
-266.121735 -41.568298 2906.590332
-233.721222 -518.639282 2959.417725
-185.451324 -950.873474 2936.173828
-154.327133 668.072815 2965.457031
-154.928970 437.455688 2952.541992
37.073093 435.851044 2984.111084
226.937820 292.843536 2902.687500
11.432724 483.461060 2742.483643
-346.931030 439.060303 2920.972900
-427.188293 117.253937 2951.622314
-434.517334 -200.769104 2855.484863
-154.028641 197.499664 2934.869629
-43.557163 -43.372070 2935.213135
30.547596 -512.682861 2868.602539
26.400705 -994.557251 2832.195801
-262.699463 -41.540619 2899.181396
-218.767822 -516.849487 2958.380859
-172.088440 -953.667114 2934.235352
-157.779846 665.106628 2964.482666
-156.283737 435.512848 2947.715576
35.919266 435.222168 2978.079102
226.951569 293.920105 2888.336914
34.353104 496.131348 2715.294922
-348.486755 435.803528 2917.352051
-429.448822 116.246613 2944.951172
-433.432098 -201.587311 2847.718994
-153.437958 195.789307 2927.406738
-40.900108 -44.100128 2924.426514
31.169029 -512.446167 2845.644775
23.653946 -996.615601 2790.498779
-260.284241 -43.768341 2889.769287
-220.951797 -520.260864 2943.040771
-173.812622 -953.579773 2929.394531
-162.305252 667.018066 2962.948486
-158.630157 437.788269 2942.672852
33.404530 437.945160 2974.114258
231.469711 290.466736 2888.200195
68.935959 506.916107 2704.171631
-350.664825 437.631409 2911.231445
-432.322174 111.284851 2936.004395
-436.391571 -207.827850 2842.950928
-154.757812 198.264420 2920.216797
-41.292126 -41.169922 2915.704102
30.119473 -509.372284 2832.905273
14.129446 -989.012573 2761.405518
-260.478821 -41.348969 2879.817383
-226.392883 -518.014160 2935.677490
-176.793549 -946.755249 2930.452148
-163.869263 667.369507 2951.271973
-161.464783 438.289429 2932.772705
30.803585 438.111664 2962.753174
236.250366 288.225769 2878.074707
122.940407 521.691833 2686.246582
-353.733154 438.467163 2902.792236
-433.369171 111.376709 2929.095947
-438.385773 -207.343079 2834.612793
-158.163513 198.755463 2910.181152
-45.132923 -40.879929 2904.699707
25.687519 -507.092957 2810.416992
0.420395 -988.173340 2717.540527
-264.591553 -40.677048 2870.479492
-230.445602 -517.089966 2928.918457
-180.404251 -949.917969 2929.336426
-165.606415 668.872742 2944.379150
-163.289642 438.563232 2924.477295
29.243349 437.617950 2952.664795
238.139328 288.102570 2868.524902
183.842010 535.332642 2676.860840
-355.822632 439.508484 2896.289795
-432.982941 111.269958 2919.234619
-441.028473 -208.491333 2828.606201
-161.116089 199.038574 2901.598633
-49.059776 -41.025558 2894.807129
22.415733 -505.478027 2792.132812
-6.303988 -984.380798 2666.858398
-268.825287 -39.946579 2862.632812
-230.421295 -514.052002 2934.304688
-179.394470 -951.559814 2930.502930
-162.990936 670.812927 2918.970947
-163.674179 439.938904 2908.557373
29.080626 438.433838 2935.162109
240.599091 292.072937 2852.750732
237.784515 549.109558 2668.098633
-356.428986 441.443970 2881.952637
-432.889221 111.506683 2913.250977
-439.352417 -207.387360 2819.455322
-163.299042 199.958633 2892.263672
-52.917038 -40.880585 2891.153564
22.235596 -490.676300 2744.866455
-6.916533 -960.670776 2695.194092
-272.930756 -39.162689 2860.786377
-231.052338 -512.602417 2935.514160
-178.701401 -954.355042 2937.831787
-164.579376 671.414124 2905.770264
-166.603668 440.106812 2896.332520
26.591331 437.007385 2919.040283
249.814514 297.039978 2830.883301
289.882568 554.993042 2655.660400
-359.798645 443.206238 2873.624756
-431.933838 112.379517 2905.735107
-438.196838 -205.728058 2809.245850
-168.640228 200.041016 2880.892578
-60.396751 -41.794006 2878.414795
13.826698 -487.701447 2717.423096
-13.853868 -949.928772 2650.973389
-280.956848 -38.255554 2852.490479
-233.725891 -511.606659 2924.781982
-184.851746 -947.674683 2929.051025
-167.071167 670.996948 2900.124268
-167.342575 439.675598 2885.288818
26.295961 437.644592 2903.740967
256.866852 298.490356 2808.418213
330.226074 560.674683 2653.707764
-360.981110 441.706635 2866.836670
-431.190704 113.434479 2900.068115
-435.039673 -204.731964 2803.612061
-168.057678 199.845490 2866.395508
-58.248127 -41.143890 2858.034424
17.792553 -487.505493 2697.046143
-7.500080 -938.004822 2591.187256
-279.297455 -38.825378 2836.969971
-221.611267 -511.041443 2908.688721
-175.289917 -949.361572 2920.636963
-167.711182 670.372559 2885.294922
-166.683868 439.573669 2872.027832
26.973276 438.583496 2890.744873
268.409882 304.765411 2785.189453
366.099518 567.105835 2643.726807
-360.341003 440.563843 2853.310791
-430.134277 110.180420 2888.783936
-431.582153 -207.118011 2789.473389
-166.229950 199.606140 2854.636230
-55.274311 -40.926392 2847.924561
13.940067 -492.790649 2699.340088
-8.500324 -925.012451 2543.436768
-276.277740 -39.796387 2826.564697
-220.527893 -508.851868 2916.433838
-173.416824 -949.350159 2924.690674
-167.335266 674.291626 2877.880859
-164.451019 443.109558 2860.676514
29.405659 443.742676 2877.239502
272.183289 303.876099 2763.575439
398.643677 562.542175 2640.600342
-358.307709 442.476440 2844.113525
-429.067993 109.165009 2879.768799
-428.586182 -206.014618 2774.091553
-161.962280 203.358246 2840.712402
-48.838757 -36.031754 2830.200928
11.927708 -491.412170 2688.271729
-8.505827 -903.910034 2488.319336
-270.108337 -36.754410 2811.295654
-215.841614 -506.967712 2896.989990
-169.998840 -948.159973 2918.304688
-162.930969 670.733521 2863.716797
-160.696655 440.629578 2845.367188
33.265472 442.502075 2860.695801
272.072876 300.945221 2739.779785
413.736084 560.884399 2636.700684
-354.658783 438.757080 2830.038574
-426.928741 110.708649 2866.477295
-427.972443 -204.974304 2762.193848
-156.700714 201.000473 2824.076660
-42.015472 -37.560059 2811.533691
3.976803 -498.819763 2684.826416
-9.897699 -888.830872 2444.297607
-263.394073 -39.697235 2794.038574
-215.334930 -508.490814 2890.347168
-167.856888 -952.039917 2917.541016
-158.857208 669.986267 2846.631592
-157.100754 439.589417 2827.552979
37.043674 442.095886 2840.160156
275.027374 300.469757 2713.376465
420.662842 564.753479 2626.594971
-351.245148 437.082916 2814.945801
-422.123077 107.868683 2848.492676
-423.460114 -210.813690 2754.264893
-152.564880 200.042725 2805.327637
-37.225262 -38.073425 2790.297607
-2.585690 -502.471497 2671.065674
-16.552925 -878.211426 2406.500732
-258.832764 -40.934479 2775.906982
-215.392670 -509.441376 2876.226807
-171.199066 -947.789246 2914.269043
-152.195099 668.205383 2830.083496
-150.654007 438.579712 2810.516602
43.636559 441.344238 2820.553223
279.017334 303.739471 2688.668213
420.556580 572.477356 2607.078369
-344.944550 435.815247 2800.479980
-416.559387 110.734558 2833.996094
-415.721771 -210.111908 2747.442627
-146.124451 198.975739 2788.829346
-30.711264 -39.050522 2772.870117
-5.026720 -505.697021 2659.681641
-19.324467 -877.363525 2387.034424
-252.478531 -42.205978 2761.414062
-215.094833 -510.192444 2866.611328
-169.523819 -944.545654 2914.714355
-147.157715 670.256409 2817.321533
-146.136505 440.193420 2794.288574
48.290535 442.260651 2801.146729
274.483978 304.343506 2660.848145
409.162354 579.237549 2589.227539
-340.563568 438.126160 2787.430420
-413.177002 111.784943 2823.292725
-407.286407 -208.747223 2735.553711
-142.707336 200.926239 2769.194336
-28.310890 -37.161072 2748.014404
-12.016432 -502.446869 2627.490479
-27.508160 -885.725403 2370.822754
-250.245438 -39.520782 2740.185791
-217.607315 -509.197754 2839.306152
-172.707840 -940.454529 2903.388428
-139.286972 668.301636 2800.461182
-139.068787 438.538940 2775.289062
55.362328 440.241150 2782.707520
279.248169 307.166016 2636.460449
387.023132 591.087341 2559.634277
-333.499878 436.836700 2767.870605
-427.110992 112.940613 2817.838379
-397.803925 -203.178284 2722.426270
-135.936768 199.496033 2748.052246
-21.853064 -38.575485 2725.048828
-5.261553 -503.004272 2600.681396
-26.472019 -901.979370 2370.526367
-243.756439 -40.518234 2716.582031
-214.844315 -509.781738 2818.980469
-169.462784 -950.551331 2897.188965
-131.128769 665.058960 2784.543701
-130.027191 437.156281 2756.122559
64.346420 439.455261 2764.917236
279.618927 306.591187 2611.263184
351.786469 597.462769 2526.316162
-324.400787 434.857300 2747.327881
-415.501831 115.124023 2796.765137
-392.538971 -202.567017 2703.337891
-125.886192 198.344604 2727.026855
-10.817719 -39.155075 2702.950195
1.533107 -502.158081 2572.753418
-22.185131 -912.967529 2364.358887
-232.672668 -41.779068 2692.912109
-211.173843 -511.433228 2795.301270
-165.883698 -954.532837 2891.194580
-123.737465 664.714417 2762.552979
-121.099792 437.056213 2734.464844
73.269699 440.545959 2743.067871
270.279816 307.814178 2582.145020
304.976074 605.768433 2493.155029
-315.469269 433.566467 2725.861816
-405.752075 109.580078 2778.055176
-380.368805 -207.040833 2680.791016
-115.478180 198.408539 2704.259766
1.069103 -38.247559 2678.964355
6.036013 -502.072662 2551.177490
-19.300280 -920.240967 2357.052490
-220.782242 -42.230713 2669.145020
-213.812744 -513.680176 2763.941650
-165.591232 -951.591064 2881.136963
-113.667809 666.874390 2742.558838
-111.705078 440.367004 2713.041992
82.621735 443.228699 2722.803223
266.150208 309.905396 2558.602783
240.183807 604.981567 2463.551514
-306.031891 437.505310 2703.280762
-393.337738 109.927063 2752.550781
-367.772003 -207.824890 2658.593750
-106.551796 202.045868 2680.318848
9.504665 -34.642075 2653.166504
9.479189 -500.757629 2534.062744
-22.571802 -922.258301 2347.331787
-212.301712 -37.908463 2642.024902
-214.930695 -512.505859 2717.849121
-168.229752 -946.756409 2866.315674
-106.608368 674.380493 2732.067139
-104.438751 449.973053 2696.040771
90.008194 453.190735 2700.295654
261.994141 308.382446 2538.302246
179.982727 587.905090 2427.218506
-298.885681 446.755371 2691.785889
-381.012238 117.384277 2731.952881
-358.849731 -200.481659 2637.267822
-99.667938 212.567947 2657.551025
16.117134 -23.000107 2621.490479
13.211834 -491.985962 2514.660889
-23.564838 -917.433350 2337.560547
-205.911377 -26.674210 2616.632080
-214.277283 -503.752808 2673.555908
-169.476074 -937.803040 2851.300049
-96.508179 680.030701 2717.316406
-96.932503 456.355835 2678.158936
97.576012 457.869781 2682.071289
258.502441 315.180481 2516.676270
108.825516 562.737793 2408.158203
-291.441010 454.841888 2674.246582
-368.159607 124.504272 2709.124268
-354.621796 -195.022034 2618.822998
-94.238144 219.570129 2635.833496
19.444931 -16.351700 2595.740479
14.751656 -488.663574 2505.758057
-24.495022 -920.154663 2344.801514
-202.532501 -18.079453 2591.275635
-217.761642 -496.975769 2616.265625
-167.014954 -939.382751 2841.984131
-90.313858 684.147400 2699.435547
-92.025826 461.379608 2658.210205
102.475945 461.362793 2663.316895
258.767883 317.085815 2495.360840
58.209885 533.023315 2397.035400
-286.527588 461.396423 2653.103516
-359.674042 132.539795 2683.683838
-351.968475 -187.349518 2593.807373
-90.870392 225.011078 2613.424072
21.280500 -11.367035 2571.552002
16.319786 -486.913849 2502.255859
-24.157413 -920.493530 2346.608643
-200.710419 -11.347870 2565.723877
-220.615128 -490.476227 2560.671631
-167.340714 -933.249512 2819.599121
-85.704674 689.425659 2690.528076
-87.517113 467.678650 2643.677002
107.026497 467.872467 2644.903809
261.843933 317.506958 2476.684570
26.521835 508.188568 2392.810791
-282.060699 467.484802 2642.450195
-368.469604 135.231140 2672.335449
-344.988220 -178.371338 2567.017822
-86.974350 232.120865 2594.830811
24.608450 -3.326263 2546.684814
19.893776 -480.398529 2486.805420
-22.413322 -918.899475 2346.579102
-197.471634 -3.547546 2545.284424
-212.166733 -482.515259 2518.904053
-161.360703 -921.187012 2799.619873
-79.807442 693.063171 2667.534668
-84.065285 472.130859 2624.834961
110.457863 471.608673 2622.376953
266.948425 322.269897 2457.839600
15.643845 502.125183 2377.124512
-278.588440 472.653046 2627.292969
-356.907410 141.507111 2647.869629
-342.326569 -172.463348 2541.067871
-85.283859 236.045761 2578.552246
24.518517 -0.337372 2530.866699
19.093580 -479.065063 2486.637695
-25.177019 -920.219116 2355.194824
-197.523376 0.258698 2533.672363
-208.627533 -476.606018 2481.216309
-165.328018 -910.165527 2769.909424
-74.947708 695.466248 2646.531006
-80.468979 474.407379 2606.767822
114.017258 473.403625 2601.738037
271.488678 328.140259 2439.404541
19.809952 512.440430 2353.650635
-274.955231 475.411133 2611.797607
-349.851440 147.829834 2628.302490
-335.868347 -163.765930 2514.135742
-82.846893 238.021027 2561.993652
25.762108 1.061859 2514.349121
21.555450 -478.555634 2478.761475
-24.381001 -921.156982 2352.413330
-196.211716 2.207489 2520.089844
-198.017502 -469.863037 2436.375244
-162.851898 -901.545532 2726.175537
-73.229797 698.323547 2635.546143
-78.136642 476.066162 2591.669189
116.210571 476.000671 2582.972412
274.719391 334.553284 2420.693115
29.384186 528.963928 2330.592529
-272.483856 476.131653 2600.365967
-345.317261 152.785583 2610.923584
-332.401764 -152.799072 2481.933838
-80.325089 240.131287 2544.539062
28.409252 4.159058 2492.445312
24.092707 -476.155060 2467.048096
-23.383917 -919.824402 2344.810791
-193.436310 4.233795 2502.372559
-192.893448 -469.382629 2380.270508
-159.310638 -891.723877 2673.670654
-73.283806 701.263184 2621.006348
-76.127396 478.888733 2576.635742
118.018845 479.974304 2564.370361
278.348694 336.774170 2401.332275
61.050964 559.300293 2305.680908
-270.273651 477.803131 2588.901123
-342.785217 156.104126 2596.895996
-330.385132 -143.421448 2454.454102
-77.839081 243.104919 2528.673096
31.253452 7.940689 2473.710205
27.451609 -472.846558 2461.049561
-24.822958 -918.231812 2347.511475
-190.354980 6.701553 2487.710693
-189.239792 -456.726624 2347.836182
-157.917435 -851.796753 2634.202881
-72.018394 699.204712 2596.263428
-75.208908 477.110535 2558.312988
118.858932 478.715363 2544.531250
284.684509 334.402679 2385.645996
107.215103 583.122131 2282.378174
-269.276764 475.505676 2572.094727
-340.686523 157.164948 2582.633301
-325.795868 -137.653137 2430.634033
-76.428238 240.698593 2513.613281
33.093536 5.202438 2461.049316
27.156218 -475.712158 2460.960449
-25.182585 -922.777100 2354.116211
-188.388672 3.370895 2476.777832
-186.683456 -468.426514 2317.825195
-158.211594 -845.281738 2606.669434
-69.239670 702.783630 2584.432617
-71.774857 478.888824 2544.876953
122.310883 480.064819 2531.027588
295.859894 335.680786 2367.362549
164.519302 607.386475 2264.014893
-265.860596 477.712830 2558.726318
-338.376434 155.430298 2567.915771
-323.560791 -136.958221 2410.870850
-73.635269 242.743851 2498.752441
35.259777 7.269974 2444.724609
26.227715 -473.613586 2452.679932
-26.639858 -921.451050 2349.144043
-186.251144 5.927780 2460.531250
-184.681122 -456.501038 2290.649902
-157.515900 -841.962524 2555.684814
-69.388618 705.010986 2577.474609
-72.380524 480.377808 2534.813232
121.326691 481.831482 2516.802734
302.913452 336.824097 2344.682373
228.158081 625.702026 2245.107910
-266.087708 478.924103 2552.823730
-351.226013 153.671509 2572.504395
-317.666748 -123.048706 2394.378662
-75.044571 244.547607 2487.125488
32.861679 9.547211 2429.157227
20.430168 -470.965790 2447.581543
-30.066265 -920.486694 2350.408691
-188.278915 7.887634 2449.718262
-187.451447 -452.553802 2272.095215
-160.927704 -849.447998 2512.718262
-67.614128 705.953796 2564.968994
-72.277718 481.100464 2522.945557
121.334068 481.452332 2503.676758
308.975769 339.404388 2322.310791
294.539337 635.431763 2228.403564
-265.889496 480.748657 2542.214355
-342.344788 155.723907 2551.160400
-314.090057 -124.739685 2376.560303
-76.455566 245.013977 2476.655762
29.851105 9.128250 2419.370117
18.266850 -471.386597 2440.937500
-27.021671 -925.489929 2369.173584
-191.117950 8.726700 2441.361816
-185.560379 -451.907532 2247.093994
-162.027786 -857.165222 2470.656738
-67.943344 707.591309 2551.228760
-72.583145 481.396973 2510.261475
120.639435 481.346375 2487.535889
315.502686 345.209595 2298.147461
363.678955 640.198608 2223.788818
-265.805725 481.447571 2532.987061
-348.561768 152.662720 2547.463135
-317.934204 -124.224243 2366.917236
-77.908440 245.036469 2465.509277
27.048326 8.647064 2407.786377
17.972179 -471.537689 2436.726807
-28.838631 -925.186584 2360.760986
-193.515778 8.704834 2433.727783
-182.757095 -448.391510 2232.611816
-160.789932 -869.776123 2419.084717
