-35.200703 722.711670 2420.129395
-39.586494 489.380463 2388.616211
147.530731 482.775391 2408.439453
375.530823 309.001587 2374.919189
253.635269 540.768127 2291.650391
-226.703735 495.985535 2368.793457
-303.535706 160.881104 2341.778076
-286.229980 -124.059448 2213.117188
-43.715317 250.119324 2347.867432
63.494934 6.928024 2318.913574
59.930954 -477.010742 2357.511963
67.326050 -943.504822 2342.431885
-159.183197 14.788345 2295.323242
-156.421265 -468.164734 2344.239014
-151.291473 -934.859314 2345.323242
-36.223782 721.876099 2420.734619
-40.622131 488.950043 2388.816162
146.404922 482.103241 2409.422119
375.266510 310.493835 2375.480225
267.277649 544.300842 2287.084229
-227.649216 495.796844 2368.210205
-303.761230 160.946930 2341.366455
-284.137146 -124.794067 2214.118896
-44.894615 249.684143 2348.092529
62.117111 6.344284 2319.629639
60.092003 -477.503479 2359.457520
66.412956 -943.847778 2340.095459
-160.451309 14.492203 2295.108154
-156.666885 -468.392700 2344.921631
-150.174957 -935.116760 2346.386963
-36.077271 720.218323 2421.546387
-41.158447 487.773254 2389.197021
145.759567 480.255188 2410.550049
373.643555 312.233582 2376.260986
278.205597 543.928223 2274.872314
-228.076462 495.291260 2367.843994
-304.365662 160.983093 2341.176270
-285.701965 -126.075470 2214.981689
-46.072884 248.599274 2348.006836
60.233505 4.951889 2319.522217
59.506565 -478.862183 2359.826172
67.487190 -945.232788 2341.409668
-162.208145 13.898727 2294.111084
-158.098755 -469.353699 2340.224121
-149.666229 -936.037842 2344.824219
-39.097122 719.187988 2423.446777
-43.735519 486.350037 2390.201416
142.992645 478.638428 2413.063965
370.820679 314.615662 2382.144531
296.321167 541.187439 2249.884521
-230.463684 494.061615 2367.338867
-308.680634 159.490814 2338.580078
-281.836700 -128.080780 2212.190918
-48.523209 247.234909 2348.649902
57.799248 3.531113 2320.702393
60.466713 -480.123230 2362.665527
65.080849 -946.566101 2344.999512
-164.421051 12.708481 2293.494385
-155.296005 -470.453247 2339.730225
-150.549194 -937.189209 2344.857666
-38.052017 720.021545 2423.897705
-43.275894 486.157471 2390.988770
143.295731 477.607605 2414.812988
370.918274 316.798157 2382.083984
326.263580 538.007690 2231.149902
-229.847519 494.707397 2367.164551
-312.328247 160.253723 2334.279785
-282.613556 -127.491211 2212.719727
-48.890270 247.108170 2349.166992
56.510262 2.971436 2321.521240
61.218658 -480.698425 2363.175537
66.098381 -946.779419 2338.504639
-165.519562 13.146271 2293.169189
-155.003159 -469.588593 2343.415527
-147.969223 -936.321655 2345.771240
-38.492146 718.042175 2423.110107
-43.874500 484.285614 2390.577148
142.626846 475.449615 2414.871582
363.470306 317.884613 2388.056152
356.416290 534.502136 2222.048828
-230.375870 493.121613 2366.282715
-314.036499 168.232269 2335.607666
-290.527527 -122.696167 2215.736816
-49.779640 245.207428 2348.955078
55.286251 0.871704 2321.788574
62.749130 -482.742035 2363.677734
64.748444 -949.129272 2345.856445
-166.655807 11.386780 2292.877441
-156.137070 -471.301453 2343.754395
-148.126617 -938.026672 2347.061035
-40.447002 719.194580 2430.732910
-46.142010 486.062683 2393.664307
140.402405 476.934143 2417.531494
360.233215 316.936340 2387.539551
376.163269 531.052246 2212.819336
-232.686432 495.191223 2369.797119
-317.519684 166.117249 2335.816650
-289.222839 -123.989288 2216.950195
-52.186043 247.431488 2349.633545
52.767635 3.368607 2319.804199
60.404575 -480.440369 2359.360840
64.300301 -946.867554 2341.804932
-169.227783 14.231949 2291.401367
-158.440948 -468.265625 2344.063232
-148.327789 -934.936707 2342.424072
-40.043365 719.362000 2426.028809
-46.652542 486.069031 2391.953369
139.983536 476.885864 2415.072754
360.624146 317.471863 2387.751465
386.723145 529.092285 2209.719727
-233.288651 495.252197 2368.833984
-318.753723 165.058197 2335.902100
-289.414429 -125.040466 2218.688232
-53.152046 247.159058 2349.524902
51.401733 2.784866 2320.853027
61.132256 -480.611694 2364.574707
63.965202 -946.951172 2344.282227
-170.704819 13.713303 2293.339844
-158.106827 -468.419006 2348.823730
-147.227051 -935.041138 2343.058594
-40.734344 720.184326 2431.194092
-47.184032 486.831512 2393.762695
139.388474 477.516846 2417.345703
363.312469 317.734009 2386.393311
391.163361 528.003906 2207.741943
-233.756546 496.146179 2370.179688
-318.875122 165.525269 2333.960938
-292.566040 -125.519775 2220.042480
-53.489380 248.266083 2349.418701
51.220272 4.158203 2319.107178
62.072845 -479.500580 2359.567627
66.231308 -945.971069 2342.769287
-170.809723 15.243103 2291.042236
-156.020920 -467.130859 2343.787354
-146.819580 -933.818542 2339.406982
-40.779549 719.943115 2426.258545
-47.537571 486.988281 2391.590332
139.150513 477.958008 2414.347412
365.660797 317.873840 2385.177979
384.723633 529.715698 2207.078857
-234.225647 496.018555 2368.833252
-318.934631 165.259583 2335.473633
-290.289978 -126.265350 2219.839844
-53.870686 248.143707 2348.767334
50.881062 3.925858 2319.485596
62.656929 -479.196289 2365.487793
64.385674 -945.114014 2338.656006
-171.288666 14.672409 2292.403076
-155.773590 -467.304443 2348.456299
-147.178406 -933.917175 2339.147949
-40.418983 716.547241 2423.776855
-48.240871 484.283997 2390.422363
138.493256 475.194092 2412.783936
371.841034 319.939514 2385.550537
374.590240 529.167847 2204.894287
-234.974976 493.373962 2368.060791
-318.959167 164.634979 2333.224365
-290.087128 -125.960968 2220.197510
-54.841114 245.301300 2348.392578
49.669689 0.909882 2319.668457
61.503662 -482.260101 2365.394287
64.719521 -948.081787 2336.155518
-172.552414 11.727295 2293.057129
-155.990005 -470.617523 2345.501465
-149.354446 -937.323669 2340.513184
-40.243771 715.342285 2422.017334
-47.314667 482.910400 2389.543701
139.440552 473.920227 2411.776367
371.920532 319.484192 2382.722168
365.281128 529.777161 2206.146729
-234.069885 491.900513 2367.311035
-318.981934 164.817596 2333.576904
-289.487915 -125.578644 2219.334229
-53.895676 243.814606 2348.141846
50.647079 -0.630524 2319.968994
63.822937 -483.944397 2363.835449
67.813759 -949.858643 2335.622314
-171.600449 10.068176 2293.510986
-153.094330 -471.835663 2349.237061
-148.737900 -938.286499 2334.683838
-39.403091 716.436523 2421.680176
-46.485584 483.637329 2389.025879
140.180008 474.350586 2411.875977
371.466064 317.730164 2380.884521
349.848328 529.773010 2202.971680
-233.151169 492.924072 2366.175781
-318.977905 165.419708 2334.264404
-292.176910 -125.754333 2220.407471
-53.311996 244.546936 2347.620117
50.932903 -0.069336 2319.810791
62.981289 -483.279266 2365.175293
67.206062 -948.886047 2332.355957
-171.209717 10.982422 2292.617920
-153.723785 -471.447784 2343.872559
-150.731812 -938.080566 2337.758301
-38.107674 718.183044 2421.489014
-45.367115 484.824402 2389.241455
141.335983 475.259705 2411.668213
368.754639 317.357544 2379.904541
331.200989 527.038940 2199.393799
-232.070236 494.389099 2366.814697
-318.969910 166.722473 2333.627197
-294.021545 -125.597961 2220.494385
-52.714092 245.652283 2348.401367
51.032093 0.788910 2320.905762
62.605026 -482.344971 2367.244629
67.117958 -947.904419 2333.516602
-171.154221 12.171387 2294.216797
-153.428482 -470.181732 2346.272217
-148.068680 -936.767944 2350.378662
-37.834366 716.623108 2421.416016
-44.375217 483.990631 2389.195312
142.209793 474.884827 2412.742188
366.866150 314.683807 2377.966064
307.576538 526.283386 2202.857666
-230.960220 493.096436 2365.648438
-318.993042 167.355865 2332.301514
-294.493469 -125.519562 2220.651855
-50.910149 244.775421 2348.470703
53.579723 0.141922 2321.757324
65.292953 -483.168457 2366.179199
69.948517 -948.502563 2329.472900
-168.469879 10.978500 2293.734863
-151.181076 -471.356812 2346.184082
-145.612488 -938.030273 2345.737061
-35.456017 716.350220 2423.403076
-42.336655 484.020935 2389.823242
144.273834 474.508728 2413.017334
374.449677 315.322815 2376.996826
284.048462 529.713257 2215.848877
-228.947144 493.533081 2366.629150
-319.980865 167.686829 2332.686768
-295.263672 -125.778595 2221.499268
-49.369980 244.946533 2348.362793
54.633942 0.212204 2320.703369
63.599464 -483.397888 2362.274414
68.688736 -949.383362 2337.926514
-167.440552 11.532089 2293.101318
-152.434998 -471.129517 2343.135254
-148.849365 -937.868225 2344.884766
-33.249199 715.835999 2422.868164
-40.323524 483.476013 2389.177979
146.266388 473.504517 2412.353027
380.774323 317.620422 2375.992676
262.095184 535.353760 2235.686768
-226.913422 493.447510 2366.002930
-319.436798 167.881653 2332.841553
-295.669617 -125.782501 2222.340820
-47.954781 244.412201 2347.757812
55.439270 -0.584885 2320.127441
64.041130 -483.896973 2365.079834
69.164757 -949.953674 2340.433350
-166.611343 11.281662 2292.547852
-152.528427 -471.357849 2343.128174
-150.221222 -938.118042 2340.921631
-33.058914 716.675903 2422.101318
-40.757149 484.599915 2389.003906
145.998825 474.712769 2410.803711
381.391663 317.311829 2374.982178
243.720947 541.982422 2253.757812
-227.513138 494.487061 2367.204590
-318.716492 167.938965 2332.931396
-295.869385 -125.873505 2222.576172
-48.618267 245.488174 2347.900879
54.647736 0.493179 2319.769531
61.913166 -482.981384 2363.261963
67.151382 -949.359985 2346.299805
-167.606506 12.259689 2293.826172
-155.815308 -470.426575 2344.539307
-152.437775 -937.204468 2344.711426
-33.814644 714.993591 2422.726807
-40.617878 483.670410 2388.652588
146.192108 474.531555 2410.329346
374.671082 314.674896 2368.494873
230.399628 549.558411 2272.285400
-227.427887 492.809326 2366.975830
-318.885498 167.948822 2332.976807
-295.926636 -125.795746 2221.966309
-47.509422 244.582733 2347.244385
56.754971 0.057205 2318.734375
66.698959 -482.985474 2366.143066
68.651009 -949.391357 2348.143311
-165.556900 10.932877 2292.937988
-153.960541 -471.694092 2344.300049
-147.096405 -938.437256 2344.566895
-34.187412 715.412964 2414.531982
-41.078327 482.956451 2385.671143
146.005264 474.803619 2405.154297
372.854797 317.353943 2366.241943
226.155624 565.142944 2281.101807
-228.161911 491.109283 2366.187988
-317.923706 168.458954 2332.477539
-295.700928 -125.764252 2221.940430
-47.538639 243.348831 2347.439453
57.328617 -1.110275 2320.801514
63.929668 -484.448730 2365.683838
67.815254 -950.978271 2351.089600
-165.326523 8.592697 2297.614014
-155.248016 -473.985840 2349.743652
-150.334030 -940.764282 2350.160400
-33.507118 716.301392 2417.454834
-40.782837 483.557983 2386.480713
146.264694 474.805023 2406.126221
375.445435 321.655701 2365.145508
223.422180 574.544861 2286.985596
-227.830368 492.310913 2366.835205
-317.940735 167.742615 2334.752686
-293.625122 -125.709595 2219.721191
-47.902573 244.069275 2347.565430
56.271179 -0.627426 2320.339355
61.474716 -484.292847 2361.776367
67.014511 -950.913452 2350.854980
-166.315796 9.788589 2296.960938
-154.594131 -473.173462 2344.849609
-152.591309 -939.967224 2346.820068
-31.460617 718.695862 2418.905273
-38.475574 485.986023 2388.081543
148.490891 476.776978 2408.314941
371.234741 325.810669 2362.599609
226.727875 588.351440 2281.869629
-225.442032 495.195129 2367.848145
-317.452057 168.384583 2334.362793
-292.460358 -125.628815 2220.321289
-46.034016 246.540955 2348.943115
57.655441 1.616333 2321.843750
63.782814 -481.893982 2365.061279
69.029549 -948.431946 2350.671875
-164.840347 12.575409 2297.765625
-155.317825 -469.986664 2349.874023
-147.796860 -936.324768 2337.557617
-30.602970 718.403809 2420.153320
-37.697502 485.705261 2388.905273
149.297028 476.226379 2408.776367
365.130554 328.889038 2360.814209
230.978027 594.988525 2268.541016
-224.692017 495.184143 2369.034180
-310.214203 164.697693 2339.722900
-296.120331 -127.105896 2222.327881
-45.593674 246.386841 2349.051270
57.775238 1.428314 2321.020996
62.530144 -482.060974 2364.729492
67.310051 -947.868774 2337.481689
-164.754944 12.708527 2297.373535
-154.031937 -469.887695 2349.081787
-149.467422 -936.321167 2334.673584
-31.423098 720.082642 2420.749268
-38.737778 487.039062 2389.190430
148.162262 477.305420 2409.814941
368.066986 334.937012 2360.428711
241.889954 604.025696 2254.134521
-225.637817 496.772705 2368.565918
-306.599731 163.855072 2342.341797
-296.627747 -126.611206 2222.265137
-46.796524 247.733124 2349.279297
56.355042 2.635437 2321.640381
60.951672 -480.752747 2366.520264
65.712517 -946.372314 2335.041260
-166.065582 14.218964 2297.095947
-153.684555 -468.996918 2341.743652
-154.918381 -935.460205 2342.581055
-33.109520 721.596313 2420.501953
-40.555481 487.789551 2389.569092
146.349518 477.997650 2410.136719
370.544556 342.471283 2357.166016
265.709778 616.833252 2235.158203
-227.460449 497.581482 2369.001465
-305.288849 163.937866 2344.630371
-296.127106 -125.871948 2221.669189
-48.780052 248.378082 2350.328369
54.207764 3.140213 2323.325928
60.761787 -480.420105 2365.996338
65.011475 -946.209717 2336.188232
-168.217010 14.792984 2298.849365
-154.382446 -468.055969 2347.076904
-155.454620 -934.542053 2338.941650
-33.495464 719.211243 2420.445801
-42.029411 485.432434 2389.171143
144.940018 475.636017 2409.142334
375.276367 353.230896 2356.581299
301.261200 632.002563 2217.873047
-228.998825 495.228851 2369.199951
-305.144897 164.465759 2344.360596
-296.398682 -125.761444 2222.115479
-50.319008 246.112778 2349.384766
52.643120 0.963989 2321.481934
61.163780 -482.522095 2364.666992
65.304733 -948.222168 2333.068848
-169.860336 12.622253 2297.714844
-154.347763 -470.590668 2341.605469
-152.435471 -937.214722 2334.650391
-34.116993 718.893433 2420.418213
-43.600109 484.726471 2389.049072
143.395889 474.747437 2408.683105
380.174194 361.588257 2349.274414
344.660797 648.705017 2211.020264
-230.596115 494.705505 2369.415039
-308.042053 166.249023 2341.743896
-294.801575 -125.564209 2222.000488
-52.171005 245.449036 2349.065430
50.525326 0.233826 2320.764648
60.313751 -483.302765 2363.141846
65.278595 -949.478699 2341.718018
-172.009125 12.109375 2297.398926
-153.890808 -470.962677 2342.008301
-154.664139 -937.671265 2336.514893
-34.848186 718.009338 2420.925293
-44.231426 483.907654 2389.617920
142.736298 473.660248 2409.386475
383.111023 369.758606 2342.193604
386.571716 660.348267 2205.139404
-231.199158 494.155029 2369.849365
-306.490845 165.142914 2341.900635
-289.355225 -126.599945 2220.528076
-53.069221 244.710892 2349.211670
49.343479 -0.583313 2320.568115
62.076427 -483.768951 2365.899902
66.671768 -949.814697 2340.791992
-173.157516 11.611603 2297.042725
-154.302399 -471.696198 2338.766846
-151.155945 -938.404541 2339.817627
-36.128349 716.786926 2421.134521
-44.562416 483.100098 2389.877930
142.348923 473.076050 2410.278076
385.534760 374.889496 2333.123779
427.941315 664.529968 2199.755615
-231.473740 493.124084 2369.477783
-306.260895 160.562195 2343.422119
-283.711700 -128.717285 2217.086182
-52.984314 243.883774 2349.497314
49.811356 -1.297104 2321.255371
64.673782 -484.324402 2367.666992
66.516342 -950.305298 2340.573242
-172.623779 10.632034 2296.978027
-154.858871 -472.118469 2344.851318
-148.339203 -938.750366 2339.208252
-37.894829 718.445312 2421.236816
-45.340488 483.774902 2389.942139
141.512619 474.083801 2411.018555
390.748779 382.955475 2323.077881
475.241760 667.121887 2200.756348
-232.193619 493.465973 2368.865723
-302.145081 158.272217 2345.186523
-283.164856 -128.710907 2216.420410
-53.214439 244.511307 2349.732910
50.094585 -0.518753 2322.064697
63.524239 -483.807251 2366.141113
67.433777 -950.025024 2343.810303
-172.271362 11.014206 2296.982666
-152.996841 -471.905579 2342.711670
-151.577515 -938.563477 2345.291016
-39.567062 717.907837 2421.286377
-46.044853 483.070923 2389.634277
140.934021 474.296692 2409.961426
396.362823 384.490082 2316.025879
509.468170 662.012695 2202.375977
-233.023712 491.845154 2369.307129
-301.587097 155.624725 2346.600342
-280.746918 -130.547516 2215.265625
-52.908691 243.769318 2349.476074
51.486305 -0.753265 2321.413086
65.701996 -484.021484 2365.547852
67.116470 -949.948792 2337.761475
-171.031372 9.688660 2297.222656
-150.800247 -473.007904 2344.972900
-148.868103 -939.745361 2346.260010
-39.985298 717.093811 2421.313965
-45.598083 482.369415 2389.699707
141.446411 474.151184 2409.663818
401.158417 385.767609 2311.997803
531.599060 655.306824 2200.177246
-232.642609 490.587646 2369.735596
-300.821167 156.290741 2347.813965
-281.152344 -129.406586 2215.706543
-51.827187 243.049484 2349.543701
53.239372 -1.160477 2321.266602
66.528252 -484.379395 2366.252686
67.079613 -950.629761 2344.725586
-169.351944 8.619583 2297.508789
-149.317459 -474.461182 2341.226074
-147.106155 -941.238281 2342.008057
-42.513863 716.701233 2421.839600
-46.854004 482.295349 2389.328613
140.223129 474.917938 2409.313721
403.061707 383.894745 2312.508545
538.963623 646.741821 2194.543457
-233.931137 489.672729 2369.343506
-297.928833 156.130646 2348.418945
-278.518524 -130.718506 2216.561768
-51.920540 243.073578 2348.447754
54.328835 -0.537933 2319.458496
64.636597 -483.783081 2364.873779
67.901009 -950.170593 2346.311768
-168.302994 8.241577 2295.675293
-150.870697 -474.991791 2338.891846
-147.946381 -941.679932 2346.281982
-43.998245 720.796875 2421.079590
-47.308868 485.580017 2389.899170
139.747726 478.919220 2410.322754
403.516907 381.458679 2313.248047
538.350830 641.028198 2190.739258
-234.365463 492.240814 2369.475586
-296.976898 155.058411 2347.687988
-277.234100 -132.043274 2217.607178
-51.485394 246.165253 2350.069824
55.641716 2.787140 2322.393066
65.746315 -480.489136 2367.587402
67.840385 -946.683899 2344.475098
-166.965561 10.713837 2298.087891
-151.594116 -472.079163 2346.461426
-147.899475 -938.817993 2348.445557
-41.669971 719.269775 2413.705322
-46.884193 484.154663 2387.234375
140.235962 477.595642 2407.110352
402.263611 381.233887 2313.112549
531.063354 641.182373 2187.439941
-234.004364 490.713715 2367.358398
-296.983429 156.026794 2348.335693
-279.802643 -130.096619 2217.451172
-51.348343 244.322205 2350.117188
55.528351 0.586960 2324.826660
63.652946 -483.059204 2366.114014
65.045334 -949.244263 2342.266846
-167.153320 8.392502 2301.173340
-153.896210 -474.770630 2346.443848
-148.128906 -941.493164 2350.900635
-40.961689 718.779785 2417.027832
-45.550743 483.479126 2388.039551
141.366135 476.310059 2409.495605
396.138000 378.117432 2315.568848
513.151306 641.431946 2184.905762
-232.467606 490.648193 2366.583496
-294.983398 156.010590 2347.663574
-278.697052 -130.923157 2218.658203
-50.326679 243.858521 2349.581299
56.121574 -0.028030 2323.890381
64.156723 -484.012573 2360.926514
67.485893 -950.496460 2350.602539
-166.326813 8.503830 2298.355713
-152.178711 -474.591492 2344.255371
-145.893448 -941.231812 2339.391357
-39.508667 717.741211 2419.188965
-44.156879 483.079102 2388.452148
142.582825 475.611816 2411.296143
392.069580 374.556763 2319.799805
482.658081 642.894043 2179.755615
-230.896606 490.546387 2365.608154
-293.987793 157.505127 2346.324707
-280.773804 -129.999817 2221.199951
-48.966148 243.538605 2349.464355
57.340176 -0.445129 2324.069336
64.186111 -483.958984 2366.794189
68.447296 -950.008423 2345.050049
-164.891006 8.441345 2296.883789
-151.919937 -474.779724 2341.876465
-143.715988 -941.358643 2346.212402
-38.601826 719.815552 2420.296631
-43.014545 484.654449 2389.393066
143.679886 476.892944 2412.544189
389.050995 374.250427 2325.453613
435.974945 640.808472 2170.616699
-229.708969 492.415955 2366.241943
-292.969666 160.768921 2347.669434
-281.687897 -128.677124 2222.682617
-48.085579 245.182068 2350.002441
57.928844 1.091492 2324.386963
64.668213 -482.527527 2366.204834
66.475403 -948.641174 2343.067139
-164.242065 10.327881 2296.836670
-152.275818 -472.662109 2344.484131
-146.229675 -939.352051 2345.444824
-35.756310 721.877136 2421.832031
-40.817055 486.835144 2390.301025
145.765045 478.459412 2414.136719
376.033691 375.613312 2326.251465
381.403473 636.825806 2161.218506
-227.399170 495.210907 2366.465332
-292.472046 158.390839 2344.334473
-279.638489 -131.348938 2218.425293
-46.424557 247.509857 2350.097412
58.988979 3.200775 2324.076660
66.349602 -480.375244 2366.426270
66.130478 -946.507690 2342.388672
-163.053101 13.168335 2295.710938
-149.883850 -469.529877 2345.916992
-151.459442 -936.137634 2339.441406
-32.614754 719.489258 2423.113525
-39.135696 486.382446 2390.455322
147.433655 477.526001 2414.231934
367.540649 372.779175 2331.150635
318.955505 625.960632 2161.963623
-225.705048 495.238953 2366.678711
-291.710266 157.711548 2343.196533
-278.216736 -132.811523 2220.144043
-45.291012 247.171570 2349.651367
59.566242 2.690903 2322.994873
64.877289 -480.889832 2365.624023
66.935265 -947.085266 2342.331055
-162.458893 13.230453 2294.699951
-150.748352 -469.406860 2345.887451
-148.882523 -936.079712 2339.065186
-29.563990 717.968872 2422.221924
-37.491348 485.481018 2389.689941
148.924454 476.196899 2414.473389
358.772614 368.382904 2334.585205
265.841187 613.072693 2163.090820
-223.907120 494.765198 2364.906494
-291.847656 158.363220 2343.077881
-280.267792 -130.268188 2217.294189
-44.018944 246.231628 2349.163086
60.376755 1.457855 2323.383057
64.166245 -482.064575 2366.856934
68.625893 -948.005371 2339.293945
-161.469833 12.506592 2293.889404
-149.306107 -470.587433 2340.256592
-149.527191 -937.304138 2340.492432
-27.687737 716.357971 2421.778809
-35.505329 484.313629 2389.511963
150.978119 474.824158 2413.713135
353.409424 364.180145 2338.262451
215.695526 597.776184 2171.763428
-221.988770 493.803101 2365.310791
-292.407074 159.691132 2340.068115
-278.373688 -130.759460 2218.939453
-42.422562 245.071289 2349.003662
61.621906 0.182510 2322.895508
64.164841 -483.497864 2364.666992
68.905785 -949.731567 2342.953369
-160.301498 11.475388 2294.095215
-145.270538 -471.594238 2339.937500
-151.177750 -937.997070 2351.791016
-26.349379 715.604919 2421.536621
-34.152298 483.830444 2388.880127
152.419296 474.607361 2412.502197
351.706055 351.598999 2344.602051
182.376602 579.971802 2185.615723
-220.723892 493.053528 2365.258057
-292.205017 159.342194 2339.025635
-277.364105 -131.362152 2218.326416
-40.983177 244.422363 2349.355957
63.200645 -0.473663 2323.887451
64.140274 -484.350769 2363.337646
69.342850 -950.743042 2345.022705
-158.828766 10.502258 2295.776123
-147.351517 -472.583710 2342.446533
-147.877808 -939.183167 2347.697510
-25.221537 714.496338 2421.941650
-33.187042 482.590057 2388.592773
153.556686 473.759644 2410.943115
347.849274 342.300781 2349.292725
155.973267 565.696594 2190.438965
-219.930801 491.420471 2366.242432
-292.109070 158.167786 2337.030273
-275.996490 -131.797577 2214.228760
-39.703300 243.269989 2348.484375
64.899940 -1.304504 2321.675293
65.291122 -485.241180 2360.468018
68.482170 -951.692505 2342.785400
-157.339050 9.204346 2295.076660
-149.251099 -473.502777 2345.998535
-146.979874 -940.078857 2341.090088
-23.660297 713.440735 2422.660645
-30.966396 481.667603 2388.216309
155.736252 472.945831 2410.971191
349.917908 335.149414 2355.175293
149.287933 561.761963 2194.469238
-217.669052 490.389404 2365.461426
-292.059448 157.076965 2337.029541
-276.883148 -132.608307 2212.723877
-37.108261 242.536133 2346.952148
67.841354 -1.784973 2319.227539
67.268204 -485.420380 2361.495850
69.910034 -952.024902 2348.881592
-154.341599 8.594269 2292.148438
-147.824371 -474.187164 2342.771484
-145.857941 -940.784790 2333.464355
-24.006937 710.966675 2423.005127
-28.459919 479.405365 2388.745361
157.938629 471.453400 2414.000977
352.452942 329.575439 2360.603516
151.208969 561.511169 2194.675049
-214.858490 487.357330 2363.489746
-291.533752 156.533966 2338.016846
-277.518524 -132.701996 2211.935059
-33.087303 240.224030 2347.588867
73.207146 -3.689346 2321.461426
68.517586 -487.664551 2358.937012
72.856445 -954.157410 2362.328613
-148.636505 5.774734 2291.403320
-146.411636 -476.880676 2343.490723
-143.791458 -943.561829 2342.153320
-24.358461 710.982544 2421.659424
-28.263716 480.001160 2388.832764
158.121002 472.953217 2414.510986
355.712280 331.799225 2362.296875
171.810760 571.273804 2185.814209
-214.648438 487.049103 2363.154541
-291.279633 156.759094 2338.990479
-277.867889 -132.648987 2211.524658
-31.790718 240.623322 2348.730469
75.581734 -2.948059 2323.906738
67.298286 -486.810303 2362.343994
68.086945 -953.423889 2359.697021
-146.217178 5.439026 2293.349609
-150.138245 -477.160187 2345.649902
-144.563782 -943.864990 2346.978271
-24.744368 711.325439 2421.004395
-28.243906 479.878540 2388.990967
158.016373 473.033325 2415.635986
359.343994 336.903137 2361.670898
201.847717 585.564270 2173.660645
-214.504196 486.723755 2362.345947
-292.146301 156.374359 2338.979248
-278.036499 -132.585999 2211.321289
-31.288710 240.508759 2348.780029
76.494064 -2.934036 2324.423096
64.545929 -486.761108 2362.406006
67.382828 -953.245972 2350.931885
-145.161087 5.211960 2292.715088
-150.090363 -477.505066 2344.073975
-146.001984 -944.241333 2341.378662
-25.083549 711.752319 2413.169678
-28.516796 479.269226 2386.784424
157.754089 473.031616 2413.528564
366.170593 341.452972 2362.332031
244.714432 601.779419 2164.234619
-214.787689 485.506836 2360.040283
-291.572876 155.687378 2340.477295
-276.681213 -132.294098 2211.881836
-31.311100 239.329575 2350.284668
76.728676 -4.321548 2329.698242
63.612144 -487.880188 2370.673584
67.649162 -954.134155 2351.525879
-144.939468 3.101395 2297.871582
-151.416153 -479.438538 2350.793213
-145.954453 -946.120850 2343.630859
-27.935625 716.358093 2416.768555
-30.536249 482.493958 2388.483643
155.768372 477.039246 2415.171875
373.070770 341.733887 2360.676270
290.400452 612.472351 2162.010742
-216.840881 487.948669 2361.795410
-290.801910 155.331604 2338.754150
-275.695709 -132.238373 2211.578857
-32.173779 242.699677 2350.903809
77.044189 -0.340271 2329.204102
64.734100 -484.356445 2364.351562
64.953827 -950.555237 2342.315430
-144.666809 6.151093 2297.443848
-151.738144 -476.948883 2344.646484
-145.570587 -943.673584 2342.217285
-30.227200 719.890198 2418.578369
-32.272144 484.522644 2389.480713
153.984970 479.311768 2416.557861
378.022858 340.869263 2355.868408
343.509308 622.214355 2164.844482
-218.529251 489.733521 2362.403564
-290.911072 155.655487 2340.390869
-275.845154 -132.228119 2213.686279
-33.373550 244.870392 2350.937012
76.351974 2.117538 2328.504883
65.277695 -482.159424 2360.510742
64.079422 -948.648682 2346.577148
-145.301895 8.318710 2296.281738
-153.640182 -474.952515 2341.665283
-146.868362 -941.660034 2344.625244
-31.049398 717.671326 2412.450439
-34.221207 482.332214 2387.130615
151.976608 477.159668 2414.625732
380.509735 341.935181 2347.422852
398.569672 629.642090 2173.609131
-220.419022 487.504700 2359.635498
-291.455750 157.331238 2341.677490
-278.790039 -130.108276 2215.567871
-35.496071 242.364716 2350.619873
74.021172 -0.680542 2330.469482
63.045509 -484.703217 2366.198242
62.806236 -950.991272 2346.129639
-147.563034 5.475006 2297.748779
-154.636765 -477.189850 2349.130859
-148.537918 -943.836914 2343.689453
-33.611687 719.356384 2416.911377
-35.086857 483.896515 2389.052734
151.198502 479.290527 2416.047119
389.243713 346.470886 2338.217773
450.547668 632.636353 2176.712158
-221.372208 488.502502 2362.058350
-291.741272 159.657013 2345.361084
-280.839630 -128.666107 2218.039795
-35.547661 244.112366 2351.318604
74.836571 1.587509 2329.646973
64.730118 -482.541443 2364.375977
67.108116 -948.776611 2342.373047
-146.853500 7.068924 2297.521973
-153.879333 -475.884460 2346.316895
-145.479965 -942.547607 2341.351807
-35.747894 722.264648 2418.631104
-37.343433 486.219116 2389.999512
149.164307 482.026428 2415.441162
393.118500 347.735168 2333.601318
496.238373 625.796875 2184.987305
-223.851166 490.411774 2364.557861
-292.376343 158.327179 2344.693115
-278.927246 -130.626282 2220.283447
-37.500835 246.526733 2351.652832
73.322151 4.339539 2328.445068
62.959900 -479.965790 2360.569092
64.204178 -946.494751 2349.975342
-148.638641 9.329193 2298.167236
-154.862717 -473.578522 2347.672119
-148.940643 -940.249268 2339.630371
-38.097191 724.183289 2420.003662
-39.440601 488.116516 2389.864746
147.158218 483.874939 2414.642822
395.058960 348.862000 2332.808350
524.795898 618.675415 2190.784912
-226.039413 492.358093 2365.086670
-293.190552 156.662567 2346.874268
-277.512146 -131.810944 2219.316895
-39.638313 248.612503 2350.354492
71.193497 6.584686 2325.587646
61.361523 -477.676636 2358.632324
66.373207 -944.140930 2344.413818
-150.865540 11.632324 2296.100830
-155.364380 -471.303833 2345.572266
-148.853119 -937.892456 2333.718994
-38.924408 723.875977 2420.704590
-40.626514 487.789124 2389.927490
145.965088 483.231262 2414.721680
400.038086 348.415222 2330.934814
541.334717 614.459961 2192.743896
-227.218140 492.346985 2365.133301
-292.585541 157.336060 2345.465820
-279.823303 -130.700439 2219.768555
-41.100700 248.437912 2349.496582
69.450668 6.374680 2323.818848
61.239376 -477.627625 2360.686035
66.249207 -944.160156 2346.819580
-152.600433 11.798721 2294.312500
-151.900055 -471.174255 2343.407227
-153.847336 -937.817505 2335.990723
-39.127151 718.893311 2413.018799
-41.126377 483.817566 2386.230469
145.536377 479.363037 2410.508057
400.524628 351.212494 2328.458008
540.670288 616.715637 2189.981689
-227.789124 488.272034 2361.952881
-293.287201 158.665497 2347.225342
-281.234100 -129.519135 2221.281494
-41.998047 243.978546 2348.926270
68.199135 1.488998 2326.067871
61.352562 -482.357178 2365.241699
66.717514 -949.002625 2355.664795
-153.938568 6.790085 2297.176270
-152.803894 -476.590698 2342.051514
-153.057358 -943.234253 2344.777588
-39.383408 717.469666 2417.194092
-40.599689 482.364868 2387.645264
146.045441 477.714539 2412.028809
399.762299 349.603241 2328.742676
528.894409 616.686523 2186.580078
-227.244843 487.015198 2363.261719
-293.142822 156.830750 2345.623535
-278.468536 -131.308533 2219.762207
-41.378166 242.912552 2347.936768
68.901543 0.693176 2322.737061
63.224419 -483.366516 2359.396484
68.340202 -949.961304 2346.911377
-153.214828 6.227264 2293.719482
-149.396805 -476.475525 2344.952148
-150.119247 -942.912476 2334.567139
-39.842758 719.850342 2420.777832
-40.851608 484.478241 2389.286133
145.649994 479.745728 2414.712158
393.379181 347.800476 2331.394531
502.870514 616.806274 2180.635742
-227.353210 489.210754 2363.860107
-293.069763 156.411957 2344.810791
-277.651306 -132.803436 2222.579834
-41.382492 245.172897 2348.638184
69.061348 3.051544 2323.119629
67.007332 -479.821869 2371.788330
65.124832 -945.234924 2341.386719
-152.888092 8.683563 2292.860840
-150.068359 -474.292114 2341.791016
-148.047638 -940.783325 2344.292969
-37.408455 721.552673 2422.563965
-38.533630 486.127319 2390.552734
147.609619 481.142883 2418.345703
392.689575 348.900421 2338.207031
467.117981 616.347412 2174.254883
-224.676880 491.111755 2362.759766
-292.532166 157.204163 2343.900146
-276.990265 -132.864929 2223.631836
-38.822136 246.870911 2349.576172
71.657532 4.648438 2325.138428
69.285362 -478.310669 2373.799316
67.335976 -943.879517 2342.626221
-149.878815 10.580597 2292.060791
-146.302475 -472.000610 2344.738770
-146.172623 -938.548096 2338.884766
-35.754642 721.543152 2421.916504
-37.048016 486.643860 2390.131104
149.057755 481.478149 2418.196777
388.362549 348.937836 2341.094238
418.210938 614.016479 2166.901611
-223.153763 491.809631 2362.065430
-291.238770 157.625946 2343.387451
-276.367859 -133.138885 2220.941406
-37.565636 247.323135 2349.514160
72.649704 4.928772 2325.596436
65.430588 -478.208862 2372.099854
67.105087 -943.497437 2336.121338
-148.816208 11.076019 2292.197998
-148.872604 -471.403839 2345.941406
-146.663773 -938.073120 2341.303467
-33.170746 719.765686 2421.086670
-35.544376 485.892853 2389.737061
150.544128 480.499756 2417.903076
376.713928 350.951477 2340.515137
364.901154 610.808838 2160.575684
-221.632874 491.285950 2361.571045
-290.581818 159.343567 2340.140625
-277.472015 -132.179230 2220.710693
-36.395435 246.503693 2349.522217
73.478561 3.905563 2326.066406
67.066277 -479.662231 2368.167725
67.654091 -945.463135 2339.270996
-147.971558 10.323502 2292.548340
-149.349762 -472.414551 2343.986084
-147.839752 -939.153442 2339.837158
-32.058189 718.017151 2421.277588
-34.529243 484.892334 2389.292480
151.548859 479.304474 2417.503662
367.382782 354.433655 2342.828613
307.940186 605.645386 2159.001221
-220.607361 490.480164 2361.081299
-291.260620 160.691193 2337.127197
-277.588470 -131.065338 2218.834717
-35.557537 245.571381 2348.671875
74.134262 2.925568 2324.837402
64.716644 -481.040283 2361.250000
68.161552 -947.318848 2344.390137
-147.305908 9.575317 2291.265137
-150.473099 -472.844360 2345.534180
-149.572159 -939.584595 2339.089355
-29.713306 717.744873 2421.814209
-32.004555 485.074036 2389.948242
153.985718 479.075012 2418.650635
362.208252 354.193726 2346.444092
255.227631 594.981812 2165.351318
-217.994843 491.073029 2361.245850
-291.603485 161.866180 2334.541504
-279.385040 -128.843994 2215.342041
-33.441833 245.768921 2349.245117
75.789932 2.894257 2325.620605
64.644516 -481.015228 2362.715332
69.359924 -947.497559 2349.483887
-145.548141 10.033386 2291.463379
-151.271072 -472.329834 2346.067627
-147.311081 -939.078308 2344.642578
-27.340527 715.364258 2423.075684
-29.692066 483.326782 2389.838379
156.050339 477.045288 2420.014404
356.103119 344.594818 2347.236816
206.677399 578.792114 2179.285889
-215.434494 489.608276 2359.662354
-290.798126 161.933258 2332.261963
-277.454956 -129.536255 2212.305908
-31.110207 244.084351 2348.766113
77.996262 1.104172 2325.649902
64.788109 -482.805115 2362.263428
69.790009 -949.246460 2346.072998
-143.052948 8.579666 2289.737793
-151.180099 -474.201965 2340.026123
-145.256027 -940.908691 2343.943115
-27.384106 714.072754 2422.208252
-28.951630 482.351318 2389.119385
157.104965 476.431824 2417.325195
353.052063 338.298096 2350.608887
171.618881 565.870056 2189.499512
-215.008194 488.270813 2360.913574
-290.901581 159.465057 2331.641113
-277.256897 -131.101868 2208.841797
-30.314705 243.132401 2347.906494
79.034866 0.391098 2323.477539
65.140244 -483.256409 2363.187500
67.859085 -949.473083 2341.168701
-142.390427 7.435867 2289.909668
-153.268417 -474.853271 2344.177490
-144.586533 -941.541504 2344.377686
-26.782341 712.325439 2421.767578
-28.665695 481.526917 2387.618652
157.667877 475.683289 2413.931885
351.029449 333.649384 2355.795898
148.942612 556.990356 2194.083008
-214.999268 487.370605 2361.305420
-290.449860 159.231018 2330.831299
-277.487396 -131.960480 2210.024170
-30.361012 242.294800 2346.494629
78.818489 -0.414505 2321.027832
62.917614 -484.116394 2359.361084
66.999657 -950.526245 2341.714844
-142.931152 6.539841 2289.713379
-153.729935 -475.582153 2345.619141
-147.091675 -942.313110 2343.192383
-27.479338 713.654358 2421.514893
-29.123104 481.883606 2387.825928
157.211166 476.447784 2414.278320
349.971375 331.365784 2358.373779
136.514801 558.391541 2201.059814
-215.457382 487.319397 2361.373535
-290.766479 159.586395 2330.366943
-276.007874 -131.599854 2210.059570
-30.326546 242.576447 2347.126465
79.339134 0.034988 2322.166260
64.321198 -483.304810 2364.994629
66.935982 -949.565308 2343.296143
-142.399109 6.503616 2290.687744
-152.989548 -475.738098 2345.688721
-145.127991 -942.454224 2341.674561
-27.004705 713.833130 2421.293945
-28.787014 482.083740 2387.924805
157.565933 476.632263 2414.273438
350.036621 333.195496 2357.498291
138.522171 566.864014 2200.619385
-215.139969 487.535156 2361.576172
-290.848083 160.323334 2330.612549
-273.630219 -129.458191 2207.597168
-30.066721 242.737457 2347.455322
79.535912 0.147507 2322.663574
63.107819 -483.535034 2360.721191
67.367783 -950.017517 2345.510254
-142.228775 6.634872 2291.308105
-153.893494 -476.010071 2342.307617
-144.508652 -942.573120 2348.466309
-28.648533 715.033447 2421.320557
-30.603464 483.125610 2388.518066
155.896591 477.862122 2413.838135
353.019165 333.599670 2360.234375
153.252960 577.038269 2201.438477
-217.103531 488.389130 2363.197998
-291.427643 160.157745 2332.828369
-270.443573 -127.985779 2206.096924
-31.835846 243.813110 2347.847168
77.904686 1.368652 2322.242432
63.402321 -482.286865 2361.593994
63.684532 -948.672607 2342.974609
-144.041138 7.632538 2292.110107
-155.269989 -475.010712 2343.335938
-148.742279 -941.694702 2347.364502
-29.918800 717.751892 2421.395996
-31.974892 485.049805 2389.087646
154.539307 479.737823 2414.312256
354.511627 338.282990 2359.668213
177.052017 595.674316 2199.862549
-218.489075 490.361816 2363.863037
-291.213989 158.573608 2333.487793
-273.872833 -129.318726 2207.791992
-33.215885 245.828278 2347.886475
76.522461 3.445999 2321.694580
62.379627 -480.361389 2359.399170
65.614395 -946.809448 2342.123779
-145.436218 9.767471 2291.676025
-154.873611 -472.838623 2343.629883
-148.690857 -939.561768 2343.244385
-31.861826 718.411499 2421.886230
-33.526802 485.506958 2389.338623
153.075989 480.186615 2413.898682
357.260040 343.637207 2358.830322
212.361877 615.343872 2194.725830
-220.129608 490.827301 2364.778564
-291.107697 157.284332 2335.281250
-276.002472 -130.206635 2209.172607
-34.851570 246.378998 2347.602295
74.857162 4.085297 2320.479736
63.053345 -479.814026 2357.834961
64.717072 -946.415405 2345.197998
-147.209839 10.416779 2291.252197
-155.436630 -472.237183 2342.999512
-149.170670 -938.988159 2343.404053
-34.157070 719.870972 2421.091064
-35.657936 486.297455 2389.152832
150.883804 480.985138 2414.179932
360.118683 343.322998 2356.928467
259.854797 632.672729 2194.414307
-222.199661 491.609772 2364.125732
-293.054749 158.145630 2337.078369
-275.382568 -130.738220 2209.939697
-36.910614 247.115997 2347.720215
72.833488 4.773575 2321.179199
62.126556 -478.763000 2363.080566
64.903404 -945.192871 2345.445801
-149.160080 11.095505 2291.395996
-154.791840 -471.533752 2343.680664
-150.901169 -938.304443 2346.549561
-36.810024 720.610840 2421.747559
-38.053257 485.975586 2389.228271
148.433868 480.431458 2414.612549
368.563263 342.144958 2356.511963
312.097504 641.903809 2197.891357
-224.540375 491.519714 2363.843994
-293.517578 158.077911 2339.551514
-274.902985 -131.166168 2210.451904
-39.435699 246.904694 2347.169189
70.146378 4.534897 2320.214355
61.526443 -479.311218 2358.894043
64.001595 -945.889160 2354.720703
-151.782669 11.132706 2290.005859
-154.582382 -471.711731 2340.438721
-151.577011 -938.443726 2347.281738
-38.420990 720.732910 2421.042725
-39.845074 486.086334 2389.306396
146.773468 480.788330 2413.746826
375.283112 343.578491 2352.731445
363.576660 650.810608 2203.204834
-226.463623 491.384338 2364.865967
-292.762604 158.033752 2340.291504
-274.878265 -131.908752 2213.009033
-41.150295 246.980515 2347.441162
68.588440 4.722214 2320.118896
62.459755 -479.411255 2355.505615
65.187508 -945.994141 2360.682861
-153.499481 11.027176 2291.032959
-154.929199 -471.779297 2341.946045
-150.037201 -938.509155 2348.667236
-38.766769 722.053955 2420.703857
-40.402725 486.828552 2389.468262
146.248978 481.615173 2413.684082
378.127869 342.826782 2347.770020
412.326599 651.818176 2211.607666
-227.054398 492.041901 2365.252441
-293.423889 156.475861 2342.258545
-274.860199 -133.011993 2213.272217
-41.647240 247.725311 2347.584473
68.170052 5.520020 2320.109619
62.597778 -478.595886 2356.039795
67.836647 -945.253052 2356.097900
-153.953568 11.724152 2291.291748
-151.404434 -471.241577 2340.487793
-153.087952 -937.981201 2344.277832
-41.530441 722.914551 2424.047119
-43.290466 488.153687 2391.043457
143.346146 482.333130 2415.236328
382.580078 346.893066 2339.909424
457.950806 652.155212 2214.721436
-229.927078 493.974304 2366.850586
-292.694427 157.748535 2342.652832
-278.482910 -131.092590 2214.575195
-45.189270 249.226074 2348.208008
63.965691 6.835052 2319.768066
60.071800 -476.194580 2367.026855
62.201347 -941.823853 2344.313721
-158.141846 13.761841 2290.977051
-155.337265 -469.293365 2339.390137
-154.346558 -936.055603 2343.664062
-41.614513 722.690674 2422.677490
-44.776443 487.685394 2390.605957
141.861481 481.226288 2414.623779
386.316345 351.931549 2335.931152
491.318665 651.469604 2217.106445
-231.414368 494.144501 2366.588135
-292.820648 159.894348 2346.314209
-281.175812 -129.976685 2218.648682
-47.620323 248.652405 2348.421631
60.590462 5.776062 2320.528564
59.669174 -477.379883 2367.291504
64.098099 -943.171265 2342.094238
-161.518860 13.462769 2291.946045
-152.818558 -469.326996 2341.959717
-157.638885 -936.006104 2339.114502
-43.425880 721.406311 2423.522461
-46.512852 486.515076 2390.193848
140.238373 479.633026 2413.172119
388.166107 354.456085 2330.964355
512.603577 650.452271 2220.510498
-233.264099 493.397095 2367.215576
-294.404510 161.951477 2346.682129
-284.193817 -128.291840 2222.587402
-50.029640 247.630356 2347.229004
57.576916 4.650604 2317.937012
59.636158 -478.701111 2362.900391
64.184402 -944.583740 2336.418701
-164.669769 12.840698 2290.591309
-155.772797 -469.271576 2346.600586
-153.053787 -935.607056 2332.228516
-44.310787 720.743530 2421.865479
-47.528252 485.427887 2389.303467
139.211807 478.503265 2412.377441
389.594543 356.733032 2328.428711
520.259705 650.790405 2218.242188
-234.268295 492.352509 2366.229492
-294.186218 162.493774 2347.758301
-286.251587 -127.836823 2224.776855
-51.135902 246.462830 2346.785645
56.370415 3.377487 2317.997314
61.148560 -479.776245 2364.995605
66.135925 -945.672363 2337.413574
-165.857529 11.618057 2290.538330
-153.918015 -470.276611 2347.993652
-150.231949 -936.811401 2336.881592
-43.957409 720.408569 2421.587402
-48.276714 485.034607 2388.972412
138.440369 477.545776 2412.058838
389.340332 355.334503 2327.699219
515.838928 649.911743 2213.857178
-234.993774 492.523438 2365.885986
-295.046814 162.281860 2348.863037
-289.767426 -127.190857 2225.011475
-52.638191 246.035187 2346.719238
54.101727 2.579727 2318.203125
59.894131 -480.621582 2364.782959
65.022324 -946.626953 2338.408447
-168.101074 11.491806 2290.729004
-155.129730 -470.607788 2346.350098
-151.323318 -937.251221 2337.215332
-43.906376 719.641113 2420.902588
-47.656269 484.263062 2389.390381
139.083054 476.993103 2412.373535
389.136108 352.718109 2330.266602
494.113098 650.756470 2208.011719
-234.395584 491.533020 2366.407227
-295.064789 163.113129 2347.885498
-289.846130 -127.445160 2223.986816
-51.807266 245.195724 2347.496338
55.156048 1.802597 2319.277832
63.425140 -481.282349 2366.716309
68.438446 -947.494873 2344.135742
-167.072571 10.454178 2291.926758
-153.389404 -471.478516 2348.896973
-146.816010 -937.997559 2335.487793
-43.201641 719.579529 2421.126953
-46.218079 484.146179 2389.488281
140.362335 476.817871 2413.684570
386.063446 348.857910 2336.152588
463.080414 645.893738 2197.420898
-232.798492 491.474487 2365.291992
-293.532471 164.055908 2347.429199
-288.478394 -126.447601 2222.118164
-50.150959 245.105682 2347.416748
56.938377 1.704559 2319.742920
65.260994 -481.901398 2361.192871
68.439697 -948.417725 2350.433105
-165.106049 10.425812 2290.947510
-152.435730 -472.015930 2343.564941
-146.313965 -938.665588 2338.292725
-40.919804 720.595947 2422.240479
-44.005444 484.807617 2390.030518
142.344940 477.229553 2415.831543
376.531433 348.427826 2337.592773
419.593048 639.739380 2182.472656
-230.355804 492.385681 2364.229492
-295.262817 165.026733 2347.207031
-291.032074 -126.297638 2222.414795
-47.820911 245.863205 2347.406982
59.249889 2.409546 2320.135986
67.497749 -481.114990 2362.785400
68.788887 -947.628052 2348.855469
-162.522659 11.428070 2289.430908
-150.940720 -470.792358 2344.346191
-144.891068 -937.494202 2339.013428
-38.176258 719.713989 2422.783691
-42.114189 485.377106 2390.446777
144.238525 477.536926 2416.185303
372.377655 344.129547 2343.768066
372.778503 628.865479 2176.683594
-228.466888 493.217285 2364.708252
-294.517609 163.596039 2343.115234
-286.928528 -126.145844 2218.383057
-46.283630 246.433472 2347.849609
60.429031 2.824829 2320.567139
64.893066 -480.689423 2363.858398
68.083282 -947.083496 2345.873779
-161.335190 12.154846 2289.937744
-151.564804 -469.399719 2350.521729
-144.697891 -935.980347 2339.479248
-37.356682 718.045898 2422.050049
-41.230663 484.307678 2389.934814
145.062241 476.254364 2416.051514
366.703857 346.543610 2345.410400
319.140900 616.081543 2166.293457
-227.523575 492.361023 2363.818115
-293.730042 162.322296 2342.503662
-288.991272 -125.929260 2216.341309
-45.607121 245.344788 2347.465820
60.864464 1.589996 2320.536865
64.847443 -481.879425 2364.515869
65.999245 -948.009521 2340.590332
-160.831619 11.173767 2289.456787
-152.799149 -471.120697 2343.960205
-145.846542 -937.721558 2344.338135
-34.869167 719.071777 2422.701904
-39.657200 486.187012 2390.345459
146.591263 476.857361 2416.332031
361.373199 347.252136 2346.708008
263.731049 599.912354 2164.315430
-225.905655 495.516663 2364.358887
-295.341553 162.676758 2340.757568
-287.183594 -125.029205 2212.446045
-45.648682 247.326355 2347.531494
59.184391 2.914230 2320.180420
61.856163 -480.461304 2365.319580
64.474686 -946.035156 2332.947021
-162.464722 14.017166 2289.254639
-155.764359 -468.144775 2345.340332
-148.970978 -934.789612 2341.012695
-32.744682 717.968323 2423.025879
-38.520649 485.185577 2390.031738
147.576431 475.294342 2416.881592
354.693451 340.114075 2350.374268
216.373627 581.052490 2171.372803
-224.617722 495.076813 2363.181885
-295.657349 161.847748 2336.364990
-280.965424 -126.677887 2210.289307
-45.003445 246.376495 2346.988770
59.246361 1.681870 2319.922119
63.132671 -481.420105 2367.777588
66.671303 -947.118042 2336.476318
-162.218842 13.452957 2287.969482
-153.094727 -468.554993 2345.124268
-148.354660 -935.283325 2342.009521
-29.546986 718.707397 2423.688721
-36.067245 486.725159 2390.229980
150.338135 476.616821 2414.662109
351.849670 338.554871 2352.184570
176.815689 565.940125 2176.937256
-222.472626 496.833496 2365.797852
-293.827637 159.923035 2333.195312
-278.031830 -127.617523 2206.283691
-43.359600 247.958160 2347.081055
60.271656 3.176025 2318.470703
63.985790 -479.981689 2365.844727
67.864983 -946.039185 2340.688232
-161.575562 15.206299 2289.393555
-152.638870 -466.785553 2346.822510
-147.351913 -933.530884 2342.869385
-30.928677 714.982788 2422.008057
-37.233040 483.300201 2388.299805
149.384064 473.719147 2411.311035
353.925964 332.283539 2357.076416
148.244370 550.439941 2193.373291
-223.850159 492.881256 2365.288574
-297.415527 160.456543 2331.603027
-277.697815 -128.099487 2206.666260
-44.238533 244.432770 2345.656738
59.796181 -0.135544 2316.705566
62.114307 -483.469482 2362.322510
66.574860 -949.712158 2340.476562
-162.284241 11.266220 2289.321777
-153.147812 -471.075378 2343.670898
-152.693161 -937.843384 2340.009277
