-25.927145 676.815857 2534.300781
-28.573372 467.426025 2545.962646
151.176102 463.564941 2539.531494
174.649323 181.804413 2506.578613
131.736572 -89.215332 2466.338623
-208.322861 471.287048 2552.393799
-208.322693 193.711609 2552.393799
-208.327850 -83.863525 2552.393799
-32.873619 255.347382 2553.095215
61.014473 41.159653 2556.714844
88.005867 -372.186707 2650.267090
52.686493 -737.172852 2589.589600
-135.362198 45.377853 2563.740723
-136.306564 -379.147888 2564.213867
-109.549728 -786.465454 2565.944824
-26.989054 680.271729 2542.031250
-29.358999 470.190979 2548.479492
150.350067 466.830017 2540.837646
174.692871 179.508423 2506.502686
132.636566 -91.291840 2463.270264
-209.068085 473.552002 2556.121338
-209.067917 195.976562 2556.121338
-209.073074 -81.598572 2556.121338
-33.164360 258.033081 2552.299805
60.670593 44.049057 2551.968262
82.557854 -372.481140 2629.492188
63.291946 -759.038452 2602.594971
-134.610031 47.701279 2560.271973
-135.366608 -376.824951 2560.648193
-111.290306 -784.308716 2562.609375
-27.536715 682.004028 2544.906006
-29.610786 471.894043 2549.582520
150.083939 468.704346 2541.483398
174.797745 182.870575 2507.854980
132.664383 -87.501648 2461.761475
-209.305527 475.083679 2557.681641
-209.305359 197.508240 2557.681641
-209.310516 -80.066895 2557.681641
-33.266357 259.699310 2552.043945
60.791122 45.770126 2550.101318
87.050232 -366.858765 2644.150146
56.577805 -736.240234 2584.311279
-134.634964 49.239059 2558.909424
-135.240921 -375.287476 2559.209229
-113.583344 -782.906250 2561.301025
-28.649591 682.730347 2547.328125
-30.499865 471.764435 2550.749268
149.116348 468.953278 2541.049561
177.667160 185.781311 2509.428955
132.205734 -83.950500 2462.625732
-210.116074 474.575592 2560.448975
-210.115906 197.000153 2560.448975
-210.121063 -80.574982 2560.448975
-33.730270 259.545746 2552.433594
60.760201 45.797638 2548.840820
79.265709 -369.021698 2635.268311
66.161095 -757.740234 2600.375488
-134.681549 48.856476 2559.395020
-135.166748 -375.670227 2559.633789
-115.689140 -783.398743 2561.781006
-28.851347 680.884766 2548.548584
-30.385853 470.300720 2551.283691
149.166962 467.631714 2540.422119
176.371216 186.223083 2508.628418
133.533722 -83.695099 2460.354492
-209.938660 472.969727 2562.145264
-209.938492 195.394287 2562.145264
-209.943649 -82.180847 2562.145264
-33.465752 258.070648 2552.520020
60.905155 44.391983 2547.861328
81.869812 -366.887634 2649.003418
58.727959 -737.289673 2581.333008
-133.996460 47.289139 2559.651367
-134.384903 -377.237732 2559.841797
-116.870369 -785.055298 2561.988281
-29.521893 682.212219 2549.695068
-30.579672 471.618378 2552.333740
148.993774 469.056641 2541.722900
175.670822 184.911102 2508.087891
135.479156 -85.480011 2460.123535
-210.153137 474.180115 2562.944580
-210.152969 196.604675 2562.944580
-210.158127 -80.970459 2562.944580
-33.550671 259.381927 2553.292725
61.178917 45.751709 2548.478760
75.409973 -368.322693 2639.009521
69.550308 -757.534119 2603.229004
-134.222244 48.539246 2560.024658
-134.533173 -375.987671 2560.176758
-118.785271 -783.877441 2562.281738
-29.542496 680.557800 2550.227295
-30.610329 470.055145 2552.866699
148.907990 467.799133 2541.304199
175.540192 186.686218 2509.811279
136.978668 -83.936066 2461.732666
-210.128662 472.311157 2564.429199
-210.128494 194.735718 2564.429199
-210.133652 -82.839417 2564.429199
-33.245220 257.811584 2553.368652
61.432842 44.345093 2547.602783
81.348099 -365.942810 2652.710693
63.985481 -738.346802 2579.905762
-133.193054 46.790955 2560.138428
-133.441910 -377.736023 2560.259766
-119.283112 -785.684448 2562.294434
-29.668758 681.520142 2549.964355
-30.640018 470.601959 2552.317139
148.860031 468.312469 2540.447021
175.290710 185.682953 2509.427002
135.805450 -84.836517 2461.460205
-210.140060 472.891449 2564.187256
-210.139893 195.316010 2564.187256
-210.145050 -82.259125 2564.187256
-33.294922 258.358337 2553.105957
61.731281 44.868805 2547.435303
80.649368 -369.474640 2634.789795
66.604454 -759.578735 2605.584229
-133.630936 47.360626 2560.354248
-133.830093 -377.166382 2560.451172
-121.100235 -785.162354 2562.395752
-29.806913 679.157715 2550.903320
-30.692762 468.650513 2552.492920
148.819138 466.522949 2540.753906
175.320953 185.700348 2509.961426
136.830078 -84.840942 2461.291504
-210.204636 470.778076 2564.231934
-210.204468 193.202637 2564.231934
-210.209625 -84.372498 2564.231934
-33.182671 256.403381 2552.884033
61.817631 43.000809 2546.899902
85.448799 -368.933716 2644.680176
58.392838 -739.422852 2582.343994
-133.162796 45.311707 2559.650391
-133.322174 -379.215332 2559.727783
-121.876953 -787.249817 2561.569580
-30.817528 678.394348 2550.808838
-31.518621 468.299011 2552.677246
147.976715 466.451355 2540.637695
175.447632 183.785767 2511.023926
136.925903 -86.632935 2461.679688
-211.013947 470.146667 2564.716797
-211.013779 192.571228 2564.716797
-211.018936 -85.003906 2564.716797
-33.656570 256.048767 2553.375488
61.927628 42.792587 2547.519043
84.018822 -371.818542 2634.065186
61.337784 -760.957275 2602.794678
-133.516678 44.804428 2560.628418
-133.644211 -379.722595 2560.690430
-123.353729 -787.788330 2562.422363
-30.135283 676.267456 2541.787354
-30.500055 466.285828 2550.103516
149.145294 464.126648 2541.123535
177.645691 185.268890 2512.518066
136.758667 -84.677216 2462.541016
-210.145416 468.444946 2559.083496
-210.145248 190.869507 2559.083496
-210.150406 -86.705627 2559.083496
-32.816032 254.124786 2554.783203
62.448479 40.790955 2554.585205
90.593384 -370.324127 2654.648193
50.767193 -738.867432 2588.656738
-132.712494 43.136566 2564.340576
-132.814529 -381.390472 2564.390137
-123.561943 -789.481567 2566.008789
-30.716551 678.284668 2545.789795
-30.921940 467.399933 2551.496094
148.718109 464.912231 2542.242188
176.675369 181.832184 2512.004883
136.449020 -88.096100 2461.369629
-210.561981 469.887634 2560.750000
-210.561813 192.312195 2560.750000
-210.566971 -85.262939 2560.750000
-33.710468 255.201706 2554.408203
61.843979 41.641602 2552.254150
84.589828 -373.561798 2634.366455
61.287506 -761.900330 2600.000977
-134.841965 44.365372 2562.386475
-134.923615 -380.161682 2562.426025
-126.603874 -788.273254 2563.931396
-30.977028 677.603271 2547.792969
-31.580296 467.101379 2552.527100
148.059616 464.965088 2543.059326
175.958008 181.900574 2511.535889
136.795593 -88.276306 2461.385498
-211.220200 469.237671 2561.994873
-211.220032 191.662231 2561.994873
-211.225189 -85.912903 2561.994873
-34.003044 254.876617 2554.443604
61.225864 41.490570 2551.213379
94.273079 -367.728394 2655.011475
53.469826 -741.037048 2579.080566
-134.077438 43.813141 2561.506836
-134.142761 -380.713928 2561.538574
-126.661430 -788.842102 2562.932617
-31.962679 677.080261 2548.778320
-32.559341 467.186768 2552.898926
147.022339 465.376434 2542.322754
175.624832 181.291321 2511.921875
136.841553 -88.665863 2460.318848
-212.141052 468.997070 2563.475098
-212.140884 191.421631 2563.475098
-212.146042 -86.153503 2563.475098
-34.615593 254.947159 2554.312500
61.119041 41.721741 2549.966797
84.878883 -371.831543 2638.552734
65.456482 -762.560486 2603.621338
-134.462738 43.693359 2561.485352
-134.514999 -380.833710 2561.510742
-127.787231 -788.975342 2562.797119
-32.534443 677.570068 2548.760986
-33.071072 467.646698 2553.245605
146.482910 465.964111 2542.141846
175.525177 181.572632 2512.091553
135.140228 -87.104218 2455.531494
-212.625061 469.329285 2564.349365
-212.624893 191.753845 2564.349365
-212.630051 -85.821289 2564.349365
-34.961655 255.402466 2554.835449
60.931973 42.241898 2550.378418
89.519806 -363.166199 2667.624512
55.185780 -760.375366 2553.330078
-134.636444 44.074554 2562.472168
-134.678253 -380.452515 2562.492432
-128.627838 -788.605103 2563.676025
-33.667881 676.235840 2549.752441
-34.383011 466.327698 2552.991943
145.301819 464.736633 2544.625977
175.663239 182.950012 2510.938477
133.551605 -82.040771 2441.287598
-214.067841 467.918762 2561.357910
-214.067673 190.343323 2561.357910
-214.072830 -87.231812 2561.357910
-36.199219 254.079071 2554.348389
60.334381 40.959595 2551.125732
79.719116 -370.904297 2645.554443
65.999031 -773.554565 2591.584229
-136.365234 42.701324 2560.283936
-114.318954 -417.585083 2651.731689
-62.124931 -805.042847 2524.557129
-34.487167 676.023315 2549.254883
-35.348179 466.173096 2552.343994
144.429153 464.230713 2546.655273
175.128525 182.766602 2508.973633
130.648666 -71.523956 2411.864258
-215.125504 468.115479 2558.032715
-215.125336 190.540039 2558.032715
-215.130493 -87.035095 2558.032715
-37.610455 253.926270 2553.319580
58.281635 40.618927 2551.189209
74.185867 -364.701111 2670.940674
66.743584 -770.980103 2547.460693
-138.027100 42.739929 2557.401123
-119.079376 -387.578552 2673.288086
-84.861130 -772.292358 2512.508789
-34.280212 678.473572 2549.505615
-35.571243 468.923065 2552.574707
144.253326 466.272308 2548.976562
183.564621 194.879425 2527.486572
141.037872 -29.952469 2393.388184
-215.395782 471.573822 2556.172852
-215.395615 193.998383 2556.172852
-215.400772 -83.576752 2556.172852
-38.672951 256.689728 2553.911133
56.499130 43.007751 2553.281250
72.704224 -358.292023 2687.520996
68.118317 -768.930298 2514.800049
-140.048462 45.905029 2557.213867
-155.524109 -365.325531 2661.488281
-98.805397 -741.730347 2514.081055
-34.521248 678.941284 2541.131592
-35.945976 469.038574 2549.468262
143.894547 466.258301 2546.047119
188.779968 202.437378 2546.737793
172.139252 23.406235 2364.151611
-215.786514 471.818817 2552.889404
-215.786346 194.243378 2552.889404
-215.791504 -83.331757 2552.889404
-39.115490 256.924988 2555.230469
55.378624 43.301575 2559.134766
75.105751 -366.126740 2662.753906
68.956367 -775.466797 2572.241699
-139.948624 46.321228 2562.850586
-175.762787 -367.835083 2648.961670
-101.398689 -746.421875 2515.662842
-36.011703 681.351318 2544.458496
-36.253563 470.976349 2551.091797
143.607162 468.989227 2550.867920
210.903778 220.731705 2555.378418
201.928543 89.961380 2335.890381
-216.114273 472.963470 2551.315674
-216.114105 195.388031 2551.315674
-216.119263 -82.187103 2551.315674
-38.592560 258.797791 2555.206055
55.701981 45.551605 2559.199951
85.707481 -358.719360 2680.487549
58.421085 -768.624207 2528.771240
-137.565109 47.686859 2559.440674
-181.827667 -369.339142 2625.420898
-95.475716 -750.762451 2508.433105
-33.920906 682.830750 2538.604248
-35.151730 472.475037 2550.042725
144.645020 469.809814 2553.547852
228.424744 220.342056 2560.675781
237.850250 171.473114 2315.128906
-214.948486 475.140259 2546.537598
-214.948318 197.564819 2546.537598
-214.953476 -80.010315 2546.537598
-38.427490 260.379333 2556.803711
54.906940 46.851547 2565.448242
114.714279 -361.387268 2665.385010
69.715332 -744.795410 2532.720703
-138.313446 49.715744 2561.681152
-183.288391 -369.627930 2610.172119
-89.953316 -754.161438 2509.927002
-31.840309 684.250366 2544.683594
-34.987717 474.040222 2552.130859
144.782639 470.266296 2556.866943
227.224487 222.678253 2538.848633
270.308838 264.751831 2311.296143
-214.758072 477.814148 2547.394775
-214.757904 200.238708 2547.394775
-214.763062 -77.336426 2547.394775
-39.535389 261.900696 2555.708740
52.845886 47.726318 2561.840088
80.898895 -383.606537 2679.823486
57.268303 -785.669617 2551.148193
-141.012009 51.796021 2556.733154
-182.591675 -369.248932 2591.597168
-86.366051 -756.899292 2507.369141
-31.985971 684.451599 2546.735352
-35.215694 474.199341 2552.684814
144.547989 470.088501 2558.011719
231.617920 237.336273 2523.943848
298.214478 356.828217 2327.216553
-214.979385 478.310181 2547.357910
-214.979218 200.734741 2547.357910
-214.984375 -76.840393 2547.357910
-40.143227 262.033875 2555.241699
51.903606 47.650787 2560.672119
99.594040 -364.122223 2693.588135
37.894848 -761.832703 2542.702148
-142.045120 52.086029 2554.925049
-178.509155 -370.142883 2579.751709
-82.539146 -760.746582 2510.145508
-32.709282 683.617676 2549.253906
-36.092175 473.023499 2552.801025
143.595688 467.779968 2559.532715
252.819000 263.671173 2511.479980
313.360291 447.595612 2359.594482
-215.780045 478.267090 2546.069336
-215.779877 200.691650 2546.069336
-215.785034 -76.883484 2546.069336
-42.305984 260.877533 2553.417969
48.551754 45.898849 2557.671631
89.610504 -377.564514 2675.134277
49.478935 -776.793396 2561.996582
-145.591339 51.564255 2550.398193
-176.571442 -371.462891 2568.047607
-83.142525 -764.760620 2511.351562
-32.276947 682.319519 2549.519775
-36.106544 471.631836 2552.263672
143.571609 465.612061 2558.811035
271.428864 296.817322 2499.242676
320.392792 522.096436 2403.427734
-215.784683 477.651611 2545.716309
-215.784515 200.076172 2545.716309
-215.789673 -77.498962 2545.716309
-43.225883 259.503082 2552.604004
46.815811 44.119095 2556.484863
96.639343 -368.976196 2675.634277
39.350231 -753.785828 2555.301270
-147.506256 50.629532 2549.403809
-173.309891 -372.925537 2561.994873
-83.983864 -768.614868 2516.417480
-33.080517 685.435547 2550.649170
-36.708832 474.474548 2552.551270
143.023392 468.699036 2557.677979
291.710632 325.408508 2495.114258
322.582520 575.836243 2451.886719
-216.441055 480.250000 2547.424561
-216.440887 202.674561 2547.424561
-216.446045 -74.900574 2547.424561
-43.521111 262.328949 2552.385254
46.484955 47.072220 2554.980957
81.415939 -368.738159 2648.680908
59.375000 -765.086182 2593.008057
-147.151718 53.294510 2549.457520
-168.370804 -370.605469 2558.500977
-84.133156 -768.375732 2522.316162
-32.285839 681.880066 2541.702881
-36.256561 471.665894 2548.801025
143.474503 465.737488 2553.989502
299.354980 352.203247 2488.050293
317.736145 610.263550 2497.818848
-215.987625 477.594238 2543.612549
-215.987457 200.018799 2543.612549
-215.992615 -77.556335 2543.612549
-43.347092 259.578979 2552.090332
46.559174 44.292679 2558.179688
86.373894 -363.211365 2673.707031
52.718693 -766.276733 2556.929688
-147.434418 50.691483 2552.579590
-164.737350 -373.432190 2559.132568
-86.133705 -772.985718 2530.760742
-33.303356 686.455139 2546.737305
-35.144371 475.750336 2550.032959
144.654480 470.982147 2553.398682
307.665192 379.595734 2483.512939
305.874207 637.389832 2545.588379
-214.943207 480.518524 2546.667236
-214.943039 202.943085 2546.667236
-214.948196 -74.632050 2546.667236
-40.796696 263.596466 2551.428711
48.799667 48.916626 2554.607422
77.427765 -364.531555 2644.108887
65.956406 -770.090515 2584.611328
-141.697708 53.968567 2551.041504
-155.727982 -370.299500 2555.837158
-82.980492 -771.363464 2533.881836
-33.256050 687.162048 2547.257812
-33.989422 476.001556 2548.958008
145.846680 471.817780 2550.656494
313.324097 403.794495 2477.750000
301.811981 657.406982 2583.641846
-213.825500 480.185333 2547.259521
-213.825333 202.609894 2547.259521
-213.830490 -74.965240 2547.259521
-38.926456 263.815826 2549.033691
52.084652 49.397919 2550.015625
83.707939 -355.042999 2670.027344
55.433113 -767.323120 2539.961426
-139.811646 53.862274 2548.203125
-151.144730 -370.498688 2551.749023
-84.246185 -772.830383 2535.006348
-33.693329 687.520996 2549.017822
-33.247860 476.447144 2548.330078
146.599884 472.998535 2547.549316
315.651917 410.891479 2469.364746
275.306152 647.128784 2596.200195
-213.095581 479.895752 2549.110840
-213.095413 202.320312 2549.110840
-213.100571 -75.254822 2549.110840
-37.321800 264.241302 2547.197754
55.199535 50.183212 2545.646240
84.471909 -367.780212 2653.717041
56.847637 -775.882935 2562.495361
-137.991028 53.887680 2546.484619
-147.121216 -370.532959 2549.133057
-85.908272 -773.921143 2536.583984
-34.911713 684.136597 2549.907715
-32.834587 473.664490 2547.052246
146.702332 470.102783 2539.050293
317.317688 419.439026 2463.685303
265.177887 641.144104 2601.923340
-212.371490 477.226196 2555.054199
-212.371323 199.650757 2555.054199
-212.376480 -77.924377 2555.054199
-37.112095 261.457886 2545.532227
56.004654 47.319168 2539.671387
91.075165 -361.462097 2662.396973
40.832130 -753.698608 2550.972900
-138.783859 51.183426 2548.353027
-146.125732 -373.275452 2550.350098
-90.334297 -777.539124 2541.144531
-35.172634 686.623352 2550.352783
-31.961843 475.709839 2547.292236
147.707138 473.805969 2540.169434
318.652283 438.225647 2456.350830
248.495728 641.920288 2607.294189
-211.630814 477.613708 2554.415039
-211.630646 200.038269 2554.415039
-211.635803 -77.536865 2554.415039
-34.287155 263.481567 2545.363281
58.338535 50.247147 2539.670166
83.321297 -361.534119 2645.636963
59.718094 -761.744202 2588.978760
-131.563477 52.259476 2547.198486
-137.459518 -372.223938 2548.718018
-86.765457 -777.209839 2542.154785
-36.041985 683.980957 2549.567139
-32.728073 474.065552 2546.301758
146.937027 473.572510 2538.038574
311.819336 448.618591 2439.666016
228.056259 636.076843 2604.650391
-212.393173 474.558533 2554.564941
-212.393005 196.983093 2554.564941
-212.398163 -80.592041 2554.564941
-33.393730 261.824402 2544.490234
60.870506 49.322769 2538.312744
109.614616 -363.440369 2624.763916
79.101624 -767.233459 2573.318604
-128.989288 49.843765 2547.044678
-133.719727 -374.655334 2548.209961
-87.768074 -780.234863 2543.716553
-36.670555 686.911499 2550.198975
-33.553501 476.553650 2546.029541
145.132889 475.548462 2527.889160
304.895660 455.295532 2423.854980
214.416931 631.599731 2601.572266
-212.239883 477.558838 2564.169922
-212.239716 199.983398 2564.169922
-212.244873 -77.591736 2564.169922
-34.984348 264.316772 2543.695312
58.127682 51.548035 2531.763184
116.162331 -364.126892 2595.556396
81.161438 -768.333496 2550.628906
-130.958069 52.611755 2550.958984
-134.750702 -371.897430 2551.858887
-93.176155 -777.963623 2548.971191
-40.217194 689.243652 2559.473633
-36.459106 479.671631 2549.923828
141.565186 480.583557 2525.837158
283.871216 455.587982 2410.386963
222.803375 642.479187 2566.745605
-214.483368 478.759705 2574.010498
-214.483200 201.184265 2574.010498
-214.488358 -76.390869 2574.010498
-36.284508 267.572021 2543.183838
59.124168 55.960220 2523.558594
84.627769 -380.842651 2645.317871
65.331902 -780.042480 2572.886230
-131.343994 54.984573 2549.329102
-134.383194 -369.531006 2550.028320
-96.823990 -775.995117 2548.372803
-41.327366 687.422852 2553.677002
-39.913727 477.116638 2547.675781
136.590698 476.418915 2514.765381
270.494507 459.837097 2396.734131
238.594635 663.747559 2542.569092
-216.418152 477.814362 2580.586182
-216.417984 200.238922 2580.586182
-216.423141 -77.336212 2580.586182
-41.565483 264.953827 2543.314941
51.256554 52.417542 2521.338867
99.956093 -358.803986 2614.872070
71.863365 -760.506287 2547.994629
-137.691040 53.164490 2556.569336
-140.125549 -371.355255 2557.115234
-106.232513 -778.144226 2556.393555
-44.271557 689.491333 2551.852539
-45.775856 479.690338 2547.376221
126.758415 476.770874 2499.592529
256.313385 468.943359 2375.492920
248.085648 688.000977 2514.002686
-218.310120 482.609802 2595.159912
-218.309952 205.034363 2595.159912
-218.315109 -72.540771 2595.159912
-50.194397 267.541260 2544.383789
37.990814 53.825226 2515.744629
96.599777 -360.792450 2585.604492
62.309006 -763.140015 2525.878906
-147.216705 56.959137 2567.038086
-149.166275 -367.563263 2567.466309
-118.608459 -774.617004 2567.441650
-43.577614 689.070129 2559.379150
-49.454914 480.303314 2550.629150
121.607437 476.487885 2496.803955
251.109497 494.919769 2357.305908
250.643356 726.201904 2483.932129
-220.517258 484.118744 2604.454346
-220.517090 206.543304 2604.454346
-220.522247 -71.031830 2604.454346
-56.095322 268.290039 2544.553711
29.439426 54.220856 2509.475098
78.780075 -380.680237 2638.537109
47.466637 -782.787720 2583.242676
-154.910889 58.332672 2567.481445
-156.471786 -366.191376 2567.818604
-128.939575 -773.460693 2568.303711
-41.525177 688.304138 2553.812500
-53.070560 478.758789 2549.048096
112.808167 470.357239 2482.214111
234.687561 517.995911 2341.357910
254.016724 762.543579 2435.324463
-218.949280 487.160339 2615.882080
-218.949112 209.584900 2615.882080
-218.954269 -67.990234 2615.882080
-64.984695 266.968018 2546.101318
18.225613 50.359299 2504.828125
83.978363 -353.411072 2662.380615
33.049137 -756.469482 2564.200195
-172.023270 59.995163 2581.480957
-173.272751 -364.529968 2581.747070
-148.479263 -771.974548 2582.595215
-42.725189 690.834534 2560.340088
-57.083664 481.789856 2553.019531
106.306290 472.617645 2479.667236
223.824005 533.965576 2320.733643
245.378662 788.707031 2376.765869
-220.473618 490.962067 2626.371826
-220.473450 213.386627 2626.371826
-220.478607 -64.188507 2626.371826
-70.911942 270.095154 2548.688477
6.478301 53.279724 2503.405762
76.135345 -349.531067 2639.904297
53.354774 -755.119385 2593.861816
-175.958740 63.521179 2585.309082
-176.958817 -361.004639 2585.519775
-154.640228 -768.591675 2586.616699
-42.235901 687.589050 2554.114014
-57.699921 478.464417 2552.111816
105.075958 466.322235 2477.217529
206.067398 543.539612 2308.208252
224.225037 804.018677 2297.627686
-220.475800 490.606567 2627.006104
-220.475632 213.031128 2627.006104
-220.480789 -64.544006 2627.006104
-73.781013 266.891663 2551.461914
1.176241 48.527969 2508.924561
93.541779 -353.440369 2609.489258
66.039909 -758.663574 2568.693359
-180.900452 62.109879 2592.699463
-126.962830 -396.876831 2663.583984
-150.518707 -778.401855 2510.104004
-42.226978 685.695923 2551.460693
-57.908249 476.612427 2550.831543
103.652878 463.254547 2473.246826
186.853836 566.348389 2283.717285
202.803802 817.224609 2210.151123
-219.469376 489.970337 2628.416260
-219.469208 212.394897 2628.416260
-219.474365 -65.180237 2628.416260
-74.847351 265.078125 2551.978027
-0.894190 46.028824 2509.476318
95.638481 -361.774841 2577.306152
65.160965 -767.308716 2542.093506
-182.678726 61.058792 2596.772705
-146.206680 -375.322144 2678.723633
-104.358139 -764.936523 2504.530518
-43.011635 682.334656 2553.139893
-57.400097 473.577545 2551.201172
104.070808 461.989746 2472.952148
171.703400 569.945862 2261.603760
182.563797 797.983948 2131.402588
-218.871002 485.165375 2629.450195
-218.870834 207.589935 2629.450195
-218.875992 -69.985199 2629.450195
-72.501045 261.886780 2551.388672
5.744411 43.497086 2506.340332
95.357864 -369.298584 2548.677002
63.409523 -775.159424 2518.965088
-180.948395 56.894928 2596.812012
-145.408569 -370.779572 2667.331543
-88.028442 -757.563599 2521.307129
-44.826561 681.954712 2561.455566
-58.303871 474.539520 2555.017822
102.248192 465.067810 2474.569824
158.327103 558.966553 2251.286133
166.953842 754.880310 2079.657715
-218.855942 484.011230 2635.465820
-218.855774 206.435791 2635.465820
-218.860931 -71.139343 2635.465820
-71.994919 262.769592 2552.627441
5.675859 45.609802 2504.458252
83.695137 -370.962250 2529.033447
51.462215 -777.142822 2504.438477
-177.047791 56.389526 2596.015869
-121.822479 -365.612274 2649.175537
-102.516937 -759.274048 2537.946045
-45.342072 683.916992 2564.128662
-57.705906 476.620544 2556.732178
102.800064 468.474915 2475.969482
138.151611 541.493408 2242.143799
148.068542 691.961609 2031.865723
-218.211884 484.766113 2637.494873
-218.211716 207.190674 2637.494873
-218.216873 -70.384460 2637.494873
-69.884010 264.750732 2553.898438
9.322231 48.243240 2505.082275
74.790878 -371.002563 2518.122314
43.154469 -777.481140 2498.102051
-173.446457 57.518631 2597.047119
-121.136459 -358.344177 2673.401367
-92.810661 -765.714478 2496.072754
-46.914505 687.107117 2574.469971
-58.020256 480.225006 2562.297607
102.786476 474.726440 2481.905029
127.068497 529.752502 2241.053467
142.009628 612.101318 2003.263916
-218.826996 485.723572 2642.690186
-218.826828 208.148132 2642.690186
-218.831985 -69.427002 2642.690186
-69.231895 268.483398 2554.353516
11.262423 53.606049 2500.562500
65.023720 -367.461273 2506.500244
34.600266 -774.208618 2490.451660
-172.149490 59.877533 2592.256348
-132.663376 -349.989319 2694.465820
-75.912354 -768.982544 2470.246826
-47.591736 685.529846 2571.134521
-59.701298 478.671570 2563.240967
102.380379 471.347839 2485.633057
115.506050 486.359955 2250.511475
137.047211 519.332275 1998.776367
-221.782974 485.995300 2640.848877
-221.782806 208.419861 2640.848877
-221.787964 -69.155273 2640.848877
-71.692444 266.866913 2558.185547
4.634763 51.071564 2510.841553
48.222969 -371.208130 2512.622559
19.413704 -778.192017 2499.946289
-172.001953 59.052948 2595.418701
-124.240524 -353.048523 2683.294922
-96.824928 -758.723755 2514.885986
-50.230915 687.716003 2569.484375
-61.131042 479.223267 2563.930908
101.563477 472.066650 2487.545898
124.245331 442.674347 2262.259521
132.718964 442.200989 2001.533691
-223.825562 486.379944 2640.315918
-223.825394 208.804504 2640.315918
-223.830551 -68.770630 2640.315918
-72.039581 267.306641 2560.551270
6.498008 51.455429 2515.176758
91.834549 -367.290527 2641.812012
58.860992 -771.113037 2591.369629
-172.394257 59.324570 2599.166504
-117.222397 -352.567322 2684.409912
-95.840355 -766.737915 2484.115234
-52.878334 684.260620 2567.690918
-62.395283 476.406281 2564.163086
99.918434 469.699310 2486.900146
114.615013 395.343201 2271.115234
127.452957 374.626801 2007.833984
-224.709000 483.113251 2641.426025
-224.708832 205.537811 2641.426025
-224.713989 -72.037323 2641.426025
-72.371185 264.416321 2561.607910
6.461728 48.756683 2516.778809
90.555634 -352.391388 2661.102783
65.296379 -750.486694 2567.736084
-171.155899 56.096039 2601.326660
-106.249664 -354.168488 2687.731445
-106.300529 -775.194214 2464.228760
-56.107826 685.354797 2575.701660
-64.566780 476.842072 2566.225586
94.513893 473.157562 2482.654053
118.203423 371.119568 2276.510742
122.004097 316.409912 2016.291992
-223.647461 480.526581 2649.797119
-223.647293 202.951141 2649.797119
-223.652451 -74.623993 2649.797119
-73.181656 264.934937 2559.169434
5.107463 51.014984 2506.458984
85.700119 -334.890350 2674.654053
64.812088 -757.631226 2509.751953
-168.700516 55.040619 2597.767578
-99.484833 -354.986206 2682.473389
-110.803947 -775.542847 2448.988037
-57.653751 686.551575 2589.745117
-66.299149 478.582397 2572.557861
92.693604 477.132812 2488.593018
119.583221 351.056915 2278.237549
120.352531 260.744293 2031.226074
-225.291901 480.031982 2656.522705
-225.291733 202.456543 2656.522705
-225.296890 -75.118591 2656.522705
-74.679550 266.931396 2560.343018
3.568166 54.490585 2502.379395
84.848236 -313.641357 2699.119629
64.194481 -763.001953 2493.923096
-169.688080 56.070236 2593.876953
-100.586105 -353.025940 2683.305908
-118.586227 -774.189941 2445.465332
-60.011452 689.984680 2596.277344
-67.583382 481.963104 2576.060791
91.385414 482.045837 2491.943359
121.284256 330.029846 2286.115723
116.777344 203.726669 2056.336426
-226.552170 481.880371 2660.178223
-226.552002 204.304932 2660.178223
-226.557159 -73.270203 2660.178223
-75.560394 270.471191 2560.777344
3.047947 59.024353 2499.677734
81.360474 -311.447449 2692.332031
66.759560 -765.204224 2484.331787
-170.122772 58.934204 2591.310059
-100.601082 -348.946106 2685.912842
-118.631691 -773.247070 2444.572998
-62.318054 691.519409 2600.546875
-69.481621 483.158051 2577.925537
89.784340 484.053528 2494.321289
123.643547 312.020630 2294.569336
112.749886 150.348892 2088.973145
-228.747589 482.262573 2661.529785
-228.747421 204.687134 2661.529785
-228.752579 -72.888000 2661.529785
-77.236984 271.764404 2560.887207
1.742479 60.858429 2498.318604
79.271454 -308.112518 2693.765869
66.830475 -770.033203 2479.150146
-171.727158 59.883087 2589.379150
-100.416801 -346.098145 2690.526367
-121.193024 -774.607422 2441.635986
-63.653950 692.434509 2593.176514
-68.750038 483.662506 2574.955078
90.888161 484.776764 2492.036133
126.314095 294.003967 2310.787354
111.313248 95.816086 2135.752930
-228.388229 482.548248 2657.874023
-228.388062 204.972809 2657.874023
-228.393219 -72.602325 2657.874023
-74.524536 271.990631 2560.993408
6.633931 60.925537 2501.877197
81.761612 -310.317719 2693.701904
72.956406 -771.861572 2481.803467
-167.232010 59.711975 2592.186279
-97.023087 -344.346680 2701.355957
-113.798431 -776.451904 2443.078125
-64.333710 688.876221 2590.002686
-68.160217 480.720703 2572.558594
92.640518 482.701904 2491.960693
128.656342 273.998047 2328.908936
112.773308 49.668457 2186.144775
-228.960953 478.739441 2653.156494
-228.960785 201.164001 2653.156494
-228.965942 -76.411133 2653.156494
-72.489670 268.985077 2558.716064
10.754248 58.328476 2500.979248
81.903152 -314.481628 2691.169189
70.662132 -775.064941 2474.725830
-164.392502 56.170456 2588.767822
-95.761978 -351.616089 2683.300049
-114.298622 -778.678467 2435.215332
-64.696419 686.397217 2578.929443
-65.859764 478.502136 2567.698730
95.518105 480.870972 2488.251465
130.441711 258.484863 2353.796143
115.696617 15.333664 2237.045654
-227.237640 476.133240 2647.145996
-227.237473 198.557800 2647.145996
-227.242630 -79.017334 2647.145996
-67.391312 266.534180 2558.267578
18.951723 55.856155 2505.575195
86.837799 -319.003418 2692.847656
75.482574 -775.707031 2478.396484
-156.797440 53.276321 2592.097656
-91.395119 -353.625061 2693.002930
-109.981300 -777.460327 2440.138672
-64.767632 688.155334 2581.365234
-64.848152 479.387482 2567.239990
97.514153 483.027344 2489.895996
131.223358 235.743011 2378.413330
117.738190 -22.952484 2301.990479
-227.210449 475.747620 2644.583984
-227.210281 198.172180 2644.583984
-227.215439 -79.402954 2644.583984
-64.840309 267.404480 2557.280273
23.586294 57.403656 2505.200684
83.120796 -323.528778 2682.249268
70.788200 -772.078003 2473.525391
-153.251221 53.439301 2589.440430
-95.612701 -354.838989 2689.688477
-113.218689 -774.111206 2433.233643
-64.538010 689.103271 2583.088379
-64.173019 480.408691 2567.203125
99.427063 484.834381 2492.584229
133.119064 219.375458 2406.217285
122.179558 -48.104279 2360.389160
-227.773102 475.983002 2641.822021
-227.772934 198.407562 2641.822021
-227.778091 -79.167572 2641.822021
-63.398247 268.452209 2556.330322
26.469873 58.905853 2504.821533
83.169739 -316.123871 2694.670898
69.968193 -771.808960 2476.059326
-151.716812 54.085602 2586.093506
-96.665665 -355.853973 2681.093994
-114.856766 -773.490967 2435.089111
-61.958431 688.430908 2574.924316
-62.391228 478.627777 2563.635254
102.673912 480.133972 2492.292236
136.090042 214.640533 2436.819336
134.278107 -57.830719 2412.408936
-227.456360 477.121582 2634.978271
-227.456192 199.546143 2634.978271
-227.461349 -78.028992 2634.978271
-63.211197 266.528748 2557.260254
25.873014 55.250092 2512.027588
78.946136 -317.874786 2706.919922
67.943306 -776.808105 2483.917480
-153.935364 53.609344 2589.742920
-101.610458 -354.304749 2694.290527
-118.924721 -775.046814 2441.359863
-64.488304 686.664429 2570.870117
-64.108086 476.552185 2562.222412
102.103065 477.947449 2493.545410
140.881607 205.118317 2458.438477
145.440460 -69.793182 2447.304688
-230.319229 475.156921 2630.899414
-230.319061 197.581482 2630.899414
-230.324219 -79.993652 2630.899414
-64.203766 264.380310 2557.680176
26.200653 52.968155 2515.744141
77.430389 -326.816467 2697.518311
68.654724 -775.875366 2479.072754
-154.799545 51.448746 2590.531738
-101.884415 -356.723999 2694.147949
-116.683655 -776.430115 2437.181396
-63.195213 687.131104 2571.825439
-63.683670 477.066406 2562.341797
103.955597 477.919800 2497.248047
145.811050 200.929291 2472.536377
151.326462 -75.229187 2470.590576
-231.322937 476.213013 2627.435547
-231.322769 198.637573 2627.435547
-231.327927 -78.937561 2627.435547
-64.489639 264.883118 2557.484375
25.711166 53.163101 2517.289307
85.423767 -355.753967 2669.790771
61.116539 -781.195374 2530.663818
-156.302383 52.236526 2587.964600
-80.715729 -358.208008 2665.715332
-124.126221 -709.232910 2461.941895
-63.679127 686.087769 2569.331055
-62.751232 475.557556 2561.518311
106.736580 476.854309 2501.547607
151.353485 202.781464 2484.369629
163.894424 -73.720276 2481.045654
-232.239044 474.260742 2621.489014
-232.238876 196.685303 2621.489014
-232.244034 -80.889832 2621.489014
-62.336349 263.342163 2558.101807
30.112116 51.830948 2522.120605
119.998962 -346.908081 2636.797363
81.041855 -735.569824 2518.260986
-153.955048 50.422623 2587.250000
-73.287415 -363.276001 2637.939453
-141.236237 -719.019531 2449.641602
-63.028709 690.055176 2577.058350
-61.586487 479.333099 2565.464600
109.839035 480.974579 2511.455322
159.411133 203.544159 2495.742432
143.069763 -71.590576 2497.758545
-233.012009 477.691620 2619.473877
-233.011841 200.116180 2619.473877
-233.016998 -77.458954 2619.473877
-61.480927 267.185364 2559.351807
31.605730 55.927979 2523.944336
86.269333 -368.415985 2658.309082
63.821793 -783.623535 2563.689209
-154.356461 54.147278 2582.533691
-79.026558 -362.614136 2611.834961
-164.756393 -723.926514 2442.334717
-60.018593 689.491455 2563.394531
-60.987171 479.050568 2561.137451
111.960602 476.981110 2512.370850
167.542542 206.140533 2505.418701
156.185883 -69.691223 2494.814941
-233.934937 481.120026 2609.904053
-233.934769 203.544586 2609.904053
-233.939926 -74.030548 2609.904053
-63.413029 266.930420 2561.535645
31.445881 53.646179 2534.502197
95.172302 -350.926849 2683.617920
47.219357 -759.623108 2566.063232
-163.123657 55.974365 2589.365479
-97.621559 -363.214508 2603.972900
-194.995941 -730.343018 2454.435547
-61.747265 685.973633 2556.571777
-63.114891 475.443054 2559.123047
111.442543 471.757080 2516.678223
178.947266 203.733521 2509.199951
173.348831 -70.928345 2480.179932
-237.672333 479.129028 2601.567871
-237.672165 201.553589 2601.567871
-237.677322 -76.021545 2601.567871
-66.678032 263.337463 2562.888672
27.352028 49.171082 2542.923828
81.762016 -360.641174 2655.959229
61.322952 -769.034729 2594.085205
-167.834381 53.292664 2590.384766
-121.280373 -389.002502 2684.317627
-114.165100 -792.391968 2487.618408
-61.869469 683.855652 2553.172363
-62.953583 473.754791 2558.661621
112.858856 469.907806 2521.637207
182.965057 199.653259 2509.454102
192.998383 -73.110260 2467.460449
-238.766022 477.601776 2595.685547
-238.765854 200.026337 2595.685547
-238.771011 -77.548798 2595.685547
-66.397385 261.651794 2564.346680
28.264547 47.402130 2549.372070
82.384048 -371.555847 2649.076172
63.652206 -777.572998 2588.937744
-167.946915 51.695465 2590.691895
-118.597427 -370.025757 2702.049805
-108.263107 -768.392944 2491.814453
-58.749138 683.555847 2560.511963
-59.989098 473.966431 2561.243652
116.921944 471.552673 2529.699219
184.548752 198.879913 2510.726318
201.983398 -69.429230 2460.103027
-236.900131 476.380188 2592.788086
-236.899963 198.804749 2592.788086
-236.905121 -78.770386 2592.788086
-62.648262 261.798370 2562.564941
29.975288 48.330276 2546.896729
81.077515 -362.876343 2658.260498
69.709129 -748.512512 2564.577393
-160.590134 50.930313 2580.875732
-87.254814 -358.901245 2663.841309
-106.984604 -721.798157 2477.983643
-57.882244 683.590759 2554.107910
-58.361443 474.062408 2560.351562
118.885750 471.823364 2530.197510
183.761505 200.429718 2509.864258
206.451019 -65.914368 2454.681396
-235.608643 476.301453 2590.505615
-235.608475 198.726013 2590.505615
-235.613632 -78.849121 2590.505615
-60.299248 261.912964 2564.713623
34.265610 48.544464 2552.658203
81.445984 -373.695618 2651.978516
67.219376 -768.091309 2574.313477
-158.739716 50.982574 2585.493164
-78.167305 -362.129639 2640.897461
-121.777336 -728.476196 2466.212402
-56.521217 683.913391 2551.915283
-58.558990 474.376587 2560.718262
119.171753 469.515137 2533.903320
183.866989 202.703918 2509.398682
209.285736 -63.633423 2452.865479
-236.289734 479.238098 2587.533203
-236.289566 201.662659 2587.533203
-236.294724 -75.912476 2587.533203
-63.458420 262.310913 2566.691406
32.764442 47.479202 2557.407715
86.418732 -365.243774 2666.298340
48.987534 -748.730591 2561.937988
-169.480148 53.011246 2587.921387
-93.077919 -363.279785 2620.901611
-154.809723 -733.869690 2461.280762
-55.636990 684.622131 2559.345215
-58.383377 474.491943 2563.598145
119.683525 469.509216 2538.857910
184.952240 200.366302 2509.202393
206.765732 -66.102020 2451.123291
-236.450287 479.474670 2588.338379
-236.450119 201.899231 2588.338379
-236.455276 -75.675903 2588.338379
-63.901592 262.371643 2566.602051
30.244415 47.462494 2555.758789
83.717049 -386.934967 2664.509277
56.671104 -775.787170 2560.028320
-169.084030 53.040192 2583.453125
-102.044380 -365.804199 2600.724121
-176.425735 -740.922485 2457.964844
-53.762573 680.727905 2554.052002
-56.243427 470.936096 2561.741211
122.308250 465.695679 2540.957275
186.954910 196.665741 2509.599365
202.096817 -69.973419 2448.708740
-234.795120 476.176544 2582.525146
-234.794952 198.601105 2582.525146
-234.800110 -78.974030 2582.525146
-61.898659 258.838226 2566.635742
31.545109 43.831833 2559.994873
83.184586 -397.697266 2662.790283
58.986618 -788.900879 2557.433838
-166.652878 49.648865 2583.065674
-110.341286 -371.064301 2590.323242
-192.613800 -750.647705 2464.728027
-49.653511 680.019531 2552.404541
-53.168259 469.586975 2561.665527
125.875092 464.183472 2546.184814
185.466415 192.823944 2512.797119
199.188995 -72.834473 2449.519287
-232.211609 474.990448 2577.146240
-232.211441 197.415009 2577.146240
-232.216599 -80.160126 2577.146240
-59.081978 257.499207 2567.297852
33.971634 42.424622 2564.373047
89.647507 -392.389465 2656.706055
57.864212 -788.353699 2570.500732
-163.963043 48.398254 2581.487305
-117.834930 -373.613129 2582.834229
-204.110336 -757.382202 2473.727051
-50.347179 680.461731 2559.591553
-53.091103 470.540955 2564.240723
126.203697 466.075653 2551.066650
185.753235 190.429626 2515.402832
197.500427 -74.535919 2450.492676
-232.385895 475.006256 2577.414795
-232.385727 197.430817 2577.414795
-232.390884 -80.144318 2577.414795
-58.200020 258.388123 2566.617676
34.728706 43.793686 2561.791016
103.894737 -370.785217 2674.823730
39.522415 -755.625916 2553.965820
-161.346588 48.676880 2576.198242
-128.648224 -397.520264 2675.775635
-101.168121 -789.552246 2505.593506
-51.479069 677.102966 2554.688477
-53.217453 466.487244 2562.520996
126.342422 462.728851 2553.636475
185.341888 190.186951 2521.717041
195.230621 -72.233856 2449.965088
-232.777328 470.245605 2571.405518
-232.777161 192.670166 2571.405518
-232.782318 -84.904968 2571.405518
-57.400280 254.367294 2567.715820
36.799263 40.188110 2568.042725
121.420273 -368.093994 2647.843994
44.957306 -754.658081 2541.316162
-159.965485 44.306610 2577.778564
-120.040451 -379.290161 2693.145508
-104.700256 -768.807251 2506.481201
-51.432213 677.901611 2551.228516
-52.785919 467.578217 2562.185303
126.926590 463.766937 2557.247314
181.451416 193.968628 2523.706787
174.559341 -75.100647 2477.020752
-232.498444 471.389496 2567.123291
-232.498276 193.814056 2567.123291
-232.503433 -83.761078 2567.123291
-57.105080 255.482147 2568.694336
36.748993 41.304062 2572.505859
93.020012 -379.484558 2669.581055
54.619308 -774.175842 2578.510010
-159.597473 45.468109 2577.900879
-120.362411 -398.385132 2671.140869
-104.752113 -787.439392 2515.818848
-51.600388 676.159851 2541.497559
-52.469406 465.046875 2559.499023
127.311829 461.084900 2555.978760
179.325195 200.342987 2527.084229
171.235275 -70.365906 2477.339600
-232.250641 469.008911 2563.019287
-232.250473 191.433472 2563.019287
-232.255630 -86.141663 2563.019287
-56.927715 253.159698 2570.285156
36.667946 39.111603 2579.151367
84.128372 -376.119415 2679.883545
61.778069 -749.345337 2569.179932
-159.440002 43.433411 2582.991211
-119.908127 -382.914490 2683.194580
-104.898384 -766.328247 2512.433594
-49.937523 675.728455 2545.138916
-51.946331 464.907928 2560.328857
127.844513 459.895630 2557.798584
178.218369 200.378540 2529.290283
165.399994 -70.671387 2476.636963
-231.737167 469.920197 2562.859131
-231.737000 192.344757 2562.859131
-231.742157 -85.230377 2562.859131
-57.728844 252.952820 2569.311035
34.471836 38.266098 2576.914307
81.430901 -370.805725 2689.982666
61.249523 -759.429871 2516.035645
-161.494553 43.729324 2579.672119
-118.204529 -373.030151 2685.049072
-111.565277 -768.842834 2467.355713
-48.851051 677.435913 2556.456055
-52.188889 466.473511 2565.010986
127.595871 460.711853 2562.673584
176.760071 197.915497 2529.173096
154.167831 -73.411102 2479.223389
-231.973633 472.235199 2567.348389
-231.973465 194.659760 2567.348389
-231.978622 -82.915375 2567.348389
-58.938332 254.438980 2568.525879
32.252258 39.265701 2570.767334
79.615303 -365.574585 2693.358643
61.495659 -763.792664 2489.990967
-163.627808 45.543182 2573.314209
-111.538177 -365.129913 2682.627197
-114.400154 -770.254883 2446.471680
-48.031857 676.023682 2561.617920
-52.378765 465.574280 2566.304688
127.411766 459.700470 2564.037354
176.523697 198.268768 2531.154785
147.675171 -73.532104 2485.673340
-232.169281 471.448120 2568.572021
-232.169113 193.872681 2568.572021
-232.174271 -83.702454 2568.572021
-59.295750 253.487595 2567.250977
30.893536 38.228394 2566.972656
76.858948 -362.669586 2700.141602
63.495926 -769.932251 2483.776367
-163.319000 44.573395 2569.421875
-86.987465 -364.828186 2651.805664
-120.132584 -720.090515 2453.521484
-49.531342 675.263000 2566.203857
-53.052155 465.105530 2567.732666
126.762421 459.669800 2566.258301
176.285965 197.053162 2532.215088
144.102921 -74.932526 2488.799561
-232.866730 470.541260 2569.207031
-232.866562 192.965820 2569.207031
-232.871719 -84.609314 2569.207031
-59.471985 252.980835 2566.830078
31.327858 37.917206 2565.130371
74.565796 -371.687561 2661.705322
67.974319 -779.395508 2556.584229
-163.111481 43.795044 2566.724609
-118.460327 -394.510498 2663.313721
-108.623123 -788.139648 2475.952637
-48.242687 675.625488 2567.989746
-52.227932 465.246948 2568.978760
127.573898 459.298737 2568.863525
177.384811 199.111664 2537.546143
147.326431 -73.027191 2492.790283
-232.029770 471.195129 2569.093994
-232.029602 193.619690 2569.093994
-232.034760 -83.955444 2569.093994
-59.246315 253.132462 2566.994141
31.565655 37.781570 2564.946777
73.958344 -366.636902 2682.354980
68.708168 -775.166382 2524.521729
-164.095047 44.254395 2565.072266
-115.453293 -404.877991 2654.035156
-108.730103 -796.637878 2499.941895
-48.364109 678.246826 2576.894775
-52.359024 468.612061 2572.318115
127.444366 462.647491 2572.922852
177.501190 199.889008 2537.987305
155.989426 -72.363037 2489.642090
-232.162415 474.576660 2571.713379
-232.162247 197.001221 2571.713379
-232.167404 -80.573914 2571.713379
-59.375633 256.565277 2567.104492
31.476456 41.271896 2562.219971
75.068573 -361.290161 2687.354248
68.407928 -771.032288 2500.123779
-164.260925 47.765060 2561.561768
-117.348694 -379.494995 2664.870605
-107.815933 -764.529724 2498.780762
-45.775547 681.124268 2580.349121
-49.659836 471.360840 2574.556641
130.089706 466.005005 2578.543701
176.255722 195.950226 2536.505615
159.395950 -74.712616 2483.070557
-229.409378 476.716736 2570.569580
-229.409210 199.141296 2570.569580
-229.414368 -78.433838 2570.569580
-55.847866 259.290771 2568.659180
35.819366 44.304977 2564.932373
109.714531 -361.676575 2664.640625
78.786629 -734.632690 2501.626221
-159.891159 50.136398 2560.591064
-91.613609 -361.894470 2636.695801
-106.788437 -738.045227 2478.876709
-46.224606 679.290222 2578.083252
-48.359535 469.551697 2573.963867
131.335526 465.839111 2580.761963
176.252197 196.932343 2534.791016
137.982910 -73.937286 2507.062500
-228.054596 473.264282 2567.165771
-228.054428 195.688843 2567.165771
-228.059586 -81.886292 2567.165771
-52.593300 257.395782 2570.014160
41.008430 43.218567 2569.765625
82.366982 -373.665100 2670.305664
69.478935 -778.784302 2539.835693
-154.662567 47.261215 2562.363281
-115.312531 -395.692688 2653.521973
-103.209724 -783.250366 2510.953613
-45.276428 680.343994 2580.945557
-45.960087 470.492279 2575.836182
133.678650 467.596191 2584.555176
176.885605 198.036438 2534.814941
149.592453 -74.502472 2501.002441
-225.598846 473.388367 2567.117188
-225.598679 195.812927 2567.117188
-225.603836 -81.762207 2567.117188
-49.154305 258.322327 2571.174316
45.465900 44.575439 2571.260010
81.427979 -368.147003 2677.132812
71.616470 -750.497864 2542.987793
-150.162933 47.729309 2561.764893
-115.008522 -376.783813 2667.281738
-103.698990 -759.713623 2505.974121
-45.256081 679.819519 2583.386963
-45.444626 470.004425 2577.315918
134.232147 467.541504 2585.733887
176.984711 201.367950 2535.755371
166.227188 -71.158417 2492.624512
-225.121399 472.467346 2568.897949
-225.121231 194.891907 2568.897949
-225.126389 -82.683228 2568.897949
-48.102074 257.836182 2571.962402
46.750465 44.331329 2571.177246
83.298141 -389.795074 2671.434082
63.268005 -776.912292 2549.273438
-148.269501 47.004547 2562.040527
-113.586037 -366.338348 2680.582520
-110.707451 -768.318542 2472.550781
-45.287128 679.418213 2583.588135
-45.171150 469.476257 2577.790283
134.550140 467.048279 2585.389160
175.991791 200.183929 2538.365479
176.494186 -69.373199 2487.894043
-224.892426 471.904236 2570.191406
-224.892258 194.328796 2570.191406
-224.897415 -83.246338 2570.191406
-47.800240 257.309021 2572.181152
47.270599 43.821915 2570.702881
82.245331 -374.835266 2685.148682
66.697624 -756.833008 2544.667480
-148.129257 46.461685 2562.441162
-111.973450 -364.100159 2677.663574
-114.818710 -772.849304 2455.541504
-43.946819 683.372375 2592.709717
-44.433746 473.546509 2581.658691
135.351852 471.114929 2587.419922
176.467758 204.365906 2537.989746
185.670563 -66.079987 2484.892090
-224.219345 475.978149 2575.897461
-224.219177 198.402710 2575.897461
-224.224335 -79.172424 2575.897461
-47.013443 261.519104 2572.673340
48.228615 48.168655 2566.822754
82.579781 -361.978027 2690.705566
66.548485 -759.814636 2508.676514
-147.414902 50.814713 2560.553223
-111.032974 -358.052795 2675.376709
-114.764481 -769.799927 2445.686035
-43.194328 681.482971 2588.740967
-43.855610 472.075134 2580.229004
135.949066 469.061768 2585.222168
177.051117 211.163330 2538.972656
192.868774 -59.957336 2486.577637
-223.660309 475.088501 2575.235840
-223.660141 197.513062 2575.235840
-223.665298 -80.062073 2575.235840
-47.208324 259.985901 2572.966797
46.745907 46.265915 2568.406738
84.007217 -385.149475 2675.880371
62.219372 -780.678955 2531.846436
-147.867981 49.527451 2563.002441
-109.167297 -357.213074 2681.300537
-116.179184 -776.355408 2445.732178
-43.558998 681.130859 2586.771973
-46.057297 471.366394 2579.537354
133.747589 466.873108 2582.713623
176.945526 209.612671 2536.602295
197.481750 -62.498962 2489.043213
-225.862183 475.859680 2576.361084
-225.862015 198.284241 2576.361084
-225.867172 -79.290894 2576.361084
-51.244385 259.283997 2573.152832
41.174225 44.762436 2568.492432
77.053787 -371.636047 2689.173096
60.207436 -758.881958 2535.704834
-154.037170 49.640732 2565.044189
-115.076019 -356.094543 2685.181885
-123.475250 -774.930420 2443.209473
