70.957443 704.368774 3011.812744
70.005692 475.858582 2970.191162
252.704132 472.511475 2980.349854
252.703308 156.981903 2980.349854
252.709534 -158.547241 2980.349854
-112.692749 479.205688 2960.032471
-112.691925 163.676117 2960.032471
-112.698151 -151.853027 2960.032471
67.705948 237.471375 2933.006348
176.573868 -2.952484 2902.002686
176.342056 -482.467346 2955.129150
145.360275 -924.716614 2832.206299
-45.761459 1.120789 2889.640381
-49.385323 -475.931824 2961.124268
-6.743031 -971.226074 2769.937988
0 0 0
68.763527 703.219604 3010.809326
68.215714 474.122986 2969.308838
251.019989 471.704681 2977.419922
251.019165 156.175110 2977.419922
251.025391 -159.354034 2977.419922
-114.588562 476.541321 2961.197754
-114.587738 161.011749 2961.197754
-114.593964 -154.517395 2961.197754
66.702271 235.695618 2932.331543
176.429733 -4.203369 2900.290039
176.795273 -484.907288 2939.662598
142.645782 -926.540161 2831.092529
-46.052067 -1.260162 2890.418457
-44.684223 -480.934235 2933.722656
-16.742722 -960.337769 2829.620361
0 0 0
68.254326 704.399231 3010.313477
69.260025 475.000671 2969.303955
251.899292 472.500000 2980.278076
251.898468 156.970428 2980.278076
251.904694 -158.558716 2980.278076
-113.379242 477.501343 2958.329834
-113.378418 161.971771 2958.329834
-113.384644 -153.557373 2958.329834
68.208008 236.545959 2932.475830
178.298431 -3.430496 2902.325684
179.708038 -483.733582 2947.338379
146.771332 -921.371216 2837.441895
-43.986450 -0.387009 2888.969727
-45.710068 -477.871094 2952.306396
-9.168530 -964.106812 2799.478516
0 0 0
67.198936 703.521240 3011.065674
68.987968 474.439697 2969.382324
251.562775 472.161621 2981.592041
251.561951 156.632050 2981.592041
251.568176 -158.897095 2981.592041
-113.586830 476.717773 2957.172607
-113.586006 161.188202 2957.172607
-113.592232 -154.340942 2957.172607
68.490219 236.015717 2932.340332
179.080246 -3.794388 2902.727295
178.119217 -484.572754 2942.995850
144.739853 -924.435852 2835.102783
-43.095318 -1.022171 2887.869385
-42.762562 -480.819397 2930.048828
-17.879677 -955.674438 2844.614746
0 0 0
65.624451 703.717285 3010.938965
66.342865 474.277252 2969.815186
249.042480 472.379639 2980.042969
249.041656 156.850067 2980.042969
249.047882 -158.679077 2980.042969
-116.356750 476.174866 2959.587402
-116.355927 160.645294 2959.587402
-116.362152 -154.883850 2959.587402
65.913940 235.782257 2933.228271
176.656235 -3.867416 2902.864746
170.852005 -483.713989 2952.176270
142.545609 -922.107239 2833.488037
-45.686203 -1.558060 2890.417969
-51.045437 -478.519836 2956.118164
-14.462952 -962.556152 2812.900391
0 0 0
63.942059 699.165771 3010.885010
64.672646 470.460907 2968.638184
247.409592 468.878571 2978.415039
247.408768 153.348999 2978.415039
247.414993 -162.180145 2978.415039
-118.064308 472.043243 2958.861328
-118.063484 156.513672 2958.861328
-118.069710 -159.015472 2958.861328
64.611504 232.098145 2931.203369
175.737671 -7.227402 2899.717285
171.729645 -487.921509 2940.111328
143.068085 -928.375610 2828.527100
-46.636948 -5.301834 2887.819824
-47.606277 -485.041809 2917.410645
-20.350096 -958.892090 2844.975586
0 0 0
62.305336 695.067871 2998.346191
63.531300 465.511353 2962.162109
246.323456 465.238892 2970.947754
246.322632 149.709320 2970.947754
246.328857 -165.819824 2970.947754
-119.260857 465.783813 2953.376465
-119.260033 150.254242 2953.376465
-119.266258 -165.274902 2953.376465
64.718109 226.437836 2930.055664
177.132736 -12.801483 2903.295166
173.788269 -493.297272 2946.865723
145.887283 -927.578857 2836.903076
-45.322903 -12.469879 2892.603271
-48.749805 -489.552795 2951.454346
-10.874523 -971.242310 2811.065430
0 0 0
61.525311 694.850952 2992.074951
61.976719 464.875244 2958.352539
244.599335 463.752441 2969.851318
244.598511 148.222870 2969.851318
244.604736 -167.306274 2969.851318
-120.645889 465.997986 2946.853760
-120.645065 150.468414 2946.853760
-120.651291 -165.060730 2946.853760
62.404305 225.522888 2928.190918
173.964996 -14.512711 2905.026855
166.895309 -495.518677 2941.845215
142.065186 -924.207520 2835.908936
-48.301212 -13.146194 2891.031738
-53.684242 -490.964233 2951.323730
-12.092808 -971.721191 2778.066650
0 0 0
58.414566 693.069702 2988.946533
60.034409 462.477325 2957.322510
242.627655 461.828735 2969.503174
242.626831 146.299164 2969.503174
242.633057 -169.229980 2969.503174
-122.558838 463.125916 2945.141846
-122.558014 147.596344 2945.141846
-122.564240 -167.932800 2945.141846
61.110481 222.953033 2928.438232
173.284668 -16.965881 2906.965332
170.009308 -497.532227 2949.644531
143.959641 -926.209229 2836.533691
-48.911560 -16.176636 2892.142578
-48.841301 -496.338928 2925.247803
-15.713428 -968.224854 2829.707764
0 0 0
54.330082 690.191406 2989.879395
56.157787 459.838013 2956.946289
238.834290 459.789337 2967.874512
238.833466 144.259766 2967.874512
238.839691 -171.269379 2967.874512
-126.518707 459.886658 2946.018066
-126.517883 144.357086 2946.018066
-126.524109 -171.172058 2946.018066
57.869507 220.404160 2927.267578
170.735825 -19.059280 2904.238525
166.172806 -500.509460 2932.609375
142.263657 -927.971497 2831.577393
-51.573383 -19.000076 2890.939209
-48.013660 -500.315247 2911.136230
-27.162580 -967.803833 2849.386719
0 0 0
50.870571 691.792969 2989.372314
49.659111 460.041565 2956.269043
232.396454 457.105652 2965.121582
232.395630 141.576080 2965.121582
232.401855 -173.953064 2965.121582
-133.078217 462.977539 2947.416504
-133.077393 147.447968 2947.416504
-133.083618 -168.081177 2947.416504
47.303783 220.775696 2925.536133
156.158798 -20.276947 2900.190674
151.797531 -501.718964 2930.825684
130.836502 -924.656616 2833.100586
-66.261887 -16.703430 2889.415771
-65.045341 -495.048309 2941.034668
-29.435970 -966.193237 2811.274414
0 0 0
46.345009 694.731262 2987.592529
46.320030 461.885254 2955.738770
229.139542 459.641510 2963.312744
229.138718 144.111938 2963.312744
229.144943 -171.417206 2963.312744
-136.499466 464.128998 2948.164795
-136.498642 148.599426 2948.164795
-136.504868 -166.929718 2948.164795
44.640228 222.544678 2925.383057
154.194748 -18.161072 2899.635742
158.636108 -499.405304 2932.961426
142.762970 -923.104492 2836.003174
-68.273903 -15.430725 2890.418945
-49.863045 -495.109680 2923.921875
-25.028362 -962.480469 2852.159912
0 0 0
46.911331 691.318115 2975.158691
43.763512 458.412781 2951.319336
226.480423 453.941284 2960.160400
226.479599 138.411713 2960.160400
226.485825 -177.117432 2960.160400
-138.953384 462.884277 2942.478271
-138.952560 147.354706 2942.478271
-138.958786 -168.174438 2942.478271
39.104126 218.561142 2926.306641
145.628586 -24.011414 2906.673828
150.206070 -505.614105 2935.264893
135.780701 -928.458618 2843.318115
-76.739113 -18.569580 2895.914062
-62.367931 -498.330627 2937.775391
-24.455112 -969.518066 2823.080078
0 0 0
42.533703 692.647705 2981.020752
39.800453 460.070618 2953.446289
222.524597 455.985199 2962.626221
222.523773 140.455627 2962.626221
222.529999 -175.073517 2962.626221
-142.923706 464.156006 2944.266357
-142.922882 148.626434 2944.266357
-142.929108 -166.902710 2944.266357
35.814796 220.425323 2926.128662
143.005463 -21.705673 2904.396484
154.862793 -503.493347 2926.009521
140.579651 -920.509583 2833.861328
-79.347176 -16.734238 2893.225586
-54.795830 -497.252747 2910.791016
-24.541569 -964.467346 2846.278809
0 0 0
39.437519 694.423279 2984.435547
37.179272 461.802765 2954.893799
219.916580 458.166473 2964.150879
219.915756 142.636902 2964.150879
219.921982 -172.892242 2964.150879
-145.558060 465.439056 2945.636719
-145.557236 149.909485 2945.636719
-145.563461 -165.619659 2945.636719
33.872307 222.297760 2926.093994
141.754120 -19.419785 2902.926758
153.101212 -501.522522 2916.632812
142.838837 -922.119446 2834.094238
-80.623436 -14.994705 2891.661621
-59.185867 -493.872681 2935.037109
-16.233315 -968.412720 2812.416504
0 0 0
35.732765 693.823914 2986.633057
34.500603 462.061310 2956.144043
217.177872 459.348206 2966.747314
217.177048 143.818634 2966.747314
217.183273 -171.710510 2966.747314
-148.176682 464.774414 2945.540771
-148.175858 149.244843 2945.540771
-148.182083 -166.284302 2945.540771
32.633717 222.566513 2927.027344
141.925446 -18.579208 2904.362793
155.681686 -500.599731 2901.831055
143.719543 -922.359619 2833.710205
-80.391777 -15.277359 2891.458496
-66.702110 -493.914124 2944.692139
-6.243610 -974.859253 2781.280518
0 0 0
31.753624 692.943970 2986.734863
32.021061 461.770142 2956.361084
214.639160 459.846924 2968.104492
214.638336 144.317352 2968.104492
214.644562 -171.211792 2968.104492
-150.597046 463.693359 2944.617676
-150.596222 148.163788 2944.617676
-150.602448 -167.365356 2944.617676
31.369339 222.258041 2927.270752
141.838135 -18.424316 2905.326172
158.705582 -499.076111 2877.760742
142.693085 -922.942444 2830.596680
-80.402893 -16.083801 2891.034668
-71.305801 -494.879028 2947.067383
-7.750412 -974.095825 2771.811035
0 0 0
26.696491 696.717957 2985.864014
30.817055 465.217834 2957.896484
212.819855 466.208313 2975.791992
212.819031 150.678741 2975.791992
212.825256 -164.850403 2975.791992
-151.185760 464.227386 2940.000977
-151.184937 148.697815 2940.000977
-151.191162 -166.831329 2940.000977
34.770569 225.533325 2930.954102
149.544571 -13.548111 2914.908203
171.931778 -489.532166 2851.225098
149.099289 -917.670227 2835.397705
-72.096397 -14.754288 2893.115234
-60.801918 -495.237183 2913.926270
-11.987995 -966.105713 2833.765137
0 0 0
24.513535 693.337891 2986.335938
26.484621 461.942230 2958.666748
208.307709 461.165924 2978.728760
208.306885 145.636353 2978.728760
208.313110 -169.892792 2978.728760
-155.338470 462.718536 2938.604736
-155.337646 147.188965 2938.604736
-155.343872 -168.340179 2938.604736
28.409960 222.186737 2931.940186
140.945160 -18.041016 2917.418213
162.049576 -486.038116 2813.334473
133.206284 -923.270508 2815.360352
-80.274567 -17.096497 2893.009033
-83.112183 -498.026245 2918.133301
-22.863106 -971.037781 2807.650146
0 0 0
18.590538 689.064331 2986.584229
18.328838 456.994324 2959.295898
200.386246 455.408142 2977.374023
200.385422 139.878571 2977.374023
200.391647 -175.650574 2977.374023
-163.728561 458.580505 2941.217773
-163.727737 143.050934 2941.217773
-163.733963 -172.478210 2941.217773
18.833405 217.150696 2933.170898
130.098587 -23.657944 2918.044434
164.406235 -480.018372 2775.391357
130.491837 -914.509033 2795.057617
-91.422646 -21.727921 2896.047363
-89.291893 -503.125854 2921.186768
-23.426254 -976.478943 2789.936523
0 0 0
13.246189 686.304871 2988.197510
12.544826 454.972443 2959.797119
194.360641 452.715240 2980.207764
194.359818 137.185669 2980.207764
194.366043 -178.343475 2980.207764
-169.271011 457.229645 2939.386475
-169.270187 141.700073 2939.386475
-169.276413 -173.829071 2939.386475
12.517005 215.133255 2933.521484
123.114502 -26.079315 2919.664795
170.989868 -469.562744 2743.838379
135.174561 -888.865417 2778.326416
-98.136139 -23.332550 2894.826904
-80.867714 -504.012024 2888.256836
-29.381432 -971.302612 2839.957031
0 0 0
6.920229 684.488464 2988.511230
5.692132 453.543091 2961.956299
187.669800 451.232727 2981.031006
187.668976 135.703156 2981.031006
187.675201 -179.825989 2981.031006
-176.285522 455.853455 2942.881592
-176.284698 140.323883 2942.881592
-176.290924 -175.205261 2942.881592
5.284866 213.583069 2936.777344
115.598213 -27.782654 2923.204102
168.173676 -459.931641 2720.712891
133.063339 -853.925720 2758.397461
-105.843010 -24.971252 2899.992676
-86.485916 -506.305267 2901.835938
-23.544426 -970.987671 2823.256104
0 0 0
4.022186 686.720947 2987.686768
2.009473 454.756622 2964.391602
183.898087 451.666504 2984.284912
183.897263 136.136932 2984.284912
183.903488 -179.392212 2984.284912
-179.879135 457.846741 2944.498291
-179.878311 142.317169 2944.498291
-179.884537 -173.211975 2944.498291
0.535051 214.663116 2940.577637
109.731461 -27.310593 2928.867676
170.602951 -443.276001 2696.980957
134.911346 -809.637268 2730.091553
-111.610199 -23.550186 2904.659668
-88.250084 -505.054260 2911.045410
-18.184410 -970.255432 2799.217041
0 0 0
-0.370469 690.179077 2985.663574
-1.366984 457.618835 2965.615479
180.319153 454.452087 2987.269043
180.318329 138.922516 2987.269043
180.324554 -176.606628 2987.269043
-183.053101 460.785583 2943.961914
-183.052277 145.256012 2943.961914
-183.058502 -170.273132 2943.961914
-3.005176 217.306061 2944.216064
105.910385 -24.933655 2935.992432
170.578690 -431.139404 2686.800293
135.567017 -759.681213 2701.845215
-115.197113 -21.079803 2909.640869
-81.275261 -500.876709 2888.700928
-26.111885 -963.851013 2851.494873
0 0 0
-1.372317 690.168396 2986.687744
-3.616259 457.271637 2967.676270
177.997971 453.821136 2989.942627
177.997147 138.291565 2989.942627
178.003372 -177.237579 2989.942627
-185.230484 460.722137 2945.409912
-185.229660 145.192566 2945.409912
-185.235886 -170.336578 2945.409912
-5.661915 216.882172 2947.109863
102.798012 -25.606796 2940.091797
169.085236 -358.875244 2615.187012
138.596085 -712.207886 2660.963379
-118.213158 -21.407791 2912.995117
-81.553230 -501.775635 2900.092041
-17.769802 -968.483276 2820.112793
0 0 0
-1.759739 688.192810 2975.263672
-3.677469 455.372711 2966.232666
177.492935 452.442780 2991.745361
177.492111 136.913208 2991.745361
177.498337 -178.615936 2991.745361
-184.847885 458.302643 2940.719971
-184.847061 142.773071 2940.719971
-184.853287 -172.756073 2940.719971
-5.527069 214.611664 2951.717773
102.878441 -27.932449 2952.729248
175.673141 -257.428772 2579.189453
143.928558 -650.095093 2630.577637
-117.631783 -24.366318 2921.676514
-71.193855 -502.433105 2886.220947
-26.151722 -966.934937 2861.227295
0 0 0
-2.715061 686.173889 2969.028320
-5.136654 453.888458 2965.591064
175.682037 451.149292 2993.514648
175.681213 135.619720 2993.514648
175.687439 -179.909424 2993.514648
-185.955353 456.627625 2937.667480
-185.954529 141.098053 2937.667480
-185.960754 -174.431091 2937.667480
-7.096134 212.925415 2954.642578
100.969612 -29.704361 2960.685303
173.957352 -182.848511 2547.239014
147.085068 -585.181641 2583.432861
-119.080833 -26.370895 2926.702881
-77.040680 -505.767456 2899.444336
-19.278320 -967.468018 2826.292480
0 0 0
-5.208416 687.078064 2977.934814
-11.693718 454.721283 2969.056885
169.312988 448.028900 2994.743652
169.312164 132.499329 2994.743652
169.318390 -183.029816 2994.743652
-192.700409 461.413666 2943.370117
-192.699585 145.884094 2943.370117
-192.705811 -169.645050 2943.370117
-18.413563 214.136017 2953.728027
85.030922 -30.522369 2954.032715
161.509293 -120.367126 2515.491211
136.073151 -526.033691 2522.588135
-135.297745 -22.376129 2922.765625
-96.061661 -502.640533 2905.175293
-28.599205 -966.726440 2790.197266
0 0 0
-5.534276 681.593140 2970.367432
-15.283235 449.244141 2966.202881
165.724731 440.595917 2991.477539
165.723907 125.066345 2991.477539
165.730133 -190.462799 2991.477539
-196.291199 457.892365 2940.928223
-196.290375 142.362793 2940.928223
-196.296600 -173.166351 2940.928223
-25.090305 208.562363 2954.083496
75.228149 -37.381012 2957.341309
166.466293 -74.644119 2517.874756
145.248215 -479.977417 2482.923340
-145.022888 -26.857819 2926.586914
-83.948074 -503.438721 2893.443115
-32.581474 -966.763184 2840.963623
0 0 0
-7.641479 682.630005 2968.068115
-19.497227 450.050415 2966.910400
161.195648 439.246582 2993.608643
161.194824 123.717010 2993.608643
161.201050 -191.812134 2993.608643
-200.190125 460.854248 2940.212158
-200.189301 145.324677 2940.212158
-200.195526 -170.204468 2940.212158
-32.382637 209.400543 2956.735840
64.678062 -37.823135 2962.806396
164.054260 -26.332432 2522.734131
148.445221 -437.999023 2434.258545
-155.214142 -24.675522 2930.316162
-84.074989 -500.777954 2909.686279
-25.596798 -966.961060 2808.811768
0 0 0
-8.383232 684.275635 2977.459473
-23.588945 452.087891 2971.371338
157.224869 437.851746 2995.271484
157.224045 122.322174 2995.271484
157.230270 -193.206970 2995.271484
-204.402756 466.324036 2947.471191
-204.401932 150.794464 2947.471191
-204.408157 -164.734680 2947.471191
-40.667030 211.909622 2957.511230
52.297409 -36.932693 2958.196533
161.933228 13.939106 2514.033203
150.128708 -417.894165 2367.295410
-167.787643 -19.604599 2929.105713
-89.047775 -495.049683 2918.820068
-23.774513 -968.996460 2777.350098
0 0 0
-8.621790 688.312012 2982.131104
-25.909298 455.962158 2974.531494
154.828827 439.878479 2998.041260
154.828003 124.348907 2998.041260
154.834229 -191.180237 2998.041260
-206.647430 472.045898 2951.021729
-206.646606 156.516327 2951.021729
-206.652832 -159.012817 2951.021729
-45.216900 216.032288 2958.821289
45.435745 -33.682846 2957.414307
165.339417 43.261162 2508.023193
162.437164 -399.655487 2302.654541
-174.484741 -14.112350 2928.807861
-83.803459 -487.598816 2922.234619
-14.290321 -971.028564 2766.935791
0 0 0
-10.541553 689.531677 2982.964600
-28.549921 457.012207 2975.898926
152.279373 440.175751 2998.300781
152.278549 124.646179 2998.300781
152.284775 -190.882965 2998.300781
-209.379227 473.848694 2953.497070
-209.378403 158.319122 2953.497070
-209.384628 -157.210022 2953.497070
-48.965683 217.127670 2960.407227
40.639633 -33.000610 2958.545410
167.275909 51.188507 2504.029541
173.324783 -371.269806 2222.845215
-179.402512 -12.513153 2931.285645
-82.160034 -484.851746 2932.534180
-11.688538 -976.660828 2761.591064
0 0 0
-10.494530 691.171021 2984.387939
-29.446192 458.511780 2977.479004
151.428406 441.360596 2999.380127
151.427582 125.831024 2999.380127
151.433807 -189.698120 2999.380127
-210.320770 475.662903 2955.577881
-210.319946 160.133331 2955.577881
-210.326172 -155.395813 2955.577881
-50.262749 218.670746 2961.572754
38.972618 -31.605774 2958.992188
174.861359 47.647736 2515.390137
188.385803 -328.081451 2150.798096
-181.131226 -10.734772 2932.340820
-73.268776 -478.887238 2903.068848
-22.469025 -956.170898 2824.573242
0 0 0
-9.903339 691.371521 2986.095947
-29.317362 458.792389 2978.595215
151.465546 441.205444 3000.957520
151.464722 125.675873 3000.957520
151.470947 -189.853271 3000.957520
-210.100281 476.379333 2956.232910
-210.099457 160.849762 2956.232910
-210.105682 -154.679382 2956.232910
-50.639412 219.006958 2962.388184
38.038773 -31.479523 2959.787842
174.821243 39.250465 2553.753174
198.583466 -286.114136 2098.957275
-181.961700 -10.077423 2932.574463
-71.793091 -478.792786 2919.108643
-14.705524 -964.812378 2803.490234
0 0 0
-9.064293 693.219604 2986.440430
-28.626486 460.436340 2979.296631
151.866257 442.093445 3003.296387
151.865433 126.563873 3003.296387
151.871658 -188.965271 3003.296387
-209.119247 478.779175 2955.296875
-209.118423 163.249603 2955.296875
-209.124649 -152.279541 2955.296875
-50.849159 220.720978 2963.211914
36.758621 -30.156067 2961.731201
179.506378 -3.067411 2529.318604
203.966522 -255.800491 2068.024658
-182.902283 -7.832672 2932.523193
-71.541809 -474.930908 2896.052734
-20.854420 -948.759583 2845.961426
0 0 0
-10.209433 690.813477 2986.110596
-30.563955 458.636047 2978.932373
149.900955 439.689545 3002.714355
149.900131 124.159973 3002.714355
149.906357 -191.369171 3002.714355
-211.028870 477.582520 2955.150391
-211.028046 162.052948 2955.150391
-211.034271 -153.476196 2955.150391
-53.660942 218.973999 2963.266846
33.049324 -32.216385 2962.072021
181.753265 -0.727278 2518.011475
201.916672 -255.624313 2058.388916
-186.565186 -9.159683 2933.130615
-77.383873 -477.888733 2907.999023
-15.625736 -962.827087 2813.615479
0 0 0
-11.399466 685.640076 2974.451904
-31.363430 453.236755 2974.725098
149.242661 434.850037 2997.881592
149.241837 119.320465 2997.881592
149.248062 -196.208679 2997.881592
-211.969528 471.623474 2951.568604
-211.968704 156.093903 2951.568604
-211.974930 -159.435242 2951.568604
-54.456703 213.342743 2964.357422
32.345409 -37.739243 2968.080078
178.709503 -17.088541 2515.811279
202.091217 -287.808441 2080.034668
-187.445358 -15.363297 2939.899414
-71.760773 -481.303467 2898.012207
-20.243477 -954.811340 2855.549805
0 0 0
-11.127640 685.475403 2969.620117
-31.317358 452.403107 2973.380371
149.384995 434.057922 2995.819824
149.384171 118.528351 2995.819824
149.390396 -197.000793 2995.819824
-212.019699 470.748291 2950.940918
-212.018875 155.218719 2950.940918
-212.025101 -160.310425 2950.940918
-54.584625 212.438141 2964.567871
32.102341 -38.689545 2969.409424
180.373703 -27.798252 2513.969971
198.145462 -311.587677 2103.848389
-187.806122 -16.364105 2942.101318
-73.768547 -483.305176 2903.292236
-11.552361 -959.807983 2820.091064
0 0 0
-9.977953 687.155151 2968.208008
-30.555933 453.899170 2972.226562
150.069824 435.405029 2995.166748
150.069000 119.875458 2995.166748
150.075226 -195.653687 2995.166748
-211.181686 472.393311 2949.286377
-211.180862 156.863739 2949.286377
-211.187088 -158.665405 2949.286377
-54.008186 213.933960 2963.426758
32.447197 -37.284607 2968.585693
181.559937 -43.011845 2511.795898
193.035492 -350.411896 2145.939209
-187.368088 -14.777893 2940.668213
-69.827736 -477.955566 2878.939941
-21.476212 -947.461914 2844.481201
0 0 0
-9.191479 688.703796 2977.004639
-29.433174 455.520752 2975.760498
151.274536 437.119995 2998.127441
151.273712 121.590424 2998.127441
151.279938 -193.938721 2998.127441
-210.140869 473.921448 2953.393555
-210.140045 158.391876 2953.393555
-210.146271 -157.137268 2953.393555
-52.351231 215.665909 2963.598145
34.688766 -35.385498 2965.045898
184.341873 -5.311226 2511.279785
187.579651 -393.511261 2200.351562
-185.227341 -12.992340 2937.825684
-71.252083 -479.043457 2892.842285
-12.819805 -960.735229 2806.606445
0 0 0
-7.492172 690.227539 2981.405762
-27.313318 457.450500 2977.262451
153.404739 439.359375 2999.804443
153.403915 123.829803 2999.804443
153.410141 -191.699341 2999.804443
-208.031387 475.541626 2954.720459
-208.030563 160.012054 2954.720459
-208.036789 -155.517090 2954.720459
-49.558193 217.632629 2963.132324
38.161110 -33.193436 2962.718750
182.528412 2.584225 2517.078369
178.147308 -436.515778 2273.114258
-181.767242 -11.177078 2935.285645
-65.979210 -475.255432 2875.690674
-17.099907 -947.208984 2838.034180
0 0 0
-6.219002 688.871460 2985.603516
-25.529230 456.503601 2977.379639
155.114426 438.510498 3000.582764
155.113602 122.980927 3000.582764
155.119827 -192.548218 3000.582764
-206.172897 474.496735 2954.176514
-206.172073 158.967163 2954.176514
-206.178299 -156.561981 2954.176514
-47.211098 216.830322 2960.322754
41.026711 -33.791580 2957.384766
180.394684 -9.400543 2509.862305
169.704132 -460.950562 2338.880127
-178.812637 -11.894363 2929.146973
-68.629166 -479.191040 2887.548828
-10.323887 -962.729980 2801.142578
0 0 0
-6.313736 685.220093 2974.205566
-25.402241 452.649109 2971.839600
154.810883 435.376831 2998.435303
154.810059 119.847260 2998.435303
154.816284 -195.681885 2998.435303
-205.615356 469.921326 2945.243896
-205.614532 154.391754 2945.243896
-205.620758 -161.137390 2945.243896
-46.452515 212.692459 2958.639893
42.174038 -37.775986 2961.626221
178.408112 -32.882111 2518.334961
163.562836 -486.657104 2413.843994
-177.179611 -16.752365 2929.254150
-68.776123 -483.572937 2876.704834
-18.518459 -956.175049 2843.406494
0 0 0
-6.402081 684.902466 2980.519287
-23.287497 452.231079 2973.601562
156.483948 435.849731 3003.451416
156.483124 120.320160 3003.451416
156.489349 -195.208984 3003.451416
-203.058960 468.612488 2943.751709
-203.058136 153.082916 2943.751709
-203.064362 -162.446228 2943.751709
-42.257256 212.389008 2956.223877
48.170334 -37.421738 2957.010986
182.179565 -57.115074 2513.433838
164.256927 -515.002563 2469.688477
-170.624359 -17.484421 2920.681396
-68.720688 -487.128479 2882.674805
-6.001728 -963.875732 2801.065674
0 0 0
-4.880007 688.410034 2983.165039
-20.947172 455.594849 2974.260254
158.592972 439.911652 3005.909424
158.592148 124.382080 3005.909424
158.598373 -191.147064 3005.909424
-200.487320 471.278015 2942.611084
-200.486496 155.748444 2942.611084
-200.492722 -159.780701 2942.611084
-38.604050 215.724411 2955.561279
52.978607 -33.688293 2956.118896
181.364975 -87.977951 2522.608887
159.403656 -548.921692 2527.736084
-165.500458 -14.603729 2917.605713
-65.554680 -484.359863 2873.601318
-17.535236 -953.727295 2846.637451
0 0 0
-4.321357 688.768799 2984.979004
-19.991865 457.088745 2973.767090
159.880814 441.770508 3003.711670
159.879990 126.240936 3003.711670
159.886215 -189.288208 3003.711670
-199.864548 472.406921 2943.822510
-199.863724 156.877350 2943.822510
-199.869949 -158.651794 2943.822510
-37.028496 217.291748 2953.435059
55.379921 -31.825729 2951.322998
181.162766 -128.986771 2524.444580
156.182098 -591.458618 2573.508057
-163.510178 -13.184738 2914.883057
-65.936737 -482.925842 2864.719727
-28.597095 -948.812256 2865.196533
0 0 0
-3.976362 687.565186 2986.380615
-18.927223 456.276794 2973.405029
161.356659 441.589294 3001.092285
161.355835 126.059723 3001.092285
161.362061 -189.469421 3001.092285
-199.211121 470.964355 2945.717773
-199.210297 155.434784 2945.717773
-199.216522 -160.094360 2945.717773
-35.291779 216.449097 2952.738281
58.045677 -32.315918 2948.919189
181.554108 -170.418686 2538.714600
158.563782 -635.154602 2621.246338
-161.358337 -14.441315 2915.223877
-66.917778 -484.884979 2864.832764
-32.688507 -948.912109 2878.685791
0 0 0
-1.349949 687.976929 2989.087646
-16.911060 456.037720 2972.988525
163.572998 441.405792 2999.439453
163.572174 125.876221 2999.439453
163.578400 -189.652924 2999.439453
-197.395111 470.669678 2946.537598
-197.394287 155.140106 2946.537598
-197.400513 -160.389038 2946.537598
-33.039005 216.362350 2950.453125
60.649399 -32.215912 2944.011963
179.054932 -216.865875 2544.655029
158.559769 -679.233887 2654.420898
-158.983292 -14.410156 2911.823486
-72.436043 -487.643188 2881.775635
-18.546566 -954.795776 2835.277100
0 0 0
-0.405173 694.367188 2999.430664
-15.026233 462.800293 2976.384766
165.674622 448.270233 3001.395996
165.673798 132.740662 3001.395996
165.680023 -182.788483 3001.395996
-195.727081 477.330353 2951.373535
-195.726257 161.800781 2951.373535
-195.732483 -153.728363 2951.373535
-30.451229 223.642212 2948.890381
64.075935 -24.357071 2936.614746
177.652222 -251.126495 2554.378418
162.404648 -718.810425 2683.761475
-155.828400 -6.674667 2906.177246
-67.429466 -479.418762 2870.489014
-23.746841 -944.042603 2860.048340
0 0 0
-1.270849 692.727417 2992.615967
-12.870645 460.054352 2972.031250
167.831451 447.928192 2998.201660
167.830627 132.398621 2998.201660
167.836853 -183.130524 2998.201660
-193.572754 472.180511 2945.860840
-193.571930 156.650940 2945.860840
-193.578156 -158.878204 2945.860840
-25.333138 220.449097 2947.060547
72.166420 -26.535248 2938.015381
180.723755 -293.681183 2591.787598
170.099960 -766.523071 2722.479248
-147.757690 -11.777069 2906.164307
-62.666641 -485.297974 2870.776611
-22.120087 -948.688904 2874.492432
0 0 0
0.028541 692.237244 3001.692139
-8.646632 460.615723 2974.999023
172.144150 450.611908 3001.459229
172.143326 135.082336 3001.459229
172.149551 -180.446808 3001.459229
-189.437424 470.619537 2948.538818
-189.436600 155.089966 2948.538818
-189.442825 -160.439178 2948.538818
-17.454752 221.507904 2944.781494
83.745514 -23.687073 2930.664551
182.411011 -321.905365 2609.844971
176.599106 -797.826294 2738.690674
-136.271255 -11.512756 2898.463379
-65.123253 -487.680023 2890.032715
-9.107719 -958.526123 2817.037842
0 0 0
0.829731 695.695435 3005.731934
-6.038643 463.308167 2975.726074
174.848114 454.583557 3002.041260
174.847290 139.053986 3002.041260
174.853516 -176.475159 3002.041260
-186.925385 472.032776 2949.410889
-186.924561 156.503204 2949.410889
-186.930786 -159.025940 2949.410889
-12.741869 224.482666 2942.621826
90.617180 -19.651413 2925.529297
172.545715 -388.829590 2671.702881
170.379852 -831.798462 2760.868408
-129.507370 -9.034256 2893.505859
-66.138168 -486.438354 2876.150879
-20.079906 -952.710083 2854.154541
0 0 0
1.515696 696.514526 3008.180420
-3.084096 464.630798 2974.717285
178.067749 457.140076 2999.533936
178.066925 141.610504 2999.533936
178.073151 -173.918640 2999.533936
-184.235931 472.121521 2949.900635
-184.235107 156.591949 2949.900635
-184.241333 -158.937195 2949.900635
-8.181510 225.979401 2939.891113
96.950798 -17.230057 2920.165771
173.936920 -429.247498 2721.153320
167.087952 -862.494995 2782.131592
-123.508644 -8.113937 2889.964111
-70.299583 -486.224548 2902.258057
-11.414818 -961.174194 2822.019287
0 0 0
3.887855 696.676636 3011.130127
-0.775317 465.541809 2974.240967
180.583694 458.358643 2997.620117
180.582870 142.829071 2997.620117
180.589096 -172.700073 2997.620117
-182.134354 472.724976 2950.861816
-182.133530 157.195404 2950.861816
-182.139755 -158.333740 2950.861816
-5.405480 227.241150 2936.941406
100.316895 -15.430313 2913.867432
164.810455 -453.585693 2753.934326
161.757111 -885.662109 2804.950684
-120.388184 -6.688736 2885.416260
-69.235352 -485.747253 2887.643311
-24.986599 -954.733032 2850.793701
0 0 0
6.149761 693.962524 3011.947510
0.939882 463.712555 2972.437012
182.758789 457.053650 2991.738037
182.757965 141.524078 2991.738037
182.764191 -174.005066 2991.738037
-180.879028 470.371460 2953.135986
-180.878204 154.841888 2953.135986
-180.884430 -160.687256 2953.135986
-3.658639 225.638245 2933.619629
102.400986 -16.488800 2906.549316
163.563675 -472.386963 2790.534668
156.287598 -892.793518 2820.302246
-118.915298 -8.383331 2883.055176
-75.157669 -486.965881 2911.417480
-16.067280 -965.769287 2811.311035
0 0 0
10.147697 694.736023 3011.401367
2.897292 464.788513 2971.075684
184.893951 456.968658 2988.255859
184.893127 141.439087 2988.255859
184.899353 -174.090057 2988.255859
-179.099365 472.608337 2953.895508
-179.098541 157.078766 2953.895508
-179.104767 -158.450378 2953.895508
-3.583246 226.888458 2931.442871
100.672119 -15.769562 2902.263428
158.556824 -482.928131 2828.354980
149.414703 -891.157104 2830.524658
-120.799683 -6.253601 2881.356689
-78.489555 -484.090271 2925.508301
-12.661583 -969.399170 2782.136230
0 0 0
14.124758 693.206238 2999.090088
7.054085 461.892212 2964.835205
189.068253 454.750854 2982.338135
189.067429 139.221283 2982.338135
189.073654 -176.307861 2982.338135
-174.960068 469.033539 2947.332275
-174.959244 153.503967 2947.332275
-174.965469 -162.025177 2947.332275
1.076916 223.312866 2929.649902
105.840836 -19.611404 2905.113770
161.761185 -492.942444 2864.873291
154.723709 -905.280029 2844.242188
-115.641342 -10.921524 2883.815430
-72.378677 -487.623718 2940.381348
-2.709503 -981.428711 2771.367676
0 0 0
18.407703 695.236755 2992.878418
13.059460 463.222656 2962.103027
194.583771 455.779053 2983.714600
194.582947 140.249481 2983.714600
194.589172 -175.279663 2983.714600
-168.464844 470.666260 2940.491455
-168.464020 155.136688 2940.491455
-168.470245 -160.392456 2940.491455
7.140163 224.260742 2929.516846
111.697525 -19.231384 2910.083496
159.722794 -496.348450 2889.952148
156.627838 -906.340698 2851.672119
-109.255798 -10.170959 2883.777832
-61.522285 -488.350586 2907.534180
-19.258629 -966.516235 2840.038574
0 0 0
21.948769 698.278320 3001.439697
19.230494 466.789337 2965.154297
200.722748 460.887268 2987.667725
200.721924 145.357697 2987.667725
200.728149 -170.171448 2987.667725
-162.261780 472.691406 2942.640869
-162.260956 157.161835 2942.640869
-162.267181 -158.367310 2942.640869
15.972387 228.327347 2928.905273
123.137512 -13.725571 2906.354004
161.528351 -493.018005 2904.031250
163.382141 -901.369873 2846.125000
-97.708939 -6.543716 2878.958496
-60.535847 -484.402527 2922.958008
-8.772400 -959.991943 2820.216064
0 0 0
24.341387 698.972778 3006.102539
23.485981 467.980011 2966.186768
205.405594 463.260986 2985.059814
205.404770 147.731415 2985.059814
205.410995 -167.797729 2985.059814
-158.433640 472.699036 2947.313721
-158.432816 157.169464 2947.313721
-158.439041 -158.359680 2947.313721
21.315994 229.860992 2927.564453
129.854904 -11.129837 2900.427490
157.077026 -491.447449 2914.510254
158.160995 -908.834839 2844.483887
-91.562881 -5.386215 2877.456787
-68.801651 -476.776489 2963.986328
-7.496765 -970.156494 2788.019531
0 0 0
28.650566 694.887024 2997.455566
27.477020 463.908081 2961.598877
209.377747 458.850525 2980.844482
209.376923 143.320953 2980.844482
209.383148 -172.208191 2980.844482
-154.423706 468.965637 2942.353271
-154.422882 153.436066 2942.353271
-154.429108 -162.093079 2942.353271
24.667049 225.394241 2925.478516
132.523819 -16.196579 2901.066895
156.338699 -496.319031 2931.192383
152.935516 -921.295410 2852.852051
-88.809647 -10.042648 2877.649414
-66.887039 -481.591003 2970.730225
-6.562206 -978.303223 2773.965820
0 0 0
32.096210 697.252686 2993.751465
34.690872 465.624603 2960.438965
216.060043 464.001709 2984.112305
216.059219 148.472137 2984.112305
216.065445 -167.057007 2984.112305
-146.678299 467.247498 2936.765625
-146.677475 151.717926 2936.765625
-146.683701 -163.811218 2936.765625
36.927315 226.773010 2926.930664
149.567520 -13.066483 2907.832764
174.771439 -492.945251 2945.922607
167.654343 -913.986084 2857.875000
-71.240021 -11.090683 2879.011963
-43.381584 -487.481995 2931.665771
-6.245445 -967.317627 2847.277100
0 0 0
35.132622 695.637451 2991.392334
37.828445 463.721741 2958.786133
219.299377 462.808044 2982.094727
219.298553 147.278473 2982.094727
219.304779 -168.250671 2982.094727
-143.642487 464.635468 2935.477539
-143.641663 149.105896 2935.477539
-143.647888 -166.423248 2935.477539
40.888962 224.793640 2925.592041
154.342621 -14.690308 2906.577148
165.386139 -495.509247 2939.554443
155.660522 -920.685425 2849.761719
-66.443672 -13.578644 2878.218750
-56.707016 -489.551453 2945.337402
-11.632027 -967.603149 2823.595703
0 0 0
38.040642 693.524963 2989.588623
39.979282 462.094269 2957.383301
221.803131 461.138519 2977.779053
221.802307 145.608948 2977.779053
221.808533 -169.920197 2977.779053
-141.844574 463.050018 2936.987549
-141.843750 147.520447 2936.987549
-141.849976 -168.008698 2936.987549
42.327221 222.994354 2925.247559
155.311066 -16.687119 2905.522217
161.461838 -498.070557 2934.284912
152.371857 -918.021484 2850.949707
-65.960747 -15.524002 2880.701416
-57.903893 -493.498352 2939.062744
-17.825157 -961.741333 2846.902588
0 0 0
38.741661 694.410706 2987.663818
41.533218 462.009033 2957.260010
223.476608 460.820618 2976.760010
223.475784 145.291046 2976.760010
223.482010 -170.238098 2976.760010
-140.410172 463.197449 2937.760010
-140.409348 147.667877 2937.760010
-140.415573 -167.861267 2937.760010
43.313240 222.768417 2926.071045
155.789917 -17.195251 2906.746094
162.300903 -498.674194 2936.267822
153.184662 -913.515747 2854.221436
-65.603401 -15.749146 2883.018066
-54.385048 -495.284607 2929.643799
-21.690796 -959.810913 2859.466064
0 0 0
42.039059 695.597839 2998.751465
44.712536 464.222534 2961.726562
226.448837 461.995728 2983.004150
226.448013 146.466156 2983.004150
226.454239 -169.062988 2983.004150
-137.023758 466.449341 2940.448975
-137.022934 150.919769 2940.448975
-137.029160 -164.609375 2940.448975
45.972290 225.651062 2925.999023
157.815109 -14.275360 2903.218506
165.379013 -495.964874 2929.980225
155.359695 -910.584229 2850.970703
-63.351025 -11.565430 2877.324463
-51.794960 -491.366180 2924.476807
-17.944725 -952.253906 2854.009521
0 0 0
45.370979 695.810486 3004.784424
47.394390 465.186890 2963.217285
229.432617 463.092957 2981.654541
229.431793 147.563385 2981.654541
229.438019 -167.965759 2981.654541
-134.643829 467.280823 2944.780029
-134.643005 151.751251 2944.780029
-134.649231 -163.777893 2944.780029
48.568981 227.061584 2924.576172
160.517395 -12.337936 2897.154541
166.615936 -493.691345 2929.764160
154.350189 -909.804871 2849.192383
-61.030254 -9.789536 2874.715576
-49.133232 -489.745728 2921.856445
-22.282326 -950.728516 2862.529785
0 0 0
48.993999 693.251953 2996.305908
49.173462 462.115906 2959.491699
231.293671 459.282410 2977.145508
231.292847 143.752838 2977.145508
231.299072 -171.776306 2977.145508
-132.946747 464.949402 2941.837891
-132.945923 149.419830 2941.837891
-132.952148 -166.109314 2941.837891
48.795319 223.362122 2925.072021
159.226425 -17.115662 2901.393555
162.441284 -497.918976 2941.334961
151.562225 -915.658813 2857.364014
-62.392075 -13.667664 2879.911133
-56.683216 -488.675751 2958.073975
-18.146980 -967.119141 2825.263428
0 0 0
51.039112 691.544434 2991.557373
49.940140 459.515869 2956.933105
232.073792 456.542358 2974.531250
232.072968 141.012787 2974.531250
232.079193 -174.516357 2974.531250
-132.193512 462.489380 2939.334961
-132.192688 146.959808 2939.334961
-132.198914 -168.569336 2939.334961
49.140320 220.422089 2924.811768
159.160355 -20.480942 2903.397949
164.572006 -501.787292 2936.405273
151.840546 -919.801636 2855.561523
-62.479347 -16.862442 2881.982910
-55.033619 -491.884094 2963.299561
-11.477612 -974.319336 2786.111572
0 0 0
52.552361 686.324219 2976.475342
50.562614 453.999390 2951.003174
232.772690 450.382141 2967.683838
232.771866 134.852570 2967.683838
232.778091 -180.676575 2967.683838
-131.647446 457.616638 2934.322510
-131.646622 142.087067 2934.322510
-131.652847 -173.442078 2934.322510
48.240128 214.286835 2924.390625
156.789139 -27.626770 2907.927979
163.025818 -508.460876 2947.239014
150.078766 -923.864746 2856.814209
-64.953865 -23.224701 2887.628174
-52.974312 -500.921356 2949.783936
-19.288429 -972.600464 2837.254150
0 0 0
54.229206 687.571899 2970.190674
50.837738 454.855743 2949.315918
232.914230 450.433105 2967.202148
232.913406 134.903534 2967.202148
232.919632 -180.625610 2967.202148
-131.238785 459.278381 2931.429688
-131.237961 143.748810 2931.429688
-131.244186 -171.780334 2931.429688
47.325600 214.818970 2925.716064
154.605576 -27.908951 2913.000000
168.702927 -507.590332 2961.837158
150.030777 -917.134766 2856.708252
-66.978653 -22.526657 2891.232422
-50.331764 -502.137207 2934.120605
-23.888214 -969.088257 2859.896484
0 0 0
55.083511 687.853638 2965.980957
51.865849 454.711761 2947.049316
234.062958 450.493652 2963.725098
234.062134 134.964081 2963.725098
234.068359 -180.565063 2963.725098
-130.331268 458.929871 2930.373535
-130.330444 143.400299 2930.373535
-130.336670 -172.128845 2930.373535
48.330849 214.506653 2924.913086
155.659958 -28.265106 2912.923828
169.217194 -509.040100 2948.647949
153.672272 -919.788574 2849.247559
-66.068268 -23.131805 2892.629883
-51.763138 -498.977386 2963.759766
-13.013451 -972.993530 2812.552979
0 0 0
55.562283 686.928162 2964.364258
52.329346 454.302124 2946.400879
234.591843 450.311646 2962.442627
234.591019 134.782074 2962.442627
234.597244 -180.747070 2962.442627
-129.933151 458.292542 2930.359131
-129.932327 142.762970 2930.359131
-129.938553 -172.766174 2930.359131
48.941708 214.000549 2925.114746
156.456497 -28.729095 2913.589600
167.860641 -509.577301 2950.862305
153.599747 -919.177734 2851.830078
-65.348351 -23.872925 2894.067627
-50.152641 -502.400635 2945.884033
-17.913258 -969.256958 2841.443604
0 0 0
55.569927 687.861572 2964.577148
52.859589 454.755585 2946.309326
235.166626 451.060181 2961.935547
235.165802 135.530609 2961.935547
235.172028 -179.998535 2961.935547
-129.447449 458.450989 2930.683105
-129.446625 142.921417 2930.683105
-129.452850 -172.607727 2930.683105
49.838829 214.465668 2924.726562
157.748276 -28.072830 2912.652100
167.796158 -509.271240 2946.401123
153.692093 -916.699036 2849.150146
-64.112129 -23.575668 2893.635498
-54.814720 -499.228943 2967.882812
-9.578793 -969.963501 2803.584473
0 0 0
57.271458 689.031982 2965.176758
52.724911 456.131897 2947.209717
234.858109 451.623260 2964.478271
234.857285 136.093689 2964.478271
234.863510 -179.435455 2964.478271
-129.408279 460.640503 2929.941162
-129.407455 145.110931 2929.941162
-129.413681 -170.418213 2929.941162
48.816231 215.844543 2925.698730
155.737717 -27.186340 2914.695801
165.881042 -508.513641 2947.167969
149.200317 -919.785645 2853.072754
-65.922623 -21.699249 2893.679688
-54.657860 -499.170197 2958.122559
-19.457161 -962.182617 2833.001221
0 0 0
56.729881 691.928528 2975.459473
52.258797 460.119080 2951.465332
234.572861 455.406616 2966.550293
234.572037 139.877045 2966.550293
234.578262 -175.652100 2966.550293
-130.055252 464.831543 2936.380371
-130.054428 149.301971 2936.380371
-130.060654 -166.227173 2936.380371
48.248955 220.372467 2925.032471
155.179642 -22.241730 2907.779053
168.464371 -503.812988 2934.767822
151.549942 -915.393555 2842.605225
-66.701416 -16.506531 2889.420166
-51.968819 -495.960144 2935.479736
-21.928402 -957.649353 2846.684814
0 0 0
57.060501 689.906433 2981.257080
52.591354 458.853546 2952.531006
235.140015 453.565735 2963.640625
235.139191 138.036163 2963.640625
235.145416 -177.492981 2963.640625
-129.957306 464.141357 2941.421387
-129.956482 148.611786 2941.421387
-129.962708 -166.917358 2941.421387
47.437241 219.449524 2923.272461
153.382904 -23.172684 2900.775146
165.572388 -504.103821 2937.048096
151.288467 -919.613770 2844.754395
-68.816658 -16.736313 2887.252686
-52.419930 -495.541504 2941.579346
-24.462336 -953.956665 2853.920898
0 0 0
58.671001 688.023682 2984.548828
53.420807 457.428833 2953.364258
236.024734 451.550995 2963.630615
236.023911 136.021423 2963.630615
236.030136 -179.507721 2963.630615
-129.183121 463.306671 2943.097900
-129.182297 147.777100 2943.097900
-129.188522 -167.752045 2943.097900
47.464439 218.246460 2922.368164
152.605789 -24.512039 2897.618164
165.346481 -505.663574 2931.427490
153.313522 -918.194214 2848.210449
-69.589645 -17.359787 2885.125977
-55.431187 -488.810059 2978.151855
-15.935078 -964.471191 2808.401855
0 0 0
59.286606 690.006775 2985.748291
52.813820 458.747070 2953.270264
235.284241 452.311310 2965.463135
235.283417 136.781738 2965.463135
235.289642 -178.747406 2965.463135
-129.656616 465.182831 2941.077393
-129.655792 149.653259 2941.077393
-129.662018 -165.875885 2941.077393
46.586231 219.820465 2920.355469
151.387299 -23.022141 2894.859619
164.345642 -503.948486 2931.955322
152.302139 -914.938599 2851.914795
-70.670006 -15.190140 2880.021729
-55.075089 -491.574036 2941.712891
-22.616325 -960.445557 2839.933838
0 0 0
60.246334 691.133606 2986.705322
52.712299 458.802246 2953.925781
235.376144 452.764587 2962.595703
235.375320 137.235016 2962.595703
235.381546 -178.294128 2962.595703
-129.951553 464.839905 2945.255859
-129.950729 149.310333 2945.255859
-129.956955 -166.218811 2945.255859
46.457314 220.086761 2919.471680
151.363998 -22.302994 2890.293701
166.970383 -502.250977 2936.828369
153.230850 -914.990540 2851.272461
-70.959343 -14.954453 2879.741455
-50.423470 -492.893433 2934.641113
-25.326387 -958.616394 2867.788574
0 0 0
61.383308 696.775696 2998.304688
54.021442 464.814819 2959.189941
236.647812 458.222961 2968.653809
236.646988 142.693390 2968.653809
236.653214 -172.835754 2968.653809
-128.604935 471.406616 2949.726074
-128.604111 155.877045 2949.726074
-128.610336 -159.652100 2949.726074
47.414734 226.726837 2920.847168
151.921097 -15.371719 2888.262451
170.940536 -493.655457 2947.615479
152.713211 -908.430786 2850.884766
-70.305054 -7.350540 2876.746338
-51.535347 -482.755188 2951.584229
-16.363235 -958.314880 2823.039551
0 0 0
61.789814 697.581665 3004.064941
55.586952 466.499054 2961.126709
238.264679 460.035461 2969.888916
238.263855 144.505890 2969.888916
238.270081 -171.023254 2969.888916
-127.090759 472.962646 2952.364502
-127.089935 157.433075 2952.364502
-127.096161 -158.096069 2952.364502
49.118233 228.756226 2920.614746
153.799500 -12.919357 2885.434082
169.651382 -491.655029 2942.933594
155.427414 -917.723450 2847.129150
-68.500465 -5.053848 2874.771484
-47.938515 -481.455444 2945.615479
-19.629656 -947.575378 2841.681396
0 0 0
62.690090 697.949219 3007.451660
56.776302 467.402405 2963.080566
239.432922 460.857483 2972.343994
239.432098 145.327911 2972.343994
239.438324 -170.201233 2972.343994
-125.880310 473.947266 2953.817139
-125.879486 158.417694 2953.817139
-125.885712 -157.111450 2953.817139
50.384827 229.868256 2921.282959
155.133667 -11.648224 2885.121826
168.483307 -491.401215 2933.998535
154.612610 -920.317322 2850.657959
-67.146965 -3.683533 2873.848877
-48.128944 -481.669342 2934.694092
-21.367126 -944.707764 2854.830811
0 0 0
61.459221 697.568726 3008.652832
55.178139 466.941956 2963.208984
237.845856 460.191498 2972.173340
237.845032 144.661926 2972.173340
237.851257 -170.867218 2972.173340
-127.489571 473.692444 2954.244629
-127.488747 158.162872 2954.244629
-127.494972 -157.366272 2954.244629
48.487610 229.523438 2920.758789
152.945892 -12.002594 2883.763184
166.338211 -491.650238 2934.358398
152.449692 -917.646240 2850.619141
-69.351738 -3.787598 2872.854004
-56.116264 -475.482788 2966.957275
-17.065674 -960.641602 2812.869629
0 0 0
60.988903 692.512573 2997.759521
52.680939 461.358032 2957.848389
235.435013 454.100769 2963.338867
235.434189 138.571198 2963.338867
235.440414 -176.957947 2963.338867
-130.073135 468.615295 2952.357910
-130.072311 153.085724 2952.357910
-130.078537 -162.443420 2952.357910
44.363953 223.262924 2919.973877
147.269745 -19.248886 2885.440918
163.365921 -499.281555 2931.495850
147.634247 -922.392212 2853.642822
-75.175804 -10.415451 2878.757812
-52.294540 -486.204895 2945.377930
-30.696796 -960.310852 2853.554443
0 0 0
59.650749 693.990112 2991.820068
50.819633 461.324036 2956.068359
233.589615 453.572266 2960.833740
233.588791 138.042694 2960.833740
233.595016 -177.486450 2960.833740
-131.950363 469.075806 2951.302979
-131.949539 153.546234 2951.302979
-131.955765 -161.982910 2951.302979
41.621632 222.835754 2920.902344
143.627258 -20.368988 2888.635742
165.897644 -500.928009 2924.171631
149.490936 -915.670044 2855.661621
-78.779991 -10.936096 2882.836914
-54.698368 -485.796021 2959.818848
-21.104565 -963.878296 2817.395264
0 0 0
60.079742 692.866516 2990.336182
50.654758 460.879883 2955.332520
233.417175 452.636963 2959.919922
233.416351 137.107391 2959.919922
233.422577 -178.421753 2959.919922
-132.107635 469.122772 2950.745117
-132.106812 153.593201 2950.745117
-132.113037 -161.935944 2950.745117
40.766567 222.329102 2920.638184
142.081329 -21.237106 2888.735107
166.985443 -501.504333 2927.379639
151.495041 -912.140625 2853.333984
-80.324593 -11.206223 2883.152588
-50.139450 -488.654297 2938.424561
-23.356400 -957.880066 2839.962402
0 0 0
59.157990 689.295776 2988.575928
49.693378 457.529694 2954.170410
232.453995 448.621338 2957.262207
232.453171 133.091766 2957.262207
232.459396 -182.437378 2957.262207
-133.067245 466.438049 2951.078613
-133.066422 150.908478 2951.078613
-133.072647 -164.620667 2951.078613
38.641621 218.942978 2920.020508
138.798615 -25.064407 2887.751953
165.536377 -504.117065 2937.621094
149.719086 -917.971802 2845.643066
-83.618881 -14.223068 2883.989258
-48.976807 -493.053284 2925.277344
-30.365314 -959.257446 2863.183594
0 0 0
61.073025 687.910400 2989.703857
50.316376 456.187195 2954.105225
233.041504 446.394165 2956.824463
233.040680 130.864594 2956.824463
233.046906 -184.664551 2956.824463
-132.408752 465.980164 2951.385986
-132.407928 150.450592 2951.385986
-132.414154 -165.078552 2951.385986
38.043694 217.674744 2919.821777
136.954651 -26.796494 2887.192871
166.179108 -505.711548 2937.839844
150.654648 -920.804016 2841.247803
-85.412613 -14.878891 2883.883789
-52.983536 -490.478577 2951.518555
-19.339474 -967.274597 2815.569092
0 0 0
