44.678391 691.267883 2971.046875
42.227833 458.851898 2943.852295
224.820633 455.904480 2955.764648
224.819809 140.374908 2955.764648
224.826035 -175.154236 2955.764648
-140.364975 461.799316 2931.939941
-140.364151 146.269745 2931.939941
-140.370377 -169.259399 2931.938965
40.166595 219.232773 2916.159180
149.210632 -22.179825 2895.714600
146.798111 -503.651123 2926.658203
134.832489 -910.260925 2856.719238
-72.999908 -18.592880 2881.217529
-59.100609 -492.857483 2966.888916
-14.700008 -972.464539 2785.151367
0 0 0
44.678913 691.184631 2967.828125
42.560101 457.800110 2943.032715
225.161530 453.940094 2954.598145
225.160706 138.410522 2954.598145
225.166931 -177.118622 2954.598145
-140.041351 461.660126 2931.467285
-140.040527 146.130554 2931.467285
-140.046753 -169.398590 2931.466309
39.150734 218.005157 2916.829102
146.850037 -24.138519 2897.662842
147.452240 -505.910370 2923.988525
134.720428 -912.721924 2853.517822
-75.367294 -19.441071 2883.588135
-56.751602 -494.325073 2965.889648
-10.508644 -973.700806 2767.421631
0 0 0
45.315872 693.128540 2965.232178
42.612934 459.062744 2942.161865
225.258881 455.635315 2953.194580
225.258057 140.105743 2953.194580
225.264282 -175.423401 2953.194580
-140.033020 462.490173 2931.129150
-140.032196 146.960602 2931.129150
-140.038422 -168.568542 2931.128418
39.602421 219.088745 2917.451172
147.727905 -22.970764 2899.453613
150.491592 -505.058350 2918.548096
138.911301 -909.215088 2852.576904
-74.544098 -18.799744 2886.027344
-58.667175 -491.361786 2980.982910
-6.750854 -973.284058 2764.471191
0 0 0
46.608963 694.228699 2976.140869
43.425007 460.326721 2946.519287
225.968491 455.944641 2958.778564
225.967667 140.415070 2958.778564
225.973892 -175.114075 2958.778564
-139.118454 464.708801 2934.260010
-139.117630 149.179230 2934.260010
-139.123856 -166.349915 2934.259277
39.661842 220.946503 2916.987305
146.976425 -21.100189 2894.915039
151.957565 -503.313354 2911.088867
137.264343 -906.819214 2847.361816
-75.179070 -15.767212 2879.995605
-60.888947 -487.390869 2980.322266
-6.421474 -972.933167 2753.494141
0 0 0
45.783726 696.381165 2969.844727
43.103153 462.321838 2945.121826
225.777222 459.449890 2955.599365
225.776398 143.920319 2955.599365
225.782623 -171.608826 2955.599365
-139.570923 465.193787 2934.644287
-139.570099 149.664215 2934.644287
-139.576324 -165.864929 2934.643555
40.839634 222.537781 2918.860596
149.737244 -18.993912 2898.975342
154.768356 -500.840881 2923.097168
140.253738 -906.731201 2858.017334
-72.585007 -15.498642 2886.223389
-55.693558 -486.006836 2991.542480
-2.320068 -977.721069 2760.984619
0 0 0
47.983982 696.889648 2977.902588
43.796417 463.942871 2947.524658
226.516449 460.483124 2957.102051
226.515625 144.953552 2957.102051
226.521851 -170.575592 2957.102051
-138.923615 467.402649 2937.947266
-138.922791 151.873077 2937.947266
-138.929016 -163.656067 2937.946777
40.825882 224.578049 2917.728760
149.034134 -16.891937 2893.760254
149.757416 -498.939972 2914.496094
137.031677 -904.309692 2848.779297
-73.323433 -12.681641 2882.105469
-50.466331 -488.790070 2933.755371
-21.123238 -965.884766 2837.167969
0 0 0
46.769611 695.448242 2970.693604
42.904476 461.715240 2945.326660
225.614273 457.565186 2954.923828
225.613449 142.035614 2954.923828
225.619675 -173.493530 2954.923828
-139.805313 465.865295 2935.729492
-139.804489 150.335724 2935.729492
-139.810715 -165.193420 2935.729004
38.867348 222.004883 2918.528320
146.003708 -20.230667 2897.569580
149.557236 -501.686096 2927.989014
130.836868 -914.048218 2854.302490
-76.343277 -15.180283 2885.890381
-49.160557 -492.877563 2935.007080
-36.283684 -962.574158 2866.863525
0 0 0
47.997040 695.717285 2979.469727
43.099712 462.544495 2948.477295
225.675903 457.329163 2959.801025
225.675079 141.799591 2959.801025
225.681305 -173.729553 2959.801025
-139.476471 467.759827 2937.153564
-139.475647 152.230255 2937.153564
-139.481873 -163.298889 2937.153076
38.200150 223.393311 2917.329346
144.400391 -18.931473 2893.072021
147.849289 -500.855774 2914.680420
133.828522 -910.556580 2847.251465
-77.799217 -12.584274 2879.290771
-44.507843 -491.740845 2912.988281
-37.935047 -958.395874 2869.281006
0 0 0
48.907993 696.693054 2982.626709
44.256641 463.919159 2949.300049
226.843628 458.348450 2960.392578
226.842804 142.818878 2960.392578
226.849030 -172.710266 2960.392578
-138.330353 469.489868 2938.207520
-138.329529 153.960297 2938.207520
-138.335754 -161.568848 2938.207031
38.974945 225.005402 2916.255371
144.790833 -17.297943 2889.960205
149.717972 -498.902161 2918.103760
137.089737 -906.285156 2850.271729
-77.404335 -10.518768 2876.461182
-42.948669 -490.071228 2911.050293
-37.632908 -954.836731 2873.085449
0 0 0
47.877644 693.317810 2986.232666
43.675842 461.394745 2950.071777
226.262894 456.071716 2961.345459
226.262070 140.542145 2961.345459
226.268295 -174.987000 2961.345459
-138.911240 466.717773 2938.798096
-138.910416 151.188202 2938.798096
-138.916641 -164.340942 2938.797607
38.869026 222.713699 2915.226074
145.161880 -19.206268 2887.240234
151.979507 -500.382111 2921.831543
136.213516 -911.367676 2850.964111
-77.037460 -12.728424 2873.520508
-47.179726 -492.276245 2914.681396
-31.466007 -955.147827 2872.640869
0 0 0
45.404274 692.093140 2975.023193
41.729794 459.208740 2946.395996
224.330261 454.112823 2957.589355
224.329437 138.583252 2957.589355
224.335663 -176.945892 2957.589355
-140.870667 464.304657 2935.202637
-140.869843 148.775085 2935.202637
-140.876068 -166.754059 2935.202393
36.826031 219.806793 2917.402100
143.031174 -22.695923 2895.219238
148.661957 -504.071167 2927.878418
133.791748 -912.716797 2864.312988
-79.186630 -16.494385 2881.597168
-61.204403 -491.982056 2953.648193
-21.564140 -968.234741 2829.859619
0 0 0
44.113358 690.257019 2969.870850
41.475212 456.837402 2944.420654
223.953705 452.377716 2957.542725
223.952881 136.848145 2957.542725
223.959106 -178.681000 2957.542725
-141.003265 461.297058 2931.298584
-141.002441 145.767487 2931.298584
-141.008667 -169.761658 2931.298340
37.543320 217.129898 2917.631592
144.653458 -25.291397 2898.827637
150.617905 -507.144226 2922.154053
139.581528 -908.708618 2859.779297
-77.430611 -19.863785 2882.857422
-54.594864 -497.746460 2937.887695
-19.848217 -964.925720 2842.242188
0 0 0
41.504070 688.324707 2966.825684
40.887852 455.055237 2943.024170
223.372772 451.971375 2956.459961
223.371948 136.441803 2956.459961
223.378174 -179.087341 2956.459961
-141.597076 458.139099 2929.588379
-141.596252 142.609528 2929.588379
-141.602478 -172.919617 2929.588135
38.698608 215.150085 2917.694336
147.548676 -26.631561 2900.540039
151.309570 -508.701202 2920.500488
140.893341 -910.401428 2858.298584
-74.529938 -22.878601 2884.188965
-52.966095 -502.427368 2926.690918
-20.150333 -966.496460 2857.234619
0 0 0
39.247475 690.131775 2965.787354
40.327015 456.326294 2943.332764
222.737930 454.886932 2957.928711
222.737106 139.357361 2957.928711
222.743332 -176.171783 2957.928711
-142.083908 457.765656 2928.736816
-142.083084 142.236084 2928.736816
-142.089310 -173.293060 2928.736572
40.389259 216.312561 2918.886230
151.449448 -24.577026 2903.321289
151.097916 -506.831573 2918.554443
140.901932 -907.474243 2859.080566
-70.546448 -22.825317 2885.558105
-59.606968 -496.691589 2965.294434
-10.032383 -969.189941 2811.321777
0 0 0
38.145378 696.749207 2977.369629
40.093498 464.174622 2949.417969
222.533951 463.399170 2963.781738
222.533127 147.869598 2963.781738
222.539352 -167.659546 2963.781738
-142.346970 464.950073 2935.054199
-142.346146 149.420502 2935.054199
-142.352371 -166.108643 2935.053955
41.296833 224.595078 2921.200195
153.508621 -15.456314 2901.722412
152.625656 -497.583313 2921.092529
139.069489 -899.642090 2856.049561
-68.508286 -14.512650 2884.242432
-68.875175 -481.250183 2997.427734
-7.466343 -965.808960 2779.153320
0 0 0
38.932590 696.000610 2982.109131
40.249619 464.133148 2950.599854
222.571014 462.791504 2966.350830
222.570190 147.261932 2966.350830
222.576416 -168.267212 2966.350830
-142.071777 465.474792 2934.848877
-142.070953 149.945221 2934.848877
-142.077179 -165.583923 2934.848633
41.142120 224.848328 2919.887207
152.975677 -15.252884 2898.759033
145.876434 -497.050598 2923.351318
136.970612 -906.678162 2854.855225
-68.906433 -13.620102 2879.590088
-78.009010 -481.871338 2990.681885
-6.140656 -974.166992 2763.583984
0 0 0
36.527122 695.255981 2982.973145
38.453915 463.695374 2951.238281
220.744308 461.994934 2967.364746
220.743484 146.465363 2967.364746
220.749710 -169.063782 2967.364746
-143.836472 465.395782 2935.111816
-143.835648 149.866211 2935.111816
-143.841873 -165.662933 2935.111572
38.988289 224.463135 2919.972656
150.441177 -15.803757 2898.519531
145.765213 -497.971008 2913.612793
134.209579 -907.487488 2856.671143
-71.395851 -13.734421 2878.894531
-70.491554 -488.987183 2941.328857
-21.222046 -966.657410 2834.618164
0 0 0
36.086586 694.578125 2984.892822
38.549995 463.123749 2951.339600
220.699524 461.151062 2968.926758
220.698700 145.621490 2968.926758
220.704926 -169.907654 2968.926758
-143.599518 465.096436 2933.752441
-143.598694 149.566864 2933.752441
-143.604919 -165.962280 2933.752197
39.042889 223.970154 2919.410156
150.373291 -16.383804 2898.182373
147.075928 -498.430359 2918.197021
136.792603 -904.550842 2855.611816
-71.301743 -13.983078 2876.779053
-66.990875 -490.702087 2940.235840
-13.276146 -967.514526 2811.026367
0 0 0
33.518353 696.543457 2997.356934
35.359947 467.500122 2957.127197
217.603699 465.725677 2973.754150
217.602875 150.196106 2973.754150
217.609100 -165.333038 2973.754150
-146.883820 469.274597 2940.500244
-146.882996 153.745026 2940.500244
-146.889221 -161.784119 2940.500000
36.407677 229.117340 2920.202637
148.347229 -10.345184 2893.395264
146.653946 -492.654694 2902.704834
133.404175 -901.445801 2847.689209
-73.436424 -8.185730 2873.160889
-64.615601 -487.473846 2916.224365
-26.076893 -957.453003 2843.574463
0 0 0
29.492641 696.485840 2991.590332
32.143211 466.343262 2954.362305
214.439270 466.103455 2970.461426
214.438446 150.573883 2970.461426
214.444672 -164.955261 2970.461426
-150.152832 466.583069 2938.263184
-150.152008 151.053497 2938.263184
-150.158234 -164.475647 2938.262939
34.917259 227.663788 2919.395752
148.618317 -11.161591 2894.225586
148.740570 -493.441833 2907.659668
134.997971 -906.564331 2853.566162
-73.235695 -10.869751 2874.632812
-66.989677 -486.688171 2945.538574
-17.254494 -969.302612 2816.069336
0 0 0
25.579582 696.624207 2989.716553
29.245777 466.411469 2954.096436
211.304749 466.737244 2972.574463
211.303925 151.207672 2972.574463
211.310150 -164.321472 2972.574463
-152.813202 466.085693 2935.618408
-152.812378 150.556122 2935.618408
-152.818604 -164.973022 2935.618408
33.100021 227.557281 2920.332764
147.741608 -11.098663 2897.813477
148.119965 -492.981964 2888.340088
133.487930 -907.308960 2853.465820
-73.833084 -11.495148 2875.324707
-63.146080 -490.526611 2906.045410
-28.450356 -963.041138 2857.857178
0 0 0
21.694216 693.364624 2988.761475
26.905928 463.494415 2953.901123
209.037506 464.315552 2971.727539
209.036682 148.785980 2971.727539
209.042908 -166.743164 2971.727539
-155.225647 462.673279 2936.074707
-155.224823 147.143707 2936.074707
-155.231049 -168.385437 2936.074707
31.200027 224.510651 2921.036621
146.313385 -13.973495 2899.018799
145.510071 -495.469238 2875.512695
133.768127 -905.562744 2850.141846
-75.325127 -14.972733 2877.325439
-63.099468 -495.659241 2895.654053
-36.422226 -963.689636 2876.187744
0 0 0
20.997025 690.749695 2988.794922
25.811991 460.774017 2954.748535
207.643829 461.187103 2975.293213
207.643005 145.657532 2975.293213
207.649231 -169.871613 2975.293213
-156.019836 460.360931 2934.203857
-156.019012 144.831360 2934.203857
-156.025238 -170.697784 2934.203857
30.002851 221.702209 2922.464111
144.844849 -17.118225 2902.681885
146.428802 -496.813873 2857.469482
134.622879 -905.486450 2848.135986
-76.457428 -17.620972 2877.677490
-61.534672 -499.090363 2886.532471
-38.765999 -964.777039 2884.960693
0 0 0
15.920400 693.260132 2987.831299
15.462289 462.400635 2955.348633
197.465836 460.202087 2974.048340
197.465012 144.672516 2974.048340
197.471237 -170.856628 2974.048340
-166.541275 464.599121 2936.648926
-166.540451 149.069550 2936.648926
-166.546677 -166.459595 2936.648926
15.752017 223.146835 2924.399902
126.797310 -17.444824 2904.830566
134.490875 -492.847046 2830.397461
118.013840 -901.499634 2838.388916
-94.713829 -14.769073 2882.071777
-89.331116 -495.651398 2909.829590
-40.580269 -964.710144 2834.697510
0 0 0
9.663853 694.735840 2988.854248
10.798800 462.910065 2956.456055
192.864258 461.024292 2974.780762
192.863434 145.494720 2974.780762
192.869659 -170.034424 2974.780762
-171.266632 464.795837 2938.131348
-171.265808 149.266266 2938.131348
-171.272034 -166.262878 2938.131348
11.488581 223.705994 2924.986328
122.950691 -16.645432 2904.665771
153.238800 -483.440491 2796.482178
133.680862 -902.782104 2823.434326
-98.593971 -14.350723 2882.367432
-81.362823 -495.059204 2912.970947
-18.555225 -970.863708 2792.938721
0 0 0
4.838911 694.278076 2988.343506
6.569712 462.494293 2958.280518
188.616821 460.715881 2976.899902
188.615997 145.186310 2976.899902
188.622223 -170.342834 2976.899902
-175.477417 464.272705 2939.661133
-175.476593 148.743134 2939.661133
-175.482819 -166.786011 2939.661133
7.310217 223.108261 2928.175537
118.817787 -17.359863 2909.399658
155.148026 -474.435791 2767.338623
135.623337 -897.999878 2810.517090
-102.716331 -15.195679 2886.741455
-77.519669 -495.900452 2888.769043
-30.822456 -964.152588 2851.824707
0 0 0
1.709107 695.471130 2986.681641
2.891320 463.014465 2959.482666
184.759491 461.508240 2979.775635
184.758667 145.978668 2979.775635
184.764893 -169.550476 2979.775635
-178.976868 464.520691 2939.189697
-178.976044 148.991119 2939.189697
-178.982269 -166.538025 2939.189697
3.964986 223.314957 2932.069336
115.704620 -17.301086 2917.004150
160.305359 -460.043579 2738.098145
138.765900 -882.085083 2792.506348
-105.627319 -15.468018 2892.307861
-81.237053 -496.769623 2898.210205
-21.259239 -964.426941 2825.799072
0 0 0
-0.264929 694.630981 2985.747070
0.084163 461.886169 2961.469971
181.435806 460.037140 2985.659912
181.434982 144.507568 2985.659912
181.441208 -171.021576 2985.659912
-181.267471 463.735199 2937.280029
-181.266647 148.205627 2937.280029
-181.272873 -167.323517 2937.280029
0.945040 221.904266 2936.672363
112.177742 -19.202972 2926.596924
162.419464 -450.003082 2720.617676
142.429443 -864.479248 2767.048096
-108.565910 -16.952301 2897.152588
-83.914528 -498.567505 2900.842285
-16.104500 -969.056152 2799.460449
0 0 0
-3.962658 690.013306 2984.669678
-4.027421 456.722717 2962.663330
177.487350 454.272583 2985.699463
177.486526 138.743011 2985.699463
177.492752 -176.786133 2985.699463
-185.542221 459.172852 2939.627197
-185.541397 143.643280 2939.627197
-185.547623 -171.885864 2939.627197
-4.223519 216.647919 2938.674072
106.017822 -24.917587 2928.700439
158.008514 -436.414246 2687.712158
141.867188 -841.016724 2728.837158
-114.857056 -21.936142 2900.669189
-92.969223 -503.705811 2910.599365
-15.366585 -977.256470 2780.324951
0 0 0
-6.073668 690.551025 2985.232666
-7.966793 458.216797 2965.344238
173.883148 455.157928 2985.378662
173.882324 139.628357 2985.378662
173.888550 -175.900787 2985.378662
-189.816742 461.275635 2945.309814
-189.815918 145.746063 2945.309814
-189.822144 -169.783081 2945.309814
-9.550210 217.986511 2943.038574
99.526657 -24.105148 2932.924316
156.272217 -410.702393 2655.689453
141.493103 -795.338379 2703.584229
-121.793915 -20.382370 2908.541504
-87.022903 -499.661194 2884.869629
-29.008766 -966.634766 2841.338867
0 0 0
-8.908534 689.219666 2987.495117
-9.966282 457.404114 2967.950195
171.869400 454.181824 2988.270020
171.868576 138.652252 2988.270020
171.874802 -176.876892 2988.270020
-191.801956 460.626404 2947.630371
-191.801132 145.096832 2947.630371
-191.807358 -170.432312 2947.630371
-11.737707 217.160522 2945.704834
97.123474 -25.043564 2935.822510
163.477234 -328.688049 2599.619873
144.587677 -745.506104 2669.567383
-124.141739 -21.122574 2911.096436
-84.424332 -500.806885 2889.297363
-18.411392 -968.339966 2817.778809
0 0 0
-12.105017 683.813049 2975.154541
-13.460375 450.786865 2965.552490
167.919006 448.082794 2989.468750
167.918182 132.553223 2989.468750
167.924408 -182.975922 2989.468750
-194.839752 453.490936 2941.636230
-194.838928 137.961365 2941.636230
-194.845154 -177.567780 2941.636230
-15.050281 210.091141 2950.396240
93.742889 -32.250214 2949.794922
165.026459 -264.089783 2577.351562
143.581696 -691.498779 2642.825195
-127.023254 -28.958954 2920.685059
-85.835663 -509.141602 2908.768799
-12.911705 -978.628418 2800.192871
0 0 0
-12.930429 682.315796 2969.474365
-14.735274 448.851868 2965.033936
166.297379 446.455933 2991.510986
166.296555 130.926361 2991.510986
166.302780 -184.602783 2991.510986
-195.767929 451.247803 2938.556885
-195.767105 135.718231 2938.556885
-195.773331 -179.810913 2938.556885
-16.194382 207.937164 2953.209961
92.499611 -34.435394 2957.496582
170.050385 -200.659363 2543.399170
145.328003 -628.863892 2600.135986
-127.806587 -31.519684 2925.275391
-79.034225 -511.072296 2910.165771
-9.249725 -976.924561 2777.884277
0 0 0
-14.546907 678.382935 2966.129639
-16.940861 444.833984 2965.218750
163.813049 442.243927 2993.589600
163.812225 126.714355 2993.589600
163.818451 -188.814789 2993.589600
-197.694763 447.424011 2936.847900
-197.693939 131.894440 2936.847900
-197.700165 -183.634705 2936.847900
-18.821564 203.808609 2955.197266
89.277672 -38.792664 2962.438232
167.936768 -145.604767 2523.791504
145.075577 -567.207031 2557.659912
-130.682220 -35.640839 2927.913330
-72.734581 -511.486267 2883.419189
-25.091965 -975.581177 2832.301025
0 0 0
-17.047998 675.972595 2965.957520
-20.404245 442.601593 2965.426025
160.341751 439.119873 2993.838379
160.340927 123.590302 2993.838379
160.347153 -191.938843 2993.838379
-201.150253 446.083313 2937.013672
-201.149429 130.553741 2937.013672
-201.155655 -184.975403 2937.013672
-23.554337 201.549133 2955.926270
83.269188 -41.621750 2963.713867
161.574341 -90.957520 2515.705566
142.643753 -499.258636 2515.139648
-136.678040 -37.384903 2929.139160
-74.514168 -511.657288 2871.440918
-31.848526 -974.640747 2857.740723
0 0 0
-18.808512 675.977539 2964.368652
-22.793314 442.139343 2966.577148
157.925247 438.114594 2995.143311
157.924423 122.585022 2995.143311
157.930649 -192.944122 2995.143311
-203.511887 446.164062 2938.010986
-203.511063 130.634491 2938.010986
-203.517288 -184.894653 2938.010986
-26.864519 201.045166 2958.364990
79.024452 -42.497879 2967.534180
161.031799 -43.444546 2515.538086
145.566513 -441.095123 2472.755127
-140.895889 -37.600113 2932.771484
-68.532555 -510.765442 2875.539062
-31.480457 -973.354919 2881.878906
0 0 0
-21.334799 679.416077 2987.081543
-24.736376 446.411072 2976.144287
156.205200 440.825134 3002.910156
156.204376 125.295563 3002.910156
156.210602 -190.233582 3002.910156
-205.677948 451.997070 2949.378418
-205.677124 136.467499 2949.378418
-205.683350 -179.061646 2949.378418
-29.498734 206.050323 2958.176025
75.846092 -37.709625 2956.495361
160.454254 6.501865 2506.827637
148.721603 -408.823425 2408.436279
-144.368286 -30.911255 2923.920166
-73.834831 -505.789337 2879.342041
-20.107643 -961.878784 2824.280762
0 0 0
-15.653635 640.927307 2998.656006
-23.410751 412.536499 2974.002197
157.210251 402.497253 3001.316406
157.209427 86.967682 3001.316406
157.215652 -228.561462 3001.316406
-204.031754 422.575745 2946.687988
-204.030930 107.046173 2946.687988
-204.037155 -208.482971 2946.687988
-32.252533 173.618713 2944.656982
68.660301 -71.399414 2931.909424
156.787292 13.852638 2500.376709
148.420959 -423.309998 2341.680908
-150.848923 -59.198700 2898.714111
-78.642944 -524.147461 2895.716064
-17.592369 -990.172852 2782.490479
0 0 0
-21.006670 654.940735 2991.718750
-26.424707 425.023254 2975.720459
154.612427 417.272461 3001.001221
154.611603 101.742889 3001.001221
154.617828 -213.786255 3001.001221
-207.461853 432.774048 2950.439697
-207.461029 117.244476 2950.439697
-207.467255 -198.284668 2950.439697
-33.533371 185.213120 2953.103027
69.533928 -59.313995 2945.871094
161.629089 63.841873 2519.435547
156.945923 -376.739380 2296.587646
-150.817993 -49.880005 2915.100098
-70.858978 -526.848511 2916.948975
-10.568848 -967.942871 2787.569092
0 0 0
-23.378838 667.346375 3001.757324
-29.266615 436.246552 2982.344238
151.845551 427.622070 3006.986328
151.844727 112.092499 3006.986328
151.850952 -203.436646 3006.986328
-210.378784 444.871033 2957.702148
-210.377960 129.341461 2957.702148
-210.384186 -186.187683 2957.702148
-37.256542 196.577713 2957.186523
64.956802 -48.338943 2947.022949
158.348419 80.866562 2515.428711
156.506836 -348.924072 2220.504883
-155.449753 -37.843307 2917.034668
-75.769516 -510.943054 2877.972168
-23.813145 -961.664062 2832.555176
0 0 0
-24.029896 676.194946 3005.768799
-30.734341 444.691833 2986.367920
150.477646 435.692230 3010.235107
150.476822 120.162659 3010.235107
150.483047 -195.366486 3010.235107
-211.946335 453.691437 2962.500732
-211.945511 138.161865 2962.500732
-211.951736 -177.367279 2962.500732
-39.390778 204.913879 2961.678955
62.216183 -40.340134 2951.512695
160.214905 75.942757 2518.124756
164.294128 -315.952545 2165.162842
-158.310608 -29.388016 2922.467285
-78.832916 -503.939026 2900.974854
-13.438560 -962.892273 2814.738525
0 0 0
-24.080288 681.481384 3008.277100
-32.502495 450.329285 2988.897217
148.739944 440.409058 3012.207031
148.739120 124.879486 3012.207031
148.745346 -190.649658 3012.207031
-213.744949 460.249512 2965.587402
-213.744125 144.719940 2965.587402
-213.750351 -170.809204 2965.587402
-42.486008 210.536591 2964.471680
57.813965 -35.292404 2954.229980
162.068176 64.018448 2519.533203
171.607788 -278.429199 2114.052246
-162.753006 -23.219803 2925.862305
-74.272293 -494.311035 2880.853271
-28.530380 -954.804138 2854.719238
0 0 0
-23.539337 684.363525 3009.529785
-33.113663 452.655457 2990.713379
148.226288 442.185364 3013.022461
148.225464 126.655792 3013.022461
148.231689 -188.873352 3013.022461
-214.453613 463.125580 2968.404297
-214.452789 147.596008 2968.404297
-214.459015 -167.933136 2968.404297
-44.028034 212.823486 2966.873047
55.400677 -33.379425 2956.607422
159.055161 29.429489 2503.905273
181.083450 -250.328384 2080.542480
-165.285492 -20.637573 2929.458008
-75.941040 -492.893707 2894.573242
-18.586269 -962.399902 2827.260498
0 0 0
-23.186501 685.194336 3010.151367
-32.828011 453.284943 2991.735107
148.454681 442.304169 3014.294922
148.453857 126.774597 3014.294922
148.460083 -188.754547 3014.294922
-214.110687 464.265717 2969.175293
-214.109863 148.736145 2969.175293
-214.116089 -166.792999 2969.175293
-44.438541 213.435074 2968.288574
54.257526 -33.096359 2958.569092
151.480698 67.475121 2433.505615
185.099167 -242.838104 2066.041016
-166.355682 -19.733231 2931.114990
-77.739372 -493.082214 2909.841553
-12.104134 -969.085327 2798.494385
0 0 0
-23.760765 680.223877 2998.472412
-33.493385 447.702637 2987.586914
147.925369 437.169556 3009.249023
147.924545 121.639984 3009.249023
147.930771 -193.889160 3009.249023
-214.912155 458.235657 2965.924805
-214.911331 142.706085 2965.924805
-214.917557 -172.823059 2965.924805
-45.269390 207.456024 2969.392090
53.345959 -39.199814 2964.378418
162.385818 42.986923 2480.091064
184.695053 -265.669739 2076.358887
-167.436752 -26.381332 2938.016113
-73.383911 -496.689880 2893.318848
-22.088024 -965.672058 2849.208496
0 0 0
-24.009563 682.448059 3004.634277
-33.892818 449.499329 2990.472412
147.723755 438.614258 3010.139648
147.722931 123.084686 3010.139648
147.729156 -192.444458 3010.139648
-215.509399 460.384460 2970.805176
-215.508575 144.854889 2970.805176
-215.514801 -170.674255 2970.805176
-46.131947 209.382812 2970.598633
52.145653 -37.357483 2962.692627
178.246628 20.095829 2490.705322
181.090576 -294.933960 2094.093994
-168.887787 -24.109955 2938.757080
-74.037590 -495.374908 2902.837402
-13.969200 -965.245972 2811.394287
0 0 0
-22.789835 678.231934 2995.713379
-33.082794 445.236633 2987.247803
148.394180 434.390015 3008.205322
148.393356 118.860443 3008.205322
148.399582 -196.668701 3008.205322
-214.559769 456.083252 2966.290283
-214.558945 140.553680 2966.290283
-214.565170 -174.975464 2966.290283
-45.588776 204.862473 2971.134277
52.330345 -42.111633 2967.772949
180.421600 24.368042 2526.270996
177.843567 -341.146851 2133.965332
-168.519867 -28.911743 2942.268555
-72.626709 -500.716736 2914.668945
-8.887646 -977.055725 2787.833984
0 0 0
-20.624657 675.484741 2990.752930
-30.998173 443.596954 2985.390625
150.227951 432.636139 3008.322510
150.227127 117.106567 3008.322510
150.233353 -198.422577 3008.322510
-212.224289 454.557770 2962.458740
-212.223465 139.028198 2962.458740
-212.229691 -176.500946 2962.458740
-43.752739 203.096176 2971.234619
53.769604 -44.074310 2971.032715
177.566315 25.091797 2541.858154
175.777298 -390.665619 2181.705322
-166.784210 -30.734894 2943.124512
-72.476257 -502.903412 2913.559814
-5.374458 -976.944946 2770.519775
0 0 0
-18.642994 666.906677 2977.274414
-29.440462 435.712646 2980.225830
151.845261 424.976257 3002.854004
151.844437 109.446686 3002.854004
151.850662 -206.082458 3002.854004
-210.726181 446.449066 2957.597656
-210.725357 130.919495 2957.597656
-210.731583 -184.609650 2957.597656
-42.649246 195.019394 2971.846191
54.447304 -52.206558 2977.234863
172.212341 -55.112244 2530.930176
171.860413 -443.989655 2240.429688
-166.163376 -39.141190 2949.698242
-69.232819 -511.144897 2925.761230
-6.427094 -984.962524 2769.907471
0 0 0
-18.667179 671.433899 2983.034180
-28.359314 439.468201 2981.586670
153.030029 429.456909 3003.730225
153.029205 113.927338 3003.730225
153.035431 -201.601807 3003.730225
-209.748657 449.479553 2959.443115
-209.747833 133.949982 2959.443115
-209.754059 -181.579163 2959.443115
-40.231823 198.817841 2970.040283
58.267460 -47.924225 2971.967773
176.575897 -35.204567 2522.099121
170.899933 -478.143219 2290.848877
-162.476120 -35.740845 2945.020020
-67.441231 -507.789520 2914.812012
-1.835449 -974.880127 2753.989258
0 0 0
-15.802704 678.461060 2984.926758
-25.995319 446.021118 2982.377197
155.373886 436.092468 3004.747314
155.373062 120.562897 3004.747314
155.379288 -194.966248 3004.747314
-207.364517 455.949768 2960.007080
-207.363693 140.420197 2960.007080
-207.369919 -175.108948 2960.007080
-37.643257 205.368530 2970.004639
61.067837 -41.325409 2971.243652
172.798523 -123.637054 2528.152100
167.846832 -504.115906 2353.330811
-159.650223 -29.242706 2944.020508
-70.427635 -502.704926 2918.744385
-3.431458 -968.640442 2760.337402
0 0 0
-13.637362 680.432434 2986.365479
-23.704264 447.438599 2982.912598
157.527115 437.531799 3006.369873
157.526291 122.002228 3006.369873
157.532516 -193.526917 3006.369873
-204.935654 457.345398 2959.455322
-204.934830 141.815826 2959.455322
-204.941055 -173.713318 2959.455322
-35.143093 206.806793 2969.662109
63.696060 -39.853241 2970.685303
172.737488 -198.961578 2545.475342
167.652832 -542.383545 2408.958740
-156.859909 -27.796783 2942.137939
-72.616982 -502.205200 2916.917236
-3.334160 -974.623779 2757.771973
0 0 0
-12.320723 687.651733 2998.583740
-22.403431 455.039612 2986.958252
158.488312 444.858002 3012.710205
158.487488 129.328430 3012.710205
158.493713 -186.200714 3012.710205
-203.295166 465.221222 2961.206299
-203.294342 149.691650 2961.206299
-203.300568 -165.837494 2961.206299
-33.281761 214.784637 2968.381836
65.917755 -31.666138 2965.476318
173.946350 -251.016281 2563.626709
165.233826 -579.239075 2456.048340
-154.237930 -19.274536 2934.134521
-73.692596 -494.644897 2917.049561
-1.943481 -969.013306 2748.816162
0 0 0
-9.100234 690.130981 3004.194336
-17.177784 457.695648 2988.553955
163.550491 448.637939 3015.820557
163.549667 133.108368 3015.820557
163.555893 -182.420776 3015.820557
-197.906052 466.753357 2961.287354
-197.905228 151.223785 2961.287354
-197.911453 -164.305359 2961.287354
-26.086102 217.519257 2967.815918
74.977180 -28.168655 2963.669189
178.835876 -290.186096 2582.392334
173.039169 -633.698242 2512.320312
-144.966034 -17.145615 2930.486572
-64.083878 -491.422607 2897.557373
-7.454681 -959.683350 2813.140381
0 0 0
-7.101972 689.039917 3007.485596
-15.532758 456.396118 2988.183594
165.575180 447.348114 3012.720703
165.574356 131.818542 3012.720703
165.580582 -183.710602 3012.720703
-196.640701 465.444092 2963.646484
-196.639877 149.914520 2963.646484
-196.646103 -165.614624 2963.646484
-24.354948 216.446075 2964.819336
77.031670 -29.009888 2956.386475
172.749176 -331.776062 2602.036377
167.535294 -685.432373 2557.768311
-143.385941 -17.998016 2926.523682
-72.711067 -494.225708 2898.151123
-11.287182 -968.762939 2793.924561
0 0 0
-4.325223 691.565430 3010.131836
-13.010248 458.858337 2987.946533
167.962448 449.343079 3013.379639
167.961624 133.813507 3013.379639
167.967850 -181.715637 3013.379639
-193.982956 468.373596 2962.513428
-193.982132 152.844025 2962.513428
-193.988358 -162.685120 2962.513428
-22.051971 219.107178 2962.586426
79.018585 -26.433502 2952.700928
174.635788 -361.011108 2625.931641
169.753281 -723.728943 2609.839111
-141.205963 -14.854462 2921.751709
-66.626701 -489.766541 2882.944092
-20.717415 -958.543579 2830.525391
0 0 0
-2.439447 688.082275 2998.975342
-9.583353 454.790588 2982.362061
170.735229 446.351929 3012.118896
170.734406 130.822357 3012.118896
170.740631 -184.706787 3012.118896
-189.901917 463.229248 2952.605225
-189.901093 147.699677 2952.605225
-189.907318 -167.829468 2952.605225
-17.368324 214.598831 2961.421631
84.596191 -30.729065 2958.592529
174.728943 -391.853668 2657.891113
170.944122 -770.445312 2661.150879
-134.902786 -20.456818 2922.369873
-64.061012 -495.271759 2875.498291
-19.329842 -960.061401 2865.669678
0 0 0
2.142444 688.084717 3004.381592
-5.670021 455.002075 2983.721924
174.617401 445.605896 3013.562256
174.616577 130.076324 3013.562256
174.622803 -185.452820 3013.562256
-185.957458 464.398254 2953.881592
-185.956635 148.868683 2953.881592
-185.962860 -166.660461 2953.881592
-14.133937 215.155273 2959.335205
87.087090 -30.408051 2953.103027
171.026733 -409.750366 2671.623047
167.255569 -800.278809 2686.637695
-132.282791 -18.974976 2916.793945
-71.399048 -496.121002 2883.529297
-14.173939 -958.223816 2824.425049
0 0 0
5.454464 686.389343 2995.576904
-2.910732 453.016113 2977.796387
177.036652 442.968384 3009.462402
177.035828 127.438812 3009.462402
177.042053 -188.090332 3009.462402
-182.858093 463.063904 2946.130371
-182.857269 147.534332 2946.130371
-182.863495 -167.994812 2946.130371
-12.518240 212.935211 2956.213867
87.365982 -33.259415 2953.898926
170.374619 -435.210876 2706.049561
160.626663 -836.149292 2727.855713
-131.617477 -21.031998 2915.363770
-77.965393 -499.547485 2909.144043
-10.201347 -969.410889 2796.069336
0 0 0
8.166794 685.349854 2990.675293
-0.052939 452.148407 2973.249756
180.055908 442.276764 3004.113037
180.055084 126.747192 3004.113037
180.061310 -188.781952 3004.113037
-180.161804 462.020050 2942.386475
-180.160980 146.490479 2942.386475
-180.167206 -169.038666 2942.386475
-9.608974 211.995132 2952.202637
90.421715 -34.164520 2949.934082
173.124557 -454.134491 2733.469238
159.748077 -860.062744 2758.071777
-128.751740 -22.151764 2912.376953
-75.661179 -500.987915 2920.751465
-7.058411 -974.290405 2773.771729
0 0 0
11.124191 690.057251 3012.768799
3.402089 458.698395 2979.720703
183.741486 447.858582 3008.846191
183.740662 132.329010 3008.846191
183.746887 -183.200134 3008.846191
-176.937286 469.538208 2950.595215
-176.936462 154.008636 2950.595215
-176.942688 -161.520508 2950.595215
-5.765429 219.999756 2947.646484
94.803139 -25.294876 2933.295166
171.605957 -461.469910 2748.899658
156.721878 -874.207886 2770.378906
-124.669029 -12.102890 2897.849365
-74.565170 -491.445435 2912.076416
-2.375435 -966.538086 2748.358398
0 0 0
15.358381 655.691589 3000.588379
8.059862 427.503113 2968.133789
188.518326 417.317596 2996.803467
188.517502 101.788025 2996.803467
188.523727 -213.741119 2996.803467
-172.398605 437.688660 2939.464111
-172.397781 122.159088 2939.464111
-172.404007 -193.370056 2939.464111
-0.187596 188.752167 2935.225098
101.298218 -56.192413 2919.749756
171.519531 -499.164246 2789.604004
151.864059 -916.144592 2799.566650
-118.168335 -43.805176 2884.883057
-76.269974 -509.644836 2926.738037
-1.648438 -994.802246 2750.363037
0 0 0
17.871910 667.604431 2995.129150
13.146997 436.655457 2967.139648
193.874161 429.063660 2994.803467
193.873337 113.534088 2994.803467
193.879562 -201.995056 2994.803467
-167.580154 444.247253 2939.475830
-167.579330 128.717682 2939.475830
-167.585556 -186.811462 2939.475830
7.574327 197.328339 2937.867188
112.193497 -46.627609 2925.461670
171.700409 -510.090332 2833.444580
153.526718 -888.915405 2827.582520
-108.190186 -37.369980 2891.727783
-62.663891 -511.843933 2914.974854
-11.146545 -985.733032 2837.784424
0 0 0
22.328775 680.897095 2992.428467
16.235291 448.803406 2967.095215
197.071030 441.380615 2994.170654
197.070206 125.851044 2994.170654
197.076431 -189.678101 2994.170654
-164.600449 456.226257 2940.019775
-164.599625 140.696686 2940.019775
-164.605850 -174.832458 2940.019775
10.490931 209.201569 2939.773926
114.887222 -34.921265 2928.943359
162.116043 -506.698395 2865.842041
145.253113 -893.541016 2834.477051
-105.394089 -25.879303 2895.961914
-73.643799 -501.816010 2941.661865
-11.036625 -967.087402 2814.664307
0 0 0
26.304190 683.918457 2991.406250
21.150513 451.946259 2966.000000
202.058517 444.867523 2992.727051
202.057693 129.337952 2992.727051
202.063919 -186.191193 2992.727051
-159.757492 459.024994 2939.272949
-159.756668 143.495422 2939.272949
-159.762894 -172.033722 2939.272949
15.712969 212.234222 2939.316895
120.407158 -31.787155 2928.904541
165.413147 -507.905029 2890.158203
147.789551 -906.987793 2834.462402
-99.856316 -23.168472 2896.363037
-62.126320 -501.427551 2917.704834
-16.930092 -965.609375 2849.670166
0 0 0
28.435127 686.795715 2990.246338
21.473864 454.713379 2964.197998
202.938461 446.153442 2985.662354
202.937637 130.623871 2985.662354
202.943863 -184.905273 2985.662354
-159.990738 463.273315 2942.733643
-159.989914 147.743744 2942.733643
-159.996140 -167.785400 2942.733643
13.363081 215.108902 2937.214844
115.746567 -29.707718 2923.301270
150.038330 -508.726013 2899.551758
138.478790 -915.478699 2830.655273
-105.241959 -19.283401 2897.162109
-74.124184 -497.993835 2933.724609
-21.614815 -964.780273 2820.448730
0 0 0
32.064793 688.617065 2989.023193
26.355404 456.142639 2963.276367
208.097839 447.937561 2982.697998
208.097015 132.407990 2982.697998
208.103241 -183.121155 2982.697998
-155.387024 464.347717 2943.854736
-155.386200 148.818146 2943.854736
-155.392426 -166.710999 2943.854736
18.397064 216.493683 2936.503662
121.020432 -28.147675 2921.548096
161.072617 -507.621979 2920.234131
148.396561 -915.717163 2839.343262
-100.142990 -18.162872 2897.913818
-54.635086 -496.570526 2929.482422
-14.801018 -959.941895 2845.406250
0 0 0
34.936672 689.732788 2988.920410
29.992428 457.783875 2962.133301
212.046783 450.212097 2978.725586
212.045959 134.682526 2978.725586
212.052185 -180.846619 2978.725586
-152.061920 465.355621 2945.541016
-152.061096 149.826050 2945.541016
-152.067322 -165.703094 2945.541016
22.468975 218.118622 2935.312988
125.726929 -26.154083 2918.589111
156.469635 -506.619568 2930.364502
147.723053 -917.642212 2834.583740
-95.835876 -16.939148 2898.396240
-59.176987 -494.267914 2950.549316
-9.600044 -965.810303 2806.817383
0 0 0
38.493179 695.081299 2999.399902
35.967896 463.383148 2967.083496
217.879883 457.843384 2985.898193
217.879059 142.313812 2985.898193
217.885284 -173.215332 2985.898193
-145.944092 468.922913 2948.268799
-145.943268 153.393341 2948.268799
-145.949493 -162.135803 2948.268799
31.972857 224.311768 2935.317871
138.671692 -18.130585 2915.000977
168.028046 -498.208069 2943.214355
156.460526 -915.294983 2831.686035
-82.716057 -11.388641 2892.103516
-53.215294 -485.864838 2968.054688
3.160168 -966.466309 2773.378418
0 0 0
42.458103 700.172607 3018.102539
41.161346 470.198792 2974.641602
223.133575 465.091492 2993.231934
223.132751 149.561920 2993.231934
223.138977 -165.967224 2993.231934
-140.810883 475.306030 2956.051270
-140.810059 159.776459 2956.051270
-140.816284 -155.752686 2956.051270
38.604931 232.512878 2934.366699
146.763260 -8.280365 2905.402588
168.696365 -488.429962 2942.173340
151.826508 -918.290466 2823.505371
-74.666214 -2.065674 2882.781006
-52.274200 -474.702026 2973.185791
0.041714 -965.197510 2758.505615
0 0 0
45.016701 696.546997 3014.453857
44.050648 466.389008 2971.516113
225.942749 461.394562 2991.004883
225.941925 145.864990 2991.004883
225.948151 -169.664154 2991.004883
-137.841431 471.383453 2952.027344
-137.840607 155.853882 2952.027344
-137.846832 -159.675262 2952.027344
41.720940 228.428940 2932.277344
150.064667 -12.570023 2904.896729
167.745163 -491.437256 2957.233154
147.161621 -932.861938 2833.541260
-71.282204 -6.492233 2881.180420
-54.667038 -476.433044 2986.471191
-3.599113 -981.184570 2756.321045
0 0 0
48.854851 693.805969 3002.637939
46.671597 462.468658 2966.129395
228.495438 457.540405 2986.317627
228.494614 142.010834 2986.317627
228.500839 -173.518311 2986.317627
-135.152237 467.396912 2945.941162
-135.151413 151.867340 2945.941162
-135.157639 -163.661804 2945.941162
43.907692 223.646210 2932.722412
151.778000 -18.174927 2911.599365
167.726883 -497.689209 2960.794434
144.647400 -935.392334 2839.231934
-69.490425 -12.177551 2887.031494
-50.332191 -488.039246 2948.230713
-17.034321 -972.285156 2831.367920
0 0 0
51.251709 690.570740 2983.251221
48.685184 457.428375 2958.102295
230.572418 453.974823 2978.008789
230.571594 138.445251 2978.008789
230.577820 -177.083893 2978.008789
-133.202026 460.881927 2938.195801
-133.201202 145.352356 2938.195801
-133.207428 -170.176788 2938.195801
46.879372 217.666779 2933.006348
155.750885 -24.196274 2920.023438
170.550629 -504.603516 2960.759521
147.950134 -933.420532 2841.690674
-65.603775 -19.993362 2895.797363
-49.554901 -495.872803 2965.869629
-8.014660 -974.610718 2812.025146
0 0 0
52.838326 688.536865 2973.003174
50.338215 454.957825 2953.510986
232.281799 452.630524 2973.076660
232.280975 137.100952 2973.076660
232.287201 -178.428192 2973.076660
-131.605377 457.285095 2933.945312
-131.604553 141.755524 2933.945312
-131.610779 -173.773621 2933.945312
49.434814 214.675232 2933.331055
159.241028 -27.023453 2925.056396
171.336121 -508.001892 2960.424561
147.469376 -930.523254 2838.181885
-62.178196 -24.191238 2901.245850
-51.086506 -500.183228 2975.540771
-6.037025 -976.598328 2783.562744
0 0 0
54.635727 688.420105 2979.929688
53.304485 456.293793 2956.850586
235.306259 454.373108 2975.946289
235.305435 138.843536 2975.946289
235.311661 -176.685608 2975.946289
-128.697281 458.214478 2937.754883
-128.696457 142.684906 2937.754883
-128.702682 -172.844238 2937.754883
53.183838 216.202057 2933.851562
163.806961 -25.058380 2922.471680
174.722137 -506.532196 2951.210938
148.047318 -925.880371 2831.496826
-57.680592 -22.720978 2899.233398
-45.439636 -501.807739 2943.447754
-12.923195 -970.330933 2821.341797
0 0 0
56.503956 690.797485 2982.888672
54.553616 458.329529 2957.874512
236.571960 455.852509 2976.764893
236.571136 140.322937 2976.764893
236.577362 -175.206207 2976.764893
-127.464722 460.806519 2938.984131
-127.463898 145.276947 2938.984131
-127.470123 -170.252197 2938.984131
53.850914 218.365601 2933.180176
163.903015 -23.105515 2919.980225
169.457520 -504.633057 2949.821533
145.340073 -925.470947 2831.545166
-57.606594 -20.091110 2896.991455
-52.646313 -498.363647 2954.120850
-12.130104 -970.769043 2795.435059
0 0 0
57.805008 691.977966 2984.887939
57.458218 458.962646 2958.645264
239.620193 457.130066 2976.126465
239.619370 141.600494 2976.126465
239.625595 -173.928650 2976.126465
-124.703758 460.795227 2941.164062
-124.702934 145.265656 2941.164062
-124.709160 -170.263489 2941.164062
57.526718 219.097015 2932.786133
168.441360 -21.883743 2917.564453
172.953003 -503.276367 2950.211426
150.158722 -924.990906 2830.096924
-53.250919 -19.653488 2896.289551
-46.293839 -498.890015 2948.334961
-10.500038 -961.993530 2823.145996
0 0 0
60.073040 692.277039 2986.985596
53.976501 460.052490 2958.844482
236.404907 453.869812 2968.873291
236.404083 138.340240 2968.873291
236.410309 -177.188904 2968.873291
-128.451904 466.235168 2948.815674
-128.451080 150.705597 2948.815674
-128.457306 -164.823547 2948.815674
47.364548 220.530304 2931.455078
151.879211 -22.758087 2910.174805
154.393555 -504.350525 2940.229004
128.257736 -926.982178 2827.865234
-70.374023 -15.225677 2897.956543
-65.676888 -496.024841 2931.036621
-35.776245 -958.324219 2847.497314
0 0 0
60.193634 698.989014 3011.410645
53.083115 469.725952 2969.184326
235.692978 462.105316 2974.476807
235.692154 146.575745 2974.476807
235.698380 -168.953400 2974.476807
-129.526749 477.346558 2963.891846
-129.525925 161.816986 2963.891846
-129.532150 -153.712158 2963.891846
44.258724 231.916016 2931.236816
146.527695 -10.530014 2896.509033
166.902527 -490.746216 2934.604004
139.704437 -912.326233 2820.847168
-75.659035 -1.257797 2890.069580
-51.363117 -481.902771 2911.077393
-26.634266 -944.255859 2852.678711
0 0 0
62.437721 705.195312 3012.615723
54.880970 475.845947 2970.856445
237.545944 467.952209 2976.727783
237.545120 152.422638 2976.727783
237.551346 -163.106506 2976.727783
-127.784012 483.739685 2964.985107
-127.783188 168.210114 2964.985107
-127.789413 -147.319031 2964.985107
45.826202 237.924530 2932.689453
147.869583 -4.797897 2898.093506
174.146942 -483.247559 2951.110596
146.415436 -919.603027 2836.828369
-74.326706 4.804123 2890.951416
-45.764664 -475.550293 2919.752686
-19.389019 -937.826660 2875.592529
0 0 0
65.024551 706.203857 3011.211182
59.670681 476.401672 2970.773193
242.442444 469.866882 2976.152832
242.441620 154.337311 2976.152832
242.447845 -161.191833 2976.152832
-123.101082 482.936462 2965.393555
-123.100258 167.406891 2965.393555
-123.106483 -148.122253 2965.393555
52.246567 238.190033 2933.643799
156.013733 -3.997131 2899.787354
183.239151 -483.668304 2940.670654
153.136032 -926.367188 2837.318115
-66.368828 3.953918 2893.241455
-42.661949 -474.829681 2942.249023
-5.366749 -956.792480 2828.637207
0 0 0
66.039642 706.790649 3023.015625
61.427395 477.750305 2975.407715
244.166565 471.612152 2982.578613
244.165741 156.082581 2982.578613
244.171967 -159.446564 2982.578613
-121.311790 483.888489 2968.236816
-121.310966 168.358917 2968.236816
-121.317192 -147.170227 2968.236816
55.125523 240.436584 2932.865234
160.008942 -0.611847 2894.685791
178.918320 -481.261169 2929.276611
148.995575 -919.696960 2832.217041
-62.361645 6.857544 2885.959717
-40.019211 -473.416443 2919.697021
-18.065174 -945.605835 2843.938965
0 0 0
65.614868 703.679199 3016.407959
61.640373 474.625000 2971.941162
244.477615 469.582123 2977.405762
244.476791 154.052551 2977.405762
244.483017 -161.476593 2977.405762
-121.196861 479.667908 2966.476562
-121.196037 164.138336 2966.476562
-121.202263 -151.390808 2966.476562
56.264614 236.753387 2932.291504
162.139633 -4.186676 2895.966797
179.137497 -483.675873 2944.293701
147.608261 -924.601318 2841.432373
-60.361931 1.950195 2889.316895
-48.262917 -473.238007 2960.679688
-11.064575 -965.672241 2811.964844
0 0 0
67.680618 705.278564 3013.107422
63.853439 475.547241 2970.140381
246.690811 470.931274 2976.333496
246.689987 155.401703 2976.333496
246.696213 -160.127441 2976.333496
-118.983917 480.163208 2963.947266
-118.983093 164.633636 2963.947266
-118.989319 -150.895508 2963.947266
59.107430 237.283295 2932.668457
165.608322 -3.789215 2898.964600
180.416656 -483.769867 2944.722656
149.694290 -920.609741 2838.582764
-56.885498 1.827911 2891.428467
-41.465118 -476.852264 2930.144775
-14.885529 -954.880737 2850.589111
0 0 0
69.467964 709.216858 3024.458984
64.585785 480.732849 2975.483398
247.397003 475.935730 2982.448486
247.396179 160.406158 2982.448486
247.402405 -155.122986 2982.448486
-118.225433 485.530029 2968.518311
-118.224609 170.000458 2968.518311
-118.230835 -145.528687 2968.518311
59.951492 243.231781 2933.541504
166.551712 2.811798 2895.837646
176.410019 -477.535461 2939.741943
147.055435 -918.904419 2831.170166
-55.917320 8.649597 2887.361572
-42.267006 -471.255341 2924.405029
-19.060926 -940.118408 2854.654053
0 0 0
70.242874 710.383545 3029.638916
65.118515 482.725647 2978.354004
247.937286 477.971558 2985.277588
247.936462 162.441986 2985.277588
247.942688 -153.087158 2985.277588
-117.700241 487.479706 2971.430420
-117.699417 171.950134 2971.430420
-117.705643 -143.579010 2971.430420
60.621422 245.586517 2934.269287
167.364288 5.554688 2894.397217
175.398499 -475.053314 2936.379150
146.858704 -920.005005 2833.707764
-55.115650 11.340118 2885.971924
-42.313824 -468.118225 2933.142090
-18.899986 -930.488037 2856.651123
0 0 0
70.797501 709.013428 3019.722900
66.784752 480.186401 2973.260254
249.661469 475.969788 2978.745117
249.660645 160.440216 2978.745117
249.666870 -155.088928 2978.745117
-116.091972 484.403015 2967.775391
-116.091148 168.873444 2967.775391
-116.097374 -146.655701 2967.775391
62.492237 242.298828 2933.500488
169.480377 1.845428 2897.078369
179.194778 -478.714539 2939.613281
147.138672 -927.082153 2836.249756
-53.080933 6.977051 2890.403076
-39.957176 -473.738342 2923.987061
-21.088984 -936.755981 2880.312012
0 0 0
70.444603 707.323242 3014.770020
67.789253 478.175018 2971.812500
250.609055 474.313782 2979.039062
250.608231 158.784210 2979.039062
250.614456 -156.744934 2979.039062
-115.030556 482.036255 2964.585938
-115.029732 166.506683 2964.585938
-115.035957 -149.022461 2964.585938
64.252045 239.935425 2934.004395
171.960999 -0.653732 2900.593750
183.712372 -481.501587 2939.154785
140.977875 -931.177612 2835.304688
-50.531311 4.045395 2891.798828
-40.944492 -475.444092 2940.627197
-15.034227 -948.636108 2833.335693
0 0 0
70.898071 705.380676 3012.793213
68.552139 476.262939 2970.585938
251.307434 472.613708 2979.378174
251.306610 157.084137 2979.378174
251.312836 -158.445007 2979.378174
-114.203156 479.912201 2961.793701
-114.202332 164.382629 2961.793701
-114.208557 -151.146515 2961.793701
65.593048 237.933594 2933.174805
173.838455 -2.616287 2901.113770
181.009460 -483.589600 2939.203857
144.136887 -927.305542 2834.915039
-48.570545 1.824753 2890.413574
-45.609795 -476.440430 2951.216797
-10.322571 -961.568481 2795.581299
0 0 0
71.651749 704.984619 3011.797119
69.998291 476.179474 2969.403076
252.718185 472.619995 2979.028564
252.717361 157.090424 2979.028564
252.723587 -158.438721 2979.028564
-112.721603 479.738953 2959.777588
-112.720779 164.209381 2959.777588
-112.727005 -151.319763 2959.777588
67.299088 237.761597 2932.475586
175.779755 -2.822113 2901.404785
178.880371 -483.204285 2946.323730
146.073013 -922.377441 2834.490479
-46.579990 1.509552 2889.691406
-50.856434 -475.725891 2958.738037
-3.146461 -968.988525 2774.257080
0 0 0
