113.300972 786.140137 2782.843750
126.573296 559.739807 2766.310547
308.255737 573.634216 2746.774902
308.254944 268.462555 2746.774902
308.261383 -36.708679 2746.767822
-55.109142 545.845459 2785.846191
-55.108341 240.673798 2785.846191
-55.114582 -64.497437 2785.839111
141.941757 327.922913 2744.361816
264.079102 104.271286 2710.932617
228.381683 -360.691040 2730.055664
207.945251 -808.770020 2740.682617
50.541355 87.940720 2733.893555
40.449165 -378.249634 2752.645752
69.960205 -825.776428 2765.785645
113.040138 784.207458 2781.917480
122.329620 557.938965 2765.320312
303.961151 567.707642 2743.431641
303.960358 262.535980 2743.431641
303.966675 -42.635254 2743.425293
-59.301929 548.170349 2787.208984
-59.301128 242.998688 2787.208984
-59.307312 -62.172546 2787.202637
132.173447 325.878540 2743.437988
248.786606 99.560425 2708.688721
215.939087 -365.253296 2734.266846
194.013016 -813.348755 2735.965088
35.247952 88.075745 2734.422607
30.674549 -378.149902 2754.279541
57.221500 -825.970886 2764.076416
114.481628 786.836121 2781.927734
121.882904 560.046753 2765.480957
303.527954 568.100220 2742.799805
303.527161 262.928558 2742.799805
303.533386 -42.242676 2742.794189
-59.762146 551.993286 2788.162109
-59.761345 246.821625 2788.162109
-59.767422 -58.349609 2788.156250
129.489594 327.845825 2743.951904
243.828552 100.376984 2709.095703
227.920517 -364.383057 2743.601562
206.775421 -812.563232 2740.949219
30.364014 90.912811 2735.750000
42.141182 -374.948547 2755.177734
68.803116 -822.778442 2765.741211
115.775391 792.207397 2780.930908
122.454788 565.804810 2766.700195
303.952637 573.566650 2742.639893
303.951843 268.394989 2742.639893
303.958038 -36.776245 2742.634766
-59.043076 558.042969 2790.760498
-59.042274 252.871307 2790.760498
-59.048294 -52.299927 2790.755371
129.677307 333.475586 2746.233643
243.550781 105.707336 2711.628906
228.781860 -359.455597 2743.901123
210.943390 -807.810425 2744.514160
30.248873 96.585388 2739.905273
47.296036 -369.236938 2759.461914
73.671631 -817.144897 2767.616699
116.599617 794.900330 2780.427734
122.996910 569.091064 2766.735352
304.598083 576.936646 2743.395508
304.597290 271.764984 2743.395508
304.603363 -33.406250 2743.390869
-58.604271 561.245544 2790.075195
-58.603470 256.073883 2790.075195
-58.609489 -49.097351 2790.070557
130.447662 336.727844 2746.599854
244.612823 108.974884 2712.749268
231.378342 -356.522339 2742.149658
210.838776 -804.788513 2741.768311
31.184004 99.754303 2740.179443
56.841049 -365.681549 2759.889893
72.298935 -814.006104 2761.980957
116.118523 788.106079 2781.688232
122.436630 562.733337 2766.165527
303.931824 570.723022 2742.017334
303.931030 265.551361 2742.017334
303.937042 -39.619873 2742.013184
-59.058575 554.743652 2790.313721
-59.057774 249.571991 2790.313721
-59.063793 -55.599243 2790.309570
129.806686 330.482361 2744.715332
243.832825 102.926514 2709.074463
232.988815 -362.652161 2739.012451
208.920151 -810.749634 2739.699707
30.520651 93.536255 2737.455811
49.937881 -372.446136 2749.356689
70.455879 -820.221436 2764.000244
116.695076 788.581177 2781.302979
122.411270 561.683777 2766.610840
303.990173 569.177856 2742.909668
303.989380 264.006195 2742.909668
303.995392 -41.165039 2742.906006
-59.167614 554.189697 2790.312012
-59.166813 249.018036 2790.312012
-59.172832 -56.153198 2790.308105
129.268219 329.365173 2745.686035
242.831818 101.450531 2710.833008
232.390274 -363.494659 2749.004395
207.104294 -811.396484 2741.261475
29.418516 92.642609 2738.689453
49.020874 -373.363556 2752.767090
71.458321 -821.015381 2771.599609
116.236534 784.719116 2782.631836
121.711952 558.552795 2766.557617
303.250793 565.971436 2742.507568
303.250000 260.799774 2742.507568
303.256012 -44.371460 2742.504150
-59.826885 551.134155 2790.607666
-59.826084 245.962494 2790.607666
-59.832104 -59.208740 2790.604248
128.308746 326.310089 2744.713135
241.589188 98.427048 2708.735352
230.152069 -367.004272 2740.129395
210.477310 -815.179260 2741.291992
28.221905 89.707687 2737.001953
46.265121 -376.461548 2749.096680
71.733711 -823.985352 2768.878906
115.534569 788.920410 2781.764648
121.189201 561.330872 2766.175049
302.773193 568.776794 2742.466553
302.772400 263.605133 2742.466553
302.778412 -41.566101 2742.463623
-60.394798 553.884949 2789.883545
-60.393997 248.713287 2789.883545
-60.400017 -56.457947 2789.880371
127.896286 329.063995 2744.598389
241.314285 101.172852 2709.089111
231.990646 -364.002106 2745.024170
209.078415 -811.979431 2738.281250
27.892439 92.421387 2736.954346
45.316010 -373.830200 2747.741455
71.907990 -821.231201 2769.665039
115.467751 787.745178 2780.844727
121.105873 561.507141 2765.072754
302.953918 568.596375 2743.461670
302.953125 263.424713 2743.461670
302.959137 -41.746521 2743.458984
-60.742180 554.417969 2786.683838
-60.741379 249.246307 2786.683838
-60.747398 -55.924927 2786.681152
127.652573 329.192871 2743.952881
241.072998 101.044968 2710.132080
232.415100 -363.971924 2748.606445
205.456879 -811.653992 2736.736328
27.325539 92.712204 2735.533936
49.157845 -373.196167 2750.928467
72.542908 -821.020142 2766.152344
115.739464 793.722595 2791.385498
122.503944 568.016174 2770.491211
304.353760 576.447815 2749.372070
304.352966 271.276154 2749.372070
304.358978 -33.895081 2749.369629
-59.345863 559.584595 2791.610352
-59.345062 254.412933 2791.610352
-59.351082 -50.758301 2791.607910
130.334091 336.179626 2745.354980
245.031479 109.298050 2707.807861
233.999146 -355.783997 2745.058105
209.635391 -803.713928 2735.005859
31.296997 99.388077 2732.629639
53.862965 -366.540710 2747.185059
75.740509 -814.304199 2766.544189
114.546135 794.522339 2785.662842
122.345512 567.744751 2768.387207
304.332703 576.725403 2748.733398
304.331909 271.553741 2748.733398
304.337921 -33.617493 2748.731201
-59.641670 558.764160 2788.041016
-59.640869 253.592499 2788.041016
-59.646889 -51.578735 2788.038818
131.364777 335.681183 2745.862793
247.333054 108.895264 2711.788330
231.843643 -356.479889 2742.607666
210.286179 -804.590088 2742.300049
33.435036 98.339905 2734.888428
49.276814 -367.601379 2754.849365
75.204941 -815.263916 2771.509033
114.843460 797.682373 2793.297363
122.490456 571.302856 2771.920166
304.382538 580.532837 2751.474609
304.381744 275.361176 2751.474609
304.387756 -29.810059 2751.472656
-59.401619 562.072876 2792.365723
-59.400818 256.901215 2792.365723
-59.406837 -48.270020 2792.363770
131.355057 339.572815 2746.170410
247.109802 113.266876 2708.405518
231.248322 -352.276398 2736.939453
207.875946 -800.364990 2735.515381
33.329521 102.418732 2732.435791
41.940769 -363.811981 2749.427979
72.189384 -811.133667 2767.981201
116.846634 795.244995 2787.604980
124.366615 568.165161 2768.614990
306.321960 577.211182 2748.623779
306.321167 272.039520 2748.623779
306.327179 -33.131714 2748.622070
-57.588722 559.119141 2788.606201
-57.587921 253.947479 2788.606201
-57.593941 -51.223755 2788.604492
133.286407 336.213745 2744.843018
249.134125 109.578308 2709.322998
236.716339 -355.923798 2740.211670
208.608154 -803.755676 2740.328613
35.278267 98.946350 2732.819092
51.105919 -366.837067 2755.198486
69.156075 -814.787842 2770.532959
115.071701 795.202454 2784.262451
123.257965 568.162476 2767.536377
305.340027 576.974915 2748.633545
305.339233 271.803253 2748.633545
305.345245 -33.367981 2748.631836
-58.824112 559.349976 2786.439209
-58.823311 254.178314 2786.439209
-58.829330 -50.992920 2786.437500
132.205109 336.032593 2745.500977
248.157318 109.081604 2712.356934
229.639893 -356.087311 2744.840332
205.270294 -804.153015 2746.208008
34.147194 98.723877 2734.574219
50.403202 -367.271393 2753.046143
70.765518 -815.005859 2773.149170
114.158966 797.997192 2782.096436
123.118324 570.717163 2767.405762
304.860443 579.754028 2745.721924
304.859650 274.582367 2745.721924
304.865662 -30.588867 2745.720459
-58.623802 561.680237 2789.089600
-58.623001 256.508575 2789.089600
-58.629021 -48.662659 2789.088135
132.173828 338.477905 2746.516113
248.044830 111.549957 2712.882080
224.029266 -353.777863 2737.648926
212.392303 -802.192383 2740.280518
34.413834 100.927399 2738.370850
54.882084 -364.709381 2761.269531
68.670204 -812.918701 2774.303223
113.770424 799.454590 2781.012207
122.797928 572.558960 2767.393066
304.423859 581.703674 2744.722900
304.423065 276.532013 2744.722900
304.429077 -28.639221 2744.721680
-58.828037 563.414307 2790.063232
-58.827236 258.242645 2790.063232
-58.833256 -46.928589 2790.062012
131.946442 340.274078 2746.988770
247.825821 113.362946 2713.262451
230.796219 -352.052826 2741.809814
209.188583 -799.982666 2736.043701
34.364086 102.615387 2739.906494
46.309025 -363.336761 2761.633301
73.113434 -810.946350 2768.754639
113.367455 803.405762 2791.465332
122.940750 576.582764 2772.546875
304.263611 587.771362 2748.487061
304.262817 282.599701 2748.487061
304.268829 -22.571533 2748.485840
-58.382126 565.394165 2796.606689
-58.381325 260.222504 2796.606689
-58.387344 -44.948730 2796.605469
134.042572 344.775574 2748.415771
251.708252 119.543915 2710.144531
239.145828 -346.094177 2738.094482
212.554123 -793.890259 2733.953369
38.580536 106.392792 2738.424805
51.582100 -359.842468 2750.097900
77.991531 -807.017090 2770.629150
112.036530 795.175171 2775.218262
123.452965 568.087280 2765.131592
305.103302 579.826660 2744.099121
305.102509 274.654999 2744.099121
305.108521 -30.516235 2744.098145
-58.197380 556.347900 2786.164062
-58.196579 251.176239 2786.164062
-58.202599 -53.994995 2786.163086
136.426514 335.867188 2747.564453
256.158813 110.546494 2717.636230
241.153107 -355.005066 2746.423096
213.119598 -802.809448 2744.500732
42.641304 96.747665 2742.358398
49.487595 -369.627930 2755.299805
77.502472 -817.005554 2772.621582
114.304886 793.769775 2778.566650
124.093033 566.093018 2765.528320
306.083710 576.609131 2746.950195
306.082916 271.437469 2746.950195
306.088928 -33.733765 2746.949219
-57.897625 555.576904 2784.106445
-57.896824 250.405243 2784.106445
-57.902843 -54.765991 2784.105469
135.511276 333.904785 2745.950684
253.881348 107.896637 2715.455078
228.876251 -357.264679 2717.579102
211.644470 -803.093384 2749.625732
39.977680 95.536469 2737.291016
41.776443 -370.999084 2746.235840
72.007568 -818.042969 2769.059570
115.370575 790.698242 2779.246094
124.384666 563.738525 2765.147461
306.657196 573.577087 2749.132812
306.656403 268.405426 2749.132812
306.662415 -36.765808 2749.132080
-57.887856 553.899963 2781.162109
-57.887054 248.728302 2781.162109
-57.893074 -56.442932 2781.161133
135.131958 331.547333 2744.822266
252.995316 105.137985 2715.085693
230.416550 -359.967285 2733.197266
208.905045 -806.649231 2738.590820
38.763191 93.574326 2733.908447
46.632988 -372.139404 2757.879150
73.075706 -819.477844 2757.928955
115.511795 790.562927 2780.605469
124.378830 563.300415 2766.141113
306.651123 572.944885 2749.787842
306.650330 267.773224 2749.787842
306.656342 -37.398010 2749.787109
-57.893467 553.655945 2782.494385
-57.892666 248.484283 2782.494385
-57.898685 -56.686951 2782.493652
134.812210 331.104309 2745.490479
252.350525 104.575378 2715.230469
230.730728 -360.851166 2735.373047
210.321335 -808.373596 2738.926025
38.140659 93.241028 2734.449219
49.575401 -372.739532 2753.983643
70.750572 -820.210327 2768.180664
115.864464 794.261230 2782.273438
124.873795 566.803101 2767.794434
307.243622 575.944824 2752.166748
307.242828 270.773163 2752.166748
307.248840 -34.398071 2752.166016
-57.496048 557.661316 2783.422119
-57.495247 252.489655 2783.422119
-57.501266 -52.681580 2783.421387
134.725754 334.591797 2746.926270
251.746613 107.752609 2716.874512
226.613373 -357.815063 2732.741699
212.290512 -805.543030 2747.677734
37.408813 97.008408 2735.241699
48.023956 -369.257690 2749.293457
73.186790 -816.335449 2772.422607
117.272049 798.583740 2782.598389
126.774780 572.071045 2767.930664
309.193756 581.243042 2752.840820
309.192963 276.071381 2752.840820
309.198975 -29.099854 2752.840088
-55.644180 562.899048 2783.020508
-55.643379 257.727386 2783.020508
-55.649399 -47.443848 2783.019775
136.733063 339.849731 2747.164062
253.890656 113.018372 2717.529785
235.942917 -352.534790 2741.255615
210.355774 -799.791809 2738.367676
39.492035 102.238464 2735.265137
48.878605 -364.187988 2746.469482
76.511490 -811.242798 2770.890869
115.028206 794.624695 2782.256592
124.887344 567.909546 2768.008789
306.913086 578.328491 2749.684814
306.912292 273.156830 2749.684814
306.918304 -32.014404 2749.684326
-57.138363 557.490601 2786.332764
-57.137562 252.318939 2786.332764
-57.143581 -52.852295 2786.332275
136.094879 335.738037 2747.329102
254.290955 109.690460 2715.879150
232.052139 -355.928070 2736.021240
213.535828 -803.764954 2741.585693
40.313869 97.442657 2737.419678
48.126953 -369.038757 2749.033936
72.933105 -816.229492 2775.569336
113.877892 796.686157 2780.092041
124.392876 569.246460 2768.067139
306.299408 580.076477 2748.682373
306.298615 274.904816 2748.682373
306.304626 -30.266418 2748.681885
-57.513676 558.416382 2787.451904
-57.512875 253.244720 2787.451904
-57.518894 -51.926514 2787.451416
136.170303 336.981873 2748.822266
254.840469 111.081314 2718.186523
229.094986 -354.578674 2733.407227
213.578568 -802.608765 2745.466797
41.054989 98.353287 2740.968262
48.138065 -368.135803 2753.483643
73.070511 -815.659302 2773.855957
117.388794 801.669434 2792.037354
124.496025 575.144104 2773.146240
306.147125 584.121887 2750.845459
306.146332 278.950226 2750.845459
306.152344 -26.221008 2750.844971
-57.155083 566.166321 2795.447021
-57.154282 260.994659 2795.447021
-57.160301 -44.176575 2795.446533
132.915680 343.339417 2748.408936
248.099258 116.811356 2710.564697
224.406296 -349.059387 2724.076904
203.241882 -797.057495 2731.869385
34.571426 106.258133 2736.778564
40.433270 -360.300415 2747.408936
64.831902 -808.010864 2765.065186
117.009949 796.017822 2787.975830
124.482010 568.909973 2770.162354
306.055054 577.916870 2747.085693
306.054260 272.745209 2747.085693
306.060272 -32.426025 2747.085205
-57.091053 559.903015 2793.239014
-57.090252 254.731354 2793.239014
-57.096272 -50.439880 2793.238525
133.011536 336.930420 2746.731934
248.234665 110.243423 2709.741455
232.742798 -354.993408 2738.468262
209.801926 -802.943787 2735.705811
34.847469 99.658340 2736.861572
48.506317 -366.563110 2751.275146
70.638672 -814.269653 2772.067383
116.407166 790.584900 2783.945557
123.972023 563.799866 2767.927002
305.592072 572.812561 2745.133301
305.591278 267.640900 2745.133301
305.597290 -37.530334 2745.132812
-57.648033 554.787231 2790.720703
-57.647232 249.615570 2790.720703
-57.653252 -55.555664 2790.720215
132.751587 331.654480 2746.091309
248.257431 104.805252 2710.861328
233.111023 -360.870178 2734.689209
207.804993 -808.672363 2741.138672
34.804871 94.212906 2737.649902
41.333603 -372.260986 2743.655762
74.289330 -818.025391 2779.102783
116.915115 786.714233 2783.452148
126.000931 560.463135 2767.081055
308.021057 570.144775 2748.494873
308.020264 264.973114 2748.494873
308.026276 -40.198120 2748.494629
-56.019161 550.781494 2785.667236
-56.018360 245.609833 2785.667236
-56.024380 -59.561401 2785.666992
136.150665 328.332916 2745.562256
253.294113 101.893646 2713.118164
237.242325 -363.731781 2739.098877
213.585327 -811.753479 2742.710938
39.306683 90.511688 2734.968750
45.418812 -375.802917 2749.223633
80.479141 -822.293518 2769.233887
117.062859 788.562317 2782.696045
126.726135 561.719788 2766.816895
309.097198 571.319519 2752.208008
309.096405 266.147858 2752.208008
309.102417 -39.023376 2752.207764
-55.644928 552.119995 2781.425781
-55.644127 246.948334 2781.425781
-55.650146 -58.222900 2781.425537
137.215149 329.601562 2745.227539
254.887573 103.125351 2715.052246
234.592941 -362.174561 2744.139404
210.637650 -810.231873 2743.233643
40.520760 91.841354 2732.224121
44.634098 -374.115417 2755.574707
75.931229 -821.326355 2764.531738
116.333588 785.987183 2783.812256
126.771843 559.354858 2766.810791
309.162384 569.718079 2752.545654
309.161591 264.546417 2752.545654
309.167603 -40.624817 2752.545410
-55.618706 548.991577 2781.075928
-55.617905 243.819916 2781.075928
-55.623924 -61.351318 2781.075684
138.261810 327.289703 2745.128906
256.917664 101.313629 2715.065430
229.164368 -363.824646 2739.564453
214.118546 -812.185791 2743.204590
42.585876 89.135529 2731.828613
54.721016 -376.459473 2759.247314
71.370651 -824.428955 2767.051025
117.811737 784.642395 2782.852539
127.824875 557.454529 2766.493408
310.266205 567.793457 2752.629883
310.265411 262.621796 2752.629883
310.271423 -42.549438 2752.629639
-54.616470 547.115540 2780.356934
-54.615669 241.943878 2780.356934
-54.621689 -63.227356 2780.356689
139.380325 325.331116 2745.450195
258.140625 99.283035 2716.260498
231.124146 -366.118469 2737.248779
214.125427 -814.446777 2743.458740
43.730911 87.132401 2732.553467
51.146187 -378.970032 2751.452148
73.629730 -826.259766 2772.255615
119.486725 787.723328 2781.390625
128.972961 560.677612 2766.907959
311.562927 570.593506 2754.792969
311.562134 265.421844 2754.792969
311.568146 -39.749390 2754.792725
-53.616997 550.761719 2779.022949
-53.616196 245.590057 2779.022949
-53.622215 -59.581177 2779.022705
140.256989 328.449768 2746.898926
258.843536 102.049164 2719.770264
232.003540 -363.447113 2739.666748
213.075455 -811.758911 2743.355713
44.238480 90.394623 2734.009521
50.803169 -375.759766 2754.166260
73.604431 -823.420898 2770.427002
117.763771 791.645020 2780.666260
126.746422 564.032654 2767.654785
309.119354 573.654114 2752.606689
309.118561 268.482452 2752.606689
309.124573 -36.688782 2752.606445
-55.626514 554.411133 2782.702881
-55.625713 249.239471 2782.702881
-55.631733 -55.931763 2782.702637
137.418579 331.707916 2748.449219
255.274567 105.037918 2720.399658
228.366211 -360.672974 2732.861328
207.478363 -808.740234 2743.893799
40.906887 93.728470 2738.087646
46.487137 -372.590576 2755.436035
68.917641 -820.359619 2772.574951
118.125938 792.651978 2781.809570
126.239822 565.034729 2767.316406
308.356842 574.059570 2749.226074
308.356049 268.887909 2749.226074
308.362061 -36.283325 2749.225830
-55.877182 556.009888 2785.406738
-55.876381 250.838226 2785.406738
-55.882401 -54.333008 2785.406494
135.721771 332.765686 2746.897949
252.234451 105.800583 2715.847900
232.395447 -359.975220 2735.012451
205.648682 -807.736023 2734.908447
38.172981 95.192734 2737.111084
46.819817 -371.259521 2746.134277
70.227890 -818.778992 2768.487305
117.574654 800.119934 2781.875244
125.552834 572.482544 2767.615967
307.452820 581.414001 2747.343750
307.452026 276.242340 2747.343750
307.458038 -28.928894 2747.343506
-56.347176 563.551147 2787.888184
-56.346375 258.379486 2787.888184
-56.352394 -46.791748 2787.887939
134.656891 340.214355 2746.973633
250.653549 113.194656 2714.418457
231.327454 -352.618164 2734.835449
208.684830 -800.673950 2738.062500
36.868332 102.697647 2738.244141
49.158783 -363.721558 2746.931152
71.654556 -811.246216 2770.916016
117.313225 803.458740 2791.407715
125.074928 576.578552 2772.282227
306.867676 585.490723 2750.940430
306.866882 280.319061 2750.940430
306.872894 -24.852173 2750.940186
-56.717827 567.666382 2793.624023
-56.717026 262.494720 2793.624023
-56.723045 -42.676514 2793.623779
133.541504 344.717529 2747.578125
248.834320 118.093536 2710.333008
231.053589 -347.742126 2732.288574
207.513550 -795.804199 2737.156250
35.181854 107.619476 2735.415039
49.494972 -358.720734 2746.339844
68.749046 -806.689087 2762.673096
117.336861 800.555054 2785.665283
124.927437 573.410278 2770.586670
306.661163 582.217102 2748.629150
306.660370 277.045441 2748.629150
306.666382 -28.125793 2748.628906
-56.806316 564.603394 2792.544189
-56.805515 259.431732 2792.544189
-56.811535 -45.739502 2792.543945
133.539703 341.264709 2748.756348
248.946411 114.294418 2714.022949
233.535095 -351.613403 2736.535156
210.611099 -799.630066 2746.537842
35.357540 103.943893 2739.829102
48.264179 -362.371765 2753.658447
71.249863 -809.946289 2775.248535
115.789764 800.031372 2782.794678
124.215942 573.588684 2769.979248
305.808228 582.587952 2746.937256
305.807434 277.416290 2746.937256
305.813446 -27.754944 2746.937256
-57.376362 564.589417 2793.021240
-57.375561 259.417755 2793.021240
-57.381580 -45.753479 2793.021240
133.213516 341.268280 2750.153320
248.926376 114.236404 2716.786377
233.563614 -351.811951 2736.305420
212.337479 -799.938354 2746.505615
35.495808 103.659317 2743.868408
41.326382 -362.703369 2759.443604
76.136185 -809.620850 2774.757812
117.719154 803.808289 2781.356934
125.841759 576.424194 2769.264404
307.513092 585.134521 2746.710205
307.512299 279.962860 2746.710205
307.518311 -25.208374 2746.710205
-55.829552 567.713806 2791.818604
-55.828751 262.542145 2791.818604
-55.834770 -42.629089 2791.818604
134.548523 344.060425 2749.657959
250.016220 116.815399 2716.797363
232.650848 -349.282837 2733.082275
214.874130 -797.568420 2743.108643
36.494362 106.577972 2743.305664
44.426430 -359.912384 2749.822754
76.703033 -807.089844 2766.425049
116.304863 801.444092 2780.644287
124.835487 573.910461 2768.697754
306.329132 583.135742 2744.963623
306.328339 277.964081 2744.963623
306.334351 -27.207153 2744.963623
-56.658165 564.685242 2792.431885
-56.657364 259.513580 2792.431885
-56.663383 -45.657654 2792.431885
134.110077 341.544861 2749.301270
250.044388 114.600723 2715.956787
230.320847 -351.503845 2728.913330
210.508713 -799.674133 2740.531250
36.724945 103.757767 2743.852783
40.660912 -362.789368 2752.597900
77.782074 -809.770020 2763.551025
117.427010 800.330872 2780.797119
126.453079 572.663757 2768.050049
308.192566 582.382935 2746.590088
308.191772 277.211273 2746.590088
308.197784 -27.959961 2746.590088
-55.286377 562.944580 2789.510010
-55.285576 257.772919 2789.510010
-55.291595 -47.398315 2789.510010
136.486176 340.399078 2747.825195
253.328964 113.846436 2714.988037
235.870682 -352.433502 2724.120361
212.374283 -800.055786 2743.990967
39.709579 102.422363 2740.212646
47.630547 -364.140656 2745.300049
78.456268 -811.212891 2765.333252
119.055595 796.791504 2781.870361
129.173660 569.935547 2767.277588
311.047546 580.340332 2747.314697
311.046753 275.168671 2747.314697
311.052765 -30.002563 2747.314697
-52.700207 559.530701 2787.240479
-52.699406 254.359039 2787.240479
-52.705425 -50.812195 2787.240479
140.150482 337.781830 2746.282227
258.008331 111.742691 2713.555420
236.400589 -354.285522 2725.680176
216.118484 -802.126343 2745.055908
44.246258 99.513565 2737.018311
46.100235 -366.940430 2748.837891
82.252029 -813.853760 2763.727783
119.600128 794.330933 2780.898193
130.711304 568.099365 2767.126709
312.696686 578.914856 2748.403564
312.695892 273.743195 2748.403564
312.701904 -31.428040 2748.403564
-51.274078 557.283936 2785.849854
-51.273277 252.112274 2785.849854
-51.279297 -53.058960 2785.849854
142.443237 335.902771 2747.029541
261.120697 110.061966 2715.929443
237.869659 -355.591553 2735.550781
210.720535 -803.242554 2747.808838
47.229660 97.350357 2737.935303
48.275612 -369.135437 2750.933350
78.411476 -816.496582 2766.898438
117.806511 800.129883 2780.916748
129.364944 573.628906 2767.598389
311.189484 584.737305 2747.520508
311.188690 279.565643 2747.520508
311.194702 -25.605591 2747.520508
-52.459610 562.520508 2787.676270
-52.458809 257.348846 2787.676270
-52.464828 -47.822388 2787.676270
141.335571 341.438110 2747.540527
260.158569 115.775360 2715.683594
237.190842 -349.779785 2738.486084
204.250275 -797.154785 2743.268066
46.453827 102.719269 2739.281738
40.750816 -363.645782 2754.452637
76.929932 -810.709412 2764.799316
118.470634 797.057434 2781.435791
130.563690 571.300781 2767.402100
312.646454 583.037659 2750.473145
312.645660 277.865997 2750.473145
312.651672 -27.305237 2750.473145
-51.519089 559.563904 2784.331055
-51.518288 254.392242 2784.331055
-51.524307 -50.778992 2784.331055
143.584717 339.237610 2746.562256
263.623688 114.072693 2715.772461
239.223282 -351.629547 2733.433594
212.038055 -799.303711 2743.971680
49.587799 100.276184 2735.672363
48.385384 -366.254669 2745.648438
79.334633 -813.355347 2765.062012
118.770767 798.561523 2780.668701
131.107803 572.465027 2767.703857
313.199463 584.470032 2750.875977
313.198669 279.298370 2750.875977
313.204681 -25.872864 2750.875977
-50.983822 560.459961 2784.531738
-50.983021 255.288300 2784.531738
-50.989040 -49.882935 2784.531738
144.596466 340.325500 2748.053223
265.085358 115.240341 2718.514160
237.831177 -350.486938 2725.937500
211.571472 -797.352783 2752.394531
51.084873 101.131638 2738.291016
47.615276 -365.465576 2746.100098
77.102203 -812.304688 2773.041260
119.246880 798.172485 2780.802734
131.254379 571.129028 2768.118896
313.112427 583.466675 2749.180420
313.111633 278.295013 2749.180420
313.117645 -26.876221 2749.180420
-50.603649 558.791382 2787.057373
-50.602848 253.619720 2787.057373
-50.608868 -51.551514 2787.057373
144.954651 339.000244 2748.453857
265.529968 114.122116 2717.658936
236.721939 -351.461243 2729.796875
209.327637 -798.830872 2742.717041
51.779858 99.620834 2739.918701
49.161858 -367.042175 2743.386963
74.662994 -814.185425 2770.395020
120.620285 798.644653 2781.391846
132.215851 571.049805 2767.996826
314.124786 583.356201 2749.432373
314.123993 278.184540 2749.432373
314.130005 -26.986694 2749.432373
-49.693119 558.743408 2786.561279
-49.692318 253.571747 2786.561279
-49.698338 -51.599487 2786.561279
145.867416 338.953247 2747.907959
266.415802 114.088379 2716.909912
236.593811 -351.367523 2732.443115
210.277496 -799.080811 2740.714600
52.622189 99.624939 2738.728271
47.034004 -366.998840 2744.500244
75.691566 -814.039856 2770.639893
120.779114 797.867432 2780.652832
132.573151 570.937622 2768.040527
314.548767 583.183716 2750.052979
314.547974 278.012054 2750.052979
314.553986 -27.159180 2750.052979
-49.402443 558.691528 2786.028076
-49.401642 253.519867 2786.028076
-49.407661 -51.651367 2786.028076
146.245758 338.809357 2748.326904
266.857605 113.877579 2718.042725
231.828690 -351.312988 2729.843994
211.519516 -799.066589 2747.028076
52.979111 99.484573 2739.183838
47.771915 -367.076721 2749.053711
76.979317 -814.359497 2769.887451
119.523163 799.625916 2780.800781
131.375946 571.753906 2768.112549
313.261841 583.939697 2749.191406
313.261047 278.768036 2749.191406
313.267059 -26.403198 2749.191406
-50.509956 559.568115 2787.033691
-50.509155 254.396454 2787.033691
-50.515175 -50.774780 2787.033691
144.835663 339.646088 2748.013428
265.184021 114.699463 2716.794922
230.189301 -350.575043 2718.855957
210.477020 -797.563477 2749.381836
51.406754 100.377014 2739.033691
40.619843 -365.780334 2756.671631
75.711067 -812.863525 2764.787842
120.054382 801.793701 2781.371826
131.291519 574.050415 2768.460938
312.911560 586.143250 2747.192627
312.910767 280.971588 2747.192627
312.916779 -24.199646 2747.192627
-50.328526 561.957520 2789.729248
-50.327724 256.785858 2789.729248
-50.333744 -48.385376 2789.729248
144.384399 341.927979 2748.285400
264.217468 116.912674 2715.610107
228.832397 -348.404480 2716.683838
212.920914 -795.618347 2748.198242
50.737110 102.698441 2740.609619
44.147648 -363.743652 2749.474609
75.934784 -810.763062 2767.887695
120.169464 798.791321 2782.176025
131.023697 571.887756 2768.516113
312.601135 584.083740 2746.872559
312.600342 278.912079 2746.872559
312.606354 -26.259155 2746.872559
-50.553776 559.691772 2790.159668
-50.552975 254.520111 2790.159668
-50.558994 -50.651123 2790.159668
144.143127 339.813812 2747.808594
263.965485 114.906784 2714.382324
232.903076 -350.354614 2728.227783
209.343384 -797.808594 2743.494385
50.559643 100.572983 2739.819824
46.553406 -365.985901 2747.834473
74.949783 -813.416870 2764.403809
119.636139 802.263916 2791.566650
129.548111 575.363647 2773.042480
310.362823 587.805908 2746.321777
310.362030 282.634247 2746.321777
310.368042 -22.536987 2746.321777
-51.266605 562.921387 2799.763184
-51.265804 257.749725 2799.763184
-51.271824 -47.421509 2799.763184
141.861298 343.656311 2748.471191
260.473419 119.263657 2708.191162
226.941498 -346.036560 2714.236816
208.602310 -792.954285 2744.098633
47.875568 104.634323 2739.608643
42.533493 -361.698914 2755.220947
72.991005 -809.135254 2769.492920
119.686462 800.349365 2785.745117
129.531677 572.645325 2770.820312
310.396973 584.404846 2743.879639
310.396179 279.233185 2743.879639
310.402191 -25.938049 2743.879639
-51.333603 560.885742 2797.760986
-51.332802 255.714081 2797.760986
-51.338821 -49.457153 2797.760986
141.272583 340.684326 2748.391602
259.281403 115.632706 2710.133789
230.960724 -350.038757 2718.394531
209.731506 -796.641357 2753.638428
46.745560 101.813980 2741.791992
46.483692 -364.580383 2757.275391
73.827553 -812.270630 2770.813477
117.590378 798.081360 2783.335938
128.309311 570.343201 2770.215820
308.894196 582.340820 2741.484863
308.893402 277.169159 2741.484863
308.899414 -28.002075 2741.484863
-52.275570 558.345520 2798.946777
-52.274769 253.173859 2798.946777
-52.280788 -51.997375 2798.946777
140.397614 338.252014 2749.276855
258.604218 113.211105 2711.454590
227.576660 -352.372131 2713.574707
212.776367 -798.675232 2755.771484
46.367588 99.110580 2745.221191
43.569290 -367.265625 2761.927002
77.231735 -814.604370 2770.189209
119.409874 799.644226 2784.656006
129.981110 572.612793 2770.349854
310.598175 584.342712 2741.618896
310.597382 279.171051 2741.618896
310.603394 -26.000183 2741.618896
-50.635937 560.882874 2799.080811
-50.635136 255.711212 2799.080811
-50.641155 -49.460022 2799.080811
141.584412 340.567993 2748.557373
259.322876 115.415985 2709.881836
229.003342 -350.254791 2713.768799
213.824615 -796.881958 2753.559326
47.052532 101.630402 2743.647949
45.561962 -364.815430 2759.123535
77.649384 -812.354736 2764.110352
120.332939 795.462036 2783.788086
130.455841 569.074097 2769.754883
311.326691 580.409058 2742.493652
311.325897 275.237396 2742.493652
311.331909 -29.933838 2742.493652
-50.415005 557.739075 2797.016113
-50.414204 252.567413 2797.016113
-50.420223 -52.603821 2797.016113
141.853882 336.933014 2748.855225
259.544006 111.453140 2711.935059
226.909164 -354.088623 2712.364990
214.974121 -800.433350 2756.539551
46.959820 98.130753 2743.976074
43.705257 -368.301208 2759.909668
77.446152 -815.742310 2765.434082
119.992783 797.054688 2792.358154
129.870911 571.513428 2773.447998
310.330658 583.369202 2743.845947
310.329865 278.197540 2743.845947
310.335876 -26.973694 2743.845947
-50.588814 559.657654 2803.050049
-50.588013 254.485992 2803.050049
-50.594032 -50.685242 2803.050049
141.170456 339.680847 2749.481689
258.526337 114.815918 2708.118164
227.596146 -350.851379 2705.960693
212.670517 -796.961792 2751.915527
46.413635 100.880615 2742.912598
43.544380 -365.546295 2759.305908
76.360641 -813.081116 2764.098145
118.972137 793.179077 2786.142090
129.709808 566.016602 2770.567139
310.338348 578.035278 2742.028076
310.337555 272.863617 2742.028076
310.343567 -32.307617 2742.028076
-50.918766 553.997986 2799.106201
-50.917965 248.826324 2799.106201
-50.923985 -56.344910 2799.106201
141.666306 334.021545 2748.541504
259.768280 109.089188 2709.745117
233.846161 -356.324341 2724.702148
210.489075 -803.205811 2748.300781
47.477345 94.963760 2743.286621
47.230247 -371.422852 2760.903809
76.137680 -819.229126 2764.568359
118.709839 788.458374 2783.031006
129.550369 561.666138 2768.684570
310.300598 573.792847 2740.936768
310.299805 268.621185 2740.936768
310.305817 -36.550049 2740.936768
-51.199856 549.539429 2796.432373
-51.199055 244.367767 2796.432373
-51.205074 -60.803467 2796.432373
141.925980 329.574402 2747.867676
260.520111 104.608963 2710.744629
235.611053 -360.536377 2735.237305
210.152481 -807.886902 2741.958496
48.083057 90.356339 2743.356934
54.243095 -375.776428 2764.800537
69.545486 -824.053589 2769.247803
119.564598 797.318420 2781.982666
130.134216 568.881165 2769.740479
310.631927 580.611267 2740.260010
310.631134 275.439606 2740.260010
310.637146 -29.731628 2740.260010
-50.363487 557.151001 2799.220947
-50.362686 251.979340 2799.220947
-50.368706 -53.191895 2799.220947
141.997467 336.666443 2749.977051
259.936493 111.345352 2712.888428
229.922882 -353.848145 2731.392334
210.222076 -801.480835 2746.824463
47.784927 97.558121 2747.538818
54.552254 -368.524841 2770.491943
68.193069 -816.950684 2775.973389
120.231125 797.801025 2781.957275
130.181183 569.707642 2770.485352
310.951874 581.032959 2742.563965
310.951080 275.861298 2742.563965
310.957092 -29.309937 2742.563965
-50.589527 558.382324 2798.406738
-50.588726 253.210663 2798.406738
-50.594746 -51.960571 2798.406738
141.738403 337.441223 2751.099121
259.529755 111.830383 2715.304199
232.942261 -353.795166 2729.390381
211.557739 -801.254822 2751.314941
47.061504 98.519226 2748.121582
49.878483 -367.684906 2769.332031
72.105637 -815.742126 2769.309814
121.311600 799.336914 2781.404541
131.012711 571.077332 2770.411377
311.787903 582.198547 2742.392578
311.787109 277.026886 2742.392578
311.793121 -28.144348 2742.392578
-49.762459 559.956116 2798.430176
-49.761658 254.784454 2798.430176
-49.767677 -50.386780 2798.430176
142.336090 338.776978 2751.264160
259.891937 113.011993 2715.651611
233.224747 -352.688660 2729.350342
212.826294 -800.409302 2749.541504
47.426994 99.941254 2748.582275
48.890690 -366.441803 2765.502686
74.416603 -814.316833 2771.514404
121.236374 799.882080 2781.163818
132.143646 571.022461 2770.356445
312.832367 582.068298 2741.739990
312.831573 276.896637 2741.739990
312.837585 -28.274597 2741.739990
-48.545090 559.976562 2798.972900
-48.544289 254.804901 2798.972900
-48.550308 -50.366333 2798.972900
143.349548 338.696594 2751.434814
260.739594 112.861984 2715.696289
234.046844 -352.938538 2726.498047
212.131012 -800.369995 2751.756348
48.371315 99.879501 2749.330078
45.420425 -366.232666 2771.729492
76.262421 -813.727173 2767.903564
120.998528 797.920715 2781.561035
131.725891 569.714172 2769.433594
312.469940 580.784119 2741.165039
312.469147 275.612457 2741.165039
312.475159 -29.558777 2741.165039
-49.018177 558.644226 2797.702148
-49.017376 253.472565 2797.702148
-49.023396 -51.698669 2797.702148
142.972443 337.401306 2750.368164
260.435974 111.593872 2714.690186
233.235199 -354.151825 2727.232422
212.085876 -801.978760 2744.503662
48.002033 98.583008 2747.915283
47.194904 -367.777802 2764.440918
75.215607 -815.560913 2761.872314
120.469292 798.902161 2781.749512
130.975433 570.669128 2770.158447
311.570618 582.158997 2741.121582
311.569824 276.987335 2741.121582
311.575836 -28.183899 2741.121582
-49.619751 559.179260 2799.195312
-49.618950 254.007599 2799.195312
-49.624969 -51.163635 2799.195312
142.676788 338.384735 2751.020020
260.509247 112.852615 2714.817383
231.449860 -352.831360 2725.549072
213.552795 -800.680115 2746.457275
48.247040 99.348038 2748.945801
48.168259 -367.021423 2766.301514
75.707352 -814.892212 2763.761963
121.301384 798.764832 2781.796143
131.224335 570.709167 2770.834229
311.793945 582.188843 2741.624756
311.793152 277.017181 2741.624756
311.799164 -28.154053 2741.624756
-49.345280 559.229492 2800.043701
-49.344479 254.057831 2800.043701
-49.350498 -51.113403 2800.043701
142.924408 338.410339 2751.866211
260.739166 112.857742 2715.732666
231.465149 -352.596924 2732.668701
212.204880 -800.675049 2743.191162
48.509792 99.365311 2750.063721
47.126266 -367.059082 2766.314941
75.835991 -814.865601 2761.915283
121.597084 799.754333 2780.349609
131.886307 571.470703 2769.822510
312.529572 582.827881 2741.020752
312.528778 277.656219 2741.020752
312.534790 -27.515015 2741.020752
-48.756939 560.113647 2798.624268
-48.756138 254.941986 2798.624268
-48.762157 -50.229248 2798.624268
143.540756 339.133667 2751.303223
261.353851 113.470825 2715.857910
232.479523 -352.154999 2728.263672
212.740768 -800.040283 2745.438721
49.036549 100.122375 2749.709961
47.450581 -366.398499 2762.953613
75.421547 -814.255249 2764.021973
122.082916 797.139771 2780.634521
132.672989 569.875610 2770.136475
313.146881 581.113770 2740.262939
313.146088 275.942108 2740.262939
313.152100 -29.229126 2740.262939
-47.800938 558.637451 2800.010010
-47.800137 253.465790 2800.010010
-47.806156 -51.705444 2800.010010
144.186554 337.481201 2752.268066
261.761017 111.691254 2716.843506
236.066223 -353.899231 2735.202881
210.288254 -801.657593 2741.633057
49.639248 98.482391 2751.955811
48.567806 -368.004333 2766.657959
75.007034 -815.974243 2768.432373
122.495026 796.681335 2780.287354
133.309540 569.269653 2769.292969
314.269775 580.486572 2742.705811
314.268982 275.314911 2742.705811
314.274994 -29.856323 2742.705811
-47.650688 558.052734 2795.880127
-47.649887 252.881073 2795.880127
-47.655907 -52.290161 2795.880127
145.032135 336.914429 2751.051270
263.116150 111.152100 2717.182617
234.577271 -354.481384 2726.207520
214.469818 -801.739868 2749.443359
50.393318 97.966370 2748.436523
50.421642 -368.641785 2755.092773
74.427658 -816.556091 2765.495605
121.978210 797.696594 2780.610840
132.802216 571.165405 2769.412842
313.965088 582.375854 2744.160400
313.964294 277.204193 2744.160400
313.970306 -27.967041 2744.160400
-48.360657 559.954895 2794.665283
-48.359856 254.783234 2794.665283
-48.365875 -50.388000 2794.665283
144.616364 338.825989 2751.023926
262.888367 113.074265 2717.795654
231.881439 -352.470642 2726.476807
214.900558 -799.951721 2752.009033
49.972664 99.898911 2747.474365
48.093777 -366.434570 2763.197510
73.467628 -814.336975 2763.818604
122.363983 798.117615 2780.775391
133.036804 570.692627 2769.774902
314.037262 582.082947 2743.412109
314.036469 276.911285 2743.412109
314.042480 -28.259949 2743.412109
-47.963654 559.302368 2796.137695
-47.962852 254.130707 2796.137695
-47.968872 -51.040527 2796.137695
144.954239 338.371399 2751.220215
263.236450 112.743637 2717.173584
228.394257 -352.551758 2725.872070
214.425400 -800.144897 2753.171631
50.506897 99.356674 2748.157471
49.887749 -367.046021 2763.816650
74.911682 -815.036987 2761.835693
123.151718 797.976135 2780.854980
133.482162 570.344238 2769.941895
314.207642 581.756104 2741.778076
314.206848 276.584442 2741.778076
314.212860 -28.586792 2741.778076
-47.243301 558.932373 2798.105713
-47.242500 253.760712 2798.105713
-47.248520 -51.410522 2798.105713
145.297241 337.999817 2751.613281
263.320709 112.361862 2716.733398
229.893494 -353.096680 2722.764648
210.863617 -800.435181 2751.749268
50.903908 98.948898 2749.835938
50.948254 -367.453857 2766.433594
75.293976 -815.517029 2763.236328
122.332291 796.669922 2769.895264
133.553177 568.806091 2766.418457
314.511597 579.571533 2739.507812
314.510803 274.399872 2739.507812
314.516815 -30.771362 2739.507812
-47.405251 558.040649 2793.329102
-47.404449 252.868988 2793.329102
-47.410469 -52.302246 2793.329102
145.488815 336.163727 2753.610840
263.767151 109.847839 2724.988770
233.031143 -355.456421 2741.125000
209.815338 -803.062988 2751.665771
51.081772 97.194885 2756.617676
47.989674 -369.291077 2770.257812
76.977890 -817.079102 2769.895996
123.018692 795.799561 2775.921143
133.659988 567.541138 2768.041992
314.551270 578.428772 2740.690674
314.550476 273.257111 2740.690674
314.556488 -31.914124 2740.690674
-47.231270 556.653564 2795.393311
-47.230469 251.481903 2795.393311
-47.236488 -53.689331 2795.393311
145.249969 335.059296 2752.150391
263.141022 108.975571 2720.185791
232.635056 -356.544617 2730.041748
207.574249 -804.333862 2736.076172
50.538872 96.179306 2752.331787
45.010918 -370.391174 2757.618652
75.728531 -817.999573 2763.757080
121.294281 796.894592 2777.936035
132.388458 568.479736 2769.530762
313.111023 579.865112 2741.277100
313.110229 274.693451 2741.277100
313.116241 -30.477783 2741.277100
-48.334122 557.094421 2797.784424
-48.333321 251.922760 2797.784424
-48.339340 -53.248474 2797.784424
144.398529 336.061127 2752.694580
262.613708 110.333313 2719.254639
232.640686 -355.165344 2732.901123
210.053925 -803.139526 2742.119141
50.203491 96.951660 2752.462158
47.638046 -369.550476 2763.458252
72.921875 -817.525391 2766.051514
120.750244 796.919067 2779.460938
131.680725 569.171692 2770.052979
312.390564 580.822632 2741.805420
312.389771 275.650970 2741.805420
312.395782 -29.520264 2741.805420
-49.029091 557.520752 2798.300537
-49.028290 252.349091 2798.300537
-49.034309 -52.822144 2798.300537
143.908630 336.808838 2752.438965
262.332733 111.292786 2718.224854
234.153030 -354.339294 2732.224121
208.778290 -802.232788 2741.179443
49.940331 97.599182 2751.425049
47.911938 -368.962372 2751.864258
69.222855 -815.811401 2777.834473
122.072380 794.440918 2782.205322
131.843124 566.929565 2770.331055
312.653320 578.330017 2742.623779
312.652527 273.158356 2742.623779
312.658539 -32.012878 2742.623779
-48.967052 555.529175 2798.038330
-48.966251 250.357513 2798.038330
-48.972271 -54.813721 2798.038330
143.587921 334.642029 2751.397217
261.589233 109.054153 2716.180664
232.740982 -356.606384 2728.232178
209.029724 -804.455872 2742.574707
49.076176 95.654800 2748.746094
49.300526 -370.989075 2749.135254
69.385048 -818.161133 2776.242188
121.592178 794.194397 2782.051025
131.460739 566.863037 2770.105225
312.244507 577.999146 2742.112793
312.243713 272.827484 2742.112793
312.249725 -32.343750 2742.112793
-49.322994 555.726929 2798.097656
-49.322193 250.555267 2798.097656
-49.328213 -54.615967 2798.097656
142.873474 334.535645 2751.386230
260.527069 108.752625 2716.216797
230.730988 -356.932098 2723.798828
212.199493 -804.844849 2742.634766
48.045330 95.663940 2749.117676
48.839142 -371.009125 2751.903320
67.547218 -818.111206 2783.253906
121.030769 794.307922 2781.490967
130.941193 566.580688 2770.015625
311.808228 577.756226 2742.582031
311.807434 272.584564 2742.582031
311.813446 -32.586670 2742.582031
-49.925858 555.405029 2797.449219
-49.925056 250.233368 2797.449219
-49.931076 -54.937866 2797.449219
142.466217 334.250977 2751.354736
260.281616 108.488861 2716.571777
230.712357 -356.961334 2732.121094
212.964172 -805.126709 2744.648193
47.700874 95.353729 2748.815918
49.275337 -371.229645 2757.586426
70.245918 -818.866516 2774.619141
119.804695 797.609070 2780.703125
130.526886 569.887451 2770.258057
311.471985 580.956665 2743.298828
311.471191 275.785004 2743.298828
311.477203 -29.386230 2743.298828
-50.418213 558.818237 2797.217285
-50.417412 253.646576 2797.217285
-50.423431 -51.524658 2797.217285
142.006378 337.529785 2751.901855
259.822052 111.677139 2717.702393
229.419907 -353.885437 2727.117676
213.067139 -801.664307 2749.361328
47.149689 98.667068 2749.388916
48.208672 -367.948181 2758.239258
72.642197 -815.624939 2773.400635
120.639145 797.872192 2782.334961
130.865524 570.339233 2770.609619
311.847656 581.626648 2743.989746
311.846863 276.454987 2743.989746
311.852875 -28.716248 2743.989746
-50.116600 559.051758 2797.229492
-50.115799 253.880096 2797.229492
-50.121819 -51.291138 2797.229492
142.483704 338.082886 2751.116455
260.459778 112.459854 2715.979736
233.389801 -353.375122 2722.925781
212.814087 -800.949524 2746.796631
47.743958 99.193253 2747.266846
50.723255 -367.374084 2758.308838
72.175064 -815.272156 2773.843018
120.557419 794.847839 2782.137451
130.578979 567.671082 2769.938477
311.348145 579.348633 2742.094971
311.347351 274.176971 2742.094971
311.353363 -30.994263 2742.094971
-50.190205 555.993469 2797.781982
-50.189404 250.821808 2797.781982
-50.195423 -54.349426 2797.781982
142.526932 335.457886 2750.117676
260.710083 110.107437 2713.933594
232.648041 -355.628723 2724.063232
212.376709 -803.507202 2741.888428
48.239704 96.381973 2746.660156
49.853447 -370.177917 2758.670410
73.522446 -818.120483 2769.698730
119.551575 796.428833 2781.530518
130.267410 568.417297 2770.238525
310.967316 580.293213 2742.018066
310.966522 275.121552 2742.018066
310.972534 -30.049683 2742.018066
-50.432487 556.541382 2798.458984
-50.431686 251.369720 2798.458984
-50.437706 -53.801514 2798.458984
142.451309 336.205566 2750.532959
260.826202 110.972870 2714.243164
232.048126 -354.435455 2732.249756
211.892395 -802.539795 2742.083496
48.444199 97.014801 2747.411621
48.701248 -369.439301 2762.872803
75.900620 -817.240356 2772.302490
119.376015 795.786377 2781.210449
130.268692 567.648071 2769.959717
311.005859 579.654297 2742.026367
311.005066 274.482635 2742.026367
311.011078 -30.688599 2742.026367
-50.468487 555.641785 2797.893066
-50.467686 250.470123 2797.893066
-50.473705 -54.701111 2797.893066
142.722366 335.411560 2750.718750
261.389404 110.230774 2715.062256
233.054626 -355.311859 2731.252686
209.206741 -803.065369 2747.094971
48.962681 96.119385 2747.893311
48.693871 -370.437958 2759.714600
74.963463 -818.093506 2775.584229
117.960678 796.639160 2781.076172
129.029694 568.652649 2769.824707
309.956421 580.544556 2743.118164
309.955627 275.372894 2743.118164
309.961639 -29.798340 2743.118164
-51.896996 556.760742 2796.531250
-51.896194 251.589081 2796.531250
-51.902214 -53.582153 2796.531250
141.403488 336.439240 2750.251953
260.104675 111.214478 2714.984375
229.077957 -354.312500 2723.770508
208.308838 -802.218140 2740.862061
47.449867 97.237183 2746.374023
48.383266 -369.277802 2760.003906
72.239365 -817.240051 2768.014404
119.800377 798.414917 2782.510742
129.704193 570.726746 2770.733154
310.448395 582.230896 2742.674805
310.447601 277.059235 2742.674805
310.453613 -28.112000 2742.674805
-51.040009 559.222656 2798.791504
-51.039207 254.050995 2798.791504
-51.045227 -51.120239 2798.791504
141.402298 338.503235 2750.875732
259.320282 113.040451 2714.529053
225.361511 -352.203186 2727.447754
210.709534 -800.473999 2739.798584
46.880508 99.518967 2747.507568
47.852776 -366.875244 2764.663330
74.459267 -814.745239 2771.761230
120.406357 792.357605 2782.225342
129.817108 564.879883 2769.821533
310.676910 575.544678 2742.168945
310.676117 270.373016 2742.168945
310.682129 -34.798218 2742.168945
-51.042690 554.215149 2797.474121
-51.041889 249.043488 2797.474121
-51.047909 -56.127747 2797.474121
140.437561 332.628113 2749.711182
257.343262 106.643646 2713.350342
227.644226 -358.720276 2731.177246
209.507446 -806.985962 2737.270752
44.772762 94.108978 2745.851318
43.616943 -372.387482 2759.777344
72.482651 -819.972412 2772.801270
