121.474503 793.160522 2754.660400
126.305969 565.835693 2752.489014
307.112335 571.139404 2724.790771
327.092194 266.819336 2735.734375
332.280853 -24.274231 2644.261230
-54.500397 560.532043 2780.187256
-66.600761 256.527466 2803.945312
-73.415619 -34.113617 2711.149658
131.587372 332.878845 2742.357666
243.221436 103.041672 2715.933838
231.649490 -364.742065 2726.312744
210.379761 -812.314514 2744.350830
30.516106 96.802292 2748.518799
49.378002 -370.661255 2757.803223
75.968346 -818.104492 2755.274414
122.487587 797.873291 2757.304688
127.441734 570.634644 2754.288330
308.228485 575.600708 2725.494873
324.123138 270.974426 2734.430176
329.694397 -22.769043 2651.886719
-53.345024 565.668518 2783.081787
-62.959503 261.244019 2802.133057
-69.548225 -32.138000 2718.387451
132.148254 337.624512 2743.651367
243.147690 107.534195 2716.085205
233.304153 -359.507812 2730.464355
209.503510 -807.269775 2743.064453
30.561869 101.694595 2749.943604
47.785995 -365.268372 2756.125977
75.740982 -812.774170 2762.406738
122.136795 801.686646 2759.126953
127.938034 574.403809 2756.092529
309.006439 579.997131 2728.810303
321.662872 275.174713 2736.072754
327.406677 -20.723724 2661.636230
-53.130375 568.810547 2783.374756
-60.779102 264.117157 2798.643066
-67.076500 -31.491821 2723.108887
133.479187 341.397522 2745.098389
245.456467 111.679062 2718.067139
234.631561 -355.103149 2729.035889
211.047882 -802.821045 2745.908447
32.584217 105.103378 2750.141357
50.481728 -361.529480 2749.476807
76.015205 -809.044067 2764.799072
122.174500 799.595276 2760.536377
128.466476 573.226990 2756.564697
309.743073 579.133484 2730.518799
319.829163 274.185455 2736.401123
325.588898 -23.464172 2669.309814
-52.810135 567.320496 2782.610596
-58.901299 262.454987 2794.842041
-64.865555 -34.962341 2726.745605
134.396851 340.241211 2745.004395
246.870499 110.726913 2718.135986
234.662323 -355.917480 2726.195068
214.121078 -803.516235 2749.301514
33.783943 103.783981 2748.752197
50.053482 -362.763428 2751.526123
74.325142 -810.573975 2763.550781
122.922867 800.896606 2761.240723
129.360535 574.082214 2756.871826
310.938690 580.182617 2732.996338
318.981995 275.154114 2737.748291
324.643188 -23.917603 2677.302002
-52.217644 567.981750 2780.747314
-57.072678 263.006134 2790.542969
-62.679924 -35.878815 2729.174805
135.592422 341.124939 2744.743408
248.543884 111.753098 2718.582520
234.949188 -354.684937 2730.409180
212.942047 -802.498779 2747.534668
35.104759 104.582260 2746.647461
48.882507 -361.847778 2756.169434
76.177322 -809.629272 2761.263672
122.273003 804.253418 2770.587402
127.992363 576.716431 2760.800537
309.290405 583.383545 2734.976807
315.708344 278.303497 2738.807861
321.189423 -21.922577 2684.365479
-53.305672 570.049316 2786.624268
-57.178173 265.003204 2794.467285
-62.418045 -35.072449 2739.178711
134.269409 344.022278 2744.792480
247.094772 115.246338 2713.607910
231.894852 -351.184143 2720.822510
209.718887 -798.766907 2743.367920
33.998138 107.409851 2743.960938
46.253296 -359.109711 2749.020264
75.743469 -806.602173 2761.696289
122.168297 801.614563 2765.264160
127.831070 573.986145 2758.172363
308.427429 580.551514 2728.032471
313.550934 275.438599 2731.115967
318.795929 -25.724091 2682.093262
-52.765274 567.420776 2788.312256
-55.855877 262.329498 2794.590820
-60.727898 -38.711945 2744.791504
133.990967 341.139771 2744.360840
246.308075 112.152649 2712.832764
232.272614 -354.209686 2724.245850
211.323700 -801.827148 2748.004639
33.993652 104.434143 2748.265869
49.405075 -361.990570 2753.593506
75.483955 -809.599731 2770.330811
122.485107 800.086426 2762.598877
127.771141 572.260498 2757.091797
308.207092 578.587952 2725.783936
312.298950 273.453918 2728.262695
317.271698 -28.468414 2684.128174
-52.664814 565.932983 2788.399658
-55.132458 260.812775 2793.425049
-59.643433 -41.011749 2748.578125
133.727692 339.336029 2744.345703
245.706299 110.129547 2713.203369
233.476410 -356.327362 2722.808105
208.777969 -803.429565 2751.686279
33.662167 102.693634 2749.995850
49.410614 -363.733856 2755.093262
74.800659 -811.543884 2767.964600
124.084785 800.791809 2762.264648
128.658432 572.528320 2757.409180
309.000000 578.565002 2725.407471
312.268982 273.417450 2727.397949
316.948517 -29.120911 2687.669922
-51.683128 566.491638 2789.410889
-53.654232 261.352997 2793.432861
-57.816078 -41.106384 2753.051758
134.295959 339.557861 2745.231934
245.906204 110.134705 2714.249756
233.778198 -356.296692 2725.387695
210.267654 -803.767212 2749.142334
33.960754 103.040100 2751.859619
49.013084 -363.427460 2755.438965
71.545532 -811.320068 2771.039551
124.004791 797.997070 2763.613281
128.580353 571.375122 2757.896729
308.969513 577.232056 2726.073242
311.581787 272.075897 2727.670654
315.958374 -30.961884 2691.913086
-51.808804 565.518127 2789.720215
-53.383736 260.367645 2792.938721
-57.211746 -42.606354 2756.583008
133.936539 338.411621 2745.381836
245.297043 108.889954 2714.166260
235.701324 -357.531982 2727.627441
210.285507 -805.196045 2744.035400
33.288395 102.006348 2751.567627
47.980404 -364.481232 2754.472168
72.016907 -812.403198 2767.072510
122.891159 799.372375 2763.271240
128.155685 572.791321 2758.419189
308.472931 578.779785 2726.188232
310.560944 273.618134 2727.469238
314.633362 -29.824493 2695.287842
-52.161575 566.802856 2790.650146
-53.420261 261.644745 2793.225586
-56.932007 -41.746338 2760.497070
133.679382 339.822205 2746.036133
245.167953 110.372284 2714.712402
235.265228 -356.053009 2728.145264
210.441864 -803.784180 2744.930176
33.238197 103.333893 2752.593750
48.965187 -363.086334 2749.751953
74.795128 -810.325317 2773.586182
122.672218 797.665222 2761.599121
127.666809 571.241577 2757.613037
307.894165 577.115479 2724.851318
309.563477 271.950317 2725.878174
313.336548 -31.820435 2696.916992
-52.560535 565.367737 2790.374756
-53.566605 260.204773 2792.435547
-56.780933 -43.524261 2762.974365
133.198303 338.220947 2746.264160
244.643250 108.652161 2715.662354
233.929871 -357.675903 2731.539551
211.170578 -805.632324 2745.175781
32.816349 101.748413 2754.168213
49.555046 -364.644470 2750.114014
71.316185 -812.231873 2772.583740
125.241165 794.565186 2762.760986
130.008087 567.397034 2756.817383
311.026764 572.798523 2729.122803
312.361450 267.631012 2729.945557
315.844360 -36.405701 2703.883301
-51.010571 561.995544 2784.511963
-51.814808 256.829468 2786.160889
-54.751160 -47.173492 2759.642334
135.058395 334.421814 2744.388184
246.529160 104.622116 2715.677490
237.753510 -361.661194 2733.794434
214.913147 -809.678345 2745.757568
33.688251 98.271042 2748.240479
49.372097 -368.175781 2745.395996
73.628777 -815.876709 2762.779541
123.996353 796.034424 2762.856934
130.249603 569.164917 2757.781006
311.646729 575.150085 2732.691406
312.714020 269.981110 2733.350342
315.919128 -34.271057 2709.897461
-51.147530 563.179688 2782.870605
-51.790462 258.011627 2784.189941
-54.468342 -46.213226 2760.321045
136.277710 336.190125 2745.787109
248.897736 106.732361 2719.050049
234.002350 -359.451843 2734.484863
215.646317 -807.198608 2756.098145
35.713898 99.698364 2748.536377
51.600616 -366.732544 2750.190186
75.451836 -814.584106 2764.992920
123.394218 800.063599 2760.901855
129.761551 572.155273 2757.880615
311.480957 578.304321 2735.186523
312.334442 273.134430 2735.714111
315.276093 -31.292297 2714.609863
-51.957878 566.006226 2780.574707
-52.471954 260.836914 2781.630371
-54.910549 -43.567657 2760.147217
136.260254 339.148499 2746.783691
249.543060 109.755096 2722.351074
230.409027 -356.358917 2734.983154
217.155838 -804.542358 2750.214111
35.974861 102.528351 2749.022461
46.307854 -363.832336 2759.722412
76.838028 -811.191162 2758.025879
124.308914 799.133057 2761.424072
131.443207 571.845215 2758.149658
313.232697 578.835083 2736.115723
313.915283 273.664612 2736.538086
316.608948 -30.903534 2717.547363
-50.346291 564.855347 2780.183594
-50.757320 259.685211 2781.028076
-52.975147 -44.865021 2761.692627
139.033813 338.880493 2746.871338
253.445801 110.023117 2722.645752
235.735138 -356.241516 2731.749756
217.483353 -804.372681 2744.100830
39.803047 101.808456 2748.540283
50.018414 -364.683044 2753.320068
81.143402 -811.936340 2763.169189
126.175247 801.441650 2771.182617
132.416382 575.681030 2761.526855
314.304749 583.041138 2740.361816
314.850677 277.870270 2740.699951
317.312256 -26.812531 2723.611328
-49.471985 568.320862 2782.691895
-49.800598 263.150208 2783.367432
-51.815300 -41.518066 2765.965332
139.932922 343.063049 2745.229492
254.334137 114.770203 2716.494629
231.047729 -351.265228 2718.254639
214.516449 -799.006775 2740.724365
40.564789 106.119995 2741.369629
47.944843 -360.352722 2736.017578
76.893265 -806.975769 2762.029541
124.007523 800.331055 2765.060303
131.981277 574.251465 2759.137939
313.922852 581.916382 2738.487549
314.359589 276.745361 2738.758301
316.605194 -28.030243 2723.381104
-49.960293 566.586548 2779.788330
-50.223080 261.415558 2780.328857
-52.051392 -43.348267 2764.666992
140.256485 341.469421 2745.644043
255.449738 113.191711 2720.014893
234.317703 -352.973389 2724.381836
212.633774 -800.340576 2750.468018
41.613651 104.183105 2744.285400
49.411877 -362.191132 2751.081787
73.917252 -809.314392 2776.693359
123.447792 799.915222 2772.497559
131.641693 574.505249 2761.903320
313.438110 583.006470 2740.323242
313.787537 277.835236 2740.539795
315.833008 -27.015594 2726.702637
-50.154709 566.004028 2783.483398
-50.364910 260.832886 2783.915771
-52.022640 -44.008392 2769.820312
140.475494 341.993225 2744.725586
256.145874 114.477142 2714.865723
233.703735 -351.651306 2714.133301
212.927231 -798.739746 2745.689453
42.472710 104.485260 2740.229980
49.866844 -362.030121 2745.997559
73.415070 -809.686157 2761.116699
123.984581 797.016968 2765.718506
131.800507 571.203430 2759.548096
313.843262 579.252319 2740.039307
314.122772 274.080933 2740.212646
315.983429 -30.830841 2727.761230
-50.242218 563.154541 2779.056885
-50.410400 257.983246 2779.402832
-51.912266 -46.920776 2766.717285
140.608261 338.465118 2745.713379
256.402039 110.457092 2720.413330
232.636719 -355.521667 2727.352539
214.066757 -802.853455 2757.393555
42.429970 100.996521 2743.343994
47.417164 -365.443573 2755.405518
73.916046 -813.129639 2767.658203
123.713356 799.946228 2762.825684
132.327667 573.142639 2758.915283
314.284729 581.466370 2738.673340
314.508270 276.294922 2738.812012
316.198700 -28.666260 2727.607422
-49.629379 564.818909 2779.157227
-49.763893 259.647522 2779.434082
-51.123642 -45.307281 2768.017334
141.611343 340.316406 2746.625977
257.822083 112.381607 2722.441406
235.567261 -353.734924 2723.889160
212.770874 -800.933960 2753.107910
43.967941 102.598709 2746.231934
48.604103 -363.971680 2753.973633
75.993805 -811.639771 2767.423340
123.692329 799.516785 2761.377930
132.977020 572.640381 2757.961426
314.874176 581.129944 2737.217529
315.052948 275.958435 2737.328613
316.587158 -29.042725 2727.245850
-48.920128 564.150757 2778.705322
-49.027683 258.979309 2778.926758
-50.257957 -46.016693 2768.651855
142.478790 339.791443 2745.983887
258.873840 111.931519 2721.816162
236.261642 -354.005524 2732.310791
212.580856 -801.658691 2746.340088
45.087273 101.953552 2746.196533
49.776649 -364.657043 2746.386963
75.278786 -812.228760 2765.490479
123.879669 801.505127 2771.161377
132.318527 575.120789 2761.809814
313.935150 583.618530 2738.829590
314.078094 278.447021 2738.918457
315.469208 -26.586517 2729.845215
-49.298088 566.622986 2784.790039
-49.384071 261.451477 2784.967285
-50.496639 -43.577850 2775.720215
141.158051 342.528351 2745.660156
256.734894 114.930130 2716.004883
232.900909 -350.773376 2732.973145
208.330811 -798.627991 2739.183838
43.260223 104.941727 2743.016113
48.027695 -361.712708 2744.604736
73.002731 -809.292725 2765.019287
123.229240 798.640381 2766.050293
132.192001 572.365967 2759.748291
314.036957 580.480286 2738.503418
314.151276 275.308746 2738.574463
315.411682 -29.750977 2730.409668
-49.652935 564.251587 2780.993164
-49.721619 259.080017 2781.134766
-50.727196 -45.976349 2772.812500
140.942810 339.617493 2745.753418
256.558899 111.637634 2719.273682
237.897293 -354.154877 2740.127930
208.759766 -801.779907 2748.391113
42.828335 102.100464 2744.243408
49.717113 -364.516113 2748.996338
71.305679 -812.189392 2771.232178
124.134796 799.547668 2762.992188
132.468979 572.388306 2759.280762
314.391998 580.333191 2738.581055
314.483337 275.161621 2738.637939
315.624512 -29.919342 2731.290527
-49.454060 564.443420 2779.980469
-49.508865 259.271820 2780.093750
-50.417385 -45.806396 2772.604004
141.233643 339.536255 2746.937988
256.904816 111.352982 2722.431152
236.148575 -354.608826 2735.991455
208.603607 -802.250183 2749.260254
43.091801 102.015396 2746.759277
56.975239 -364.404968 2752.245850
66.133392 -812.407959 2773.263184
123.834251 801.424500 2761.457275
132.566513 573.794678 2758.880371
314.522247 581.618164 2738.382324
314.595154 276.446564 2738.427734
315.627777 -28.651550 2731.815674
-49.389198 565.971191 2779.378418
-49.432835 260.799530 2779.469238
-50.253407 -44.296356 2772.728760
141.299500 340.882935 2747.505615
256.959991 112.568695 2724.084961
236.006531 -353.484985 2735.879639
206.436279 -801.077881 2747.776123
43.104973 103.373688 2748.176758
51.323875 -361.830994 2776.156006
76.955093 -836.801636 2716.294434
122.186989 803.308899 2761.196045
131.326782 575.666626 2759.406738
313.251373 583.668579 2738.682373
313.309540 278.496979 2738.718750
314.243500 -26.615051 2732.768555
-50.597801 567.664612 2780.131104
-50.632542 262.492950 2780.203613
-51.373444 -42.617310 2774.137207
140.285934 342.752594 2748.121094
256.155670 114.541077 2724.656494
233.675766 -351.540955 2731.608887
208.469727 -799.214600 2748.586426
42.334496 105.136108 2749.014404
48.302803 -360.821747 2764.292236
77.031715 -822.021240 2741.429199
121.948090 800.462158 2761.583984
131.348251 574.287720 2758.697754
313.300110 582.326111 2738.218018
313.346436 277.154449 2738.247070
314.190735 -27.968933 2732.892334
-50.603588 566.249329 2779.177490
-50.631184 261.077667 2779.235596
-51.299927 -44.044220 2773.776123
140.321747 341.391113 2747.009033
256.222504 113.218430 2723.285156
234.155502 -352.862732 2732.675537
211.880402 -800.881775 2741.311279
42.367977 103.770615 2747.355469
48.935688 -362.530518 2757.788086
75.314484 -817.111816 2752.615479
122.703247 804.363586 2771.261719
131.578751 578.202393 2762.289795
313.481720 587.057251 2741.722900
313.518585 281.885590 2741.746094
314.281464 -23.246887 2736.927246
-50.324219 569.347473 2782.856689
-50.346100 264.175812 2782.903076
-50.949524 -40.955505 2777.989502
141.067444 345.639709 2746.083984
257.455994 118.280853 2717.791504
233.770752 -347.782166 2723.109375
214.216187 -795.784241 2737.806885
43.656273 107.873260 2741.964844
47.770683 -358.637726 2745.716309
77.002449 -809.072388 2760.469971
123.869995 800.583801 2765.097168
132.307510 574.423096 2759.670166
314.259644 582.986084 2739.409668
314.288940 277.814423 2739.428223
314.978058 -27.325439 2735.091553
-49.644615 565.860107 2779.930664
-49.661968 260.688446 2779.967773
-50.206421 -44.450470 2775.545654
141.743210 341.683960 2746.042480
258.106506 113.976990 2720.508301
231.378632 -351.645660 2734.987549
215.074829 -799.837524 2749.202148
44.251289 103.912598 2744.321289
49.107716 -362.652893 2750.497070
74.603279 -811.654053 2770.269043
123.604797 800.311829 2762.512695
132.256470 573.865356 2759.281738
314.196198 582.204407 2738.811768
314.219421 277.032745 2738.826660
314.841766 -28.113098 2734.924072
-49.683235 565.526245 2779.751709
-49.696934 260.354584 2779.781494
-50.188053 -44.790497 2775.801758
141.530792 341.036499 2746.862549
257.725525 113.108292 2722.413818
231.443085 -352.709778 2730.582031
210.895416 -800.537476 2749.591553
43.884697 103.307022 2746.472900
48.524910 -363.128601 2759.294434
75.435310 -811.547729 2765.839844
122.270622 804.036194 2771.726807
131.273422 577.602417 2762.417480
312.891388 586.533569 2739.612305
312.909760 281.361908 2739.624268
313.471558 -23.788879 2736.112061
-50.344528 568.671265 2785.222656
-50.355297 263.499603 2785.246338
-50.798195 -41.650513 2781.664551
140.584198 345.090515 2745.508789
256.635742 117.827606 2715.197021
227.859879 -347.922791 2719.877441
212.721039 -795.992859 2738.415527
43.154205 107.329559 2742.003174
47.139900 -359.248566 2748.723145
73.378075 -807.192505 2763.433350
123.393547 802.864685 2776.834473
132.331787 576.835327 2764.178711
314.031006 585.837402 2741.999023
314.045532 280.665741 2742.008545
314.552460 -24.489014 2738.847656
-49.367435 567.833374 2786.358398
-49.375874 262.661713 2786.377441
-49.775280 -42.492462 2783.154053
141.523621 344.463501 2745.166992
257.490692 117.381653 2713.121338
234.337799 -348.336609 2728.392090
214.118835 -796.241821 2746.226074
43.940220 106.801636 2739.189209
49.356766 -359.806091 2745.801270
72.604538 -807.327148 2769.723633
124.740135 801.482910 2779.386475
132.999222 575.997559 2765.103760
314.831268 584.677917 2743.889893
314.842682 279.506256 2743.897461
315.299896 -25.651733 2741.052979
-48.832802 567.317139 2786.317627
-48.839352 262.145477 2786.332764
-49.199505 -43.011963 2783.431641
141.715210 343.706024 2744.761230
257.287598 116.515671 2711.951904
233.065826 -349.353394 2717.067383
216.120880 -795.944702 2753.123779
43.574776 106.313339 2736.885498
47.066776 -360.195679 2748.831543
72.446342 -807.638184 2772.123535
123.585938 803.622559 2780.658203
132.036011 578.162720 2766.092529
313.684692 587.300781 2743.555420
313.693665 282.129120 2743.561523
314.105865 -23.031464 2741.001465
-49.612690 569.024658 2788.629639
-49.617748 263.852997 2788.641846
-49.942490 -41.307159 2786.031006
141.191528 345.881287 2745.702637
257.097748 118.970093 2712.068115
230.549316 -346.663452 2724.758057
211.416885 -794.019043 2748.682129
43.596340 108.229614 2738.557373
46.629810 -358.306732 2750.681396
73.167274 -805.791199 2771.789307
124.475807 804.386353 2781.801514
131.921982 578.944458 2766.512695
313.482422 587.818726 2743.153076
313.489380 282.647064 2743.157959
313.860931 -22.515656 2740.854004
-49.638451 570.070190 2789.872314
-49.642326 264.898529 2789.882080
-49.934906 -40.263855 2787.532227
140.520676 346.728271 2745.126465
255.815765 119.727158 2710.012695
235.831909 -345.939270 2730.354736
206.781586 -793.139648 2745.365234
42.422966 109.296982 2737.467773
45.489101 -357.191284 2751.646484
72.932083 -804.579224 2773.729736
124.030884 803.203674 2780.869141
131.980682 577.076355 2766.034424
313.402954 585.877869 2741.597900
313.408325 280.706207 2741.601807
313.743073 -24.458191 2739.528320
-49.441605 568.274780 2790.470947
-49.444496 263.103119 2790.478760
-49.708008 -42.061035 2788.364014
140.402008 344.826111 2744.904053
255.439972 117.748306 2709.413086
234.453003 -347.947449 2730.262451
207.633240 -795.507202 2744.260742
42.206703 107.403458 2738.134277
45.684044 -359.137634 2750.578613
74.762436 -806.038330 2778.771973
124.068085 805.135864 2780.396484
131.814499 579.165894 2766.151611
313.120239 588.000854 2740.867676
313.124359 282.829193 2740.870850
313.425964 -22.336548 2739.004883
-49.491261 570.330872 2791.435547
-49.493423 265.159210 2791.441895
-49.730709 -40.006348 2789.538574
140.283203 346.855103 2745.702148
255.299393 119.736359 2710.394043
234.426773 -346.228882 2723.731201
210.686691 -793.072510 2752.800781
42.204418 109.352325 2740.111328
44.950184 -357.129272 2754.788574
74.959198 -804.269653 2777.531494
121.918167 805.928528 2780.668213
129.910385 579.584106 2766.800293
310.933197 588.651428 2739.687256
310.936340 283.479767 2739.689697
311.208008 -21.687103 2738.010254
-51.112446 570.516724 2793.913330
-51.114048 265.345062 2793.918213
-51.327705 -39.821625 2792.205322
138.448883 347.294495 2746.124023
253.373337 120.333725 2709.513672
234.120056 -345.659180 2725.582520
206.512955 -792.750977 2748.795166
40.601437 109.676071 2741.381836
42.015770 -356.627808 2760.617432
72.291183 -804.035278 2768.125732
120.195541 802.075928 2770.809082
128.934692 575.868835 2762.775146
310.424591 584.592834 2739.063232
310.426910 279.421173 2739.065186
310.671539 -25.746643 2737.553711
-52.555210 567.144836 2786.487061
-52.556301 261.973175 2786.490967
-52.748638 -43.194458 2784.949219
138.003052 343.285339 2746.612549
253.743179 115.829437 2716.513184
231.392654 -350.010071 2733.611084
212.485672 -797.636902 2755.843018
40.399647 105.574249 2744.386719
43.362888 -360.928436 2755.503906
74.922592 -807.925293 2774.148438
119.884689 804.711182 2775.876709
128.760941 578.573914 2765.034424
310.050812 587.974670 2739.987549
310.052460 282.803009 2739.989258
310.272736 -22.365448 2738.629150
-52.528912 569.173157 2790.081299
-52.529583 264.001495 2790.084473
-52.702713 -41.166870 2788.697021
138.203979 346.202454 2746.167969
254.178299 119.355148 2712.583252
230.952286 -346.570801 2725.906006
209.518875 -794.447510 2738.868408
41.115726 108.306808 2742.019775
47.081802 -358.235962 2743.719971
73.196434 -805.012878 2772.820312
119.561470 806.267151 2777.921387
128.302567 580.111084 2765.802734
309.576904 589.753174 2740.644043
309.578094 284.581512 2740.645264
309.776428 -20.587555 2739.421143
-52.971786 570.468994 2790.961426
-52.972149 265.297333 2790.963867
-53.128033 -39.871613 2789.715088
137.929291 347.795990 2746.130371
254.078506 121.146866 2711.674072
229.198135 -344.691772 2725.599854
210.782944 -792.690430 2741.513428
41.033524 109.814896 2741.241943
43.405628 -356.784180 2746.302246
70.802887 -803.604492 2775.813721
118.459671 803.869873 2779.429932
128.852814 577.367737 2766.173340
310.047180 587.981018 2740.802734
310.047974 282.809357 2740.803711
310.226562 -22.360199 2739.701904
-52.341537 566.754456 2791.543945
-52.341648 261.582794 2791.545898
-52.481998 -43.586609 2790.422119
139.641510 345.133087 2746.073975
256.910767 119.135422 2711.065430
237.989578 -346.995911 2723.512695
213.610931 -794.491943 2744.520508
43.949638 106.661423 2740.883789
48.571190 -359.963562 2746.120605
73.975960 -806.981079 2775.502930
120.305893 799.545532 2782.191406
129.745544 573.932617 2767.056152
310.889343 584.544556 2741.297363
310.889801 279.372894 2741.298096
311.050568 -25.797058 2740.306641
-51.398277 563.320740 2792.814941
-51.398167 258.149078 2792.816650
-51.524513 -47.020782 2791.805176
140.354568 341.768127 2746.016357
257.414276 115.839798 2709.839355
231.848633 -349.852234 2725.309326
213.559235 -797.748352 2744.280273
44.512932 103.367447 2740.113770
53.942619 -363.158508 2747.283203
66.380966 -810.717468 2774.331299
119.730042 803.247559 2781.564941
129.543213 577.033508 2767.156738
310.752258 587.776428 2741.903320
310.752411 282.604767 2741.904053
310.897095 -22.565491 2741.011719
-51.665833 566.290588 2792.410156
-51.665577 261.118927 2792.411377
-51.779316 -44.051239 2791.500977
140.381042 344.871216 2746.161621
257.709229 119.022171 2710.325928
232.980774 -346.491882 2731.580811
213.294205 -794.514038 2746.628174
44.728531 106.395645 2740.007080
50.233608 -359.951233 2755.044678
69.356018 -807.580444 2777.288818
119.571274 802.118408 2781.250488
128.970703 576.141663 2766.483887
309.640442 587.076660 2737.885498
309.640411 281.904999 2737.885986
309.770630 -23.265503 2737.082764
-51.699020 565.206665 2795.082275
-51.698620 260.035004 2795.083252
-51.800991 -45.135468 2794.263916
139.676712 343.983643 2745.349609
256.574341 118.252823 2707.406250
235.521790 -347.426636 2729.504639
208.487076 -795.138550 2740.715820
44.191086 105.398392 2741.024414
47.509674 -360.878235 2759.611084
69.227440 -808.733154 2773.796631
118.960701 802.341064 2780.593750
128.579422 576.307129 2766.188477
309.762085 586.977783 2741.055908
309.761841 281.806122 2741.056396
309.878967 -23.364624 2740.333496
-52.603249 565.636536 2791.321045
-52.602737 260.464874 2791.321777
-52.694813 -44.705811 2790.584473
139.423706 344.091248 2745.772705
256.753906 118.146774 2710.585938
232.235901 -346.559204 2744.045410
211.317566 -794.510010 2740.819580
43.782089 105.603928 2740.127930
45.000038 -360.898315 2748.417480
71.089447 -807.951599 2773.789551
117.552155 802.735352 2781.264648
127.389275 576.309265 2767.321289
308.370880 587.300049 2740.777100
308.370483 282.128387 2740.777344
308.475769 -23.042511 2740.126953
-53.592335 565.318542 2793.865479
-53.591717 260.146881 2793.866211
-53.674587 -45.023895 2793.202637
138.481461 344.112854 2746.806641
255.920197 118.374710 2710.694336
230.761810 -346.930054 2732.618652
212.092209 -794.474854 2748.341797
43.227085 105.458145 2741.889648
41.074596 -360.958069 2755.324707
73.984283 -807.970825 2771.267090
116.433937 803.425781 2781.097656
126.840591 577.213257 2767.409180
307.670502 588.394043 2739.844238
307.669983 283.222382 2739.844482
307.764618 -21.948700 2739.259033
-53.989304 566.032532 2794.974121
-53.988647 260.860870 2794.974609
-54.063316 -44.310028 2794.377441
138.154892 344.980469 2747.435059
255.730560 119.317810 2711.262939
228.105103 -346.208435 2724.031494
215.904053 -793.559326 2750.752930
43.207825 106.177490 2743.658936
44.863655 -360.140991 2760.959961
73.034927 -807.722046 2766.811279
116.845360 801.039307 2782.524414
127.021378 575.112061 2767.782715
307.836304 586.018860 2739.952393
307.835693 280.847198 2739.952637
307.920746 -24.323944 2739.425781
-53.793564 564.205322 2795.613037
-53.792835 259.033661 2795.613525
-53.860081 -46.137360 2795.075928
137.794708 342.945557 2746.790527
254.822708 117.188293 2709.444092
227.733383 -348.495789 2721.439209
211.335648 -796.181030 2742.849854
42.313370 104.369751 2742.152588
44.207088 -362.138519 2753.446289
75.768112 -809.502258 2764.176025
116.033676 798.166748 2781.234619
126.003555 572.079834 2766.593262
306.747559 582.924866 2738.255615
306.746918 277.753204 2738.255859
306.823395 -27.417969 2737.781738
-54.740433 561.234741 2794.930908
-54.739670 256.063080 2794.931152
-54.800240 -49.108032 2794.447510
136.616608 339.919250 2745.435547
253.445358 114.131882 2707.625000
232.130707 -351.197083 2732.314941
207.136124 -798.770203 2739.301025
41.013954 101.385483 2740.930664
44.073425 -365.124939 2753.430176
72.758308 -812.734680 2765.201904
116.640709 794.374817 2782.088623
127.453743 569.236328 2765.891846
308.551056 580.633179 2740.277100
308.550323 275.461517 2740.277344
308.619202 -29.709686 2739.850586
-53.643589 557.839478 2791.506592
-53.642788 252.667816 2791.506836
-53.697468 -52.503296 2791.071533
139.026886 337.148865 2744.450439
257.036499 111.759705 2707.954590
235.078918 -353.395569 2737.040527
213.670212 -801.391235 2739.074951
44.163555 98.363098 2738.063477
47.837296 -368.099579 2752.655762
74.725586 -815.903564 2762.818848
118.120552 803.574402 2791.506836
128.879227 577.851440 2770.647217
310.410126 589.228149 2748.471924
310.409363 284.056488 2748.471924
310.471527 -21.114716 2748.087891
-52.651672 566.474731 2792.822510
-52.650871 261.303070 2792.822754
-52.700310 -43.868073 2792.430908
140.282166 346.200836 2745.148193
258.377655 121.236725 2706.615967
230.100311 -342.918213 2744.237061
210.408447 -790.922241 2735.678467
44.992531 107.863678 2732.682373
43.654957 -358.578918 2747.873291
79.962318 -805.560547 2760.955811
117.898033 803.197815 2786.218506
129.118057 576.866821 2768.541016
310.510925 588.256104 2745.127197
310.510132 283.084442 2745.127197
310.566315 -22.086761 2744.781494
-52.274796 565.477539 2791.954834
-52.273994 260.305878 2791.955078
-52.318794 -44.865265 2791.602539
140.698364 344.966248 2745.451660
258.867523 119.758148 2708.604004
231.407990 -344.765686 2743.262207
208.673004 -792.786560 2739.809570
45.689819 106.373138 2736.120605
45.449036 -359.977936 2754.215820
74.152206 -807.364868 2771.269287
119.388313 802.969849 2783.572021
130.350372 576.870483 2768.052734
311.615021 588.440613 2743.671631
311.614227 283.268951 2743.671631
311.665039 -21.902283 2743.360596
-50.914272 565.300415 2792.433838
-50.913471 260.128754 2792.434082
-50.954124 -45.042419 2792.116699
142.224457 344.850342 2746.226318
260.616425 119.629181 2710.072754
235.582077 -345.640778 2733.674805
209.819122 -793.219421 2744.647949
47.580639 106.031158 2738.727051
45.680576 -360.504028 2747.609131
74.214218 -807.295715 2775.560303
118.984428 803.749817 2782.750000
129.917648 577.883667 2767.599609
311.099213 589.384888 2742.528076
311.098419 284.213226 2742.528076
311.144501 -20.957977 2742.248047
-51.263935 566.382446 2792.671143
-51.263134 261.210785 2792.671143
-51.300114 -43.960419 2792.385498
141.664368 345.823242 2746.033203
259.882477 120.521515 2709.733398
229.390259 -344.666382 2729.014404
209.661438 -792.620850 2741.870361
46.939709 107.004120 2739.200195
45.037651 -359.617279 2745.871094
72.713257 -806.385620 2776.466797
118.803108 800.217407 2781.341309
130.121414 574.628418 2766.932617
311.509369 585.812012 2743.255615
311.508575 280.640350 2743.255615
311.550415 -24.530884 2743.003662
-51.266575 563.444824 2790.609619
-51.265774 258.273163 2790.609619
-51.299553 -46.898041 2790.352539
141.684052 342.507874 2745.873047
259.843811 116.959686 2710.899170
230.312195 -347.951202 2737.411377
209.715088 -796.054688 2741.969971
46.649570 103.815033 2738.727783
42.106007 -362.757538 2748.055420
74.150040 -809.508057 2774.633789
119.759995 801.998352 2780.634766
130.539948 575.586792 2766.549805
312.156403 586.197021 2744.430908
312.155609 281.025360 2744.430908
312.193665 -24.145874 2744.204102
-51.076530 564.976562 2788.668701
-51.075729 259.804901 2788.668701
-51.106579 -45.366302 2788.437256
141.604874 343.392822 2746.021484
259.402100 117.434250 2712.494385
227.135300 -347.729553 2725.071289
208.958466 -795.066284 2748.158203
45.937531 104.963425 2738.491943
43.559528 -361.585205 2750.127686
72.081352 -808.731445 2774.441162
119.476318 804.834473 2790.781006
130.636749 579.153442 2771.018555
312.054871 590.526489 2747.679443
312.054077 285.354828 2747.679443
312.088776 -19.816406 2747.475342
-50.781368 567.780396 2794.357666
-50.780567 262.608734 2794.357666
-50.808815 -42.562469 2794.149414
141.972473 347.428406 2746.213867
259.922089 122.386948 2707.693359
232.602631 -342.528625 2732.845703
208.731689 -789.953613 2736.284180
46.694309 109.019760 2735.125000
45.805019 -357.546997 2746.811035
74.237335 -804.943848 2766.272217
117.858833 799.885254 2785.353271
129.232254 574.162109 2768.183350
310.412689 586.061768 2743.319580
310.411896 280.890106 2743.319580
310.443604 -24.281128 2743.135986
-51.948158 562.262390 2793.047119
-51.947357 257.090729 2793.047119
-51.973297 -48.080505 2792.859619
141.314789 342.270386 2745.245117
259.872559 117.371841 2707.695068
231.144745 -347.608643 2733.157471
209.266724 -795.369446 2742.277100
46.922058 103.385513 2736.918701
47.012939 -363.093201 2751.681641
72.226776 -810.653198 2772.196289
117.746010 796.813416 2782.643311
129.956985 571.453064 2766.387207
311.324554 583.517334 2743.007568
311.323761 278.345673 2743.007568
311.352814 -26.825562 2742.842285
-51.410568 559.388794 2789.766846
-51.409767 254.217133 2789.766846
-51.433613 -50.954102 2789.598145
142.558899 339.480530 2744.444580
261.745056 114.597809 2708.762451
232.083954 -350.648254 2728.607422
211.418564 -798.300537 2746.686523
48.576569 100.418182 2736.241455
46.358921 -365.700836 2758.518799
75.195984 -813.253967 2765.111084
118.733299 806.638550 2791.287598
130.238861 581.017700 2771.205811
311.729004 592.913757 2748.672852
311.728210 287.742096 2748.672852
311.754822 -17.429138 2748.524170
-51.251297 569.121643 2793.738770
-51.250496 263.949982 2793.738770
-51.272434 -41.221252 2793.586914
142.284027 349.371399 2745.926758
260.983246 124.715912 2707.406006
235.130768 -340.053192 2738.462891
205.013123 -787.221497 2738.665771
47.675125 110.734283 2733.889404
46.345772 -355.424652 2756.185791
71.478676 -803.322876 2761.918213
119.182289 805.263794 2785.109863
130.978470 579.538574 2768.815430
312.447235 591.665588 2746.200439
312.446442 286.493927 2746.200439
312.470947 -18.677307 2746.066406
-50.490314 567.411621 2791.430420
-50.489513 262.239960 2791.430420
-50.509830 -42.931274 2791.293701
143.627472 347.668091 2745.976562
262.918152 122.924103 2709.847900
233.602478 -341.971863 2736.765381
213.035767 -789.684326 2746.216553
49.634808 108.671051 2736.427490
47.717785 -357.528717 2758.219238
72.230049 -805.350769 2770.545166
117.997498 805.929077 2782.526367
130.429840 580.008789 2768.248291
312.099304 592.272339 2747.447021
312.098511 287.100677 2747.447021
312.121124 -18.070557 2747.326416
-51.239639 567.745178 2789.049561
-51.238838 262.573517 2789.049561
-51.257664 -42.597717 2788.926514
143.610199 348.042023 2746.601074
263.556580 123.282516 2712.729248
230.629852 -341.774719 2730.558838
214.613190 -789.396851 2751.007080
50.024551 108.868027 2737.178467
45.908211 -357.469116 2755.168213
71.838905 -805.118774 2771.591797
116.998520 806.915161 2791.233154
129.069885 581.063721 2771.510986
310.361755 593.894043 2748.056641
310.360962 288.722382 2748.056641
310.381836 -16.448853 2747.948242
-52.221977 568.233398 2794.965332
-52.221176 263.061737 2794.965332
-52.238655 -42.109497 2794.854736
142.091064 349.566101 2745.520996
261.660889 125.609131 2705.746582
228.134079 -339.581146 2720.768555
208.317047 -787.205933 2741.910156
48.563576 110.527832 2733.315430
41.698643 -355.776672 2751.499268
70.076103 -803.346863 2766.904053
116.855591 802.270386 2786.078369
128.831421 576.488342 2768.632324
310.100372 589.003113 2744.738770
310.099579 283.831451 2744.738770
310.118927 -21.339783 2744.641113
-52.437531 563.973572 2792.525879
-52.436729 258.801910 2792.525879
-52.452972 -46.369324 2792.426270
141.661438 344.752563 2744.590332
261.010925 120.370834 2706.507812
233.491730 -345.017334 2726.332275
207.368408 -792.478943 2745.229492
47.971977 105.662704 2734.588867
40.696381 -360.734436 2750.160156
72.338486 -807.750244 2772.515137
118.685287 804.633789 2793.007568
129.831375 579.300720 2771.917969
311.108582 591.600708 2747.924072
311.107788 286.429047 2747.924072
311.125732 -18.742188 2747.836182
-51.445847 567.000732 2795.911865
-51.445045 261.829071 2795.911865
-51.460217 -43.342163 2795.822266
141.983612 347.837341 2745.074463
260.663391 123.602036 2704.130859
234.449677 -341.754272 2727.199219
207.118744 -789.339111 2742.728027
47.608330 109.145859 2732.331055
37.149143 -357.306274 2737.639404
77.995789 -802.205811 2775.476074
118.390915 797.713562 2787.976562
130.455933 572.412231 2769.698975
312.005035 585.092590 2748.194336
312.004242 279.920929 2748.194336
312.020966 -25.250305 2748.115234
-51.093163 559.731934 2791.203613
-51.092361 254.560272 2791.203613
-51.106548 -50.610962 2791.123047
143.802155 340.701721 2745.742188
263.847717 116.443604 2709.146729
236.446625 -348.668457 2735.849365
213.734940 -796.643433 2747.024414
50.449020 101.538757 2734.424072
45.948658 -364.729034 2749.364746
79.106758 -811.122803 2774.461426
117.529953 794.185181 2785.455322
129.687714 568.986084 2768.111816
311.450256 581.669556 2748.487793
311.449463 276.497894 2748.487793
311.465057 -28.673340 2748.416504
-52.074810 556.302551 2787.735840
-52.074009 251.130890 2787.735840
-52.087341 -54.040344 2787.663330
143.392441 337.172180 2745.220703
263.913361 112.812012 2710.797119
231.760468 -352.262238 2731.546143
208.347641 -800.149414 2745.784424
50.280956 97.904602 2733.862061
41.776562 -368.496185 2744.046631
76.136169 -814.696838 2774.041748
117.507545 796.014832 2783.695557
129.689560 570.254822 2766.899414
311.706116 582.803894 2749.766602
311.705322 277.632233 2749.766602
311.719879 -27.539001 2749.702637
-52.326973 557.705750 2784.032227
-52.326172 252.534088 2784.032227
-52.338741 -52.637146 2783.966797
143.556183 338.402283 2744.393066
264.392822 113.924789 2711.817871
230.205505 -351.245911 2725.869629
212.154388 -798.837036 2750.099854
50.452782 99.174728 2731.955566
39.799973 -367.027161 2748.414795
77.620300 -813.516235 2768.175537
118.651703 797.807373 2792.803955
130.686707 572.864502 2770.251953
312.706665 585.351196 2752.965820
312.705872 280.179535 2752.965820
312.719513 -24.991699 2752.908203
-51.333229 560.377808 2787.538086
-51.332428 255.206146 2787.538086
-51.344322 -49.965088 2787.479248
144.104858 341.364319 2744.317383
264.483032 117.201660 2708.225098
233.185318 -347.880707 2729.509033
211.467575 -795.706909 2740.968994
50.562988 102.526611 2728.540527
40.406586 -363.781464 2743.914062
78.390457 -810.381958 2763.771973
116.784401 795.892334 2786.862061
129.352753 570.884644 2767.334717
311.397095 583.546997 2750.367188
311.396301 278.375336 2750.367188
311.409119 -26.795898 2750.315186
-52.691570 558.222290 2784.302246
-52.690769 253.050629 2784.302246
-52.701992 -52.120605 2784.249268
143.263443 339.167297 2743.658447
264.152588 114.890961 2710.011230
233.846558 -350.136993 2734.616455
210.253510 -798.041565 2744.455566
50.195660 100.008942 2729.953125
43.400082 -366.327454 2746.749512
75.526779 -813.297668 2768.946289
117.113457 794.435364 2784.387939
129.138519 568.876282 2766.221191
311.196991 581.083679 2749.041504
311.196198 275.912018 2749.041504
311.208282 -29.259216 2748.994873
-52.919952 556.668884 2783.400391
-52.919151 251.497223 2783.400391
-52.929810 -53.674011 2783.352783
142.531433 337.030518 2743.406250
262.913208 112.358582 2710.495605
234.475281 -352.928894 2732.794434
210.307068 -800.748779 2746.743652
48.935493 98.010925 2730.687012
40.072933 -368.423187 2743.214111
74.770782 -814.963379 2770.137451
118.478775 791.267578 2783.157471
129.823105 565.510986 2765.721191
312.160553 576.956055 2751.470459
312.159760 271.784393 2751.470459
312.171173 -33.386841 2751.428467
-52.514320 554.065857 2779.971924
-52.513519 248.894196 2779.971924
-52.523670 -56.277039 2779.928955
142.598724 333.619324 2742.946289
262.542297 108.454498 2711.795654
234.661087 -357.012360 2731.109619
209.478760 -804.798035 2745.786865
48.206367 95.000885 2728.547119
42.646927 -371.551788 2738.433350
75.463989 -817.991455 2769.425537
117.311562 791.687744 2782.032227
129.296051 566.050354 2765.339111
311.645599 577.809082 2751.330322
311.644806 272.637421 2751.330322
311.655640 -32.533813 2751.292480
-53.053505 554.291626 2779.347900
-53.052704 249.119965 2779.347900
-53.062382 -56.051270 2779.309326
142.533752 334.139832 2742.989014
262.925354 109.139099 2712.406982
234.700104 -356.335083 2731.422852
210.326141 -804.273865 2742.742432
48.617577 95.319519 2728.870850
45.627110 -371.243439 2739.915283
74.819679 -817.958008 2770.837158
118.721573 791.723083 2782.986816
130.222504 566.830933 2765.912109
312.637024 578.136047 2752.302490
312.636230 272.964386 2752.302490
312.646515 -32.206848 2752.268555
-52.192017 555.525818 2779.521729
-52.191216 250.354156 2779.521729
-52.200493 -54.817078 2779.487061
142.908966 334.912689 2743.304688
262.791718 109.637955 2712.699463
234.763763 -355.707764 2734.835693
208.240601 -803.559570 2745.227783
48.399139 96.350967 2728.695068
40.179337 -369.795776 2747.945557
76.161469 -816.415283 2770.325439
116.422157 792.106689 2783.965576
128.538605 566.926514 2766.025879
310.994843 578.718933 2753.417480
310.994049 273.547272 2753.417480
311.003845 -31.623962 2753.386963
-53.917633 555.134094 2778.634277
-53.916832 249.962433 2778.634277
-53.925743 -55.208801 2778.603027
141.921478 335.101746 2742.867188
262.528290 110.207047 2712.298828
235.098221 -355.274109 2732.322754
207.097351 -803.089661 2740.246338
48.080406 96.346939 2727.118164
40.249603 -369.960754 2743.654785
78.792465 -816.265625 2769.058350
117.457138 791.650024 2783.889160
128.792358 566.517029 2765.738281
311.256653 578.243591 2753.131592
311.255859 273.071930 2753.131592
311.265198 -32.099304 2753.104004
-53.671917 554.790527 2778.344971
-53.671116 249.618866 2778.344971
-53.679665 -55.552368 2778.316895
142.110901 334.661469 2742.836914
262.656342 109.697098 2712.527100
234.301361 -355.354736 2739.184082
208.209595 -803.273926 2738.250000
48.202526 95.914688 2727.343994
38.381138 -370.311646 2745.723877
78.440010 -816.536621 2770.986572
116.474304 793.922729 2781.909668
128.054138 567.921143 2765.424072
310.207642 579.969238 2749.486084
310.206848 274.797577 2749.486084
310.215759 -30.373657 2749.461182
-54.099365 555.873047 2781.362061
-54.098564 250.701385 2781.362061
-54.106804 -54.469849 2781.336670
141.496826 335.960815 2743.711426
262.002808 111.081894 2712.631104
232.179764 -354.224182 2731.300781
207.492203 -801.824097 2745.001465
47.876228 96.919052 2731.366455
40.378197 -369.361572 2749.838379
78.577393 -815.627014 2777.432373
115.130386 796.966553 2779.918457
127.461296 570.714355 2765.858643
309.396301 583.398926 2747.981445
309.395508 278.227264 2747.981445
309.404053 -26.943970 2747.959229
-54.473717 558.029724 2783.735840
-54.472916 252.858063 2783.735840
-54.480846 -52.313171 2783.713135
141.631714 338.682983 2745.433594
262.717346 114.105835 2714.502930
234.335831 -351.109009 2737.748047
209.370392 -798.941895 2743.512695
48.886917 99.197449 2735.514160
44.901382 -367.236145 2750.590332
77.421112 -814.088013 2775.381348
115.732841 790.015808 2779.926270
128.177826 564.380676 2764.665527
310.285828 577.205688 2748.716797
310.285034 272.034027 2748.716797
310.293274 -33.137207 2748.696777
-53.930183 551.555664 2780.614258
-53.929382 246.384003 2780.614258
-53.937057 -58.787231 2780.593750
142.731903 332.366821 2744.276611
264.303528 107.889709 2714.515137
233.181686 -357.375824 2732.729980
210.043076 -805.375000 2740.573975
50.268440 92.816223 2733.260254
46.384712 -373.756470 2739.639160
74.783775 -820.572876 2769.370850
116.717911 791.620483 2779.926514
130.005035 565.972778 2765.285889
312.046387 578.742188 2748.442383
312.045593 273.570526 2748.442383
312.053528 -31.600708 2748.424316
-52.036301 553.203430 2782.129395
-52.035500 248.031769 2782.129395
-52.042976 -57.139465 2782.110840
144.419449 333.926117 2745.154541
265.808563 109.383209 2715.125244
234.396729 -355.161652 2744.859131
207.976746 -802.781494 2737.614502
51.859146 94.375641 2734.921143
47.582577 -372.162567 2745.042725
75.344978 -819.282227 2770.887451
117.323097 790.655212 2780.435303
130.635422 565.069580 2765.403809
313.000336 577.746704 2753.185303
312.999542 272.575043 2753.185303
313.007233 -32.596191 2753.168945
-51.729477 552.392395 2777.622314
-51.728676 247.220734 2777.622314
-51.735989 -57.950500 2777.605713
145.364090 333.105652 2744.561523
267.293488 108.593842 2716.536865
235.412476 -356.186859 2743.159424
209.414886 -803.972656 2744.279541
52.892036 93.689667 2730.901611
48.233276 -372.889160 2740.448975
71.453285 -819.994263 2770.447021
115.808144 792.569763 2780.669434
129.527725 566.525269 2766.330566
311.914337 579.531128 2754.296143
311.913544 274.359467 2754.296143
311.921021 -30.811768 2754.281494
-52.858868 553.519409 2778.364990
-52.858067 248.347748 2778.364990
-52.865177 -56.823486 2778.350098
144.714630 334.562012 2745.805664
267.065948 110.240585 2718.209717
234.959213 -354.736450 2741.619629
206.450287 -802.478882 2743.620850
52.737110 94.956955 2732.351807
47.577198 -371.315125 2750.199707
70.346848 -818.749390 2775.381836
115.551659 794.042236 2780.805908
128.873016 568.238708 2766.659912
311.227966 581.290405 2753.977051
311.227173 276.118744 2753.977051
311.234497 -29.052490 2753.963867
-53.481941 555.187012 2779.342773
-53.481140 250.015350 2779.342773
-53.488144 -55.155884 2779.329346
144.041321 336.281128 2746.046875
266.365387 111.993011 2717.981201
235.787170 -353.201721 2739.522949
207.328842 -801.008850 2742.019775
52.053871 96.654083 2732.886475
49.643169 -369.838074 2743.996826
69.048920 -817.119873 2774.074707
115.853386 794.690979 2790.864258
128.387070 569.476624 2769.989502
310.873413 581.924072 2758.609375
310.872620 276.752411 2758.609375
310.879730 -28.418823 2758.597412
-54.099297 557.029236 2781.369629
-54.098495 251.857574 2781.369629
-54.105354 -53.313660 2781.357422
142.590790 337.989044 2744.555176
264.034698 113.816299 2712.433350
230.076141 -351.310120 2729.655518
207.208389 -799.375366 2736.215576
49.554352 99.186600 2725.808350
45.020428 -367.401245 2732.008301
70.710388 -814.128052 2765.167725
114.845383 792.586121 2785.388184
128.404633 567.034546 2767.457764
310.622406 580.593994 2753.548096
310.621613 275.422333 2753.548096
310.628601 -29.748901 2753.537354
-53.813137 553.475220 2781.367432
-53.812336 248.303558 2781.367432
-53.819031 -56.867676 2781.356445
143.885590 335.367065 2744.424805
266.458801 111.668640 2713.217041
233.516113 -353.546234 2730.674561
215.004669 -801.650024 2743.612549
52.274296 95.730469 2729.566650
50.871346 -370.491272 2746.943359
74.901657 -817.475342 2778.354004
114.533264 790.803528 2783.155029
128.627609 565.200073 2766.555420
310.652130 579.189514 2750.649658
310.651337 274.017853 2750.649658
310.658203 -31.153381 2750.640137
-53.396908 551.210632 2782.461182
-53.396107 246.038971 2782.461182
-53.402657 -59.132263 2782.451416
144.562088 333.401917 2745.036865
267.465607 109.824844 2714.171143
233.899200 -355.240173 2734.352783
211.463684 -803.292603 2741.977295
53.527508 93.382706 2732.865479
49.036674 -372.875122 2750.936768
74.379372 -820.193115 2775.337646
112.779221 790.783264 2783.554688
127.200134 565.847229 2766.360107
309.279114 579.992981 2751.094727
309.278320 274.821320 2751.094727
309.285004 -30.349915 2751.086182
-54.878826 551.701538 2781.625488
-54.878025 246.529877 2781.625488
-54.884464 -58.641357 2781.616699
143.327591 334.130371 2743.999512
266.450897 110.725998 2712.668457
229.370117 -354.050964 2733.269287
211.272552 -802.362183 2736.697998
52.459194 94.100998 2730.609375
47.046047 -372.210815 2748.338135
71.540863 -819.906250 2764.910400
114.084496 787.994263 2783.743896
127.608582 563.579895 2767.208984
309.459930 577.773926 2749.563477
309.459137 272.602264 2749.563477
309.465698 -32.568970 2749.555664
-54.242767 549.385803 2784.854492
-54.241966 244.214142 2784.854492
-54.248295 -60.957092 2784.846436
143.612518 331.770325 2745.674316
266.490295 108.302597 2713.769287
230.577545 -356.666626 2732.089111
212.470001 -804.673828 2746.439209
52.742607 91.618942 2734.510010
46.926159 -374.500793 2756.719482
71.603806 -822.389038 2766.614502
