98.573120 778.143433 2784.258301
118.717239 553.017944 2767.251953
298.844330 571.229919 2738.799072
298.843536 266.058258 2738.799072
298.849548 -39.112976 2738.799072
-61.409847 534.806030 2795.704834
-61.409046 229.634369 2795.704834
-61.415066 -75.536865 2795.704834
138.641479 321.559052 2745.235352
264.415375 100.802155 2706.498779
234.814178 -364.128693 2734.643311
210.047272 -812.065674 2741.182129
52.716053 79.398102 2739.938721
50.722687 -386.763977 2762.237061
75.839363 -834.764038 2760.563477
99.680260 779.067078 2784.098633
120.020691 554.472046 2767.083008
300.205872 572.770386 2739.023438
300.205078 267.598724 2739.023438
300.211090 -37.572510 2739.023438
-60.164490 536.173584 2795.142578
-60.163689 231.001923 2795.142578
-60.169708 -74.169312 2795.142578
140.082336 323.028381 2744.978027
266.030731 102.337891 2706.383545
234.767212 -362.638550 2731.749756
213.965668 -810.695557 2743.064453
54.257225 80.831604 2739.362549
51.896629 -385.524170 2756.910156
76.617348 -833.351440 2766.303955
99.987259 778.301575 2782.508545
119.875381 554.469666 2766.097900
299.706360 572.854980 2735.958496
299.705566 267.683319 2735.958496
299.711578 -37.487915 2735.958496
-59.955627 536.084351 2796.237305
-59.954826 230.912689 2796.237305
-59.960846 -74.258545 2796.237305
139.954224 322.961548 2744.678711
265.719788 102.258453 2705.546631
233.158798 -362.429657 2734.245850
210.308746 -810.501648 2740.781006
54.346352 80.648407 2740.972412
49.659088 -385.456757 2763.621338
75.290703 -833.365356 2767.140869
101.185387 778.954102 2782.221191
120.365799 555.035889 2765.167236
300.308441 573.401978 2735.650635
300.307648 268.230316 2735.650635
300.313660 -36.940918 2735.650635
-59.576862 536.669800 2794.683838
-59.576061 231.498138 2794.683838
-59.582081 -73.673096 2794.683838
140.402206 323.565735 2743.287598
266.182129 102.888443 2704.062500
232.892212 -361.939575 2729.447754
209.143219 -809.878052 2740.902832
54.695103 81.302750 2738.753418
48.002068 -384.988098 2756.473633
77.673134 -832.669739 2761.867920
99.370033 776.757385 2781.075684
119.330261 552.438171 2763.698486
299.396484 570.867859 2734.970215
299.395691 265.696198 2734.970215
299.401703 -39.475037 2734.970215
-60.735962 534.008484 2792.426758
-60.735161 228.836823 2792.426758
-60.741180 -76.334412 2792.426758
139.492218 320.998871 2741.598877
265.472534 100.389999 2702.616699
228.310120 -364.414551 2721.102539
211.244141 -811.614990 2749.014160
53.835815 78.729111 2736.381836
48.593460 -387.592407 2754.474609
73.966591 -835.560669 2759.845215
98.839371 778.493896 2781.000732
119.067383 553.973694 2763.958496
299.221771 572.508301 2735.844727
299.220978 267.336639 2735.844727
299.226990 -37.834595 2735.844727
-61.087025 535.439087 2792.072266
-61.086224 230.267426 2792.072266
-61.092243 -74.903809 2792.072266
139.422516 322.553925 2741.826172
265.648163 102.026291 2703.172363
230.892273 -362.775574 2726.154297
211.746857 -810.305420 2749.813965
53.907139 80.241989 2736.215332
50.293785 -386.009827 2756.552246
74.564072 -834.068359 2762.013672
98.923065 782.338013 2780.467285
120.120735 557.990601 2764.531494
300.409210 576.808350 2737.495117
300.408417 271.636688 2737.495117
300.414429 -33.534546 2737.495117
-60.167732 539.172852 2791.567871
-60.166931 234.001190 2791.567871
-60.172951 -71.170044 2791.567871
140.988617 326.594849 2742.630371
267.807739 106.257828 2704.840576
236.079926 -358.602722 2731.045654
209.634491 -806.106018 2745.652832
55.905258 84.140335 2736.617920
50.202072 -381.765198 2762.860596
77.455399 -829.668640 2767.343994
100.481003 780.721558 2770.697754
120.797745 555.591431 2759.961670
301.078461 573.503662 2732.270752
301.077667 268.332001 2732.270752
301.083679 -36.839233 2732.270752
-59.483006 537.679199 2787.652588
-59.482204 232.507538 2787.652588
-59.488224 -72.663696 2787.652588
141.098358 323.827637 2742.208008
267.345154 102.590363 2708.181152
232.756073 -362.155090 2733.071777
208.919922 -809.772400 2751.454102
55.452793 81.537262 2740.727539
49.431774 -384.716858 2758.354980
72.684158 -832.349548 2775.610352
100.535622 782.442505 2775.822266
120.641548 557.402954 2762.484131
300.942932 575.280212 2734.885254
300.942139 270.108551 2734.885254
300.948151 -35.062683 2734.885254
-59.659843 539.525696 2790.083008
-59.659042 234.354034 2790.083008
-59.665062 -70.817200 2790.083008
140.598358 325.753418 2742.808105
266.511383 104.609695 2706.913330
231.448822 -360.291504 2728.001953
206.448120 -807.981079 2744.769775
54.598946 83.598099 2739.350830
44.866276 -382.768799 2751.895508
74.812683 -829.985352 2770.912842
102.882240 781.862427 2778.381348
121.162666 557.185730 2762.702393
301.232574 574.248291 2733.208984
301.231781 269.076630 2733.208984
301.237793 -36.094604 2733.208984
-58.907249 540.123169 2792.195801
-58.906448 234.951508 2792.195801
-58.912468 -70.219727 2792.195801
139.648193 325.539673 2741.551758
263.961517 103.921371 2703.067627
228.215195 -360.796143 2727.034912
203.627792 -808.659546 2739.979980
52.305916 83.865891 2737.734619
46.470249 -382.496826 2753.301514
70.919662 -830.136047 2771.271729
103.733772 785.471924 2778.157227
121.666229 560.335510 2762.921143
301.875641 576.940613 2733.991943
301.874847 271.768951 2733.991943
301.880859 -33.402283 2733.991943
-58.543163 543.730469 2791.850342
-58.542362 238.558807 2791.850342
-58.548382 -66.612427 2791.850342
139.600769 328.646057 2741.653320
263.436218 106.714645 2703.385010
231.150574 -357.954041 2732.229736
212.080994 -806.072937 2745.446045
51.634380 87.198532 2737.385986
49.047390 -379.312073 2749.325439
75.610031 -826.724121 2770.644531
102.042236 785.309448 2779.543945
119.025238 560.385620 2762.834961
298.630829 576.944519 2730.503906
298.630035 271.772858 2730.503906
298.636047 -33.398376 2730.503906
-60.580372 543.826660 2795.166016
-60.579571 238.654999 2795.166016
-60.585590 -66.516235 2795.166016
136.401993 328.729187 2740.718994
259.344177 106.805496 2699.600098
229.449036 -357.987122 2729.316650
205.361664 -805.875549 2742.254395
48.213322 87.340042 2737.605957
45.941296 -378.946777 2756.036621
71.234360 -826.718628 2767.884277
99.825317 786.320801 2779.731689
117.517334 561.210815 2762.502197
296.913269 577.862427 2728.994385
296.912476 272.690765 2728.994385
296.918488 -32.480469 2728.994385
-61.878586 544.559265 2796.010010
-61.877785 239.387604 2796.010010
-61.883804 -65.783630 2796.010010
134.884766 329.551819 2740.362305
257.669800 107.677689 2698.532471
233.949570 -356.767090 2736.552490
208.118500 -804.654663 2746.268311
46.834595 88.107925 2737.912354
48.038155 -378.327209 2752.549072
73.417236 -825.944580 2770.020752
99.524231 790.521667 2780.346924
118.552162 566.030945 2763.031982
298.549988 583.531738 2733.647461
298.549194 278.360077 2733.647461
298.555206 -26.811157 2733.647461
-61.445656 548.530151 2792.416504
-61.444855 243.358490 2792.416504
-61.450874 -61.812744 2792.416504
137.396576 334.520142 2740.581543
262.042603 113.296234 2700.858887
237.952774 -351.046783 2740.613770
213.069855 -799.041748 2742.454834
50.439392 92.722443 2735.403320
53.322483 -373.666656 2751.981934
78.725647 -821.432007 2766.463135
101.140640 794.743164 2781.133301
119.615334 569.686401 2763.424805
299.892609 586.911133 2735.475098
299.891815 281.739471 2735.475098
299.897827 -23.431763 2735.475098
-60.661949 552.461670 2791.374512
-60.661148 247.290009 2791.374512
-60.667168 -57.881226 2791.374512
138.218475 338.175598 2740.740967
262.751495 116.785965 2701.634033
233.958435 -347.893921 2732.433594
210.687164 -795.627136 2746.631836
50.891731 96.543655 2734.480225
50.358391 -369.650391 2755.701904
74.907921 -817.523315 2769.208008
99.657402 792.641907 2780.537842
118.375046 567.794800 2762.648193
298.762573 585.286743 2735.480469
298.761780 280.115082 2735.480469
298.767792 -25.056152 2735.480469
-62.012466 550.302734 2789.815918
-62.011665 245.131073 2789.815918
-62.017685 -60.040161 2789.815918
137.332489 336.356689 2739.508789
262.289185 115.197266 2700.405029
233.868622 -350.085510 2716.740479
208.094971 -797.060852 2743.176514
50.290680 94.639954 2732.333740
47.051842 -371.639130 2751.731934
74.479744 -819.257690 2767.861572
99.595642 786.966370 2769.734619
119.220253 561.041382 2757.544434
299.497589 578.205872 2729.405762
299.496796 273.034210 2729.405762
299.502808 -32.137024 2729.405762
-61.057091 543.876953 2785.683105
-61.056290 238.705292 2785.683105
-61.062309 -66.465942 2785.683105
138.291260 329.284027 2738.355957
263.302032 107.613327 2702.631836
234.472412 -357.887634 2715.551270
207.402222 -804.285767 2750.239258
51.422493 87.439987 2735.703125
48.740734 -378.822083 2756.016357
73.767372 -826.677734 2769.231689
100.506256 789.890869 2774.843994
118.197609 564.774414 2759.970459
297.971375 581.260071 2728.555664
297.970581 276.088409 2728.555664
297.976593 -29.082825 2728.555664
-61.576134 548.288818 2791.385254
-61.575333 243.117157 2791.385254
-61.581352 -62.054077 2791.385254
135.786179 333.046570 2739.017578
259.036926 111.008133 2699.600586
226.709320 -354.269287 2714.443359
207.574341 -801.212524 2747.863037
47.712578 91.629288 2736.528809
44.676773 -374.861389 2746.142578
69.264320 -821.960571 2772.749512
100.862602 793.524170 2767.392578
117.121033 566.845337 2757.237061
296.625610 582.455322 2723.862061
296.624817 277.283661 2723.862061
296.630829 -27.887573 2723.862061
-62.383545 551.235352 2790.612061
-62.382744 246.063690 2790.612061
-62.388763 -59.107544 2790.612061
134.019257 334.801025 2739.591797
256.403748 111.929932 2702.333740
226.927460 -352.945435 2728.431641
207.680908 -800.534790 2750.510010
45.431206 93.583435 2741.559326
45.184868 -372.815796 2756.243896
71.375885 -820.296631 2773.144287
100.448593 786.658447 2763.159424
116.967545 559.748169 2754.471191
296.803772 575.043823 2722.732178
296.802979 269.872162 2722.732178
296.808990 -35.299072 2722.732178
-62.868664 544.452515 2786.210205
-62.867863 239.280853 2786.210205
-62.873882 -65.890381 2786.210205
133.805542 327.596619 2737.998047
256.323547 104.433517 2702.873535
232.061218 -361.076660 2722.736084
210.899765 -808.282654 2751.253418
44.963528 86.456650 2740.176270
48.323254 -380.082336 2748.208252
74.944656 -827.523071 2767.902588
101.077599 785.177002 2763.554199
118.414505 558.373413 2753.966309
298.354034 573.519104 2722.679688
298.353241 268.347443 2722.679688
298.359253 -36.823792 2722.679688
-61.525028 543.227722 2785.252930
-61.524227 238.056061 2785.252930
-61.530247 -67.115173 2785.252930
135.061005 326.209595 2737.315918
257.446411 102.945938 2702.280518
231.743210 -362.223206 2728.318604
210.994324 -809.986511 2742.440186
45.968609 85.145645 2739.050537
48.887241 -380.969666 2758.597656
76.359070 -828.545288 2762.160156
99.759277 787.703979 2761.732666
117.006447 560.735474 2753.342773
296.829803 576.061523 2721.451904
296.829010 270.889862 2721.451904
296.835022 -34.281372 2721.451904
-62.816917 545.409485 2785.233643
-62.816116 240.237823 2785.233643
-62.822136 -64.933411 2785.233643
133.992752 328.533630 2737.532227
256.653168 105.338165 2702.980957
229.872742 -359.630829 2732.229492
210.379791 -807.711609 2740.971680
45.304932 87.325348 2740.462402
46.718307 -378.811951 2761.803223
73.326347 -826.601929 2766.513184
101.184494 788.056458 2760.328125
118.108498 561.468933 2752.687256
298.161255 576.320190 2721.886719
298.160461 271.148529 2721.886719
298.166473 -34.022705 2721.886719
-61.944267 546.617676 2783.487793
-61.943466 241.446014 2783.487793
-61.949486 -63.725220 2783.487793
134.660065 329.195007 2737.446777
257.023743 105.648758 2704.105713
225.602722 -359.323364 2727.911621
210.116379 -807.400391 2743.500977
45.399529 88.193436 2740.306885
46.232307 -377.678467 2767.179932
75.522156 -825.224731 2760.830322
101.982712 785.556396 2760.654297
118.732918 558.668945 2752.192627
298.795105 573.775635 2721.550781
298.794312 268.603973 2721.550781
298.800323 -36.567261 2721.550781
-61.329277 543.562256 2782.834473
-61.328476 238.390594 2782.834473
-61.334496 -66.780640 2782.834473
135.471802 326.466675 2736.078125
258.026062 103.142014 2701.956543
224.869476 -361.861023 2723.419922
210.049011 -809.772461 2744.709961
46.395302 85.386826 2737.970703
45.040977 -380.558228 2764.196045
75.736938 -828.048950 2754.382568
101.227470 783.586670 2760.297852
118.588013 556.543457 2750.708252
299.043182 571.941223 2722.750244
299.042389 266.769562 2722.750244
299.048401 -38.401672 2722.750244
-61.867157 541.145691 2778.666260
-61.866356 235.974030 2778.666260
-61.872375 -69.197205 2778.666260
135.719543 324.452515 2733.460205
258.910034 101.411301 2699.780273
226.390961 -363.503235 2724.296143
210.275253 -811.443542 2745.253418
46.792099 83.311813 2732.644043
45.426041 -382.617859 2759.554688
75.483749 -830.217163 2749.723389
101.417671 782.154663 2760.617920
119.028984 555.635925 2750.156250
299.802490 571.085571 2724.382324
299.801697 265.913910 2724.382324
299.807709 -39.257324 2724.382324
-61.744530 540.186279 2775.930176
-61.743729 235.014618 2775.930176
-61.749748 -70.156616 2775.930176
136.314407 323.600433 2732.303223
259.836487 100.644379 2699.303467
222.546875 -363.882538 2724.262695
212.080109 -811.727905 2749.751953
47.363167 82.485504 2729.596924
49.228630 -382.773956 2765.248047
72.591911 -830.684143 2752.831299
100.313141 783.085938 2759.754395
117.710335 555.680054 2749.518799
298.453217 571.401611 2723.609863
298.452423 266.229950 2723.609863
298.458435 -38.941284 2723.609863
-63.032570 539.958496 2775.427734
-63.031769 234.786835 2775.427734
-63.037788 -70.384399 2775.427734
135.369232 323.652374 2731.913574
259.238647 100.863205 2699.083252
226.673706 -363.981812 2724.676270
205.686401 -811.692993 2742.080566
46.817619 82.386154 2729.533447
47.024017 -383.047363 2763.538330
72.414795 -830.973206 2756.699463
99.545158 785.473511 2760.337402
117.138947 557.565125 2749.508545
298.019531 573.147095 2724.460693
298.018738 267.975433 2724.460693
298.024750 -37.195801 2724.460693
-63.741653 541.983215 2774.556396
-63.740852 236.811554 2774.556396
-63.746872 -68.359680 2774.556396
134.708847 325.519775 2732.034912
258.574707 102.631271 2699.841797
227.985855 -362.402710 2724.768555
206.268890 -810.149048 2743.383301
45.982780 84.317551 2729.280762
41.609699 -381.595581 2753.985352
76.295563 -828.441895 2764.375000
99.703072 785.454590 2760.176758
117.312309 557.378601 2748.822510
298.193604 572.947021 2723.740967
298.192810 267.775360 2723.740967
298.198822 -37.395874 2723.740967
-63.568993 541.810181 2773.904053
-63.568192 236.638519 2773.904053
-63.574211 -68.532715 2773.904053
134.785324 325.366302 2730.819824
258.554718 102.502914 2698.077881
227.167221 -362.412415 2724.393311
208.364243 -810.374695 2742.198486
45.961967 84.205124 2727.556396
43.733517 -381.974976 2748.075928
75.060577 -829.024963 2765.384033
98.470360 789.415649 2760.546387
116.039787 561.580811 2749.109619
296.804535 577.266785 2723.269043
296.803741 272.095123 2723.269043
296.809753 -33.076111 2723.269043
-64.724953 545.894775 2774.950195
-64.724152 240.723114 2774.950195
-64.730171 -64.448120 2774.950195
133.631104 329.560272 2731.323486
257.452423 106.757950 2698.351562
224.275391 -357.852783 2727.609619
207.878998 -806.043579 2742.199219
44.992424 88.321548 2728.723145
44.629032 -377.811462 2751.243408
71.370056 -825.355957 2766.512939
97.859344 785.279236 2760.752686
115.665375 558.326843 2748.324219
296.331146 574.320190 2721.978760
296.330353 269.148529 2721.978760
296.336365 -36.022705 2721.978760
-65.000381 542.333557 2774.669678
-64.999580 237.161896 2774.669678
-65.005600 -68.009338 2774.669678
133.438232 326.411499 2729.415283
257.382721 103.894913 2695.023926
222.045197 -360.611145 2723.481689
213.370010 -808.892822 2740.345703
45.039455 85.097366 2725.988770
45.077068 -381.300781 2741.272949
73.339088 -828.492798 2763.505615
97.894005 787.111816 2770.340088
114.779419 561.602783 2751.743896
295.302368 577.822388 2724.575684
295.301575 272.650726 2724.575684
295.307587 -32.520508 2724.575684
-65.743530 545.383179 2778.912109
-65.742729 240.211517 2778.912109
-65.748749 -64.959717 2778.912109
131.934753 330.189056 2727.578857
255.178680 108.307175 2687.447754
218.478668 -356.160950 2714.862793
212.879089 -804.128662 2739.143555
43.001495 89.243515 2719.379883
42.163197 -377.112671 2736.867676
72.481720 -823.900269 2764.557861
99.121696 790.454041 2776.140137
114.592552 565.073669 2753.989014
294.987061 580.085571 2725.366699
294.986267 274.913910 2725.366699
294.992279 -30.257324 2725.366699
-65.801933 550.061768 2782.611328
-65.801132 244.890106 2782.611328
-65.807152 -60.281128 2782.611328
129.580963 333.797882 2727.154053
250.586761 111.344543 2683.497803
218.137299 -353.016479 2716.652100
206.499481 -800.970093 2739.313477
38.551987 93.699646 2717.140381
38.641514 -372.116516 2744.300537
68.957787 -819.348145 2762.404053
97.741974 792.214539 2777.534668
113.773392 566.645264 2753.998779
294.248779 582.079285 2726.094727
294.247986 276.907623 2726.094727
294.253998 -28.263611 2726.094727
-66.701996 551.211304 2781.902832
-66.701195 246.039642 2781.902832
-66.707214 -59.131592 2781.902832
129.283798 335.461670 2726.445312
250.852158 113.347961 2682.493652
220.608871 -351.318085 2713.694580
212.269821 -798.859009 2744.103271
38.736252 95.208130 2715.290039
41.908207 -370.282196 2747.727539
72.667130 -817.662415 2762.894043
97.239594 790.923340 2778.735352
113.891861 566.512573 2753.732422
294.434814 582.371948 2726.498535
294.434021 277.200287 2726.498535
294.440033 -27.970947 2726.498535
-66.651093 550.653198 2780.966309
-66.650291 245.481537 2780.966309
-66.656311 -59.689697 2780.966309
129.841370 335.498779 2724.938232
251.889618 113.804977 2680.139648
220.949921 -350.414001 2716.682617
212.302261 -798.412048 2739.182617
39.692142 95.164963 2712.148438
44.119556 -370.779602 2736.727051
73.584885 -817.189087 2767.738281
96.884079 794.082642 2781.338623
113.205566 569.426819 2755.113525
293.691010 585.141663 2727.404541
293.690216 279.970001 2727.404541
293.696228 -25.201233 2727.404541
-67.279892 553.711975 2782.822510
-67.279091 248.540314 2782.822510
-67.285110 -56.630920 2782.822510
128.697968 338.534607 2725.076172
250.255310 116.877472 2678.755371
219.528717 -348.005615 2703.630127
208.993912 -793.901184 2747.661377
38.125420 98.407318 2711.322266
42.280746 -366.892883 2745.518066
70.568047 -813.834595 2771.477539
93.544182 797.230652 2781.623047
110.311592 572.286072 2755.509521
290.333954 588.743835 2725.425049
290.333160 283.572174 2725.425049
290.339172 -21.599060 2725.425049
-69.710777 555.828308 2785.593994
-69.709976 250.656647 2785.593994
-69.715996 -54.514587 2785.593994
126.387482 341.434967 2725.417969
248.266464 120.256485 2677.645020
221.392441 -344.413818 2710.013184
207.928909 -791.417236 2741.145508
36.660286 100.911270 2713.007812
41.022297 -364.409119 2747.973633
71.191177 -811.324951 2773.866699
95.122284 800.904663 2780.775146
110.642593 575.984741 2755.303467
290.556488 591.728394 2724.174316
290.555695 286.556732 2724.174316
290.561707 -18.614502 2724.174316
-69.271301 560.241089 2786.432617
-69.270500 255.069427 2786.432617
-69.276520 -50.101807 2786.432617
125.643509 345.060089 2725.211426
246.371689 123.387238 2676.826172
220.105789 -341.396606 2709.226807
208.980011 -788.758423 2739.578369
34.917160 104.883575 2713.412598
37.814129 -360.263031 2751.130127
73.435860 -807.105713 2769.437744
97.210060 799.555176 2780.345215
111.682854 574.423950 2754.272461
291.836517 589.322205 2724.115234
291.835724 284.150543 2724.115234
291.841736 -21.020691 2724.115234
-68.470818 559.525635 2784.429688
-68.470016 254.353973 2784.429688
-68.476036 -50.817261 2784.429688
125.664680 343.496246 2723.713867
245.516373 121.323761 2675.433105
220.197464 -343.132202 2713.027344
214.236984 -790.860046 2740.614258
33.776649 103.813385 2710.877441
39.751213 -361.884705 2739.340332
73.478065 -808.271606 2768.096680
97.764603 798.296265 2770.141357
111.449226 571.723938 2749.443115
291.452911 585.232422 2717.805420
291.452118 280.060760 2717.805420
291.458130 -25.110474 2717.805420
-68.554451 558.215454 2781.080811
-68.553650 253.043793 2781.080811
-68.559669 -52.127441 2781.080811
124.146965 340.266205 2722.860352
242.630936 116.747253 2677.684570
220.597763 -348.434021 2706.718750
210.473724 -794.541992 2750.642578
31.058460 100.869690 2714.870605
39.734303 -364.798767 2744.024170
70.573257 -811.406189 2773.963135
95.364449 795.549255 2756.039062
109.569656 566.981812 2743.487793
289.167389 579.972046 2709.463867
289.166595 274.800385 2709.463867
289.172607 -30.370850 2709.463867
-70.028061 553.991455 2777.511719
-70.027260 248.819794 2777.511719
-70.033279 -56.351440 2777.511719
122.430595 334.986755 2722.799316
240.840744 110.626099 2682.114990
219.490219 -354.866669 2707.105225
208.737076 -801.246460 2750.148193
29.742317 95.357361 2722.106689
41.436306 -370.128357 2753.388916
71.856316 -817.258118 2773.660645
96.567642 792.779236 2758.493408
108.917023 565.223816 2742.966797
288.479980 577.309998 2708.378906
288.479187 272.138336 2708.378906
288.485199 -33.032898 2708.378906
-70.645920 553.137634 2777.554688
-70.645119 247.965973 2777.554688
-70.651138 -57.205261 2777.554688
120.227859 333.263916 2720.631836
237.057205 108.406342 2677.971680
217.690475 -357.020721 2706.090332
207.717575 -804.216370 2739.920898
26.020187 94.201691 2718.622070
40.227303 -371.468048 2745.886230
68.648682 -819.031372 2754.833008
97.327255 791.340576 2758.713623
108.641167 563.977600 2742.932373
288.539398 575.595886 2709.965088
288.538605 270.424225 2709.965088
288.544617 -34.747009 2709.965088
-71.257057 552.359314 2775.899658
-71.256256 247.187653 2775.899658
-71.262276 -57.983582 2775.899658
119.385109 332.039215 2719.820801
235.850204 106.928589 2677.335205
220.331345 -358.678467 2705.049561
209.705002 -805.247803 2746.524170
24.407890 93.273071 2716.083252
42.522305 -372.258698 2743.528564
71.090645 -819.663574 2759.737061
97.758095 793.520386 2759.331543
108.274963 566.487183 2742.124268
288.021118 578.103577 2708.305176
288.020325 272.931915 2708.305176
288.026337 -32.239319 2708.305176
-71.471176 554.870728 2775.943359
-71.470375 249.699066 2775.943359
-71.476395 -55.472168 2775.943359
118.696274 334.637512 2717.875000
234.745895 109.614288 2673.751709
219.876068 -354.950470 2713.992676
207.316391 -802.492798 2737.420898
23.489269 95.961456 2713.499756
43.074432 -369.519684 2741.104004
75.107292 -816.677979 2759.392578
98.041512 799.358215 2759.228027
108.049507 571.673401 2742.360840
287.801788 583.270081 2708.540527
287.800995 278.098419 2708.540527
287.807007 -27.072815 2708.540527
-71.702782 560.076721 2776.181152
-71.701981 254.905060 2776.181152
-71.708000 -50.266174 2776.181152
118.393463 339.839081 2717.843750
234.369873 114.819626 2673.451904
219.752808 -350.243713 2708.450439
209.381287 -797.077026 2744.201416
23.104956 101.189926 2713.201416
41.977249 -364.353821 2740.424072
75.121063 -811.182922 2764.311279
97.673149 798.003052 2760.094238
108.823990 570.756226 2742.077881
288.662781 582.731140 2708.848145
288.661987 277.559479 2708.848145
288.667999 -27.611755 2708.848145
-71.014801 558.781311 2775.307617
-71.014000 253.609650 2775.307617
-71.020020 -51.561584 2775.307617
119.577652 339.023071 2716.767090
236.016785 114.327164 2671.928223
221.812805 -351.005188 2704.130859
211.295578 -797.537964 2745.288330
24.645847 100.252640 2710.984375
44.337326 -364.718445 2745.530762
75.002037 -812.067566 2759.909668
99.530396 798.463440 2770.504395
108.966728 572.468140 2744.820068
288.904846 584.461243 2712.133301
288.904053 279.289581 2712.133301
288.910065 -25.881653 2712.133301
-70.971382 560.474976 2777.506836
-70.970581 255.303314 2777.506836
-70.976601 -49.867920 2777.506836
118.787033 341.411438 2714.102539
234.351227 117.402756 2664.176025
218.944977 -347.755310 2698.675293
208.353455 -794.411987 2739.738770
22.863441 103.306747 2702.593994
45.203976 -361.756409 2734.407227
71.513107 -808.871582 2759.062256
100.797630 801.138306 2775.711182
109.502823 575.411255 2746.081543
289.244904 586.821289 2712.152588
289.244110 281.649628 2712.152588
289.250122 -23.521606 2712.152588
-70.239258 564.001221 2780.010498
-70.238457 258.829559 2780.010498
-70.244476 -46.341675 2780.010498
117.780060 344.705627 2712.346191
231.688828 120.705490 2658.671387
216.718857 -343.817444 2700.602051
207.565842 -790.708862 2740.000000
20.425762 107.294479 2698.550293
47.317295 -357.000305 2736.785156
67.777489 -804.243286 2765.320801
99.708076 800.490845 2777.824951
108.258965 575.965332 2746.603027
287.913727 587.794678 2712.343506
287.912933 282.623016 2712.343506
287.918945 -22.548218 2712.343506
-71.395805 564.135864 2780.862549
-71.395004 258.964203 2780.862549
-71.401024 -46.207031 2780.862549
116.665024 345.505005 2711.108398
230.647629 121.996429 2655.480713
218.404648 -342.301636 2700.864258
208.184128 -789.160156 2740.716553
19.494528 108.092987 2695.746826
41.726910 -356.583771 2732.549561
72.547852 -802.508057 2769.372803
98.451035 803.681152 2778.380127
107.052292 578.671082 2746.271729
286.685669 591.233093 2712.157959
286.684875 286.061432 2712.157959
286.690887 -19.109802 2712.157959
-72.581100 566.109070 2780.385498
-72.580299 260.937408 2780.385498
-72.586319 -44.233826 2780.385498
116.284950 348.336487 2710.069824
231.082718 125.384201 2653.820312
221.815887 -338.799011 2701.213623
210.917557 -785.291443 2744.816406
19.952488 110.619553 2693.915527
40.044567 -354.144470 2731.228516
73.231026 -800.039795 2767.972900
99.745110 806.850037 2778.657959
108.057770 581.357849 2746.151123
287.563477 594.065674 2711.421143
287.562683 288.894012 2711.421143
287.568695 -16.277222 2711.421143
-71.447937 568.650024 2780.881104
-71.447136 263.478363 2780.881104
-71.453156 -41.692871 2780.881104
117.266174 351.085144 2709.487793
231.964569 128.280441 2652.414551
222.447983 -336.003052 2698.980713
210.130875 -782.433838 2742.979736
20.984591 113.344406 2693.234375
37.822960 -350.747559 2738.802979
73.446228 -796.981323 2768.683594
101.923706 806.081543 2770.288330
110.172035 579.581604 2742.377930
290.207977 591.071289 2710.167969
290.207184 285.899628 2710.167969
290.213196 -19.271606 2710.167969
-69.863899 568.091980 2774.587891
-69.863098 262.920319 2774.587891
-69.869118 -42.250916 2774.587891
119.006958 348.759399 2709.422852
233.655731 124.690079 2657.536865
223.030579 -339.432312 2705.527344
211.290009 -786.088379 2747.384277
22.028021 111.184280 2695.398682
32.715981 -353.775513 2732.532227
76.626511 -798.475708 2771.366211
102.532822 799.446777 2764.611816
111.492737 573.135437 2738.708008
291.791046 585.369995 2708.281006
291.790253 280.198334 2708.281006
291.796265 -24.972900 2708.281006
-68.805573 560.900940 2769.135010
-68.804771 255.729279 2769.135010
-68.810791 -49.441956 2769.135010
121.869560 342.151733 2707.319336
238.201706 118.357834 2658.049805
225.026245 -346.751770 2691.348145
213.166962 -791.643677 2747.274658
26.291046 103.978195 2693.811523
37.204445 -361.222839 2728.803711
78.455444 -805.875366 2771.896484
100.899605 799.848755 2761.770752
111.231766 573.158569 2736.535889
291.698517 586.355835 2707.525146
291.697723 281.184174 2707.525146
291.703735 -23.987061 2707.525146
-69.234985 559.961304 2765.546631
-69.234184 254.789642 2765.546631
-69.240204 -50.381592 2765.546631
123.209740 342.137024 2705.952637
241.241180 118.871033 2658.320801
223.821976 -346.382843 2688.889404
214.768372 -789.997314 2754.614258
29.134243 103.359924 2692.417969
35.442017 -362.040253 2726.147461
77.882217 -805.716492 2777.352051
100.420227 799.240601 2760.329590
111.631195 573.317017 2735.245361
292.225861 586.247314 2706.865479
292.225067 281.075653 2706.865479
292.231079 -24.095581 2706.865479
-68.963486 560.386719 2763.625244
-68.962685 255.215057 2763.625244
-68.968704 -49.956177 2763.625244
123.463074 342.202576 2705.237549
241.420563 118.686539 2658.552490
221.848572 -345.176514 2703.363281
208.739624 -791.119263 2742.619385
29.169348 103.489700 2691.906982
37.203831 -360.612305 2738.591797
72.258972 -806.324707 2770.531006
100.180687 798.009399 2750.633789
111.514870 572.108948 2731.410645
292.403168 584.705444 2704.834473
292.402374 279.533783 2704.834473
292.408386 -25.637451 2704.834473
-69.373451 559.512451 2757.986816
-69.372650 254.340790 2757.986816
-69.378670 -50.830444 2757.986816
123.834534 340.555237 2705.511475
242.459503 116.404312 2663.993896
220.006058 -347.622253 2707.166992
215.236023 -793.348022 2753.786621
29.848907 101.598770 2695.230713
40.129192 -362.619812 2741.352783
73.319283 -808.629517 2774.884766
100.227280 791.345764 2746.270508
111.603111 565.005005 2728.586182
292.451447 577.270264 2701.541992
292.450653 272.098602 2701.541992
292.456665 -33.072632 2701.541992
-69.245201 552.739685 2755.630371
-69.244400 247.568024 2755.630371
-69.250420 -57.603210 2755.630371
123.672424 333.258270 2704.191406
242.017380 108.719269 2663.904053
219.804504 -354.724152 2713.406738
211.749588 -801.854736 2741.527344
29.466106 94.303864 2695.689209
39.172112 -369.807648 2743.530029
73.465286 -816.342651 2768.799072
98.623383 792.315247 2744.083008
110.955261 565.080017 2727.393555
291.757477 577.250122 2699.975098
291.756683 272.078461 2699.975098
291.762695 -33.092773 2699.975098
-69.846939 552.909912 2754.812012
-69.846138 247.738251 2754.812012
-69.852158 -57.432983 2754.812012
123.003670 333.224670 2703.929932
241.302200 108.521225 2664.353516
218.439194 -355.628357 2706.395752
210.370377 -802.155701 2745.411865
28.801945 94.217453 2696.579102
40.173717 -369.246826 2749.953613
72.939934 -816.354126 2764.338379
99.300377 791.572754 2742.989990
110.727058 564.845703 2727.033936
291.623444 576.859009 2700.164062
291.622650 271.687347 2700.164062
291.628662 -33.483887 2700.164062
-70.169350 552.832397 2753.903809
-70.168549 247.660736 2753.903809
-70.174568 -57.510498 2753.903809
122.789520 332.889832 2704.536377
241.158875 107.993774 2666.248291
219.228195 -356.032593 2710.682373
210.651337 -803.213013 2744.043701
28.545107 93.874146 2697.829346
38.951370 -369.911835 2748.778076
74.761398 -816.871216 2763.949463
98.952621 795.053284 2751.954590
110.715813 568.765137 2730.495850
291.511627 581.155273 2703.121094
291.510834 275.983612 2703.121094
291.516846 -29.187622 2703.121094
-70.079979 556.375000 2757.870605
-70.079178 251.203339 2757.870605
-70.085197 -53.967896 2757.870605
122.586517 337.238281 2704.103516
240.705490 112.992737 2661.623779
220.904800 -351.588715 2700.982422
209.210999 -798.501221 2738.243896
28.208971 98.430115 2693.798584
41.347931 -365.114380 2746.375000
72.218964 -812.567139 2758.341064
99.846497 791.466248 2745.437988
111.243797 564.978638 2727.318848
292.320740 576.641174 2701.582520
292.319946 271.469513 2701.582520
292.325958 -33.701721 2701.582520
-69.833153 553.316101 2753.055176
-69.832352 248.144440 2753.055176
-69.838371 -57.026794 2753.055176
122.738144 333.182312 2703.151367
240.650650 108.240005 2663.858643
221.872635 -355.464111 2712.329834
207.159714 -802.718262 2744.640381
27.814320 94.531937 2694.109131
35.032558 -368.864075 2748.856445
74.169510 -815.510254 2764.653320
98.621971 799.182861 2752.192139
108.587082 572.719177 2731.489258
289.288177 584.549805 2703.374268
289.287384 279.378143 2703.374268
289.293396 -25.793091 2703.374268
-72.114014 560.888550 2759.604248
-72.113213 255.716888 2759.604248
-72.119232 -49.454346 2759.604248
119.519302 341.230408 2704.343262
236.650604 116.694580 2660.673828
215.696930 -347.552185 2702.765869
204.797211 -794.595764 2739.505859
24.252441 102.788696 2693.720703
31.588367 -361.247192 2742.660889
73.756912 -807.634033 2759.672119
97.429718 799.665161 2746.054443
107.968849 572.991211 2728.901611
288.730774 584.542358 2700.995850
288.729980 279.370697 2700.995850
288.735992 -25.800537 2700.995850
-72.793053 561.440063 2756.807373
-72.792252 256.268402 2756.807373
-72.798271 -48.902832 2756.807373
119.016159 341.200134 2704.514893
236.286209 116.196991 2663.729736
222.545425 -347.673737 2712.023682
209.133865 -794.721497 2748.394043
23.840731 102.621185 2696.526611
33.483643 -361.214935 2747.160156
76.290306 -807.705505 2759.879883
99.781746 807.714844 2742.986328
109.848259 579.670959 2728.598145
290.706451 590.303589 2700.933105
290.705658 285.131927 2700.933105
290.711670 -20.039307 2700.933105
-71.009926 569.038330 2756.263184
-71.009125 263.866669 2756.263184
-71.015144 -41.304565 2756.263184
120.085037 347.623230 2706.335938
236.605301 121.823898 2667.815918
226.036316 -341.797424 2719.672607
208.834793 -789.235046 2748.040771
24.038319 109.327133 2700.331543
31.490150 -355.261108 2743.468994
79.749016 -800.863342 2763.519287
99.596840 804.797424 2741.460205
109.883156 577.261475 2727.843994
290.697815 588.596191 2700.155518
290.697021 283.424530 2700.155518
290.703033 -21.746704 2700.155518
-70.931526 565.926758 2755.532471
-70.930725 260.755096 2755.532471
-70.936745 -44.416138 2755.532471
121.028778 345.237244 2705.645020
238.432465 119.874023 2667.174561
226.969086 -344.465790 2711.862061
211.216293 -792.010925 2740.254639
25.916346 106.552002 2699.717529
37.078468 -358.599182 2734.783447
77.318153 -804.823914 2757.984619
99.364388 803.915405 2740.196533
110.681747 576.646973 2726.889893
291.681213 588.227356 2700.561035
291.680420 283.055695 2700.561035
291.686432 -22.115540 2700.561035
-70.317719 565.066589 2753.218750
-70.316917 259.894928 2753.218750
-70.322937 -45.276306 2753.218750
122.380318 344.590973 2705.245605
240.448639 119.340500 2668.128418
229.465225 -345.725403 2704.320801
209.972504 -791.663818 2747.820312
27.709145 105.729416 2699.074219
34.973320 -359.573975 2733.778320
77.626923 -805.146667 2764.218018
99.708794 802.727661 2740.064941
111.326241 575.028198 2726.886230
291.967499 586.950378 2698.402588
291.966705 281.778717 2698.402588
291.972717 -23.392517 2698.402588
-69.314995 563.106018 2755.369873
-69.314194 257.934357 2755.369873
-69.320213 -47.236877 2755.369873
123.220146 342.982391 2705.190430
241.277145 117.943283 2666.754639
228.613754 -347.168274 2702.617432
209.653458 -792.854065 2750.129150
28.950966 103.929916 2700.234619
39.135422 -360.306580 2745.612549
76.356049 -806.918457 2761.690674
101.188629 802.645935 2741.000000
112.041138 575.378967 2726.947021
292.715942 586.483643 2698.302734
292.715149 281.311981 2698.302734
292.721161 -23.859253 2698.302734
-68.633667 564.274292 2755.591309
-68.632866 259.102631 2755.591309
-68.638885 -46.068604 2755.591309
122.863708 343.282471 2705.232178
239.859772 117.711639 2666.684570
225.023560 -346.329437 2712.937744
207.469559 -793.268677 2744.870605
27.512791 104.660309 2700.350098
34.775154 -360.371063 2737.415771
77.571159 -806.226074 2760.888672
100.023209 804.451965 2741.462158
111.042725 576.670166 2727.797119
291.679565 587.545898 2698.797607
291.678772 282.374237 2698.797607
291.684784 -22.796997 2698.797607
-69.594131 565.794373 2756.796631
-69.593330 260.622711 2756.796631
-69.599350 -44.548523 2756.796631
121.542664 344.550598 2706.147949
238.194977 118.822266 2667.457031
229.680695 -344.306244 2722.953125
206.147369 -791.582642 2745.554932
25.890234 106.039856 2701.540527
34.906258 -358.855743 2740.821289
75.347916 -805.156860 2762.190430
100.444557 809.752319 2743.193604
111.854996 582.044556 2729.257080
292.393158 592.818420 2699.602051
292.392365 287.646759 2699.602051
292.398376 -17.524475 2699.602051
-68.683136 571.270691 2758.912109
-68.682335 266.099030 2758.912109
-68.688354 -39.072205 2758.912109
122.178894 349.900970 2707.768799
238.598984 124.088821 2668.853271
231.578613 -339.640747 2720.086182
207.691299 -786.905884 2745.362793
26.406597 111.425980 2703.707764
36.838905 -353.877441 2737.598633
78.446411 -799.515198 2768.115234
99.509323 803.772705 2731.562500
111.657547 575.586975 2724.462158
292.107819 586.143250 2694.195557
292.107025 280.971588 2694.195557
292.113037 -24.199646 2694.195557
-68.792725 565.030701 2754.728760
-68.791924 259.859039 2754.728760
-68.797943 -45.312195 2754.728760
122.479294 343.114899 2707.900635
239.346069 116.846405 2673.552490
226.143356 -347.648560 2714.954102
211.236603 -794.418579 2751.090576
27.256008 104.439240 2709.125732
38.514156 -361.094238 2739.836670
76.057800 -806.934814 2773.324951
99.887184 802.445740 2736.758545
111.465561 574.448120 2726.551758
291.812347 584.887756 2695.632812
291.811554 279.716095 2695.632812
291.817566 -25.455139 2695.632812
-68.881241 564.008423 2757.470703
-68.880440 258.836761 2757.470703
-68.886459 -46.334473 2757.470703
121.747757 342.078125 2708.067383
238.014435 115.843216 2671.412842
222.210236 -348.619141 2713.361328
209.655518 -796.068176 2742.408936
26.045471 103.573074 2707.753174
35.284409 -362.520752 2725.422363
72.369415 -807.479065 2768.905518
102.071190 808.633301 2747.850098
111.656181 580.665161 2731.905762
291.956543 590.574280 2700.543945
291.955750 285.402618 2700.543945
291.961761 -19.768616 2700.543945
-68.644173 570.756104 2763.267578
-68.643372 265.584442 2763.267578
-68.649391 -39.586792 2763.267578
120.358299 348.697632 2708.641846
235.017731 122.553375 2666.947510
223.104691 -342.316742 2705.891846
206.378586 -789.204041 2741.403076
23.103096 110.906769 2703.808350
34.037395 -354.753693 2730.276855
71.025749 -800.739319 2759.490723
103.106506 810.363831 2743.883301
112.130119 581.735474 2730.703857
292.477814 590.801392 2699.362549
292.477020 285.629730 2699.362549
292.483032 -19.541504 2699.362549
-68.217598 572.669556 2762.045166
-68.216797 267.497894 2762.045166
-68.222816 -37.673340 2762.045166
120.094193 349.529419 2709.362549
234.043839 122.651154 2669.602783
222.585617 -341.878876 2712.772217
208.147858 -789.190308 2744.585205
22.072676 111.995575 2706.439697
37.471981 -353.084991 2740.193115
71.634872 -799.702087 2764.696289
104.516052 800.065186 2731.411865
112.204712 571.115234 2724.827148
292.237244 579.133789 2691.520996
292.236450 273.962128 2691.520996
292.242462 -31.209106 2691.520996
-67.827835 563.096680 2758.133301
-67.827034 257.925018 2758.133301
-67.833054 -47.246216 2758.133301
119.567589 338.509491 2708.625488
232.737488 110.616348 2672.849365
225.731323 -353.660217 2719.512695
204.809784 -801.157104 2743.074219
21.123432 101.191177 2711.998291
32.927086 -364.529602 2737.238281
73.727310 -809.878052 2771.556396
104.301811 799.994995 2735.179443
112.926422 571.139893 2726.743164
293.397369 579.410034 2696.033691
293.396576 274.238373 2696.033691
293.402588 -30.932861 2696.033691
-67.544510 562.869812 2757.452637
-67.543709 257.698151 2757.452637
-67.549728 -47.473083 2757.452637
120.485962 338.655212 2708.559570
234.109604 111.030930 2672.327881
226.370651 -353.531006 2716.182861
209.155945 -801.060303 2743.055420
21.981396 101.310104 2708.424072
41.446877 -364.409424 2728.296143
74.122971 -810.527222 2761.992920
104.245682 796.709717 2727.054199
112.616814 567.529724 2723.074951
292.838409 575.764771 2690.884766
292.837616 270.593109 2690.884766
292.843628 -34.578125 2690.884766
-67.604774 559.294678 2755.265137
-67.603973 254.123016 2755.265137
-67.609993 -51.048218 2755.265137
120.711334 334.796997 2708.854004
234.712799 106.903595 2675.716553
224.845428 -357.187622 2723.873047
210.161469 -805.061157 2746.772217
22.898920 97.224945 2713.549561
40.493561 -368.266205 2740.240967
75.349182 -814.559448 2770.309814
103.245903 798.221863 2733.001465
112.109940 569.507690 2725.918213
292.581024 578.035156 2695.217529
292.580231 272.863495 2695.217529
292.586243 -32.307739 2695.217529
-68.361145 560.980225 2756.618896
-68.360344 255.808563 2756.618896
-68.366364 -49.362671 2756.618896
120.325722 336.896606 2709.603516
234.597290 109.296783 2675.247070
226.429199 -354.749695 2724.325928
207.758118 -802.704102 2742.020752
22.485720 99.274261 2711.330566
43.182930 -366.477753 2729.806152
74.680695 -812.397827 2767.759277
103.893791 801.708618 2736.976562
113.426704 572.327332 2727.571777
294.100586 581.058716 2698.125488
294.099792 275.887054 2698.125488
294.105804 -29.284180 2698.125488
-67.247185 563.595947 2757.018066
-67.246384 258.424286 2757.018066
-67.252403 -46.746948 2757.018066
121.666153 339.860535 2709.195312
236.080444 112.524841 2673.514404
225.317261 -351.910583 2718.050781
209.110474 -799.531738 2743.850830
23.730740 102.262634 2708.123291
43.723701 -363.557373 2727.558350
76.003792 -809.230591 2768.371338
104.075562 797.906982 2737.959229
113.433823 569.324219 2727.143555
294.291748 578.222595 2698.886475
294.290955 273.050934 2698.886475
294.296967 -32.120300 2698.886475
-67.424088 560.425842 2755.400635
-67.423286 255.254181 2755.400635
-67.429306 -49.917053 2755.400635
121.914543 336.895752 2708.229980
236.678986 109.696533 2672.710693
221.995361 -354.707703 2716.492432
207.976929 -802.247986 2745.555908
24.111530 99.238037 2705.922119
44.757790 -366.686096 2722.775146
78.237862 -811.070923 2774.278076
103.773918 798.814270 2728.945312
113.177765 569.672241 2724.064941
294.078613 578.297607 2695.966797
294.077820 273.125946 2695.966797
294.083832 -32.045288 2695.966797
-67.723068 561.046814 2752.163086
-67.722267 255.875153 2752.163086
-67.728287 -49.296082 2752.163086
121.997604 336.980347 2709.417969
237.124908 109.357239 2678.259033
228.386887 -354.905426 2724.764404
206.019318 -802.344482 2748.654785
24.509977 99.219727 2711.282959
45.446877 -366.093323 2738.690186
76.269066 -811.930542 2776.101074
105.722740 800.103149 2734.447998
114.006241 571.465637 2726.582764
294.945465 579.293579 2698.491699
294.944672 274.121918 2698.491699
294.950684 -31.049316 2698.491699
-66.932968 563.637756 2754.673828
-66.932167 258.466095 2754.673828
-66.938187 -46.705139 2754.673828
121.421349 338.881653 2709.532227
235.168686 110.897873 2675.973633
225.519943 -353.943787 2715.897461
204.244064 -801.202637 2744.563477
22.504217 101.697433 2708.989746
41.515282 -363.749084 2736.684082
69.768295 -810.543823 2763.501953
105.649689 799.704041 2736.700684
114.134689 571.633606 2727.538330
294.926331 579.457336 2698.512939
294.925537 274.285675 2698.512939
294.931549 -30.885559 2698.512939
-66.656982 563.809875 2756.563721
-66.656181 258.638214 2756.563721
-66.662201 -46.533020 2756.563721
121.339813 339.080933 2709.732910
234.791153 111.126022 2674.870117
222.271500 -353.738953 2714.078125
211.054672 -800.956543 2747.365234
22.298714 101.930466 2708.984863
42.550041 -363.487793 2736.884766
71.995819 -810.198242 2766.034912
105.984970 800.491333 2737.827393
114.136490 572.355103 2728.101318
295.059052 580.126587 2699.885498
295.058258 274.954926 2699.885498
295.064270 -30.216309 2699.885498
-66.786072 564.583740 2756.317139
-66.785271 259.412079 2756.317139
-66.791290 -45.759155 2756.317139
121.255875 339.835510 2709.708740
234.697998 111.882904 2674.734619
221.749420 -353.087341 2712.814697
210.528473 -800.383423 2746.303467
22.052509 102.748871 2707.897705
41.181313 -362.722656 2736.008301
75.609512 -809.436035 2759.191162
107.550339 801.614502 2739.389648
115.260872 573.704712 2728.501709
296.288422 581.503723 2700.969971
296.287628 276.332062 2700.969971
296.293640 -28.839172 2700.969971
-65.766655 565.905640 2756.033447
-65.765854 260.733978 2756.033447
-65.771873 -44.437256 2756.033447
122.422104 341.211426 2709.728516
235.967621 113.301407 2674.775879
228.402252 -351.260071 2718.296387
209.148895 -798.715576 2743.718506
23.199043 104.134903 2707.134766
42.652195 -361.231873 2736.839844
76.227936 -808.125366 2759.145996
108.786530 798.351929 2739.667480
116.487915 571.474365 2728.334961
297.694305 579.467896 2702.085693
297.693512 274.296234 2702.085693
297.699524 -30.875000 2702.085693
-64.718475 563.480835 2754.584229
-64.717674 258.309174 2754.584229
-64.723694 -46.862061 2754.584229
123.937073 339.036255 2708.975098
237.877853 111.295807 2674.188965
230.636826 -352.976227 2721.009033
208.530899 -800.690552 2738.767334
24.894606 101.900482 2705.041504
43.699486 -363.904266 2725.546387
77.156036 -809.482788 2763.734619
109.481102 796.469116 2739.307617
117.480003 570.625854 2727.164307
298.842102 578.877686 2702.103516
298.841309 273.706024 2702.103516
298.847321 -31.465210 2702.103516
-63.882088 562.374023 2752.225098
-63.881287 257.202362 2752.225098
-63.887306 -47.968872 2752.225098
125.287903 338.253723 2707.154785
239.677673 110.730972 2672.417725
230.499023 -353.474426 2719.761963
209.587128 -801.083252 2742.397705
26.513922 101.032181 2701.872803
42.014549 -364.621338 2727.924561
77.118164 -810.699158 2759.502197
109.114510 796.221619 2739.623535
117.091759 570.206482 2727.284424
298.298065 578.721252 2701.200928
298.297272 273.549591 2701.200928
298.303284 -31.621643 2701.200928
-64.114555 561.691711 2753.367920
-64.113754 256.520050 2753.367920
-64.119774 -48.651184 2753.367920
125.100754 337.857147 2707.075195
239.599182 110.511688 2671.537598
229.584045 -353.091797 2724.155273
208.875336 -800.968811 2741.602539
26.620333 100.503937 2702.194336
39.093567 -365.260864 2728.541504
76.127823 -810.936707 2764.442383
109.271881 794.681580 2729.772949
117.421173 567.877502 2723.391113
298.013824 576.306580 2693.549316
298.013031 271.134918 2693.549316
298.019043 -34.036316 2693.549316
-63.171459 559.448425 2753.232910
-63.170658 254.276764 2753.232910
-63.176678 -50.894470 2753.232910
125.829178 335.199066 2708.551270
240.387344 107.475128 2676.170654
228.218658 -356.218475 2727.674072
208.527344 -804.177490 2745.277588
28.087017 97.566132 2711.252197
41.939812 -367.888916 2742.085938
75.293427 -814.378540 2770.572266
111.753189 803.903137 2744.852295
119.636269 577.338074 2730.264893
300.282501 586.990967 2701.024658
300.281708 281.819305 2701.024658
300.287720 -23.351929 2701.024658
-61.009956 567.685181 2759.505127
-61.009155 262.513519 2759.505127
-61.015175 -42.657715 2759.505127
128.571823 345.254486 2708.852051
243.658646 118.843155 2670.257080
231.523254 -345.451965 2715.784912
209.817993 -793.228577 2735.786377
31.356127 107.498672 2704.621338
46.584209 -358.428467 2723.024170
76.458427 -804.579224 2759.404053
