-148.682861 724.906738 2535.514160
-161.298874 501.297852 2478.923096
25.846119 495.480164 2453.147461
147.397751 398.416504 2241.412598
5.015610 655.623779 2145.147705
-348.443848 507.115601 2504.698730
-348.443024 189.725830 2504.698730
-348.449280 -127.663513 2504.698730
-176.133163 265.241821 2424.497559
-80.070190 25.738358 2354.798096
-45.964233 -449.526184 2447.083740
-46.801315 -916.185791 2447.216064
-301.864716 32.633194 2385.345947
-260.264282 -446.325378 2452.031738
-268.306274 -912.802002 2441.837646
-148.447113 723.986206 2528.414795
-160.922760 499.698975 2475.943359
26.402554 493.222778 2451.657471
152.189468 397.701904 2243.200439
53.813515 672.372009 2148.364990
-348.248077 506.175232 2500.229248
-348.247253 188.785461 2500.229248
-348.253510 -128.603882 2500.229248
-175.871643 263.161346 2423.713867
-79.807388 22.785751 2357.092041
-42.180702 -451.146667 2454.683838
-45.630680 -917.726013 2447.733398
-301.833649 30.461655 2385.876709
-259.554901 -448.569946 2451.798340
-264.356842 -914.968140 2436.720459
-150.647232 725.396606 2532.382324
-162.689880 500.022980 2477.709473
24.529758 494.299866 2452.409668
156.085388 397.355591 2245.095703
105.582024 687.637085 2164.618164
-349.909515 505.746094 2503.009277
-349.908691 188.356323 2503.009277
-349.914948 -129.033020 2503.009277
-177.084351 263.627319 2424.665283
-80.529083 23.840057 2356.627930
-44.823597 -451.106567 2450.010254
-48.670895 -917.752197 2444.466797
-302.428558 30.623260 2386.614258
-256.062225 -448.231323 2451.016602
-268.680573 -914.578735 2442.350342
-151.946167 723.349854 2525.848633
-162.840790 496.930115 2474.908203
24.478951 491.877319 2450.181641
158.534546 394.681122 2244.545166
149.380249 693.679077 2178.586426
-350.160553 501.982910 2499.634766
-350.159729 184.593140 2499.634766
-350.165985 -132.796204 2499.634766
-175.973648 260.036499 2423.826660
-78.097534 20.148514 2358.091797
-42.049068 -455.499878 2447.789551
-46.041431 -922.138306 2449.846680
-300.115448 26.137283 2387.398438
-254.624542 -452.501465 2454.070312
-264.517181 -918.702881 2437.529297
-152.470001 723.674011 2523.588379
-163.125458 496.287720 2473.427002
23.953415 491.611145 2446.905029
164.267487 393.344482 2244.761475
189.462662 694.378845 2192.190674
-350.204315 500.964294 2499.948975
-350.203491 183.574524 2499.948975
-350.209747 -133.814819 2499.948975
-176.235657 259.300537 2422.738770
-78.474342 19.541794 2356.332520
-44.648853 -455.477356 2450.139404
-49.163395 -921.766541 2437.661621
-300.217377 25.084885 2387.768555
-257.508820 -454.687256 2447.409424
-268.330414 -921.026001 2444.549072
-152.263214 723.241455 2521.953369
-163.858948 495.795349 2472.854248
23.005775 490.508850 2444.968262
165.141937 387.173462 2247.365967
224.624283 687.558716 2203.540527
-350.723663 501.081879 2500.740234
-350.722839 183.692108 2500.740234
-350.729095 -133.697235 2500.740234
-177.910828 258.548096 2423.668457
-81.221291 18.167908 2357.956787
-47.326733 -456.890778 2451.658203
-50.100410 -923.406616 2446.593994
-302.704132 24.433777 2391.008545
-265.000549 -453.992615 2462.532959
-265.074890 -918.313904 2429.416016
-151.816971 722.312439 2521.157471
-165.023590 494.569061 2472.762695
21.494328 488.265564 2442.886475
168.575485 386.579956 2247.185303
251.649704 684.320801 2212.910889
-351.541473 500.872589 2502.638916
-351.540649 183.482819 2502.638916
-351.546906 -133.906525 2502.638916
-180.919235 257.444214 2423.556152
-86.274414 16.583572 2356.643311
-47.792786 -458.073425 2450.554932
-52.121269 -924.687256 2448.385498
-307.355377 24.055176 2392.055908
-266.877899 -455.159119 2456.797607
-270.584717 -920.532593 2432.359375
-151.928741 723.739685 2520.757812
-164.640411 495.625305 2472.486816
21.788929 489.820251 2441.914307
166.276215 377.799561 2249.084229
261.907776 674.451660 2215.597412
-351.069733 501.430420 2503.059326
-351.068909 184.040649 2503.059326
-351.075165 -133.348694 2503.059326
-180.147827 258.539612 2422.940918
-85.176155 18.013779 2355.277588
-43.526672 -455.903992 2451.542236
-47.842522 -922.549011 2446.929932
-306.134338 24.894028 2391.512451
-258.552063 -453.267334 2459.269531
-266.358276 -918.503113 2428.361328
-152.329422 722.357483 2520.525879
-165.380310 493.935791 2472.405762
20.976419 487.941864 2441.397217
163.652405 369.891357 2250.992676
264.317017 665.529663 2211.173096
-351.737030 499.929718 2503.414307
-351.736206 182.539948 2503.414307
-351.742462 -134.849396 2503.414307
-181.194122 256.795166 2423.206055
-86.570320 16.102463 2355.630127
-47.135376 -458.108276 2451.440918
-48.498943 -924.778198 2445.654785
-307.445526 23.206635 2392.382568
-262.233154 -455.582458 2457.710449
-267.858673 -921.303711 2431.138916
-152.617447 722.852722 2519.418945
-164.970001 493.864197 2471.655518
21.498575 487.938782 2441.300049
162.819901 370.947571 2248.990723
260.911682 667.050293 2205.219482
-351.438599 499.789673 2502.010986
-351.437775 182.399902 2502.010986
-351.444031 -134.989441 2502.010986
-180.302948 256.416107 2423.818115
-85.130135 15.456436 2357.991211
-44.775196 -458.063660 2456.790283
-41.117741 -924.622925 2446.726318
-306.141663 22.479568 2393.970215
-259.767029 -456.892090 2454.093994
-266.790070 -923.088196 2441.565430
-152.183136 722.502075 2519.875000
-165.089218 494.113586 2472.432129
21.225718 488.373413 2441.114990
160.907028 373.477142 2245.978516
251.215759 671.191528 2198.839355
-351.404175 499.853760 2503.749268
-351.403351 182.463989 2503.749268
-351.409607 -134.925354 2503.749268
-180.451965 256.672058 2424.555664
-85.398544 15.828720 2358.119629
-47.644733 -458.575745 2453.608154
-44.045761 -925.124268 2441.777344
-306.230865 22.632355 2395.238770
-259.256744 -456.459869 2457.343994
-265.742828 -922.420776 2435.921875
-150.423126 722.280945 2520.602539
-164.472336 494.299286 2472.502197
21.871185 487.543152 2441.564209
158.471985 381.722290 2239.995117
226.709702 683.335754 2193.013428
-350.815857 501.055420 2503.440186
-350.815033 183.665649 2503.440186
-350.821289 -133.723694 2503.440186
-181.040009 256.956970 2424.542969
-87.174438 15.610748 2358.248779
-50.355652 -459.274689 2451.739990
-48.456051 -925.906433 2442.989014
-308.040955 23.618561 2394.918701
-257.590271 -455.590271 2453.224609
-273.894073 -921.463867 2435.163818
-150.680252 725.984192 2528.480713
-164.876648 499.070038 2476.841064
21.425070 492.590698 2445.580078
154.233093 386.858673 2236.005127
187.792725 688.421021 2174.821045
-351.178345 505.549347 2508.102051
-351.177521 188.159576 2508.102051
-351.183777 -129.229767 2508.102051
-181.581436 262.270782 2426.367676
-87.879433 21.631714 2357.368408
-49.119900 -453.309387 2449.812988
-47.275139 -919.990356 2443.507324
-308.693024 29.311340 2394.420166
-263.003174 -448.170593 2467.202393
-264.262726 -910.718445 2417.001221
-150.173630 724.489746 2523.899414
-164.662003 498.319763 2474.764160
22.029175 490.973541 2446.267090
149.105148 386.421326 2237.001953
143.788818 685.880615 2159.737305
-351.353210 505.665985 2503.261230
-351.352386 188.276215 2503.261230
-351.358643 -129.113129 2503.261230
-181.478058 261.225006 2425.718262
-87.642960 19.776184 2359.782227
-47.537544 -454.447754 2455.261719
-46.379440 -921.138428 2448.727051
-308.945251 28.484314 2393.562500
-262.299316 -449.809570 2460.871582
-263.365356 -914.340454 2428.370117
-150.760513 724.493896 2522.092285
-164.902710 498.135529 2473.880371
21.850775 490.608276 2445.764160
143.554810 384.708344 2239.990967
92.418488 675.303589 2150.292969
-351.656189 505.662811 2501.996582
-351.655365 188.273041 2501.996582
-351.661621 -129.116302 2501.996582
-181.753204 260.907959 2425.466309
-87.934685 19.219757 2360.390869
-45.582909 -455.416840 2452.771484
-48.235794 -922.081665 2445.587402
-309.272736 28.141022 2393.713623
-261.884155 -450.798645 2456.148682
-264.703125 -916.361938 2434.365967
-148.089417 722.678406 2524.232666
-163.680206 497.074829 2474.436523
23.021463 489.225586 2446.027344
133.793045 385.337952 2239.510254
37.193947 660.320679 2142.089355
-350.381897 504.924011 2502.845703
-350.381073 187.534241 2502.845703
-350.387329 -129.855103 2502.845703
-181.124710 260.040405 2425.283691
-87.927475 18.354446 2359.295166
-44.297779 -456.264648 2451.225830
-45.963253 -922.970947 2448.178955
-309.210938 27.657547 2392.966553
-262.082581 -451.048889 2457.720459
-264.246033 -916.790283 2432.936279
-146.047119 718.635254 2521.766846
-163.955658 494.033508 2473.217041
22.836983 484.982117 2445.801025
123.902527 383.661285 2237.753418
-10.884720 641.927979 2136.929688
-350.748322 503.084961 2500.633057
-350.747498 185.695190 2500.633057
-350.753754 -131.694153 2500.633057
-182.571915 256.969238 2424.645752
-90.487366 14.540726 2359.826660
-45.461124 -459.257202 2455.213379
-49.840557 -925.754150 2443.933838
-311.888947 25.269180 2392.322266
-264.917999 -453.586487 2456.301270
-266.863556 -919.545166 2432.376465
-147.633102 720.277039 2512.759521
-164.735001 494.206543 2470.185059
21.793798 485.606628 2440.922852
121.970360 377.346405 2242.369873
-49.045189 614.161194 2143.401855
-351.263794 502.806427 2499.447266
-351.262970 185.416656 2499.447266
-351.269226 -131.972687 2499.447266
-182.726257 256.379456 2425.396484
-90.172058 13.455673 2363.265869
-41.113434 -460.860718 2453.811768
-46.813389 -927.429443 2451.792725
-311.263000 23.649048 2397.949951
-255.114075 -454.215302 2461.389893
-267.007263 -920.068848 2438.741699
-148.291702 723.149658 2516.673340
-165.149536 495.677673 2471.043945
21.040403 487.709778 2439.572510
114.478493 374.172089 2244.178955
-83.058556 591.474304 2144.852295
-351.339478 503.645630 2502.515381
-351.338654 186.255859 2502.515381
-351.344910 -131.133484 2502.515381
-183.018707 257.966492 2425.510254
-90.542015 15.533096 2361.324951
-39.403961 -458.089966 2454.392334
-47.637543 -924.321716 2440.332764
-311.233734 24.977493 2398.628174
-258.798065 -454.041321 2456.289307
-265.530212 -920.110168 2434.578125
-147.600494 723.438477 2509.295410
-163.336639 496.052246 2468.540771
22.955992 488.729187 2437.467773
113.733536 372.087219 2244.587402
-109.539917 569.751587 2150.196777
-349.629272 503.375336 2499.613770
-349.628448 185.985565 2499.613770
-349.634705 -131.403778 2499.613770
-179.829529 257.731079 2425.826172
-85.925072 15.070236 2364.697754
-36.194431 -458.833618 2457.182129
-42.335365 -925.300964 2447.548828
-306.719757 23.749573 2401.525391
-251.042343 -455.192108 2457.045410
-264.486481 -921.353638 2442.452637
-149.204727 723.664673 2514.898438
-165.148270 496.693573 2470.667969
20.534285 490.956055 2436.028076
110.842957 368.534088 2247.279053
-123.431717 558.363892 2153.929932
-350.830841 502.431122 2505.307861
-350.830017 185.041351 2505.307861
-350.836273 -132.347992 2505.307861
-180.843048 258.678467 2425.961426
-86.476273 17.262497 2360.722412
-43.948486 -457.480591 2452.256836
-45.790604 -923.958252 2439.724609
-306.599365 24.064240 2401.787354
-249.913284 -454.421631 2460.331543
-272.292023 -919.666260 2435.186279
-148.964005 724.520874 2518.145264
-165.059372 497.149261 2471.721680
20.680546 491.695099 2437.216064
112.917068 367.269562 2249.168701
-117.109665 563.062378 2155.260254
-350.799255 502.603424 2506.227295
-350.798431 185.213654 2506.227295
-350.804688 -132.175690 2506.227295
-180.551178 259.318390 2425.923828
-85.981461 18.255615 2359.679443
-40.798557 -456.140533 2451.870850
-46.772736 -922.693176 2443.904053
-306.104523 24.719421 2400.572510
-255.292114 -455.051880 2453.281006
-268.233673 -920.999512 2436.235840
-146.813019 725.465515 2511.253174
-164.550644 497.538574 2470.373047
21.301212 489.915039 2436.915771
114.948730 368.127991 2247.562256
-100.988129 576.659607 2153.531738
-350.402496 505.162109 2503.830322
-350.401672 187.772339 2503.830322
-350.407928 -129.617004 2503.830322
-182.033371 259.312988 2427.539551
-89.372589 16.569366 2364.877930
-45.060146 -457.109680 2461.103516
-53.246979 -923.582397 2449.624512
-309.659607 25.605392 2404.534180
-261.072876 -454.352173 2458.020020
-270.089417 -920.402222 2437.974854
-143.665222 722.559204 2516.762695
-163.593582 495.930786 2472.002441
22.557980 486.596375 2440.758789
119.998657 371.076752 2247.784668
-79.055542 595.052979 2149.246094
-349.745148 505.265198 2503.246094
-349.744324 187.875427 2503.246094
-349.750580 -129.513916 2503.246094
-183.162903 258.396790 2426.373047
-92.408890 15.330719 2362.227051
-45.247494 -459.334717 2451.831299
-53.956287 -925.804077 2439.394287
-313.055542 26.394867 2399.260254
-262.198486 -453.850586 2447.781738
-269.477966 -920.149170 2431.469727
-143.672394 719.632446 2518.068604
-162.806244 493.501221 2472.246338
23.584846 485.309021 2442.063721
125.493469 376.046051 2247.907471
-50.027771 615.665222 2145.409424
-349.197327 501.693359 2502.428955
-349.196503 184.303589 2502.428955
-349.202759 -133.085754 2502.428955
-180.840408 256.085663 2425.316162
-88.419769 13.815460 2360.499756
-40.073456 -461.612640 2445.367676
-44.919884 -927.926514 2450.881348
-309.329407 23.524765 2396.272217
-255.381897 -455.777100 2450.332520
-260.765625 -922.177734 2434.791016
-145.938599 718.262207 2519.670410
-162.580933 492.137573 2472.737305
23.934696 484.720703 2443.067871
135.238037 380.530670 2249.972168
-10.651535 636.623901 2144.620605
-349.096558 499.554443 2502.406738
-349.095734 182.164673 2502.406738
-349.101990 -135.224670 2502.406738
-179.674805 254.886887 2424.585938
-86.239395 13.240967 2358.852539
-42.136883 -461.818451 2447.955811
-47.094772 -928.256958 2444.625000
-307.297974 22.031464 2394.016602
-252.374512 -456.514771 2453.541016
-265.995636 -922.630005 2436.027832
-147.904190 719.954712 2520.012695
-163.294205 493.350433 2472.620605
23.303106 486.234558 2443.352539
142.097443 386.780457 2249.035400
33.207275 660.301636 2148.696777
-349.891510 500.466309 2501.888672
-349.890686 183.076538 2501.888672
-349.896942 -134.312805 2501.888672
-179.957779 256.144470 2424.053711
-86.041893 14.721558 2358.142334
-44.352333 -460.167572 2449.414795
-49.955521 -926.699951 2443.393799
-307.200806 23.155457 2392.831299
-258.659698 -456.014557 2452.811768
-265.371643 -922.140198 2432.096191
-147.926300 718.776184 2512.271240
-163.887955 492.031982 2469.924072
22.849367 484.033142 2441.811279
149.536880 388.383362 2250.506592
80.371803 675.476318 2158.298584
-350.625244 500.030823 2498.036865
-350.624420 182.641052 2498.036865
-350.630676 -134.748291 2498.036865
-180.901917 254.232681 2424.569824
-87.248596 11.692993 2362.554932
-44.292709 -462.342255 2457.627686
-52.016243 -928.598999 2442.169678
-308.583191 21.173782 2395.876221
-261.456879 -457.976868 2457.392822
-267.084808 -924.202881 2437.362793
-148.260056 716.272034 2507.322510
-163.974075 489.430206 2467.461182
22.767513 481.166992 2439.422607
155.266953 389.192444 2251.239990
121.946930 686.659302 2174.564941
-350.715698 497.693420 2495.499756
-350.714874 180.303650 2495.499756
-350.721130 -137.085693 2495.499756
-180.975922 251.195511 2424.435547
-87.311646 8.063889 2364.793945
-44.183315 -466.032227 2459.585449
-50.734955 -932.147827 2438.685791
-308.643860 17.857742 2398.025879
-261.543457 -461.644104 2456.878174
-265.062134 -927.893433 2436.342529
-150.565216 723.233398 2521.782715
-164.554504 497.307739 2473.802002
22.438755 490.429474 2447.154541
164.146164 393.110199 2248.615723
164.422012 693.982849 2189.944336
-351.547760 504.185974 2500.449463
-351.546936 186.796204 2500.449463
-351.553192 -130.593140 2500.449463
-180.166748 260.045441 2425.488037
-84.956413 18.706726 2361.381348
-41.456661 -456.336517 2451.027832
-46.839630 -922.639099 2433.080566
-306.601562 26.859604 2392.966797
-260.134521 -452.789856 2451.229004
-264.393677 -918.945312 2428.541504
-151.797043 724.661438 2520.541748
-164.339798 499.937866 2474.124512
22.845387 493.915771 2448.635742
166.562042 386.061401 2254.319336
198.023819 688.404236 2202.737061
-351.524963 505.959961 2499.613281
-351.524139 188.570190 2499.613281
-351.530396 -128.819153 2499.613281
-178.514771 262.486969 2426.126953
-81.758621 21.467224 2363.024170
-43.635529 -453.712158 2454.309326
-43.735424 -920.167358 2440.204346
-303.620880 28.604919 2393.234619
-259.607239 -450.737762 2455.642578
-263.396332 -917.112183 2438.501465
-151.328232 721.901978 2512.537109
-163.821411 495.711182 2470.211914
23.557533 489.626404 2446.204590
168.768463 384.523651 2256.158936
221.202057 687.797607 2216.205078
-351.200348 501.795959 2494.219238
-351.199524 184.406189 2494.219238
-351.205780 -132.983154 2494.219238
-177.355682 257.690277 2424.903564
-79.843460 16.063339 2365.367676
-45.197205 -460.393921 2451.103027
-44.524544 -926.993164 2445.013184
-301.936432 23.275391 2393.822754
-256.649933 -455.681152 2458.323242
-267.793427 -921.560303 2434.499756
-151.364868 719.594788 2507.923096
-162.269089 492.052460 2467.328125
25.228603 486.241150 2444.164551
168.376083 379.262878 2257.576416
237.692032 682.466553 2225.749268
-349.766815 497.863770 2490.491699
-349.765991 180.473999 2490.491699
-349.772247 -136.915344 2490.491699
-175.047638 253.664520 2423.699219
-76.711586 11.832687 2366.343262
-45.548119 -464.955566 2451.705322
-42.080597 -931.569824 2444.392090
-298.940765 18.720459 2393.797363
-256.536346 -460.985718 2454.473633
-267.434082 -927.187073 2437.627441
-151.499756 723.824585 2513.085938
-162.231293 494.944763 2469.496582
25.154245 489.867676 2445.279541
167.678955 380.135223 2256.284180
248.920349 683.605469 2233.040283
-349.616852 500.021851 2493.713623
-349.616028 182.632080 2493.713623
-349.622284 -134.757263 2493.713623
-174.442993 256.684753 2424.956787
-75.604126 15.415924 2366.065186
-46.385422 -462.288361 2446.860596
-46.914055 -928.932007 2446.775635
-297.705261 21.433609 2394.768799
-260.244629 -459.103271 2451.846191
-268.121948 -925.563599 2442.355225
-151.456818 724.798645 2516.231689
-161.792664 496.431396 2471.031250
25.585228 491.612488 2446.671875
168.335693 382.067963 2254.661133
248.051453 685.471436 2228.837891
-349.170532 501.250244 2495.390625
-349.169708 183.860474 2495.390625
-349.175964 -133.528870 2495.390625
-173.867493 258.397583 2425.238281
-74.898804 17.508026 2365.009521
-47.104752 -459.851898 2448.398193
-47.307320 -926.512695 2444.275635
-296.985840 23.219559 2393.881104
-261.415924 -457.543701 2450.467529
-266.932800 -924.049927 2439.122803
-150.951706 718.747070 2509.347900
-161.533142 491.924988 2468.344727
25.979630 486.838806 2445.114258
164.660843 379.530212 2254.326660
234.416183 684.351929 2217.916992
-349.045929 497.011108 2491.575195
-349.045105 179.621338 2491.575195
-349.051361 -137.768005 2491.575195
-173.428864 253.514191 2424.522949
-74.198006 12.089188 2366.933838
-48.049576 -464.813232 2453.438477
-45.454170 -931.478638 2448.024658
-296.451172 18.117630 2394.468506
-265.146362 -461.265625 2462.804932
-262.753296 -925.629883 2425.119385
-149.119385 718.769653 2506.383545
-161.013062 490.416626 2467.256836
26.356621 484.575256 2443.077148
161.838196 379.265442 2254.146973
211.757141 686.422241 2208.181396
-348.382751 496.258057 2491.436523
-348.381927 178.868286 2491.436523
-348.388184 -138.521057 2491.436523
-173.872314 251.727386 2425.273193
-75.689949 9.576324 2368.959961
-49.043648 -467.231628 2455.914551
-49.142265 -933.682983 2442.366455
-297.773193 16.499939 2397.619141
-265.002960 -463.720062 2459.375244
-267.118042 -929.155396 2433.763428
-149.124756 720.324219 2512.784180
-161.376221 491.765747 2469.972900
25.847139 485.843353 2444.702881
158.414810 380.626190 2252.079590
179.977997 685.798950 2194.286621
-348.599548 497.688171 2495.242920
-348.598724 180.298401 2495.242920
-348.604980 -137.090942 2495.242920
-174.850266 253.471603 2425.992676
-77.370132 11.667679 2367.036621
-48.029953 -465.795776 2449.270020
-50.998688 -932.373108 2440.996094
-299.278503 18.687241 2396.988281
-264.367004 -462.194092 2452.237793
-267.691345 -928.179749 2432.750977
-149.928970 721.970398 2516.082520
-161.861084 493.558960 2471.279785
25.364140 487.589661 2446.009766
155.710037 377.809082 2253.057861
138.539841 676.477417 2173.477539
-349.086304 499.528229 2496.549805
-349.085480 182.138458 2496.549805
-349.091736 -135.250885 2496.549805
-175.588135 255.557800 2425.796875
-78.361740 14.019119 2365.338379
-48.252605 -462.925842 2450.320068
-48.091053 -929.579956 2444.909180
-300.268646 21.094147 2395.289551
-258.451691 -458.836182 2453.885742
-271.466003 -924.688843 2433.597656
-149.073792 720.186523 2519.710449
-161.782867 492.881897 2472.673828
25.551958 486.035278 2448.488037
149.366974 376.905151 2251.541260
85.287201 663.446289 2157.695312
-349.117706 499.728516 2496.859619
-349.116882 182.338745 2496.859619
-349.123138 -135.050598 2496.859619
-176.618774 255.384735 2424.991699
-80.432266 13.830002 2362.976074
-49.785065 -462.716492 2450.027344
-48.064377 -929.224487 2437.957031
-302.477081 21.945175 2391.643066
-256.112183 -458.184631 2445.043457
-274.690552 -924.173218 2435.101074
-147.446030 718.235657 2521.508789
-161.409012 491.844238 2473.239258
26.095219 484.441833 2450.610107
140.691818 378.452881 2248.784180
31.940849 645.550293 2144.723877
-348.913239 499.246643 2495.868408
-348.912415 181.856873 2495.868408
-348.918671 -135.532471 2495.868408
-176.681381 254.626328 2424.291016
-80.830734 13.021439 2361.931641
-44.891163 -462.438477 2452.632080
-49.709221 -928.888977 2439.462158
-303.076782 21.795395 2388.753906
-257.650177 -457.430664 2450.313477
-272.468903 -923.545776 2435.965820
-146.790344 719.022522 2520.901611
-161.602325 492.810577 2472.792969
25.785681 484.876068 2449.370361
133.359131 375.218628 2247.367432
-15.169373 623.762085 2145.863281
-348.990326 500.745087 2496.215576
-348.989502 183.355316 2496.215576
-348.995758 -134.034027 2496.215576
-177.694061 255.520447 2424.437012
-82.735687 13.528152 2362.200439
-46.650654 -461.677734 2454.294678
-51.071476 -928.133911 2439.771240
-304.835907 22.932465 2389.961670
-263.301849 -455.714905 2458.376221
-270.421539 -921.605103 2435.308105
-148.221420 722.742920 2520.095703
-162.236298 495.829102 2472.504395
24.707497 489.814636 2445.545898
128.189056 373.623627 2248.667969
-59.951065 593.171448 2147.795898
-349.180084 501.843567 2499.462891
-349.179260 184.453796 2499.462891
-349.185516 -132.935547 2499.462891
-176.703125 258.227356 2425.193359
-80.358208 17.060486 2361.902588
-40.661392 -458.039398 2453.053223
-46.101250 -924.599915 2442.739014
-301.981720 24.190689 2393.862061
-259.390411 -455.088745 2457.274658
-261.806366 -921.308716 2439.011230
-147.404449 722.046631 2519.711670
-162.009644 495.927612 2471.692871
24.768135 490.603424 2443.352783
123.089058 370.317963 2251.822266
-90.841316 569.395020 2152.417725
-348.787445 501.251831 2500.032959
-348.786621 183.862061 2500.032959
-348.792877 -133.527283 2500.032959
-175.959198 258.285034 2424.402588
-79.228630 17.487442 2360.318604
-43.525837 -457.894165 2451.640381
-48.594814 -924.477051 2441.178467
-300.588867 23.797440 2393.906006
-259.332397 -456.455383 2450.410400
-267.432037 -922.805542 2437.367920
-146.632019 723.790649 2519.009277
-161.400848 497.021118 2471.304932
25.288807 491.829041 2442.277100
118.540924 367.165894 2253.381104
-116.510452 546.296692 2158.596680
-348.090485 502.213196 2500.332764
-348.089661 184.823425 2500.332764
-348.095917 -132.565918 2500.332764
-175.274338 259.254303 2424.607178
-78.517822 18.410736 2360.707764
-42.935616 -456.561890 2454.232666
-50.162483 -923.046509 2441.084229
-299.777863 24.564240 2395.111084
-260.574371 -455.853607 2452.051025
-265.878632 -922.321533 2439.476318
-147.095367 722.217773 2519.173584
-162.758209 495.580719 2471.354736
24.135778 490.042175 2443.721680
117.772346 366.580475 2254.701416
-122.350288 541.975769 2161.246582
-349.652191 501.119263 2498.987793
-349.651367 183.729492 2498.987793
-349.657623 -133.659851 2498.987793
-176.711578 257.820435 2424.636963
-79.907455 16.777893 2361.543213
-42.461838 -457.870911 2456.009521
-51.425491 -924.293823 2441.566406
-301.422455 23.342407 2394.295166
-264.756622 -456.494751 2457.335693
-262.678619 -920.811890 2418.769043
-146.523926 723.372925 2519.753174
-163.654510 496.846588 2472.474854
23.075781 490.061188 2444.019043
123.898758 370.278778 2254.847168
-119.004807 547.328674 2164.300293
-350.384796 503.631989 2500.930664
-350.383972 186.242218 2500.930664
-350.390228 -131.147125 2500.930664
-179.403412 259.196228 2425.797363
-84.490761 17.524643 2362.256104
-46.486298 -457.493530 2454.632568
-54.506519 -924.050171 2446.267822
-305.813873 25.567078 2395.983643
-266.207062 -454.479340 2455.682861
-267.843842 -919.931396 2430.851562
-145.536789 726.235168 2512.066162
-163.847656 498.414490 2471.090088
22.905468 489.240845 2443.541260
126.436493 371.633423 2256.396729
-104.692688 563.122437 2162.598633
-350.600800 507.588135 2498.638916
-350.599976 190.198364 2498.638916
-350.606232 -127.190979 2498.638916
-181.904144 260.289429 2427.979980
-89.278595 16.727463 2368.542725
-49.590309 -458.621399 2458.461182
-52.639755 -925.260315 2451.901611
-310.642670 27.601288 2401.197021
-269.941681 -451.231628 2469.010498
-265.994232 -914.586182 2421.218018
-142.848572 723.355530 2508.736572
-161.353668 494.837677 2469.655273
25.909939 484.024231 2447.010254
129.706787 377.811523 2254.687012
-80.375381 590.134460 2159.079590
-348.617279 505.651123 2492.300293
-348.616455 188.261353 2492.300293
-348.622711 -129.127991 2492.300293
-180.222992 256.608887 2427.373047
-88.079285 11.969711 2371.666504
-42.050137 -464.065247 2454.130615
-47.524033 -930.680725 2446.253418
-310.105347 24.790497 2398.515137
-261.688782 -455.048553 2450.234131
-264.589783 -920.033997 2423.635010
-140.832489 717.961182 2507.562500
-159.068665 490.638733 2468.424316
28.604610 479.219849 2449.871826
136.360962 381.910065 2255.349854
-54.615784 609.542358 2153.560303
-346.741943 502.057617 2486.976807
-346.741119 184.667847 2486.976807
-346.747375 -132.721497 2486.976807
-177.803284 252.507660 2425.475342
-85.314575 7.609268 2371.531494
-40.160397 -468.923401 2451.857910
-42.541374 -935.474609 2440.103271
-307.761230 21.143921 2393.521240
-260.068787 -458.842102 2446.299072
-265.748077 -924.527832 2424.820557
-141.110031 723.367432 2513.972168
-157.759338 496.077515 2472.200439
29.922445 484.914246 2453.150146
147.175705 386.951660 2256.681152
-18.210876 630.169434 2151.596924
-345.441101 507.240753 2491.250732
-345.440277 189.850983 2491.250732
-345.446533 -127.538361 2491.250732
-176.539200 258.492126 2426.404785
-84.118240 14.292557 2369.321777
-43.954479 -463.003967 2447.737793
-43.297337 -929.642273 2443.350342
-306.519897 27.520935 2391.896484
-262.056335 -452.445526 2448.213135
-263.080597 -918.594482 2432.108887
-142.116165 723.740662 2516.681396
-157.560959 497.224792 2472.766602
30.268106 486.596954 2454.700195
154.088318 386.479980 2257.854004
23.070984 648.941162 2156.227539
-345.390045 507.852661 2490.833008
-345.389221 190.462891 2490.833008
-345.395477 -126.926453 2490.833008
-175.564484 259.926392 2425.185547
-82.265839 16.330215 2366.898926
-45.778908 -460.820190 2448.007324
-45.178921 -927.456299 2440.629639
-304.870148 28.925735 2388.310059
-263.334381 -450.672424 2449.935791
-263.303040 -916.719727 2428.205078
-142.913055 723.987549 2518.533691
-158.392380 497.403259 2473.192383
29.345549 487.617859 2453.700928
162.537064 385.243866 2262.918457
72.186081 667.036011 2169.587646
-346.130341 507.188599 2492.683838
-346.129517 189.798828 2492.683838
-346.135773 -127.590515 2492.683838
-175.754547 260.158020 2425.068115
-81.860733 17.113861 2365.393066
-46.154686 -459.665009 2449.098633
-48.229279 -926.339050 2447.175537
-304.372681 28.711746 2388.494629
-260.762604 -450.104858 2454.759766
-268.475250 -916.181885 2434.399170
-142.451706 723.674194 2510.451660
-158.049057 496.129089 2470.067139
29.757824 486.308350 2451.179688
172.761597 387.619568 2262.953613
118.840775 682.552612 2185.135986
-345.855957 505.949829 2488.954590
-345.855133 188.560059 2488.954590
-345.861389 -128.829285 2488.954590
-174.991241 258.214813 2425.309082
-80.638611 14.480743 2369.358154
-45.832970 -462.107666 2454.591309
-48.560928 -928.780029 2449.692871
-303.228210 26.120331 2391.743896
-260.373291 -452.886749 2457.392822
-267.534607 -918.865784 2433.372070
-141.865829 722.683655 2506.891846
-156.735168 494.257294 2468.441162
31.067152 484.036682 2449.670898
179.381119 382.809113 2268.461914
165.373383 684.400635 2198.557861
-344.537506 504.477905 2487.211426
-344.536682 187.088135 2487.211426
-344.542938 -130.301208 2487.211426
-173.973587 255.986145 2425.706055
-79.917534 11.658112 2371.847412
-46.885551 -465.773071 2452.898926
-47.437027 -932.479858 2449.310791
-302.506470 23.771881 2394.094482
-261.753662 -456.056122 2454.823486
-267.099304 -922.284912 2435.061768
-141.747345 720.166016 2505.129150
-157.565475 491.978027 2467.509033
30.049118 481.117432 2447.310547
183.698578 380.903168 2271.718994
203.166504 685.873413 2213.326904
-345.180054 502.838562 2487.707520
-345.179230 185.448792 2487.707520
-345.185486 -131.940552 2487.707520
-175.859314 253.603424 2425.757324
-82.964897 8.792419 2372.035156
-49.949951 -468.633545 2453.219727
-50.096565 -935.320251 2447.038574
-305.341431 21.665268 2395.976074
-266.509430 -458.676331 2453.944580
-266.691742 -924.995850 2435.524414
-142.449966 717.184814 2504.764160
-158.064682 489.377869 2466.141846
29.496418 478.884796 2445.235840
185.842239 380.454773 2273.361328
234.697342 685.008545 2226.041504
-345.625763 499.870941 2487.047852
-345.624939 182.481171 2487.047852
-345.631195 -134.908173 2487.047852
-176.143875 251.134369 2423.519775
-83.070435 6.672455 2368.508301
-46.913132 -470.479797 2449.949219
-46.082619 -937.074463 2439.323486
-305.375702 19.109283 2393.287109
-265.431244 -461.563995 2447.670898
-265.088593 -927.985107 2431.199707
-143.529938 717.974976 2512.550537
-158.245941 491.131622 2468.949707
29.426998 481.354187 2448.704834
182.922226 376.231567 2270.188232
257.524475 676.661133 2235.249268
-345.918884 500.909058 2489.194580
-345.918060 183.519287 2489.194580
-345.924316 -133.870056 2489.194580
-175.535034 253.364365 2423.508789
-81.603775 9.802719 2366.070312
-44.177505 -466.891113 2449.612061
-46.620476 -933.538208 2442.423096
-304.044464 21.391495 2390.065430
-266.503387 -459.055725 2448.018799
-263.318329 -925.440186 2430.585449
-141.001846 719.155518 2507.470459
-157.182068 491.862854 2467.793945
30.483168 481.340240 2447.842041
180.962372 373.612427 2267.580566
268.015564 672.198425 2239.466797
-344.847290 502.385498 2487.745850
-344.846466 184.995728 2487.745850
-344.852722 -132.393616 2487.745850
-175.156250 253.780640 2424.295166
-81.914978 9.462418 2368.972412
-45.635208 -467.034546 2454.148193
-48.939651 -933.715698 2448.638672
-304.345886 21.934402 2392.620361
-266.724701 -457.820129 2455.912842
-268.018402 -924.072998 2435.441895
-140.904907 722.675476 2513.437744
-156.912476 494.707764 2471.247559
30.779524 484.113556 2451.567871
179.984390 374.802002 2263.814941
268.495575 674.280884 2241.076172
-344.604462 505.302002 2490.927246
-344.603638 187.912231 2490.927246
-344.609894 -129.477112 2490.927246
-175.036835 256.876801 2426.420898
-81.930374 12.767426 2369.931641
-47.253162 -464.239105 2452.881836
-47.785114 -930.757874 2440.614990
-304.391998 25.324203 2393.256836
-264.644806 -454.979797 2450.684082
-269.000122 -921.430664 2437.333984
-140.555511 723.310730 2508.400879
-156.624146 495.013672 2469.578369
31.187868 483.895325 2451.450195
172.482849 377.394745 2258.903076
262.026672 678.107544 2235.927979
-344.436157 506.132019 2487.706543
-344.435333 188.742249 2487.706543
-344.441589 -128.647095 2487.706543
-174.850281 256.807434 2426.847168
-81.769791 12.011902 2373.372314
-47.723255 -465.291290 2454.890625
-47.573925 -931.914429 2446.532471
-304.383057 25.190475 2394.859619
-264.031677 -454.885986 2453.985596
-266.035034 -921.348877 2439.311279
-141.434952 720.602295 2505.371094
-157.338318 492.754303 2467.625244
30.433502 481.662170 2449.032959
166.741531 377.202118 2259.428223
239.969620 681.540588 2223.743652
-345.110138 503.846466 2486.217529
-345.109314 186.456696 2486.217529
-345.115570 -130.932648 2486.217529
-175.525848 254.310547 2426.196045
-82.436172 9.293365 2373.748779
-47.072304 -468.304749 2452.929443
-50.046482 -934.925293 2444.122314
-304.990570 22.440216 2395.784912
-264.077789 -458.028717 2451.253174
-266.590363 -924.559143 2438.167480
-142.979843 718.155762 2504.873535
-158.186829 490.247375 2466.746582
29.422686 479.971680 2446.238281
163.363831 376.102051 2259.706055
206.956955 683.517090 2214.132080
-345.796326 500.523041 2487.254883
-345.795502 183.133270 2487.254883
-345.801758 -134.256073 2487.254883
-175.847656 251.882309 2424.618164
-82.319969 7.427277 2370.335449
-44.981129 -470.215302 2448.336426
-50.083271 -936.823120 2439.149170
-304.696991 19.607239 2394.644043
-262.296478 -461.195068 2445.906494
-265.121826 -927.805908 2436.030762
-141.830170 721.324829 2504.622803
-158.141602 492.564453 2467.398438
29.232483 481.982971 2445.006104
159.188553 373.553467 2261.844238
165.643448 679.452515 2201.441895
-345.515686 503.145874 2489.790771
-345.514862 185.756104 2489.790771
-345.521118 -131.633240 2489.790771
-176.515854 254.064850 2426.348877
-83.844826 9.294266 2372.028809
-48.244701 -467.587097 2455.174072
-50.038109 -934.183167 2444.416016
-305.935364 21.836258 2398.569824
-266.179199 -457.935547 2459.773682
-261.777618 -922.319214 2422.699219
-142.412933 721.041748 2504.507812
-158.249298 492.880615 2467.127686
29.297256 482.753235 2445.971191
155.586304 375.780731 2259.434082
112.924515 673.279541 2187.306152
-345.795868 503.007996 2488.284180
-345.795044 185.618225 2488.284180
-345.801300 -131.771118 2488.284180
-175.734741 254.266663 2426.345215
-82.076607 9.651062 2373.025146
-44.671986 -467.508057 2453.804443
-43.748028 -934.132202 2444.019287
-304.363770 21.654404 2398.100342
-262.658752 -458.627258 2454.028809
-260.860535 -923.902222 2423.836670
-136.143127 714.569214 2512.833496
-154.835602 489.101288 2468.568115
32.859360 477.509766 2449.725830
145.331879 376.913544 2258.226074
56.223511 661.176880 2176.658447
-342.530579 500.692841 2487.410400
-342.529755 183.303070 2487.410400
-342.536011 -134.086273 2487.410400
-174.103912 251.603973 2422.734375
-82.130547 7.236664 2365.733398
-45.079773 -470.106476 2445.662109
-46.909874 -936.712646 2435.086426
-304.613892 20.976654 2388.067871
-263.345947 -459.374817 2444.140625
-265.859253 -925.235168 2421.350586
-136.080826 715.563965 2516.600098
-154.617096 490.057373 2470.006348
33.012531 479.257690 2449.999023
132.156738 376.959167 2256.109619
2.749069 644.895508 2173.478271
-342.246704 500.857117 2490.013672
-342.245880 183.467346 2490.013672
-342.252136 -133.921997 2490.013672
-173.289474 252.709839 2423.013184
-80.771515 8.962311 2364.163574
-43.804741 -466.984619 2451.754883
-47.717873 -933.621948 2443.315430
-303.152222 21.762253 2387.876465
-259.448883 -457.800659 2448.617188
-266.615173 -924.028320 2438.257812
-138.492523 716.629456 2509.734863
-157.491150 491.580261 2467.881836
29.915548 479.751892 2446.413330
127.089470 371.984741 2258.544434
-44.572197 614.303894 2174.285645
-344.897858 503.408630 2489.350342
-344.897034 186.018860 2489.350342
-344.903290 -131.370483 2489.350342
-177.563141 253.816437 2423.664062
-86.572601 9.042770 2366.723633
-48.526814 -466.144653 2458.005127
-56.012882 -932.696838 2447.841553
-308.697662 23.062424 2392.168945
-268.097534 -456.097595 2457.957031
-271.116058 -922.266479 2440.580078
-139.566696 719.094238 2506.317139
-158.722900 493.189453 2466.172852
28.375755 481.597290 2442.124512
124.057755 367.502502 2260.765625
-83.657761 583.672363 2180.476562
-345.821564 504.781555 2490.221191
-345.820740 187.391785 2490.221191
-345.826996 -129.997559 2490.221191
-178.914215 255.077972 2423.859375
-88.219742 10.096329 2367.293457
-41.289253 -465.446594 2451.784180
-53.915260 -931.902100 2443.205322
-309.991302 23.836685 2395.798340
-265.158691 -454.475586 2464.928711
-262.056854 -918.466553 2422.704346
-139.796844 718.130127 2505.475342
-160.043457 492.973145 2465.578613
26.567970 481.783997 2437.980469
118.535431 363.256226 2260.880371
-116.928604 554.533020 2186.134766
-346.654907 504.162292 2493.176758
-346.654083 186.772522 2493.176758
-346.660339 -130.616821 2493.176758
-180.477539 254.741608 2423.994629
-90.307709 9.878296 2366.053467
-43.659294 -465.228760 2453.491211
-53.970329 -931.661682 2441.256104
-311.515533 23.141830 2398.767822
-264.139496 -456.236328 2457.382324
-265.585297 -921.467896 2428.807861
-138.784210 716.744690 2504.914795
-161.689590 491.722046 2465.079834
24.534307 479.079529 2435.509277
112.774734 359.123108 2258.942871
-137.602570 536.527954 2187.954590
-347.913452 504.364563 2494.650391
-347.912628 186.974792 2494.650391
-347.918884 -130.414551 2494.650391
-184.367371 253.597748 2424.070557
-96.687714 7.981400 2365.537598
-50.203957 -466.079102 2458.613281
-55.084595 -932.459167 2442.574707
-317.402618 22.965485 2400.584961
-268.308594 -456.745209 2455.429688
-269.083221 -922.497681 2430.604004
-138.373611 718.147217 2504.113525
-160.982819 492.401733 2464.994629
24.843647 480.188416 2432.845703
111.392883 358.067688 2258.463867
-145.609467 531.999695 2188.981934
-346.809265 504.614990 2497.143555
-346.808441 187.225220 2497.143555
-346.814697 -130.164124 2497.143555
-183.575592 254.100494 2424.933838
-96.042862 8.561356 2365.820801
-45.747082 -465.623901 2456.331299
-48.441284 -932.180908 2446.410889
-316.293884 23.037186 2403.925293
-263.336914 -455.581299 2464.409180
-257.821930 -919.714600 2421.189209
-137.139969 721.103455 2504.701172
-159.177414 493.860229 2465.370117
26.539831 482.132385 2432.324707
112.187210 359.543732 2258.213623
-142.534500 539.303040 2183.787598
-344.894653 505.588074 2498.415527
-344.893829 188.198303 2498.415527
-344.900085 -129.191040 2498.415527
-181.325470 255.480515 2425.497070
-93.421455 10.151138 2366.041992
-41.124851 -463.891113 2456.306641
-46.721485 -930.341431 2442.594238
-313.525635 24.050461 2405.206055
-262.957214 -454.755737 2466.575439
-253.987549 -917.568665 2410.594971
-138.433380 719.201782 2505.016357
-160.444687 492.666443 2465.670898
25.492331 480.863068 2433.872314
115.595543 361.271545 2260.124268
-126.591347 557.658997 2181.636475
-346.381683 504.469818 2497.469482
-346.380859 187.080048 2497.469482
-346.387115 -130.309296 2497.469482
-182.467804 254.346893 2425.355957
-94.302963 9.032547 2366.197021
-42.690651 -465.144958 2456.234131
-48.907925 -931.444641 2438.048096
-314.678894 23.022125 2403.885010
-266.629791 -456.153931 2464.548340
-257.101440 -918.644043 2404.329346
-140.778976 718.081970 2505.181641
-162.605011 491.482269 2465.753906
23.640549 479.610352 2435.856445
122.800285 362.636810 2264.074707
-97.877174 581.041199 2179.070312
-348.850555 503.354187 2495.651367
-348.849731 185.964417 2495.651367
-348.855988 -131.424927 2495.651367
-184.352295 253.230667 2424.885742
-95.723457 7.943329 2366.299316
-43.732105 -466.555634 2454.430664
-50.816311 -933.046448 2445.303711
-316.475708 22.014816 2401.735840
-267.565094 -456.657410 2465.645020
-257.612366 -918.684631 2401.236328
-140.225159 720.351746 2513.241699
-161.771118 493.780823 2469.870361
24.930416 481.682037 2443.208008
132.430374 369.837494 2261.544922
-66.171402 605.538635 2172.552246
-348.472656 505.879639 2496.532715
-348.471832 188.489868 2496.532715
-348.478088 -128.899475 2496.532715
-183.480072 256.140106 2425.690430
-94.532379 11.328506 2365.707764
-41.196293 -462.554260 2456.305176
-49.260147 -929.041260 2445.287109
-315.845673 25.670242 2397.313232
-262.525879 -453.288940 2454.872803
-258.802307 -917.635254 2418.418213
-139.862030 716.970947 2508.926758
-158.091431 491.199219 2468.730469
29.282782 480.319336 2447.127441
137.698929 370.399902 2262.314209
-29.206345 627.264771 2172.051514
-345.465637 502.079102 2490.333496
-345.464813 184.689331 2490.333496
-345.471069 -132.700012 2490.333496
-176.892151 253.133362 2425.558105
-84.617172 8.617889 2369.579346
-33.878712 -465.346191 2461.234131
-40.622288 -931.757507 2446.280029
-306.768585 21.517120 2395.192139
-252.647491 -457.600708 2450.942871
-255.396423 -923.067139 2428.622070
-140.687500 717.843628 2506.144775
-156.807983 491.190125 2467.110596
30.802797 480.855225 2447.004395
144.840668 373.700287 2260.665039
12.632736 648.468140 2174.969238
-344.418762 501.524994 2487.216797
-344.417938 184.135223 2487.216797
-344.424194 -133.254120 2487.216797
-174.463486 252.857330 2424.873047
-80.958000 8.401031 2370.722412
-40.218369 -467.894104 2453.979492
-47.818848 -934.398560 2442.312988
-303.279999 20.648041 2394.548584
-258.304230 -459.133911 2452.088135
-260.716125 -924.884155 2428.054443
-142.204041 717.545227 2505.255859
-158.403671 490.518311 2466.713135
28.998646 480.082458 2444.656738
151.422577 377.850006 2258.825928
62.384613 667.484131 2184.930664
-345.805969 500.954163 2488.769531
-345.805145 183.564392 2488.769531
-345.811401 -133.824951 2488.769531
-176.620361 252.177765 2424.703613
-83.786270 7.653137 2369.624023
-46.831715 -469.387878 2450.785645
-56.735714 -935.925049 2442.802246
-305.887848 20.021286 2395.764160
-264.274658 -460.395996 2450.788818
-267.987305 -926.589966 2434.322021
-142.663666 716.999023 2504.341797
-161.396393 489.447937 2466.403809
25.390388 477.499695 2440.476807
156.714966 376.417847 2260.436279
111.869095 676.650269 2196.931641
-348.183197 501.396179 2492.330811
-348.182373 184.006409 2492.330811
-348.188629 -133.382935 2492.330811
-182.428757 251.310364 2424.622559
-92.748894 6.090805 2367.473877
-53.758850 -470.442505 2450.916260
-60.377472 -937.031860 2442.192139
-314.173340 20.254745 2398.208740
-273.071320 -458.838501 2463.540039
-269.626434 -922.701904 2420.917969
-143.784180 716.968140 2504.353516
-163.001083 489.223572 2466.149170
23.608913 476.613098 2439.085205
162.866043 377.201355 2261.208740
158.858261 681.311584 2211.763428
-349.611084 501.834106 2493.213135
-349.610260 184.444336 2493.213135
-349.616516 -132.945007 2493.213135
-185.129944 251.154388 2424.495605
-96.684311 5.612915 2366.805420
-46.606667 -470.238770 2447.591309
-55.618500 -936.746887 2449.769287
-317.833282 20.557449 2398.878662
-267.241425 -458.130615 2460.126221
-268.561310 -923.177368 2428.240479
-144.517776 721.844421 2512.351318
-162.796082 494.057251 2469.822266
24.004204 481.685974 2443.879150
165.940857 377.105774 2262.114258
200.128479 681.860352 2225.104980
-349.596344 506.428528 2495.765381
-349.595520 189.038757 2495.765381
-349.601776 -128.350586 2495.765381
-184.711533 256.498230 2425.304688
-95.932198 11.608185 2365.413574
-44.574600 -464.140259 2446.497559
-49.561954 -930.767944 2448.106445
-317.321777 26.270233 2396.160645
-262.367523 -452.220734 2455.718506
-266.770416 -917.718750 2426.638916
-145.443420 719.770386 2507.859863
-163.218140 492.709412 2468.281250
23.738947 480.956848 2443.131836
171.462128 374.554291 2263.057129
240.472305 675.551208 2241.270508
-350.175232 504.461975 2493.430664
-350.174408 187.072205 2493.430664
-350.180664 -130.317139 2493.430664
-183.916412 254.696060 2425.638428
-93.823013 9.718094 2368.092041
-40.223015 -463.925110 2459.046387
-47.882107 -929.932983 2442.804199
-315.406342 23.647324 2397.899170
-255.046295 -454.544312 2454.723877
-268.068604 -920.404663 2437.786377
-147.059143 721.004700 2514.088623
-163.309525 492.877686 2469.454346
23.823606 482.873413 2444.880859
171.227859 373.783020 2261.526855
271.108643 668.296692 2251.025391
-350.442657 502.881958 2494.027832
-350.441833 185.492188 2494.027832
-350.448090 -131.897156 2494.027832
-182.020706 255.298309 2423.686035
-89.829788 11.790024 2363.354492
-39.094284 -462.793274 2451.310303
-45.643425 -929.122803 2439.254150
-311.633972 23.647827 2392.480957
-255.189697 -455.295135 2447.189941
-265.950745 -921.514160 2434.025879
-146.526520 720.664673 2509.747314
-162.810028 492.613220 2468.020752
24.406305 482.833923 2443.940186
171.607529 368.394562 2264.256592
283.442200 660.333008 2255.638428
-350.026367 502.392517 2492.101318
-350.025543 185.002747 2492.101318
-350.031799 -132.386597 2492.101318
-180.920990 254.671936 2423.844971
-88.086052 10.935379 2365.398926
-41.992142 -463.512085 2456.658203
-45.414757 -929.891235 2441.981689
-309.977844 22.525955 2393.939453
-259.094452 -456.452942 2453.398193
-264.886444 -922.872314 2441.326904
-147.597488 718.861694 2507.074707
-165.313919 491.503448 2467.016113
21.446415 481.050018 2440.011475
173.310059 367.196930 2264.632568
291.424957 657.880371 2251.434814
-352.074249 501.956879 2494.020752
-352.073425 184.567108 2494.020752
-352.079681 -132.822235 2494.020752
-184.922333 253.548279 2423.518555
-93.839203 9.397430 2364.015381
-52.201050 -465.459930 2455.390381
-51.353371 -931.790161 2437.920166
-315.222321 21.788788 2396.026611
-267.154968 -457.812317 2453.004639
-272.981995 -924.288086 2440.477783
-148.030457 719.144165 2513.687256
-165.661163 492.322998 2469.091797
21.189850 481.582886 2442.744629
170.661835 368.099670 2262.326904
287.623108 660.268066 2248.308594
-352.512177 503.063110 2495.438965
-352.511353 185.673340 2495.438965
-352.517609 -131.716003 2495.438965
-185.812775 254.917419 2422.954102
-95.238350 11.147369 2361.203369
-45.785683 -463.454132 2449.753662
-47.132549 -929.987183 2441.075439
-316.690430 23.876328 2392.429443
-265.992584 -454.361145 2457.591064
-263.943390 -918.273804 2416.279785
-148.059723 720.374268 2509.030273
-165.244354 492.908722 2468.245850
21.702902 481.645874 2442.777832
168.324371 371.045837 2258.655273
269.491852 667.137329 2235.885986
-352.191620 504.171570 2493.713867
-352.190796 186.781799 2493.713867
-352.197052 -130.607544 2493.713867
-185.526733 255.052795 2424.551270
-95.021439 10.522339 2365.763916
-45.357121 -463.974670 2455.028320
-46.201542 -930.609497 2452.417480
-316.596802 23.871399 2395.949463
-258.986298 -453.094879 2464.526611
-265.692688 -917.928894 2430.754395
-147.899277 720.068909 2514.186279
-164.906097 493.082336 2470.080566
22.093391 482.327515 2444.742676
162.658997 374.524811 2255.839600
245.793259 674.078979 2221.715332
-351.905579 503.837158 2495.418457
-351.904755 186.447388 2495.418457
-351.911011 -130.941956 2495.418457
-184.749222 255.547516 2424.456055
-93.773430 11.639221 2363.815918
-44.946018 -463.700592 2449.003906
-47.101456 -930.353027 2443.751709
-315.411285 24.386169 2393.847168
-261.220520 -453.118073 2461.788574
-259.967377 -916.807739 2413.991943
-147.889236 717.255676 2508.274658
-165.677246 490.077942 2467.574219
21.402632 478.221161 2443.374023
157.822693 374.756439 2253.908691
213.433289 677.620239 2208.009277
-352.757111 501.934753 2491.774414
-352.756287 184.544983 2491.774414
-352.762543 -132.844360 2491.774414
-186.355743 252.181854 2424.274658
-96.162865 7.258911 2366.633057
-48.424458 -467.414124 2456.062012
-52.094345 -933.905640 2443.897705
-317.905609 21.312576 2395.317139
-266.860016 -455.867615 2467.842041
-261.487488 -918.841675 2411.997070
