-154.703323 718.577576 2503.639893
-160.279007 489.956055 2460.108887
28.167320 486.116669 2446.329102
188.551636 362.513519 2255.333008
95.153641 648.690063 2181.547363
-348.725342 493.795471 2473.888672
-348.724518 176.405701 2473.888672
-348.730774 -140.983643 2473.888672
-168.612778 252.132385 2412.403809
-65.259010 12.033173 2356.531738
-47.510551 -464.918732 2444.897217
-53.911964 -931.533325 2436.762695
-288.634064 16.584229 2372.865723
-261.463867 -462.488159 2445.533203
-271.381958 -927.738647 2417.370117
-159.148392 718.104370 2502.989746
-163.364716 489.226624 2459.822266
25.036674 486.824921 2445.028564
188.269104 361.264526 2256.657471
131.529053 662.086670 2202.164062
-351.766144 491.628296 2474.615967
-351.765320 174.238525 2474.615967
-351.771576 -143.150818 2474.615967
-170.134537 251.333542 2412.227539
-65.256706 12.017227 2355.865967
-45.052940 -464.738220 2444.798096
-49.613808 -931.412354 2442.078369
-288.551971 14.863724 2373.399658
-258.299438 -465.177002 2437.800049
-268.326843 -931.118896 2422.523682
-159.925156 718.769775 2503.161377
-164.339661 489.200195 2460.447754
24.136984 486.521362 2446.561523
187.632446 360.629883 2257.326660
174.963776 670.188049 2227.521729
-352.816284 491.879028 2474.333984
-352.815460 174.489258 2474.333984
-352.821716 -142.900085 2474.333984
-171.151443 251.094818 2413.925049
-66.272057 11.401978 2359.173340
-46.217415 -464.834442 2450.885254
-50.091751 -931.488281 2444.570312
-289.654419 14.576904 2375.631348
-260.705994 -465.402985 2441.542480
-267.437744 -931.589539 2425.460205
-162.524780 718.561951 2504.256836
-165.967438 489.399048 2460.511719
22.400063 487.541687 2445.102295
186.309509 357.314667 2256.157471
212.043900 669.498962 2244.506592
-354.334930 491.256439 2475.921143
-354.334106 173.866669 2475.921143
-354.340363 -143.522675 2475.921143
-172.197205 251.465164 2413.037109
-66.794273 12.430527 2356.430420
-44.885246 -464.582825 2443.468018
-48.903709 -931.275024 2440.630615
-290.059662 14.632004 2374.694580
-261.617249 -466.402039 2432.361328
-265.219330 -932.866272 2423.008057
-167.818085 719.254822 2503.291992
-168.971786 489.684692 2460.521240
19.255890 489.754639 2443.489990
185.150131 351.164093 2254.565918
252.081848 658.974670 2263.764893
-357.199463 489.614807 2477.552490
-357.198639 172.225037 2477.552490
-357.204895 -145.164307 2477.552490
-173.177460 251.708633 2413.063965
-65.828217 13.774002 2355.512939
-43.219948 -462.823730 2444.692139
-45.656990 -929.540527 2441.977783
-288.938049 13.691116 2375.700439
-260.811554 -466.656128 2439.118408
-263.681946 -933.022827 2423.911865
-171.248260 718.114136 2503.823486
-172.273651 488.847198 2460.603516
15.837597 488.825256 2442.252930
183.577133 345.581024 2254.275391
279.197571 648.729065 2273.225586
-360.384888 488.869141 2478.954102
-360.384064 171.479370 2478.954102
-360.390320 -145.909973 2478.954102
-176.929413 250.870941 2413.162109
-70.109138 12.881683 2354.845947
-48.482651 -464.140167 2442.012451
-53.561954 -930.688232 2449.110107
-293.061218 12.907684 2376.595459
-266.665405 -466.025635 2450.134033
-263.207977 -929.811768 2407.003174
-174.090927 714.295898 2504.582520
-175.011871 485.773560 2460.183594
13.027264 485.827087 2441.041504
181.788879 342.792969 2253.620850
298.415405 640.999634 2280.833252
-363.051025 485.720032 2479.325684
-363.050201 168.330261 2479.325684
-363.056458 -149.059082 2479.325684
-179.743317 247.736847 2413.039551
-73.040977 9.731857 2354.551758
-48.528145 -465.791138 2448.589355
-50.850765 -932.280518 2443.516846
-295.908539 9.668411 2377.239258
-265.810272 -470.214111 2442.690430
-265.188019 -935.472473 2419.343750
-176.202255 711.441956 2503.473389
-178.222839 483.935638 2459.519531
9.525532 483.258911 2437.838867
179.900269 337.396515 2253.813721
307.070618 632.878540 2287.736084
-365.971191 484.612366 2481.200195
-365.970367 167.222595 2481.200195
-365.976624 -150.166748 2481.200195
-184.444901 245.800446 2413.071533
-79.393463 7.264175 2353.773926
-51.056030 -468.534973 2445.373779
-52.531075 -935.089966 2448.315186
-301.940491 8.066330 2379.473145
-269.018738 -471.443298 2446.775635
-271.133667 -937.114624 2422.886230
-178.825119 708.404663 2502.914795
-181.000092 480.963959 2458.919189
6.548865 480.007599 2435.552979
176.952377 337.696442 2249.903564
312.800842 629.467407 2279.868164
-368.549042 481.920319 2482.285400
-368.548218 164.530548 2482.285400
-368.554474 -152.858795 2482.285400
-187.992950 242.834778 2412.537598
-83.840965 4.138840 2352.308838
-48.389889 -470.243347 2448.418213
-52.666126 -936.707886 2441.227783
-306.130676 5.272354 2380.003174
-266.762360 -474.298218 2443.177734
-270.693848 -940.403076 2424.830566
-179.503830 707.697449 2503.131104
-181.403381 480.236023 2459.137939
6.096861 479.156006 2435.315430
175.987778 338.341064 2247.924805
313.113434 629.955444 2272.595215
-368.903625 481.316040 2482.960449
-368.902802 163.926270 2482.960449
-368.909058 -153.463074 2482.960449
-188.664307 242.106995 2412.784912
-84.812317 3.337936 2352.314697
-46.045727 -471.938965 2442.564453
-50.466682 -938.459412 2444.897217
-307.038147 4.617966 2380.549072
-263.457916 -474.828064 2442.131836
-267.610199 -940.933899 2420.912354
-181.415634 706.501160 2502.740723
-182.948486 478.821442 2459.187988
4.322866 478.076202 2433.640137
174.492477 337.671600 2245.455811
309.252991 630.521362 2263.317139
-370.219818 479.566681 2484.735840
-370.218994 162.176910 2484.735840
-370.225250 -155.212433 2484.735840
-190.226837 240.701935 2412.781982
-86.520561 2.140778 2351.235352
-44.516762 -472.249359 2444.785400
-52.942970 -938.801392 2446.232910
-308.489838 3.024078 2381.516602
-265.668060 -476.663239 2442.020264
-266.933319 -942.780762 2419.408691
-182.755371 703.049805 2504.042480
-182.895386 475.524780 2459.057373
4.280630 476.698029 2432.864746
176.737228 340.340332 2243.220459
291.063110 640.596191 2248.750244
-370.071411 474.351501 2485.250000
-370.070587 156.961731 2485.250000
-370.076843 -160.427612 2485.250000
-188.043030 237.565552 2411.612549
-82.262077 0.301666 2348.644775
-39.068226 -473.721588 2443.668457
-47.298107 -940.296265 2439.987549
-304.119263 -1.088989 2379.690674
-259.498749 -480.913116 2437.847900
-261.975189 -947.161743 2417.440186
-183.899490 701.449524 2503.190918
-182.949768 474.156921 2458.554932
4.054355 476.487000 2431.223877
176.864227 342.677124 2240.601562
265.476624 649.549805 2231.183105
-369.953888 471.826782 2485.885986
-369.953064 154.437012 2485.885986
-369.959320 -162.952332 2485.885986
-186.866364 236.101715 2411.461426
-79.959610 -0.572586 2348.170898
-38.938152 -474.794800 2443.241455
-49.078217 -941.365417 2443.928223
-301.606293 -3.334366 2380.564941
-260.643707 -483.123840 2441.564209
-263.035187 -949.547791 2425.552490
-187.829391 701.129028 2502.782471
-183.022766 473.445618 2457.868408
4.121377 479.087616 2432.229492
174.929733 343.837585 2239.815918
222.154160 656.762146 2208.516602
-370.166901 467.803619 2483.507324
-370.166077 150.413849 2483.507324
-370.172333 -166.975494 2483.507324
-182.348785 235.469299 2410.419922
-70.750587 0.837112 2347.774658
-33.349785 -473.236206 2445.025391
-43.262493 -939.776001 2439.654297
-292.599030 -5.851151 2378.168213
-254.870819 -486.149475 2437.245361
-255.901001 -952.531982 2419.479736
-189.804932 700.528748 2503.077148
-182.615234 472.333466 2458.448242
4.787164 479.266357 2435.083740
171.458923 346.914001 2237.424561
171.256821 658.234375 2180.694336
-370.017639 465.400574 2481.812744
-370.016815 148.010803 2481.812744
-370.023071 -169.378540 2481.812744
-179.646301 234.240341 2411.613281
-65.619324 0.255768 2350.932129
-37.441605 -472.848114 2455.149170
-45.743469 -939.139465 2440.070557
-287.735413 -7.961334 2378.624512
-258.369965 -488.940613 2436.422119
-262.572327 -955.457642 2424.495117
-191.975723 699.700317 2503.214844
-183.651321 471.313965 2458.560547
3.935667 478.623962 2436.732910
168.724777 348.956360 2235.720459
119.783890 651.803162 2160.602539
-371.238312 464.003937 2480.388184
-371.237488 146.614166 2480.388184
-371.243744 -170.775177 2480.388184
-179.770340 233.134979 2412.148926
-64.727547 -0.712173 2352.802490
-42.333099 -474.891968 2453.614258
-49.928291 -941.134155 2435.214355
-287.051178 -9.375809 2378.672119
-262.955902 -490.216797 2439.984619
-265.859436 -956.211792 2416.790771
-191.302948 697.949707 2504.784424
-184.066940 469.860840 2458.747559
3.690030 476.605713 2438.161133
169.867813 352.976288 2236.369629
67.418457 634.086609 2141.265137
-371.823914 463.115936 2479.333984
-371.823090 145.726166 2479.333984
-371.829346 -171.663177 2479.333984
-180.664124 231.775024 2411.777344
-65.995781 -2.313736 2352.607422
-42.369705 -476.219788 2454.701416
-54.422729 -942.228577 2432.894775
-288.526825 -10.307816 2377.006836
-265.800964 -491.633728 2435.205811
-268.677368 -957.907837 2416.992188
-190.830795 699.205444 2505.074707
-182.603271 470.777924 2459.045410
5.195002 478.006897 2438.931641
166.919876 357.496918 2234.202393
14.883911 613.813721 2137.210938
-370.401550 463.548950 2479.159180
-370.400726 146.159180 2479.159180
-370.406982 -171.230164 2479.159180
-178.509766 232.768066 2411.724121
-63.125969 -0.957855 2352.483398
-39.166790 -475.601471 2451.108154
-48.724689 -941.953613 2440.572266
-285.706543 -9.525726 2376.322266
-263.646606 -490.433685 2438.222656
-260.927216 -956.635742 2417.837402
-191.546722 700.858215 2503.219482
-184.305771 472.822693 2459.199951
2.824811 480.451660 2434.174316
168.473389 362.257446 2236.106934
-22.234100 590.836975 2134.309326
-371.436340 465.193726 2484.225586
-371.435516 147.803955 2484.225586
-371.441772 -169.585388 2484.225586
-180.785263 234.601532 2412.904297
-66.330223 0.902985 2351.772949
-47.553646 -474.719177 2446.635010
-54.121910 -941.238098 2444.782471
-288.199280 -8.142212 2381.444336
-267.616364 -488.728363 2446.354736
-269.749512 -954.744690 2421.947021
-191.660614 699.682068 2511.289795
-186.155197 473.341064 2462.662842
0.526154 481.634155 2434.606934
171.712738 364.109375 2242.052734
-49.538635 565.937073 2137.136475
-372.836517 465.047974 2490.718750
-372.835693 147.658203 2490.718750
-372.841949 -169.731140 2490.718750
-182.982178 235.698593 2413.530762
-69.181458 2.970642 2347.772705
-47.611023 -472.323273 2443.799561
-53.524635 -938.875427 2437.272217
-290.436859 -6.858368 2381.024658
-270.107391 -488.050690 2441.315674
-265.486023 -954.110962 2418.242432
-190.958847 698.568726 2507.305420
-186.450729 471.757904 2460.948730
0.216665 480.372437 2432.693848
173.853073 366.059631 2244.015137
-68.350342 548.597168 2141.318604
-373.118103 463.143372 2489.203125
-373.117279 145.753601 2489.203125
-373.123535 -171.635742 2489.203125
-182.666016 233.797791 2413.401611
-68.274170 0.942093 2349.112793
-42.048782 -473.456970 2448.293457
-49.871239 -940.021240 2440.941406
-289.488464 -9.266739 2382.596680
-266.495239 -489.994873 2445.606934
-266.201599 -956.150024 2423.468750
-192.566666 696.091736 2505.318848
-187.077179 469.542053 2460.070801
-0.718068 479.157593 2430.121338
175.428360 365.537933 2245.998535
-76.538330 542.888367 2148.273926
-373.436279 459.926453 2490.020264
-373.435455 142.536682 2490.020264
-373.441711 -174.852661 2490.020264
-182.264984 231.393051 2413.554688
-67.013596 -1.057602 2349.290039
-38.193958 -475.663147 2446.835205
-49.074081 -942.201904 2440.608398
-287.891968 -12.454269 2384.787109
-264.546234 -493.021240 2449.005615
-266.788483 -958.628784 2418.240967
-193.462082 695.470459 2503.812988
-186.823761 468.038208 2459.261719
-0.432537 477.816467 2429.484375
177.203293 368.277435 2246.483887
-70.781311 555.425903 2150.481689
-373.214966 458.259888 2489.039551
-373.214142 140.870117 2489.039551
-373.220398 -176.519226 2489.039551
-181.643829 229.757202 2413.439453
-66.010284 -2.729263 2349.971191
-40.568703 -477.795532 2446.229004
-42.771049 -944.417114 2443.031738
-286.917511 -14.318314 2385.262695
-266.013275 -495.041016 2449.179688
-265.858795 -960.475952 2415.225830
-193.597305 696.033752 2512.085693
-186.771500 469.462891 2462.157471
-0.163137 479.218414 2433.755615
176.612259 371.646729 2245.248047
-60.503738 573.477783 2151.723389
-373.379883 459.707397 2490.559326
-373.379059 142.317627 2490.559326
-373.385315 -175.071716 2490.559326
-181.761749 231.769791 2413.430176
-66.162979 -0.141953 2347.871094
-41.659073 -475.334473 2443.824219
-46.073746 -941.993408 2443.425293
-287.341003 -11.704697 2381.534668
-265.124054 -492.412415 2445.166992
-267.655914 -957.705688 2409.072266
-194.639542 695.631470 2507.211182
-186.702896 468.143555 2461.088867
0.063670 477.415344 2433.556641
176.802719 374.819763 2242.619141
-42.722931 594.761780 2150.231445
-373.469482 458.871765 2488.621094
-373.468658 141.481995 2488.621094
-373.474915 -175.907349 2488.621094
-181.821899 230.105331 2414.037842
-66.259201 -2.438248 2350.670654
-41.868431 -476.300720 2452.859375
-45.691772 -942.769836 2442.314209
-287.622589 -13.427536 2383.302979
-266.064545 -493.519836 2451.510010
-262.476074 -958.357544 2410.495361
-196.047714 694.990601 2513.282715
-186.744980 468.204895 2463.523193
-0.122889 478.755798 2435.482178
178.892273 372.909180 2245.805420
-13.210007 615.476379 2155.031982
-373.367065 457.653992 2491.564209
-373.366241 140.264221 2491.564209
-373.372498 -177.125122 2491.564209
-180.781601 230.731750 2413.858398
-64.219803 -0.488602 2347.575684
-41.278713 -475.809998 2442.972168
-45.348454 -942.403442 2439.353516
-285.416656 -12.994217 2380.811523
-263.718353 -493.093384 2449.022949
-260.238525 -958.014893 2408.428223
-197.119873 697.502441 2516.322021
-187.571838 470.336609 2464.979248
-1.223527 480.557709 2435.089111
180.944946 370.449371 2246.905029
28.705933 638.240356 2161.291260
-373.920166 460.115479 2494.869385
-373.919342 142.725708 2494.869385
-373.925598 -174.663635 2494.869385
-182.623352 232.967728 2414.661133
-67.236313 1.656357 2346.628662
-46.644814 -473.017700 2445.800049
-53.504486 -939.622681 2441.216064
-288.113403 -10.458633 2382.057373
-268.877777 -490.223999 2453.230713
-265.050995 -955.067383 2411.539307
-196.632660 696.091736 2509.328857
-187.101761 468.717529 2463.116211
-0.682131 478.231873 2433.402100
182.470810 367.223358 2247.941895
73.351875 655.609741 2177.288086
-373.521423 459.203156 2492.830322
-373.520599 141.813385 2492.830322
-373.526855 -175.575958 2492.830322
-182.570038 230.815933 2415.372070
-67.563660 -1.447311 2350.019043
-43.027695 -475.569153 2450.967773
-49.357555 -942.205200 2445.380859
-288.512939 -12.723984 2385.236816
-265.547882 -493.281921 2449.200684
-261.899261 -958.879333 2418.876465
-199.150192 697.440552 2514.838623
-188.767181 470.492828 2465.905029
-2.697943 481.054321 2434.444336
184.225250 366.108093 2248.964355
119.121445 668.946899 2195.143555
-374.836426 459.931335 2497.365723
-374.835602 142.541565 2497.365723
-374.841858 -174.847778 2497.365723
-183.616516 232.914581 2416.612061
-68.191444 1.595627 2348.673828
-44.735855 -473.864136 2443.293945
-50.175159 -940.543579 2441.525146
-288.740265 -10.922958 2385.964355
-265.411835 -491.931519 2446.529297
-261.655731 -957.447083 2413.964355
-197.497299 693.782227 2509.092041
-188.467957 467.091736 2463.835693
-2.631283 477.187927 2430.876953
187.619995 367.059448 2249.474854
170.597641 679.643311 2218.919434
-374.304626 456.995544 2496.794434
-374.303802 139.605774 2496.794434
-374.310059 -177.783569 2496.794434
-183.929993 229.100067 2416.519531
-69.260193 -2.908310 2349.671143
-45.495918 -478.553894 2443.449219
-49.953644 -945.253052 2444.606201
-289.523865 -14.874863 2388.735596
-268.091492 -495.655579 2451.878906
-260.398834 -961.246216 2420.804932
-198.519958 692.817383 2514.726807
-189.017899 466.328735 2465.279541
-3.104405 476.944824 2432.889893
188.311325 363.032471 2250.743408
218.250229 677.608032 2240.936768
-374.931396 455.712646 2497.669189
-374.930573 138.322876 2497.669189
-374.936829 -179.066467 2497.669189
-184.104523 228.822128 2415.636475
-69.016418 -2.393250 2346.798828
-40.769516 -477.730438 2440.880127
-51.111099 -944.303711 2439.299072
-289.365845 -14.975708 2385.187988
-266.277863 -496.512146 2441.326660
-259.547729 -962.364258 2413.959229
-197.698929 694.248840 2509.030518
-187.980759 466.662231 2463.952148
-2.073905 476.798828 2431.350342
189.156860 362.516815 2251.860840
260.600342 672.168762 2262.354980
-373.887634 456.525635 2496.553955
-373.886810 139.135864 2496.553955
-373.893066 -178.253479 2496.553955
-183.362045 228.737671 2416.314453
-68.571388 -3.179764 2349.356201
-40.977741 -477.900208 2446.725342
-53.022064 -944.459412 2445.253906
-288.915283 -15.194016 2387.997314
-265.828003 -496.231506 2448.399658
-259.664490 -961.982788 2418.957764
-198.034286 696.998840 2514.192871
-189.008621 469.648102 2466.707275
-3.423605 479.839966 2432.368164
189.076767 357.256165 2255.427734
292.528870 660.728821 2278.979248
-374.593658 459.456238 2501.046387
-374.592834 142.066467 2501.046387
-374.599091 -175.322876 2501.046387
-184.835327 231.787720 2418.665039
-70.675362 -0.032486 2350.271729
-43.519226 -475.091980 2446.164551
-47.505791 -941.734009 2444.172852
-290.648682 -12.112839 2390.973877
-266.075562 -493.275208 2449.965332
-270.023193 -959.064453 2422.374268
-200.030060 696.057617 2508.267578
-190.132248 467.893860 2464.696777
-4.393414 477.990295 2431.150146
186.031906 348.124146 2259.210938
310.231384 647.231323 2287.358887
-375.871063 457.797424 2498.243408
-375.870239 140.407654 2498.243408
-375.876495 -176.981689 2498.243408
-185.388580 229.548645 2419.227539
-70.572525 -2.813217 2353.877930
-39.965969 -477.114319 2452.395020
-45.400551 -943.728638 2446.284180
-290.717316 -14.779892 2393.638672
-265.000946 -496.497620 2447.234863
-263.248627 -962.210144 2417.767090
-196.282669 695.505981 2514.810791
-187.512756 468.588898 2466.361816
-1.568168 478.367188 2433.876221
184.525360 340.567017 2261.612793
318.804047 638.794922 2289.306641
-373.457336 458.810608 2498.847412
-373.456512 141.420837 2498.847412
-373.462769 -175.968506 2498.847412
-183.408569 230.753845 2418.264648
-69.108032 -1.286285 2350.915527
-41.098354 -476.958710 2443.230957
-47.830215 -943.596924 2438.098633
-289.500732 -12.876129 2389.419434
-264.128876 -495.116638 2438.270020
-262.433350 -961.004761 2410.913574
-197.149017 693.236450 2517.088135
-188.067749 467.162415 2466.755859
-2.176346 477.269958 2434.049805
184.260559 340.282074 2260.312012
320.378387 640.302124 2283.165771
-373.959167 457.054810 2499.461914
-373.958344 139.665039 2499.461914
-373.964600 -177.724304 2499.461914
-183.978867 229.743851 2416.623535
-69.726799 -1.684738 2347.108887
-42.534615 -476.178406 2445.490723
-52.165771 -942.591675 2433.353516
-290.053162 -13.664658 2385.873535
-266.277588 -494.651428 2445.641357
-262.460785 -959.551514 2406.441406
-196.214890 694.551880 2518.216064
-187.976852 468.349426 2468.127930
-2.006766 477.477478 2435.585205
184.643661 334.131104 2263.155518
311.984192 639.528198 2274.992920
-373.946960 459.221375 2500.670654
-373.946136 141.831604 2500.670654
-373.952393 -175.557739 2500.670654
-185.072311 230.879517 2418.117676
-71.955811 -1.180817 2348.821533
-41.639206 -474.583252 2451.481445
-54.950569 -940.936279 2439.552490
-292.379730 -12.000000 2387.393311
-267.562653 -492.689423 2449.630371
-266.399536 -958.005737 2414.650635
-195.110031 696.872742 2519.277588
-188.215118 469.900085 2468.682617
-2.058537 478.042603 2436.968018
182.829544 335.559174 2261.579346
289.197693 648.399170 2258.738770
-374.371704 461.757629 2500.397217
-374.370880 144.367859 2500.397217
-374.377136 -173.021484 2500.397217
-186.303955 232.364273 2418.915527
-74.069389 -0.346008 2350.353027
-42.178818 -473.950531 2451.731689
-52.211445 -940.339844 2437.755615
-294.716187 -9.997101 2387.943848
-267.544067 -491.145721 2445.585938
-264.574341 -957.005615 2419.435059
-194.450485 694.655640 2510.812012
-187.944824 467.152863 2466.638916
-1.574926 475.147675 2436.169678
181.901825 332.769958 2265.787842
257.245728 650.905396 2236.456543
-374.314728 459.158051 2497.108154
-374.313904 141.768280 2497.108154
-374.320160 -175.621063 2497.108154
-185.272156 228.922226 2420.478027
-72.150368 -4.570419 2356.260010
-39.150688 -478.831421 2454.177734
-47.722710 -945.361450 2444.794922
-293.048584 -14.046402 2392.374268
-264.129425 -494.736755 2453.088623
-259.776886 -960.066956 2418.901611
-192.592865 697.315674 2515.579346
-186.576553 469.462769 2468.895020
0.099423 476.665466 2440.192383
180.961075 336.890381 2263.398682
217.403214 657.057373 2215.492432
-373.252533 462.260071 2497.597656
-373.251709 144.870300 2497.597656
-373.257965 -172.519043 2497.597656
-184.740738 231.531006 2421.127930
-72.271278 -2.132065 2356.350098
-39.619453 -477.012817 2451.373291
-48.659134 -943.179932 2432.619629
-293.538574 -10.669449 2390.371582
-266.334778 -492.349426 2443.159180
-261.351929 -958.238159 2418.150879
-190.795227 697.107056 2509.458740
-185.180939 468.677399 2466.887939
1.717173 475.054626 2439.458984
176.472061 341.438446 2257.191895
171.474045 660.164734 2193.000000
-372.079041 462.300171 2494.316895
-372.078217 144.910400 2494.316895
-372.084473 -172.478943 2494.316895
-183.710663 230.282104 2421.479492
-71.479294 -4.333847 2359.815918
-38.853512 -479.007751 2455.933594
-49.719376 -945.262817 2439.168945
-293.001465 -11.892532 2392.326172
-263.603882 -492.934875 2449.725586
-263.204834 -958.712219 2421.467773
-189.405273 696.310059 2506.402100
-183.219788 467.760315 2466.096924
3.919780 473.801788 2440.291748
173.230148 347.714294 2253.596436
126.353867 658.009949 2170.958252
-370.359375 461.718842 2491.902100
-370.358551 144.329071 2491.902100
-370.364807 -173.060272 2491.902100
-181.595581 229.110870 2422.003906
-69.066269 -5.958206 2362.617920
-38.361786 -481.958679 2452.397705
-47.386356 -948.362366 2438.263184
-290.876465 -13.118942 2393.203857
-261.744843 -495.029541 2442.660889
-263.464081 -961.249878 2424.478760
-189.080124 697.996704 2512.888428
-181.471603 469.929138 2469.065186
6.042499 476.720398 2446.545898
171.634094 352.371277 2252.809570
78.469505 644.088257 2151.217285
-368.985687 463.137817 2491.584473
-368.984863 145.748047 2491.584473
-368.991119 -171.641296 2491.584473
-178.441925 231.778503 2422.472656
-64.271873 -2.346893 2362.532715
-35.659969 -478.768280 2450.868652
-47.444794 -945.105469 2436.135254
-286.552643 -10.397339 2389.227539
-260.065186 -492.357269 2440.083008
-260.225220 -958.276367 2414.766357
-189.400253 699.081787 2516.126709
-182.037750 471.485291 2470.672363
5.638459 478.943115 2449.669678
167.817474 358.689514 2248.916016
30.828583 627.422607 2137.964111
-369.713959 464.027466 2491.675049
-369.713135 146.637695 2491.675049
-369.719391 -170.751648 2491.675049
-177.923035 233.565430 2422.958252
-62.592331 0.065048 2362.798096
-38.139572 -476.639526 2450.848877
-49.958961 -943.061035 2438.824463
-285.024323 -8.773880 2387.690186
-264.037506 -490.449097 2443.347412
-260.150726 -956.283081 2415.939941
-186.805710 698.745605 2519.739990
-179.590179 471.865662 2472.015137
8.334646 479.117859 2453.297119
163.415253 365.349121 2243.464844
-10.856064 609.809875 2130.337891
-367.514984 464.613403 2490.733154
-367.514160 147.223633 2490.733154
-367.520416 -170.165710 2490.733154
-175.280411 234.168518 2423.189941
-59.600014 0.769302 2363.271729
-36.332550 -475.688049 2453.036377
-47.372799 -941.948364 2435.827881
-282.341309 -7.826523 2385.457764
-263.251190 -489.273804 2443.963623
-257.678589 -955.157166 2416.945557
-188.808685 700.140930 2520.039795
-179.263794 473.501526 2472.261963
8.579521 483.015442 2453.741211
161.701721 367.679291 2239.733154
-41.095642 586.894409 2127.510742
-367.107086 463.987610 2490.782715
-367.106262 146.597839 2490.782715
-367.112518 -170.791504 2490.782715
-172.001785 235.811005 2423.817139
-53.417976 3.758713 2364.396240
-32.257973 -472.617737 2455.135742
-45.741241 -938.667114 2434.325684
-276.061615 -7.517776 2386.348389
-259.852875 -488.659241 2448.203369
-253.079254 -954.158325 2415.591064
-187.568329 700.638306 2528.200928
-177.842300 474.447754 2474.984131
10.156373 484.354675 2458.292480
162.363403 370.850647 2238.873047
-64.600540 565.276672 2131.274902
-365.840942 464.540833 2491.675781
-365.840118 147.151062 2491.675781
-365.846375 -170.238281 2491.675781
-169.925659 237.432541 2423.475830
-50.597763 6.288361 2362.075684
-35.402905 -470.612823 2451.067139
-48.278740 -936.758423 2431.671143
-273.420288 -5.453674 2381.859375
-263.283936 -486.972168 2441.908203
-257.553406 -952.612671 2410.767334
-188.285873 698.341492 2524.262451
-178.676102 472.311218 2473.570557
9.359527 482.617889 2457.430176
159.672379 371.430634 2237.435059
-76.425674 557.862427 2135.491699
-366.711761 462.004517 2489.710938
-366.710938 144.614746 2489.710938
-366.717194 -172.774597 2489.710938
-170.027527 235.132294 2422.873535
-49.949333 4.061111 2362.611572
-39.546516 -472.867371 2452.145264
-48.958302 -939.274597 2439.290283
-272.808563 -8.154343 2381.741455
-266.701508 -489.141235 2446.372559
-258.231232 -954.827698 2416.461182
-190.673996 697.324707 2522.300537
-180.270111 471.197357 2472.862061
7.678975 481.930908 2455.959229
160.331696 370.721649 2239.704590
-72.168762 561.856140 2139.723145
-368.219177 460.463806 2489.764893
-368.218353 143.074036 2489.764893
-368.224609 -174.315308 2489.764893
-171.243149 233.936676 2422.572998
-50.834362 3.036880 2362.267090
-41.335518 -474.105652 2450.876709
-51.858448 -940.604492 2442.629639
-273.598022 -9.684891 2382.300781
-265.858093 -490.883240 2445.392822
-263.681458 -957.037903 2425.406006
-189.811371 700.669128 2520.809814
-178.727875 473.402496 2473.673828
9.226771 484.228607 2456.845215
156.161819 373.365448 2237.336914
-65.331573 576.612854 2139.776855
-366.682526 462.576385 2490.502441
-366.681702 145.186615 2490.502441
-366.687958 -172.202728 2490.502441
-169.452179 235.916519 2424.494141
-48.791256 4.846283 2365.341553
-35.645039 -472.602753 2451.776123
-50.368111 -939.030762 2449.063721
-271.561707 -7.985199 2385.287354
-263.404358 -488.926422 2450.379150
-258.323883 -954.449646 2419.971436
-190.823593 703.719360 2518.575439
-178.053558 475.474792 2473.986328
9.871602 487.036255 2457.311768
153.076981 376.685608 2236.165527
-51.789627 597.028015 2143.680420
-365.978699 463.913330 2490.660889
-365.977875 146.523560 2490.660889
-365.984131 -170.865784 2490.660889
-167.609650 237.642822 2426.789062
-45.795902 6.662491 2369.709961
-34.298100 -471.246399 2453.848877
-45.050667 -937.734741 2446.544189
-268.535583 -7.040817 2389.473633
-264.638336 -487.390137 2458.981201
-255.305267 -952.110229 2419.020508
-189.964264 701.998962 2511.977539
-175.133148 473.340881 2470.969727
12.985300 485.615601 2457.658447
154.522598 374.325867 2237.602051
-26.739349 615.960327 2149.019043
-363.251587 461.066223 2484.281006
-363.250763 143.676453 2484.281006
-363.257019 -173.712891 2484.281006
-162.807281 235.248245 2425.611816
-38.979218 4.431091 2372.364014
-32.661674 -474.291595 2452.101562
-40.980095 -940.817383 2442.547119
-261.983612 -10.119904 2388.143799
-259.563721 -490.620728 2456.825684
-254.804047 -954.738586 2409.421143
-190.086578 700.055908 2515.172852
-174.190140 471.904358 2471.812988
13.883065 484.866455 2458.298584
156.751389 375.167969 2240.306641
9.491104 638.524292 2157.149902
-362.263367 458.942261 2485.327393
-362.262543 141.552490 2485.327393
-362.268799 -175.836853 2485.327393
-161.116058 234.010162 2425.587402
-36.593048 3.797089 2371.353516
-40.054192 -475.154358 2449.442383
-44.930164 -941.758545 2440.782959
-259.490875 -11.565155 2387.370117
-262.067749 -492.893951 2449.547852
-259.930634 -958.113037 2415.841797
-190.907806 697.757568 2517.775879
-174.344955 470.634796 2471.714844
13.733928 483.884766 2458.440674
159.363754 373.089325 2243.677246
49.022339 656.888672 2174.298828
-362.423859 457.384827 2484.989014
-362.423035 139.995056 2484.989014
-362.429291 -177.394287 2484.989014
-160.893280 232.857788 2424.966064
-35.985378 2.932770 2370.351074
-39.125515 -475.619873 2451.207520
-50.245392 -942.061279 2441.010010
-258.897797 -12.771210 2386.083496
-261.187988 -494.812500 2442.553955
-264.978851 -960.719666 2422.193604
-190.872742 699.281372 2519.563721
-174.389160 472.093628 2472.564697
13.613928 485.480896 2458.354492
165.681229 370.045471 2246.830566
99.972610 668.797119 2190.105469
-362.392212 458.706360 2486.774902
-362.391388 141.316589 2486.774902
-362.397644 -176.072754 2486.774902
-161.003952 234.338226 2425.667725
-36.203751 4.516434 2370.349365
-39.679676 -474.258850 2450.079346
-52.264332 -940.735840 2442.546143
-259.033752 -11.350784 2387.192139
-266.523315 -491.379822 2457.173584
-260.277649 -953.388184 2403.046143
-192.590302 700.279785 2520.002197
-179.864243 472.301453 2472.978516
7.843229 483.036316 2454.249756
172.345093 373.011658 2249.960449
148.976212 679.821106 2212.987793
-367.571716 461.566589 2491.707275
-367.570892 144.176819 2491.707275
-367.577148 -173.212524 2491.707275
-170.912476 234.334167 2426.300537
-50.678680 2.731033 2368.519287
-53.364807 -475.829773 2449.655029
-66.721878 -942.154480 2436.687744
-273.242737 -9.997238 2390.725830
-279.408569 -491.129028 2453.367432
-274.042542 -955.354126 2418.135986
-193.056763 698.241516 2520.699707
-182.106659 471.666412 2473.166260
5.223588 481.407959 2450.563965
179.656082 377.981995 2251.007324
200.083878 687.715576 2236.478027
-369.436890 461.924866 2495.768555
-369.436066 144.535095 2495.768555
-369.442322 -172.854248 2495.768555
-175.614700 234.008423 2424.542969
-58.102440 2.123703 2362.524414
-48.987392 -476.223572 2443.658691
-59.349968 -942.719482 2434.800781
-280.143066 -9.422836 2389.314941
-273.081909 -490.784973 2449.311523
-267.256256 -955.189819 2409.465088
-194.731293 696.205566 2520.042236
-185.625671 469.399658 2471.822754
1.204703 478.666595 2445.252441
184.321594 377.479095 2252.020996
249.251801 683.532959 2257.964111
-372.456024 460.132690 2498.393066
-372.455200 142.742920 2498.393066
-372.461456 -174.646423 2498.393066
-180.862228 231.838593 2422.463379
-65.375938 -0.230515 2357.357422
-49.928131 -477.468689 2443.910645
-60.457245 -944.021667 2437.505127
-286.821655 -11.214401 2388.850586
-273.442444 -492.933289 2445.528076
-264.593536 -958.124390 2413.571777
-195.527115 695.574280 2519.697998
-186.929688 468.903717 2471.553711
-0.172750 477.264282 2443.927490
184.667984 370.734283 2254.007568
279.000549 672.163757 2271.600342
-373.686646 460.543152 2499.179932
-373.685822 143.153381 2499.179932
-373.692078 -174.235962 2499.179932
-183.576859 231.284485 2422.308594
-69.567535 -1.380981 2356.694580
-48.124344 -477.046265 2450.259277
-56.123943 -943.419495 2436.001465
-290.880493 -11.288513 2389.432373
-271.215393 -492.961548 2445.129150
-261.878540 -958.805725 2423.257568
-196.731125 696.092896 2519.524414
-188.392120 469.375488 2471.412109
-1.473772 477.292938 2444.615479
183.339249 365.863129 2255.512939
302.277832 659.554443 2280.750732
-375.310486 461.458038 2498.208740
-375.309662 144.068268 2498.208740
-375.315918 -173.321075 2498.208740
-185.412247 231.777710 2421.996826
-71.671165 -1.128479 2356.702881
-46.282898 -475.879120 2454.109131
-53.264656 -941.980774 2432.645508
-293.193573 -10.511658 2388.460205
-267.945770 -491.909241 2444.606689
-263.042328 -957.959717 2422.954590
-196.896011 697.211182 2519.478271
-188.847229 469.525574 2471.867920
-1.915392 477.286255 2445.029053
185.242157 359.874359 2258.784668
313.696442 652.411377 2281.995850
-375.779083 461.764893 2498.706787
-375.778259 144.375122 2498.706787
-375.784515 -173.014221 2498.706787
-186.097427 231.947403 2422.322754
-72.573608 -1.031876 2356.873047
-41.855621 -475.563904 2453.947998
-51.320713 -941.555420 2430.305908
-294.121643 -10.229691 2388.682129
-267.017059 -490.751648 2451.152832
-260.408661 -955.960083 2417.144043
-198.339874 697.432129 2519.921143
-189.206055 470.259399 2471.990234
-2.101694 479.199280 2446.800781
186.617447 356.438263 2259.903809
313.796509 652.302429 2276.619629
-376.310394 461.319519 2497.179688
-376.309570 143.929749 2497.179688
-376.315826 -173.459595 2497.179688
-184.544952 232.742767 2422.316895
-68.997612 0.524277 2357.715088
-39.426102 -475.023926 2450.157471
-44.908009 -941.393250 2438.398193
-290.770111 -10.072037 2387.572021
-262.834778 -490.195740 2452.968994
-258.702545 -954.716736 2409.931641
-199.343292 696.353149 2520.140137
-189.470413 469.611023 2472.740479
-2.345865 479.256805 2447.911377
183.791412 356.730743 2259.962891
301.540009 657.934570 2267.377197
-376.594940 459.965271 2497.569580
-376.594116 142.575500 2497.569580
-376.600372 -174.813843 2497.569580
-183.851532 232.159576 2422.840820
-67.341034 0.424271 2358.227295
-38.910385 -475.779541 2447.727783
-48.854439 -942.210999 2444.648193
-289.124298 -11.008041 2387.655029
-265.225098 -491.682678 2450.599609
-261.152008 -956.903015 2415.315674
-198.696960 697.420044 2520.241455
-188.517975 469.972900 2473.044922
-1.194369 479.255432 2449.623047
175.892914 355.362061 2256.983154
276.017517 662.191895 2254.397217
-375.841614 460.690369 2496.466797
-375.840790 143.300598 2496.466797
-375.847046 -174.088745 2496.466797
-182.874741 232.341827 2424.001465
-66.217430 0.211884 2361.077393
-40.699257 -475.543121 2453.798584
-49.384102 -941.955933 2443.947021
-288.245575 -10.790375 2388.838623
-266.304901 -491.183075 2454.685303
-262.928070 -956.059265 2414.362061
-197.356308 695.380493 2520.289795
-188.746536 467.575073 2472.557861
-1.271642 475.514893 2449.871338
168.953537 353.675262 2254.489258
247.133499 663.641479 2230.926025
-376.221466 459.635315 2495.244385
-376.220642 142.245544 2495.244385
-376.226898 -175.143799 2495.244385
-184.573242 229.847733 2423.845703
-69.296059 -3.174240 2361.688721
-44.763866 -479.341431 2452.630127
-55.189957 -945.774841 2442.055908
-291.503815 -12.585007 2388.578369
-267.984833 -493.842773 2446.798584
-268.369202 -959.606079 2422.292725
-197.615387 696.734314 2520.322754
-189.666107 468.616760 2473.278809
-2.337471 476.025574 2449.242676
164.482010 355.834015 2252.239258
206.277603 668.074646 2210.710205
-376.994751 461.208008 2497.314941
-376.993927 143.818237 2497.314941
-377.000183 -173.571106 2497.314941
-186.499359 230.850906 2424.671875
-72.316055 -2.524307 2361.820312
-43.900803 -478.634949 2451.904053
-56.244339 -944.994751 2439.048584
-294.349152 -11.305618 2390.309570
-267.965912 -492.261536 2450.031494
-268.493347 -958.151978 2424.718018
-196.604980 700.995911 2522.324463
-189.526337 472.374695 2475.611572
-2.147860 479.067230 2451.720459
162.756592 357.405487 2252.110107
163.768387 666.683105 2189.281494
-376.904816 465.682129 2499.502686
-376.903992 148.292358 2499.502686
-376.910248 -169.096985 2499.502686
-187.154419 234.482712 2427.575195
-73.738808 0.556870 2365.380371
-40.927780 -474.773865 2457.985352
-54.494232 -940.833740 2438.291504
-295.826202 -7.375381 2393.697266
-266.376404 -488.194885 2453.216797
-265.744232 -953.886963 2423.475342
-197.352173 700.205017 2521.345459
-188.702347 471.780579 2475.289307
-1.195831 479.790955 2452.911865
160.875046 360.206421 2250.066406
117.133614 660.493774 2170.461182
-376.208862 463.770203 2497.666748
-376.208038 146.380432 2497.666748
-376.214294 -171.008911 2497.666748
-184.366821 234.070862 2426.526367
-68.905052 1.108505 2364.501221
-36.230404 -475.200867 2451.942383
-45.051479 -941.589111 2440.209473
-291.157562 -8.386215 2391.025635
-258.749420 -489.712830 2444.331055
-262.674927 -955.677002 2419.373779
-197.270996 700.371155 2520.351807
-188.166275 472.142517 2475.562988
-0.373217 480.215027 2455.876465
159.929428 361.596069 2248.041992
68.669525 643.370178 2153.908691
-375.959351 464.070007 2495.249512
-375.958527 146.680237 2495.249512
-375.964783 -170.709106 2495.249512
-182.947266 234.246063 2427.798340
-66.429085 1.133926 2368.366211
-37.974617 -474.990906 2458.253174
-49.424580 -941.134277 2440.185303
-289.027405 -8.434738 2391.701172
-261.540222 -490.411865 2441.769775
-263.606049 -956.747925 2432.398682
-200.444931 702.392639 2519.857178
-189.848633 473.780396 2475.933594
-1.909671 482.843140 2458.152832
156.958435 367.796204 2246.533691
18.316360 625.360596 2145.554688
-377.787598 464.717682 2493.714355
-377.786774 147.327911 2493.714355
-377.793030 -170.061432 2493.714355
-182.845276 235.830765 2428.676758
-64.464134 3.251938 2370.882568
-41.082664 -474.355896 2453.802002
-49.194397 -940.787109 2445.957520
-287.219696 -7.489700 2391.957275
-261.230927 -489.378479 2443.920166
-262.880890 -955.514526 2425.476318
-197.053864 697.932678 2519.596924
-190.072830 469.918335 2475.140625
-1.992028 476.580658 2457.838623
152.485916 374.395416 2244.763672
-21.109283 610.701294 2144.819092
-378.153625 463.256042 2492.442627
-378.152802 145.866272 2492.442627
-378.159058 -171.523071 2492.442627
-186.013794 231.961639 2427.636963
-70.490456 -2.046722 2369.879395
-48.144714 -480.016663 2451.264893
-56.804642 -946.415161 2439.078125
-293.419067 -9.943420 2390.387207
-268.277222 -492.194427 2439.423828
-271.494507 -958.459473 2421.415527
-195.792160 698.164368 2520.476562
-188.525299 470.160583 2475.072754
-0.487620 477.893188 2457.624512
153.230499 375.206177 2246.882812
-48.219849 591.096741 2149.145020
-376.562958 462.427948 2492.520996
-376.562134 145.038177 2492.520996
-376.568390 -172.351166 2492.520996
-183.198303 232.319519 2427.076172
-66.441109 -0.939209 2368.739990
-39.600235 -477.884857 2454.568604
-47.775787 -944.063782 2435.458008
-289.301514 -10.103851 2389.419189
-254.654755 -491.151154 2443.232422
-261.550415 -956.964111 2417.034424
-198.022888 697.579834 2520.406250
-188.877838 469.981262 2474.533447
-1.003614 479.516357 2456.255615
154.110382 371.109894 2248.934326
-65.837143 573.195557 2152.919189
-376.752045 460.446106 2492.811279
-376.751221 143.056335 2492.811279
-376.757477 -174.333008 2492.811279
-181.441818 232.128448 2426.885254
-62.664715 -0.073486 2368.405029
-38.345394 -477.660339 2451.489990
-47.732067 -943.980774 2435.689697
-285.346893 -11.375214 2390.069092
-256.959290 -492.979889 2442.773193
-263.809174 -959.046082 2420.253174
-198.508591 697.452087 2520.388916
-188.970901 469.913330 2474.412109
-1.162148 479.652191 2455.493164
152.552078 372.555511 2248.966797
-75.746490 567.999512 2153.744629
-376.779633 460.174469 2493.331055
-376.778809 142.784698 2493.331055
-376.785065 -174.604645 2493.331055
-181.506226 232.179871 2426.136963
-62.745277 0.217697 2366.650391
-43.429642 -477.938843 2447.716309
-50.430508 -944.423706 2435.566162
-285.337830 -11.324875 2389.073242
-262.955261 -493.106018 2443.177734
-266.971069 -959.198730 2419.809814
-197.742508 697.090393 2520.871582
-187.839737 469.478271 2474.886963
0.072281 479.021667 2456.885254
149.778183 372.274750 2247.999023
-72.612381 579.571167 2159.023438
-375.751770 459.934906 2492.888672
-375.750946 142.545135 2492.888672
-375.757202 -174.844208 2492.888672
-180.407745 231.772003 2426.449707
-61.615150 -0.278671 2367.344238
-40.121574 -477.753540 2451.865967
-48.975063 -944.191162 2438.368164
-284.336365 -11.589890 2388.680664
-262.803802 -493.477966 2442.588867
-265.943115 -959.799255 2424.173096
-199.932846 697.994446 2521.132324
-186.950989 470.731018 2475.276611
1.098289 482.102356 2460.347900
152.386292 372.632904 2251.524902
-59.875809 591.085815 2160.768799
-375.000275 459.359741 2490.205322
-374.999451 141.969971 2490.205322
-375.005707 -175.419373 2490.205322
-176.430328 233.158844 2426.840332
-54.448166 2.326706 2369.555420
-31.287096 -474.429749 2457.651123
-43.447891 -940.705505 2441.497803
-277.371185 -11.153397 2387.252686
-258.203125 -492.581970 2445.902344
-257.753265 -958.324097 2417.575195
-200.348373 697.838318 2520.750488
-185.020782 470.848633 2475.164795
3.066206 483.820312 2462.094971
153.189270 372.816711 2253.775146
-39.033112 607.338623 2159.291748
-373.107758 457.876953 2488.234619
-373.106934 140.487183 2488.234619
-373.113190 -176.902161 2488.234619
-172.021606 233.427643 2426.597656
-47.558022 3.693954 2370.285156
-33.056381 -473.758972 2456.079102
-45.273655 -939.985107 2438.207031
-270.486847 -11.680649 2385.775879
-257.349823 -493.181702 2445.384766
-261.176178 -959.193481 2421.589111
-198.073166 696.375977 2521.047363
-182.881348 469.993958 2474.911621
5.385436 482.055450 2463.567627
154.597870 373.407410 2253.390137
-10.920105 628.742310 2163.947510
-371.148163 457.932465 2486.255615
-371.147339 140.542694 2486.255615
-371.153595 -176.846649 2486.255615
-170.608261 232.563065 2426.150879
-46.766785 2.279907 2370.667480
-39.083469 -475.851227 2453.480225
-48.456734 -942.302124 2441.980713
-269.903534 -12.015564 2384.112793
-265.229614 -493.886597 2441.582031
-266.015320 -960.242676 2426.489014
-197.923340 692.550293 2521.714844
-182.537674 467.005219 2474.198730
5.779513 478.740356 2463.131348
157.815536 371.688080 2256.223633
28.347305 647.370361 2173.384766
-370.854828 455.270081 2485.266113
-370.854004 137.880310 2485.266113
-370.860260 -179.509033 2485.266113
-170.637238 229.638657 2425.004883
-47.142117 -0.773804 2369.252686
-42.802528 -479.957489 2446.029541
-50.543457 -946.536255 2441.121582
-270.331512 -14.682007 2382.369385
-264.785583 -496.486481 2440.765625
-264.752319 -962.775024 2422.124023
-198.176331 694.375793 2521.542725
-183.603241 468.082764 2474.326660
4.618609 478.868103 2461.035645
162.908310 368.337402 2260.619141
72.879768 661.598511 2186.613281
-371.825073 457.297424 2487.617676
-371.824249 139.907654 2487.617676
-371.830505 -177.481689 2487.617676
-173.512238 230.740082 2424.634033
-51.870312 -0.210617 2367.064453
-47.682037 -478.841675 2447.455078
-53.865433 -945.408264 2438.666992
-274.972168 -12.994614 2382.818359
-269.155243 -494.327148 2445.062012
-268.514648 -960.345825 2420.482178
-198.451172 697.315552 2521.465088
-186.053726 469.433655 2474.294922
1.928650 479.231354 2457.600098
169.951050 368.157867 2264.826904
117.551140 674.291626 2205.599121
-374.036072 459.635986 2490.989746
-374.035248 142.246216 2490.989746
-374.041504 -175.143127 2490.989746
-178.156860 232.149033 2423.958984
-58.842865 0.671478 2363.728027
-49.708931 -476.980011 2449.248535
-56.832695 -943.477783 2437.203125
-281.677124 -10.942688 2383.518066
-272.368347 -492.573639 2442.978516
-270.787476 -958.769531 2421.404297
-198.297638 697.339111 2521.411865
-186.634277 469.579346 2474.217285
1.227198 478.864380 2455.801270
172.979080 371.075989 2265.411621
161.614944 682.793579 2226.434814
-374.495758 460.294342 2492.633301
-374.494934 142.904572 2492.633301
-374.501190 -174.484772 2492.633301
-179.837250 232.251251 2423.897949
-61.715874 0.425323 2362.665527
-45.591820 -476.565155 2450.725098
-51.104141 -943.099182 2438.539062
-284.364563 -10.579041 2384.491699
-269.570068 -491.841309 2445.694824
-263.566040 -957.608398 2417.540527
-199.783524 698.084229 2520.874023
-186.563644 470.462830 2474.552979
1.299151 480.646637 2456.496094
178.481018 373.543365 2265.703613
200.487061 686.935974 2245.129395
-374.426453 460.278992 2492.609863
-374.425629 142.889221 2492.609863
-374.431885 -174.500122 2492.609863
-178.398178 232.908691 2425.529785
-58.907124 1.389389 2365.806152
-39.349533 -475.053711 2456.276123
-45.241776 -941.510376 2441.435791
-281.558289 -10.680252 2387.207031
-253.094482 -489.757690 2457.902832
-265.829559 -953.607544 2414.317871
-201.532883 698.629211 2520.596191
-187.693146 470.523926 2474.521973
0.174843 481.067841 2456.637451
181.228363 370.281464 2267.340088
238.654449 680.707886 2264.899414
-375.561127 459.980042 2492.406494
-375.560303 142.590271 2492.406494
-375.566559 -174.799072 2492.406494
-178.944946 232.825714 2426.282227
-58.865433 1.375839 2367.444092
-41.568344 -475.789124 2454.602295
-51.728065 -942.227295 2442.194580
-281.528046 -11.120865 2388.640869
-259.648163 -491.492249 2453.128662
-266.886475 -956.324524 2416.598877
-200.744125 697.829773 2521.449707
-187.680054 470.508820 2474.624756
0.168784 480.949036 2456.434082
185.130524 366.135529 2267.615234
272.976471 672.486572 2284.213379
-375.528870 460.068604 2492.815430
-375.528046 142.678833 2492.815430
-375.534302 -174.710510 2492.815430
-179.115738 232.754181 2426.610840
-59.229073 1.186600 2367.816895
-42.256973 -476.585388 2451.733398
-50.929962 -943.080444 2439.767822
-281.873810 -11.187515 2389.376953
-264.274719 -492.016052 2452.519043
-263.165710 -956.971069 2415.094727
-203.702087 697.603760 2520.900146
-190.223114 470.208862 2474.458740
-2.452382 480.646912 2455.469971
183.567368 360.567749 2268.792969
295.504303 661.613403 2289.709961
-377.993835 459.770844 2493.447510
-377.993011 142.381073 2493.447510
-377.999268 -175.008270 2493.447510
-181.860748 232.443512 2426.452148
-62.220127 0.864029 2367.192383
-43.115147 -476.945374 2450.513184
-53.738461 -943.456726 2441.039551
-284.776642 -11.507736 2389.698730
-264.899384 -492.590088 2450.666992
-266.296906 -957.801025 2414.776123
-201.546799 697.855103 2522.131104
-189.529190 470.642334 2474.916016
-1.870836 480.556702 2454.614014
185.287567 356.277832 2268.895508
309.483856 655.770142 2291.824463
-377.187531 460.727936 2495.218018
-377.186707 143.338165 2495.218018
-377.192963 -174.051178 2495.218018
-182.222885 232.952179 2426.376465
-63.702553 1.137711 2365.805176
-41.158417 -476.513489 2449.170654
-55.420303 -942.881104 2437.916016
-286.130615 -10.613632 2389.868652
-264.181396 -491.462402 2452.227539
-266.165100 -956.458130 2412.907959
-200.316452 695.028687 2523.251465
-190.430389 468.034790 2474.887207
-2.961185 476.699890 2452.488281
184.145874 347.131012 2271.456299
311.423248 647.875977 2286.484131
-377.899597 459.369720 2497.286133
-377.898773 141.979950 2497.286133
-377.905029 -175.409393 2497.286133
-185.298218 230.386536 2425.906982
-69.058868 -2.126205 2363.651611
-47.438644 -479.343384 2449.723877
-57.168232 -945.827026 2438.790283
-291.273224 -12.397263 2390.201904
-270.396851 -493.300354 2452.685791
-267.437225 -958.375977 2414.164795
-198.677673 692.090759 2522.328125
-189.118973 465.386047 2473.995605
-1.621117 473.776428 2451.650391
182.097107 340.544189 2274.259033
309.320190 642.090820 2281.356445
-376.616821 456.995667 2496.340820
-376.615997 139.605896 2496.340820
-376.622253 -177.783447 2496.340820
-184.381882 227.822098 2424.541992
-68.533516 -4.769699 2361.846680
-40.993111 -481.312317 2449.776855
-50.934593 -947.824219 2439.510498
-290.756073 -14.713974 2388.330078
-264.733490 -495.548767 2449.253906
-261.551605 -960.842773 2413.099365
-200.013382 689.987549 2520.841309
-189.952774 463.615784 2473.054443
-2.594966 472.421326 2449.701172
181.043701 341.775299 2273.120850
293.240021 647.831848 2265.607910
-377.310577 454.810242 2496.407715
-377.309753 137.420471 2496.407715
-377.316010 -179.968872 2496.407715
-184.989639 226.111938 2423.320312
-68.993652 -6.173538 2359.746582
-42.475670 -481.476807 2454.321289
-50.074348 -947.587891 2433.844971
-291.059357 -16.610275 2387.425781
-265.234314 -497.590637 2447.439697
-262.693756 -963.299561 2417.323242
