-143.638107 719.670044 2519.908447
-157.983734 492.584351 2473.842529
29.933712 484.215576 2455.332520
155.944260 378.786102 2267.116455
-81.048904 560.035645 2169.805420
-345.901184 500.953156 2492.352539
-345.900360 183.563385 2492.352539
-345.906616 -133.825958 2492.352539
-173.130096 254.812698 2427.575195
-76.910019 12.081390 2370.338135
-44.340412 -465.640961 2449.861816
-51.055313 -932.316284 2450.187256
-299.642883 22.000671 2392.277588
-263.223022 -457.832428 2455.304932
-267.643494 -923.419800 2436.352783
-142.200623 722.345886 2520.591553
-156.385376 495.744141 2475.385742
31.612888 486.799316 2458.000977
160.476349 382.887115 2266.066895
-56.667297 583.047607 2163.408447
-344.383636 504.688965 2492.770508
-344.382812 187.299194 2492.770508
-344.389069 -130.090149 2492.770508
-171.958008 257.956360 2429.330566
-76.117050 14.867615 2372.972656
-39.998196 -462.134186 2455.204102
-48.548588 -928.755737 2451.440186
-298.944214 25.469559 2393.578125
-264.379303 -453.359375 2464.606445
-258.954346 -916.707642 2419.774658
-141.224411 721.064453 2520.469971
-155.628937 495.038300 2474.859375
32.429470 484.969666 2458.838135
162.246857 384.939758 2261.541748
-24.899780 609.416748 2155.756592
-343.687347 505.106934 2490.880615
-343.686523 187.717163 2490.880615
-343.692780 -129.672180 2490.880615
-172.330994 257.464111 2428.113770
-77.581451 13.922821 2371.873291
-45.085571 -463.761597 2451.600342
-51.515182 -930.346130 2443.199707
-300.484650 25.857025 2390.863037
-267.521606 -452.770538 2464.314697
-258.495270 -915.050598 2406.616699
-142.485825 726.387085 2528.407959
-156.391602 500.868195 2479.417969
31.662296 491.274292 2462.995117
167.618011 386.968018 2262.276855
17.891403 636.263489 2154.200439
-344.445496 510.462097 2495.840332
-344.444672 193.072327 2495.840332
-344.450928 -124.317017 2495.840332
-172.799530 263.825928 2430.008789
-77.764069 21.098175 2370.867676
-41.871544 -456.078369 2452.190430
-49.150925 -922.658203 2443.072754
-300.650848 32.469147 2390.332031
-262.766754 -446.321655 2460.234375
-261.913177 -910.584595 2421.184570
-144.648544 724.796753 2523.866211
-157.494247 498.815613 2477.234863
30.653641 490.020508 2461.443848
174.296295 390.492981 2259.137939
75.224518 662.848328 2159.291748
-345.642151 507.610718 2493.025879
-345.641327 190.220947 2493.025879
-345.647583 -127.168396 2493.025879
-172.649719 261.475128 2428.850586
-76.303520 18.922440 2371.108154
-40.807510 -457.689331 2455.869629
-48.860825 -924.072510 2440.739502
-299.306885 29.346878 2389.824463
-261.060303 -449.771118 2457.462402
-262.620178 -915.154846 2430.643066
-145.766632 723.835571 2521.604980
-158.032654 497.566833 2475.695801
29.999897 489.153809 2458.426758
179.648163 390.752106 2257.053955
134.876251 680.317444 2174.448242
-346.065216 505.979889 2492.964844
-346.064392 188.590118 2492.964844
-346.070648 -128.799225 2492.964844
-173.050690 260.099640 2427.860840
-76.633163 17.646545 2369.791504
-45.831299 -459.603882 2452.707275
-48.328579 -926.081116 2438.877930
-299.504303 27.618347 2390.260254
-261.653534 -451.950012 2454.946777
-267.454712 -917.814148 2433.215820
-147.118958 721.612915 2512.494141
-159.603928 494.202576 2472.038818
28.272303 485.449005 2453.313965
182.839584 389.388031 2255.517578
193.468979 686.494385 2188.498047
-347.480164 502.956177 2490.763672
-347.479340 185.566406 2490.763672
-347.485596 -131.822937 2490.763672
-175.053406 255.993103 2428.385254
-79.160881 12.595932 2373.634766
-48.370018 -464.805298 2455.801025
-50.166805 -931.409302 2446.868652
-301.844849 22.971298 2395.828613
-263.752350 -455.018555 2470.582764
-265.553955 -918.621826 2424.314209
-146.724136 720.028503 2508.437012
-160.836823 491.588745 2470.038330
26.792259 482.056396 2449.379150
186.431305 387.198120 2255.250488
240.085083 684.755859 2204.633057
-348.465881 501.121063 2490.697510
-348.465057 183.731293 2490.697510
-348.471313 -133.658051 2490.697510
-177.548019 253.111221 2428.300781
-83.060799 8.984375 2374.319580
-49.374844 -469.035431 2451.455322
-53.159145 -935.639282 2441.919434
-305.457672 20.283051 2398.806885
-265.509979 -458.860901 2464.460938
-268.466644 -923.753662 2430.008789
-147.570724 719.967041 2506.400146
-161.646515 490.903778 2468.483398
25.749678 481.814697 2445.665039
192.218231 387.104431 2253.114990
279.133423 681.093628 2220.249756
-349.042725 499.992859 2491.301758
-349.041901 182.603088 2491.301758
-349.048157 -134.786255 2491.301758
-178.215286 252.277115 2427.462158
-83.724693 8.263855 2372.917725
-45.791122 -469.570160 2449.250977
-48.985577 -936.202148 2440.101318
-305.843414 19.037033 2399.964111
-261.529388 -460.268738 2461.830811
-267.221863 -925.408020 2427.282471
-147.805328 718.277222 2504.832275
-162.155243 489.396973 2466.856201
25.232325 480.366028 2443.856689
196.093170 386.073212 2252.468750
312.025146 673.156860 2232.430908
-349.542816 498.427979 2489.855713
-349.541992 181.038208 2489.855713
-349.548248 -136.351135 2489.855713
-178.651382 250.697449 2426.182129
-84.102173 6.646179 2371.878662
-45.249710 -471.212097 2447.723389
-48.486889 -937.889648 2441.290039
-306.192841 17.349625 2399.137451
-265.495361 -461.656372 2465.768311
-262.468689 -924.984863 2414.147705
-148.717926 720.986877 2512.573730
-163.081055 491.946991 2469.680664
24.104967 483.519531 2444.912598
197.526978 386.025269 2251.733643
329.265533 668.659424 2238.834961
-350.267059 500.374451 2494.448730
-350.266235 182.984680 2494.448730
-350.272491 -134.404663 2494.448730
-179.647781 253.903854 2425.471436
-85.279930 10.866241 2366.583740
-47.805809 -467.213013 2441.781982
-46.712822 -933.908325 2439.628662
-307.149109 20.855179 2395.940674
-267.113922 -457.896851 2465.038574
-260.865997 -920.759583 2407.786865
-148.369598 720.508118 2507.996826
-161.975754 490.983215 2467.855225
25.443117 483.169495 2444.702881
196.251205 387.008148 2251.874023
328.882568 670.445557 2241.235840
-349.394623 498.796997 2491.007568
-349.393799 181.407227 2491.007568
-349.400055 -135.982117 2491.007568
-177.127701 252.472610 2425.695312
-81.209251 9.331314 2369.814453
-42.545799 -467.368591 2452.452637
-43.676258 -934.009155 2445.429932
-303.350037 18.592682 2397.256348
-263.652069 -458.888489 2474.543945
-254.221954 -920.549194 2408.255371
-148.561707 719.938477 2505.733643
-162.518127 490.336090 2466.802734
24.832939 482.776611 2442.975342
194.120850 388.012787 2251.909912
317.310638 676.567017 2238.520752
-349.869202 497.895599 2490.630127
-349.868378 180.505829 2490.630127
-349.874634 -136.883514 2490.630127
-177.398743 251.641083 2425.527344
-81.253105 8.466232 2370.131592
-46.204727 -469.127930 2449.176514
-50.141659 -935.787109 2443.347412
-303.305603 17.425903 2398.372314
-266.184906 -460.519806 2474.306641
-256.425232 -921.893311 2405.270996
-148.831161 718.900269 2504.544189
-162.783875 489.907288 2466.487305
24.453058 482.304657 2441.773438
188.063126 386.506287 2253.428955
290.742859 680.458496 2225.874512
-350.020844 497.509949 2491.201172
-350.020020 180.120178 2491.201172
-350.026276 -137.269165 2491.201172
-177.896896 251.181976 2425.426270
-82.049057 7.951157 2369.719238
-46.516224 -469.762329 2448.005371
-49.313221 -936.445679 2442.072998
-303.970764 16.962143 2399.011230
-262.557007 -462.500793 2460.436523
-263.236084 -926.480469 2423.224121
-148.016220 717.377563 2505.484375
-162.290848 488.511353 2466.284668
24.985783 480.621643 2441.942627
181.558487 390.726807 2249.251221
252.055817 688.562012 2209.645752
-349.567474 496.401062 2490.626709
-349.566650 179.011292 2490.626709
-349.572906 -138.378052 2490.626709
-177.693573 249.813324 2425.149414
-82.112122 6.439667 2369.588623
-45.136230 -471.132812 2448.150146
-50.358852 -937.815063 2444.041016
-304.080505 15.790894 2398.439697
-260.719757 -462.489197 2467.744385
-260.837311 -924.739258 2411.139404
-148.130524 714.961121 2504.381104
-161.768585 486.941162 2465.670410
25.563665 478.621704 2441.902100
172.292175 390.350372 2247.130615
210.008179 692.877930 2196.851807
-349.100830 495.260620 2489.438721
-349.100006 177.870850 2489.438721
-349.106262 -139.518494 2489.438721
-177.538910 248.195984 2424.940918
-82.290733 4.520462 2370.125732
-43.301968 -473.172852 2446.971680
-49.904648 -939.823120 2448.755859
-304.327759 14.381180 2398.297119
-261.738037 -464.961304 2460.763428
-264.468262 -929.219421 2422.182373
-148.283905 713.985352 2503.354004
-161.877319 486.155701 2465.260498
25.482759 477.194672 2441.949707
166.665070 389.657196 2249.064209
159.194229 688.092896 2177.539307
-349.237396 495.116730 2488.571289
-349.236572 177.726959 2488.571289
-349.242828 -139.662384 2488.571289
-178.308289 247.377808 2424.986328
-83.703918 3.289337 2370.897461
-46.478954 -474.570343 2447.614014
-51.510918 -941.232544 2452.325195
-305.774597 13.910492 2398.526855
-263.214447 -464.756836 2466.320801
-261.488770 -927.201599 2409.495117
-148.695282 713.843750 2502.844482
-162.341415 486.260284 2465.479248
25.093428 477.114685 2442.848877
161.334274 391.824982 2248.538574
95.499863 675.756348 2163.841553
-349.776276 495.405853 2488.109619
-349.775452 178.016083 2488.109619
-349.781708 -139.373260 2488.109619
-178.803009 247.406464 2425.664551
-84.185158 3.132706 2372.438477
-46.648430 -474.236877 2451.983643
-51.469967 -940.810547 2446.831787
-306.344025 13.972580 2399.261230
-264.530548 -465.350037 2463.019775
-261.775787 -929.616455 2422.331787
-147.712570 715.113953 2511.542969
-162.784973 488.388977 2468.969727
24.881895 479.076599 2448.534180
151.689713 389.427338 2248.777832
35.749657 655.092285 2157.165527
-350.451843 497.701416 2489.405273
-350.451019 180.311646 2489.405273
-350.457275 -137.077698 2489.405273
-179.343216 250.219299 2425.442383
-84.677452 6.530441 2369.803467
-44.870415 -470.867554 2448.064941
-54.942749 -937.351807 2440.582520
-307.125458 17.568771 2394.026611
-266.419922 -461.661011 2459.416504
-259.353882 -924.773010 2406.206055
-145.828232 718.102539 2515.950928
-160.945465 491.563751 2470.643799
26.887516 482.464355 2451.678467
144.849579 386.717957 2251.406494
-11.497482 633.112427 2156.609375
-348.778442 500.663147 2489.609131
-348.777618 183.273376 2489.609131
-348.783875 -134.115967 2489.609131
-177.043976 253.686920 2425.334473
-81.827728 10.417557 2368.785889
-41.992607 -466.173096 2451.714844
-47.715199 -932.712158 2441.990234
-304.457245 21.202637 2391.264404
-261.992706 -457.547882 2459.076660
-260.229919 -922.178040 2420.766357
-146.422485 717.935791 2509.580322
-160.468552 490.972687 2467.926270
27.535927 482.827637 2450.277100
134.412933 383.355865 2253.210449
-60.138199 603.619263 2161.732422
-348.473053 499.117706 2485.575439
-348.472229 181.727936 2485.575439
-348.478485 -135.661407 2485.575439
-174.827026 252.549438 2425.006592
-77.767998 9.299179 2371.627441
-41.308834 -466.872742 2458.358887
-44.855625 -933.115112 2439.824463
-300.602966 18.953186 2392.546387
-263.473846 -458.338409 2471.741699
-256.257660 -920.823242 2414.566162
-146.448151 718.160950 2506.967041
-162.313797 491.330688 2466.790771
25.504124 482.363434 2447.628418
129.715805 380.177795 2255.594238
-94.110901 577.110046 2170.791016
-350.131714 500.297943 2485.953125
-350.130890 182.908173 2485.953125
-350.137146 -134.481171 2485.953125
-177.946777 252.741547 2425.215820
-82.272591 8.838104 2372.284668
-48.987186 -468.012054 2456.552490
-53.684986 -934.454834 2443.254883
-304.886963 19.466705 2394.997070
-267.939758 -459.691986 2461.494873
-267.413544 -924.152405 2424.928711
-146.565704 716.863525 2505.165039
-164.038910 490.844482 2465.569092
23.482059 481.497040 2443.932617
126.363144 376.589050 2258.293701
-111.415817 563.687561 2179.210693
-351.559875 500.191895 2487.205566
-351.559052 182.802124 2487.205566
-351.565308 -134.587219 2487.205566
-180.665497 252.216187 2424.560547
-86.155914 8.048065 2370.729004
-51.091690 -468.968811 2453.391846
-53.398014 -935.466431 2439.962402
-308.428253 19.127762 2396.375000
-265.872864 -460.521667 2455.976074
-269.881409 -926.011963 2431.755859
-146.838974 718.339600 2504.249023
-164.176147 491.762573 2465.069092
23.171379 482.749634 2441.807861
125.680832 375.298645 2260.133545
-115.091568 561.833191 2180.538818
-351.523651 500.775513 2488.330322
-351.522827 183.385742 2488.330322
-351.529083 -134.003601 2488.330322
-180.705978 253.058472 2424.426270
-86.210709 9.013138 2369.998535
-46.410458 -467.399231 2453.919922
-48.193298 -933.938660 2440.972412
-308.260925 19.695572 2397.568359
-263.034302 -459.696289 2458.061768
-265.628540 -925.528076 2434.377686
-147.057205 718.254578 2503.800537
-165.644058 491.408386 2465.040283
21.666882 480.997070 2442.033691
125.855621 375.635803 2260.567871
-110.234421 571.643860 2182.888916
-352.954987 501.819702 2488.046875
-352.954163 184.429932 2488.046875
-352.960419 -132.959412 2488.046875
-183.897995 252.834351 2424.386719
-91.148315 8.090408 2370.099121
-49.807873 -468.675964 2451.269287
-53.953014 -935.289795 2442.873047
-313.155548 20.430252 2397.367188
-268.327118 -459.562927 2453.531738
-271.560638 -925.758911 2435.332275
-145.829239 716.562256 2505.089355
-162.376984 489.995483 2465.268799
25.350462 480.297974 2445.860107
129.936905 379.323486 2258.302979
-88.843536 593.807983 2180.003906
-350.104431 499.693024 2484.677490
-350.103607 182.303253 2484.677490
-350.109863 -135.086090 2484.677490
-179.025208 251.518417 2423.395996
-84.403656 7.293411 2370.019287
-39.853489 -468.877686 2452.968018
-41.732212 -935.395081 2440.017334
-306.943207 18.789246 2393.027100
-256.434204 -460.691467 2448.786865
-261.929047 -926.929810 2429.977051
-145.471039 715.203369 2504.241455
-161.556656 489.087463 2465.037354
26.321102 479.830811 2446.723145
135.957520 382.668457 2258.167480
-60.561584 613.500671 2171.335449
-349.434448 498.344116 2483.351562
-349.433624 180.954346 2483.351562
-349.439880 -136.434998 2483.351562
-177.376678 250.520508 2423.326172
-81.865189 6.468307 2370.762451
-43.943089 -470.031311 2454.920654
-46.714859 -936.580078 2442.433594
-304.528198 17.438782 2392.467529
-259.119934 -462.237396 2450.886475
-265.549225 -928.606262 2434.788818
-144.853989 716.822205 2503.376709
-160.751953 489.828125 2464.712402
27.121979 480.003662 2446.533203
142.512146 387.804962 2253.573975
-29.835190 635.356628 2165.676270
-348.625885 499.652588 2482.891602
-348.625061 182.262817 2482.891602
-348.631317 -135.126526 2482.891602
-177.233734 251.248413 2423.313965
-82.382637 6.846802 2371.142578
-47.766171 -470.348175 2452.821289
-47.343521 -936.985718 2445.123047
-305.048401 18.490616 2392.688477
-266.454315 -459.452393 2466.187256
-263.222504 -922.348389 2417.458496
-146.003601 715.079529 2504.345459
-161.806381 488.341827 2464.728027
25.895092 478.976562 2444.656494
150.252258 391.904053 2252.277588
12.160156 654.355774 2160.971436
-349.507874 497.707092 2484.799561
-349.507050 180.317322 2484.799561
-349.513306 -137.072021 2484.799561
-178.168732 249.806870 2423.012207
-83.291565 5.721680 2369.401123
-46.871712 -471.224762 2451.864014
-49.442867 -937.826904 2442.113037
-305.770569 16.822144 2393.191650
-264.364532 -462.289856 2457.359131
-266.408783 -927.038940 2428.417969
-145.940292 714.515686 2503.304199
-161.579895 487.634888 2464.085205
26.007751 477.830780 2443.124268
156.637802 393.445374 2249.612305
60.091064 671.986511 2159.745117
-349.167542 497.438965 2485.046143
-349.166718 180.049194 2485.046143
-349.172974 -137.340149 2485.046143
-178.647690 249.052048 2422.930908
-84.548676 4.659195 2369.354980
-48.007015 -471.005676 2458.670654
-48.598015 -937.029846 2436.380859
-306.882324 16.279251 2394.198242
-259.554749 -462.803589 2455.022949
-268.024414 -928.334229 2433.729980
-145.750656 714.503723 2503.288818
-161.443405 487.479401 2464.348389
26.150133 477.315460 2443.566406
166.851288 397.694580 2247.788818
110.105469 686.527405 2166.009766
-349.036926 497.643341 2485.130371
-349.036102 180.253571 2485.130371
-349.042358 -137.135773 2485.130371
-178.889587 248.858612 2423.568848
-85.165092 4.214523 2370.473633
-47.219780 -472.367371 2454.113525
-49.907631 -938.711792 2446.715576
-307.506470 16.261124 2395.104980
-262.630249 -463.281494 2454.800049
-264.369385 -929.372925 2440.095947
-146.486404 718.474609 2502.801270
-162.086044 489.545959 2464.023682
25.440329 479.084290 2442.769531
180.446991 395.832520 2252.343750
157.252335 692.069214 2173.766602
-349.612396 500.007629 2485.277832
-349.611572 182.617859 2485.277832
-349.617828 -134.771484 2485.277832
-179.975677 250.888153 2423.653564
-86.732681 6.030487 2370.687744
-47.735085 -471.037354 2451.142090
-48.637245 -937.581848 2448.415039
-308.997955 18.430161 2395.879150
-264.922058 -461.587769 2452.584717
-267.165192 -927.835327 2436.353271
-147.975189 718.524780 2503.607422
-163.237610 489.777832 2464.637695
24.316950 479.709106 2443.429199
184.665634 389.464722 2255.709961
204.906708 686.445435 2180.478271
-350.792175 499.846497 2485.846191
-350.791351 182.456726 2485.846191
-350.797607 -134.932617 2485.846191
-180.643616 251.127777 2424.008301
-86.899933 6.510773 2370.810059
-46.509613 -470.274414 2452.363525
-49.888611 -936.811279 2444.454590
-309.199310 18.444687 2395.947754
-263.492279 -461.639038 2450.982178
-264.294464 -928.133484 2441.540283
-148.847153 721.799683 2511.461426
-163.658844 493.096832 2468.250000
24.022373 483.626099 2447.922363
187.336517 384.237488 2257.865234
246.238190 678.765259 2190.340820
-351.340057 502.567566 2488.577637
-351.339233 185.177795 2488.577637
-351.345490 -132.211548 2488.577637
-180.402191 254.950226 2424.615234
-85.918732 11.190903 2368.933594
-46.228104 -466.111145 2447.791748
-48.521591 -932.718872 2439.814453
-308.372345 22.416321 2393.027344
-262.193665 -457.714081 2447.404541
-264.883423 -924.272217 2437.728760
-149.898468 723.137939 2506.968262
-163.224976 493.762939 2466.533203
24.708397 485.532471 2448.213379
189.156219 380.116730 2258.448975
279.121887 670.138794 2199.471436
-351.158356 501.993378 2484.853027
-351.157532 184.603607 2484.853027
-351.163788 -132.785736 2484.853027
-177.810043 255.266800 2424.060547
-81.012482 11.892731 2370.730225
-42.597576 -464.592987 2454.856689
-42.465069 -931.078491 2441.462158
-303.777710 21.648621 2392.445557
-261.097321 -457.965363 2453.406982
-259.867157 -923.978882 2431.486328
-151.624619 720.595093 2505.187500
-163.093323 491.217041 2465.134766
24.979490 484.299988 2447.706055
191.562943 378.568970 2256.734619
310.055908 662.184937 2212.328125
-351.166138 498.134094 2482.563477
-351.165314 180.744324 2482.563477
-351.171570 -136.645020 2482.563477
-175.787903 252.573669 2422.859863
-77.025848 9.831085 2370.256348
-41.238258 -467.260895 2452.121582
-44.930904 -933.827759 2442.346680
-299.939117 18.029510 2390.913574
-263.055450 -460.515564 2462.266602
-257.134552 -924.143677 2415.958984
-151.671982 716.860535 2505.670166
-162.645264 488.945953 2464.546631
25.416607 482.741638 2446.674561
191.757690 378.806702 2254.851562
329.621674 657.974976 2222.769775
-350.707153 495.150269 2482.418701
-350.706329 177.760498 2482.418701
-350.712585 -139.628845 2482.418701
-174.530594 250.238846 2422.349609
-74.968094 7.854965 2369.561279
-44.140923 -469.356506 2452.678223
-48.266388 -935.946777 2442.643555
-297.863739 15.208511 2390.743896
-252.748749 -461.167847 2470.898682
-267.643890 -923.746643 2417.868896
-151.217239 713.627808 2504.961670
-162.537643 486.622070 2463.614502
25.495798 480.453247 2445.387695
193.375687 379.414612 2252.843262
336.229156 657.860107 2223.576416
-350.571075 492.790955 2481.841309
-350.570251 175.401184 2481.841309
-350.576508 -141.988159 2481.841309
-174.434402 247.861725 2421.692383
-74.899384 5.445602 2368.968750
-45.953972 -471.909119 2452.046387
-49.062077 -938.484863 2440.482422
-297.762939 12.757126 2390.571777
-258.551697 -465.877502 2459.217285
-271.473175 -930.476929 2432.238770
-151.258957 715.928040 2503.618408
-163.117859 487.738617 2463.456543
24.749275 480.816528 2443.876953
190.197510 375.703430 2253.407715
327.483459 655.196350 2213.898193
-350.984985 494.660706 2483.036133
-350.984161 177.270935 2483.036133
-350.990417 -140.118408 2483.036133
-176.202576 248.900848 2422.345703
-77.949127 5.960754 2369.631104
-49.590614 -471.448853 2452.667725
-51.512405 -938.071106 2442.558838
-300.625458 14.165405 2392.838623
-263.782684 -465.185516 2458.701172
-272.058044 -930.596313 2434.270508
-152.954483 717.924133 2503.479980
-164.693512 489.271606 2464.082520
23.228439 482.278198 2445.024170
187.598831 376.348328 2252.232666
310.688141 660.950317 2205.615479
-352.615448 496.265015 2483.140869
-352.614624 178.875244 2483.140869
-352.620880 -138.514099 2483.140869
-177.737366 250.403030 2423.117676
-79.415207 7.390045 2370.858643
-49.018509 -469.954987 2453.557373
-48.533569 -936.556519 2442.395996
-302.147247 15.678864 2393.447021
-263.283905 -464.222229 2454.338623
-271.728302 -930.197510 2436.612549
-150.984833 720.166687 2505.392822
-163.092133 490.846863 2465.477051
24.811148 483.074036 2446.526855
183.830719 377.146820 2252.612793
282.921692 665.787354 2192.373779
-350.995392 498.619751 2484.427246
-350.994568 181.229980 2484.427246
-351.000824 -136.159363 2484.427246
-177.083740 251.998047 2424.710449
-79.718704 8.542816 2372.713379
-47.509602 -468.816925 2454.646973
-49.942570 -935.447815 2445.364746
-302.432007 17.755630 2395.174316
-262.011414 -462.244995 2454.662109
-271.137451 -928.301880 2434.915039
-150.626724 718.828430 2504.382812
-163.129333 490.190247 2465.447754
24.671459 482.227600 2445.584229
177.423080 380.568604 2248.783447
246.588974 673.239014 2180.306885
-350.930145 498.152893 2485.311279
-350.929321 180.763123 2485.311279
-350.935577 -136.626221 2485.311279
-177.558502 251.351105 2424.769043
-80.691071 7.793045 2372.318604
-48.754501 -469.761719 2453.236816
-49.832474 -936.393433 2443.372314
-303.284271 17.230865 2395.862061
-265.419006 -462.313721 2460.460938
-264.388306 -926.411743 2418.348389
-150.505920 720.289917 2503.886719
-163.658188 491.650421 2465.462402
24.047733 483.110809 2444.950439
169.733185 382.265747 2244.877441
199.890671 678.694275 2167.774414
-351.364105 500.190002 2485.974365
-351.363281 182.800232 2485.974365
-351.369537 -134.589111 2485.974365
-178.975876 252.882431 2424.693848
-83.053406 9.053619 2371.769287
-49.283504 -468.588867 2451.401855
-53.600937 -935.239868 2444.431885
-305.533722 19.175278 2396.081299
-268.183868 -460.126709 2462.939697
-262.182343 -923.558044 2411.951904
-149.728409 720.746704 2504.161377
-163.656677 492.432068 2465.715820
23.974400 483.763763 2444.573975
163.873917 384.624207 2243.440674
146.221680 673.889648 2147.128662
-351.287750 501.100342 2486.857666
-351.286926 183.710571 2486.857666
-351.293182 -133.678772 2486.857666
-179.349701 253.802917 2424.281250
-83.847382 10.036713 2370.317383
-48.065418 -467.335022 2450.686768
-49.291103 -934.015991 2444.351318
-306.238068 20.310867 2395.375977
-265.193237 -458.848999 2461.102783
-263.700867 -923.429810 2420.268555
-147.324875 718.509399 2505.258301
-162.871063 490.805725 2465.286377
24.819361 480.706055 2445.417236
156.948441 385.306885 2240.227295
81.650536 659.462219 2133.376221
-350.561523 500.905334 2485.155518
-350.560699 183.515564 2485.155518
-350.566956 -133.873779 2485.155518
-180.165939 252.427826 2423.082520
-86.225006 8.064331 2369.103027
-47.999596 -467.933411 2455.952637
-51.197044 -934.496277 2444.760986
-308.696594 20.035568 2392.654297
-264.997314 -459.332520 2455.054932
-266.646271 -924.776550 2424.767090
-144.888138 714.910645 2506.104492
-162.219269 488.670166 2465.192871
25.519884 477.714813 2446.244629
150.986893 386.144196 2241.131592
29.133476 641.379761 2126.106689
-349.958435 499.625488 2484.141113
-349.957611 182.235718 2484.141113
-349.963867 -135.153625 2484.141113
-180.462982 250.516724 2422.126953
-87.447594 5.870880 2367.831787
-45.916210 -469.118591 2458.594238
-52.232819 -935.397949 2440.610352
-309.965790 18.855728 2390.290283
-264.054901 -460.730835 2449.344971
-264.646667 -926.723511 2427.235107
-146.914658 717.319824 2504.014648
-162.811264 490.406738 2464.031738
24.935440 480.697449 2444.488770
146.483109 385.086761 2245.052246
-16.608261 619.998230 2131.300537
-350.557983 500.115967 2483.574707
-350.557159 182.726196 2483.574707
-350.563416 -134.663147 2483.574707
-179.516113 251.956482 2422.015869
-84.956490 7.752228 2368.418213
-43.391216 -467.906342 2455.672852
-45.272999 -934.411255 2445.003662
-307.485413 19.260239 2391.581787
-260.359283 -459.826904 2453.700928
-261.774048 -925.854858 2430.045654
-148.460373 717.828186 2503.680420
-164.316330 491.070099 2464.041016
23.264467 481.657410 2442.853027
144.741013 381.047333 2251.010986
-51.615875 592.689087 2139.491211
-351.897125 500.482788 2485.229004
-351.896301 183.093018 2485.229004
-351.902557 -134.296326 2485.229004
-180.994308 252.556244 2422.346680
-86.504707 8.464066 2368.095459
-46.909222 -467.904785 2452.379395
-52.116852 -934.463196 2443.319824
-308.839874 19.620697 2393.209229
-263.650482 -459.806396 2454.205811
-267.688202 -926.006165 2433.600342
-147.210770 716.053894 2504.586670
-165.871674 490.102295 2464.471680
21.360302 479.459320 2441.008789
140.872864 381.014526 2251.013184
-83.292191 568.949402 2145.598633
-353.103638 500.745270 2487.934570
-353.102814 183.355499 2487.934570
-353.109070 -134.033844 2487.934570
-184.693634 251.829254 2422.356445
-92.549225 7.248459 2366.335449
-49.628471 -469.141418 2448.868652
-55.573250 -935.770020 2445.167725
-314.481964 19.863953 2394.146973
-267.488708 -459.803925 2451.749512
-273.367432 -926.224854 2438.258301
-145.770981 717.219360 2504.543945
-167.042267 491.191345 2464.452148
19.669939 478.874817 2438.011963
137.936340 381.995148 2250.026123
-101.062042 557.878784 2152.297852
-353.754456 503.507843 2490.892334
-353.753632 186.118073 2490.892334
-353.759888 -131.271271 2490.892334
-188.770737 253.265549 2421.843750
-99.836411 8.039871 2363.564453
-49.116505 -467.515564 2446.206055
-56.222488 -934.166687 2443.583252
-321.162018 22.639679 2394.906250
-268.295319 -456.855682 2448.361328
-276.195099 -923.347412 2445.977295
-146.672485 720.472168 2503.930664
-167.537338 493.227539 2464.714600
19.200825 481.532074 2438.029053
139.454086 382.013367 2251.491943
-99.028564 564.190857 2154.298096
-354.275482 504.922974 2491.400146
-354.274658 187.533203 2491.400146
-354.280914 -129.856140 2491.400146
-188.395401 255.030884 2423.149170
-98.598846 9.903931 2365.770752
-43.415321 -464.188385 2453.717285
-46.294849 -930.835327 2447.460938
-319.908081 23.764572 2397.396729
-261.241882 -454.483154 2455.537354
-267.132751 -920.688232 2440.561768
-147.852203 719.650146 2503.670410
-167.585831 491.966370 2464.913574
19.388702 480.819092 2439.648926
142.718491 383.511505 2252.761475
-87.395615 577.700867 2153.828125
-354.560364 503.113708 2490.178223
-354.559540 185.723938 2490.178223
-354.565796 -131.665405 2490.178223
-187.394379 253.653931 2423.465332
-96.399185 8.735428 2367.044922
-44.163589 -465.899902 2454.054199
-44.913574 -932.551453 2446.312500
-318.006653 21.947525 2396.989258
-260.044373 -456.997620 2450.020752
-265.140961 -923.357605 2435.453613
-145.317993 715.002563 2503.529053
-165.307373 488.735046 2463.943359
21.992563 476.692474 2441.849854
147.866287 391.758789 2249.385498
-70.724457 597.555725 2149.603271
-352.607300 500.777649 2486.036865
-352.606476 183.387878 2486.036865
-352.612732 -134.001465 2486.036865
-185.584778 250.570099 2421.856445
-94.850655 5.267563 2366.674805
-43.984268 -470.271667 2449.499023
-48.512672 -936.934753 2445.166016
-316.873718 19.542709 2392.864258
-257.025299 -459.035645 2447.374023
-267.025635 -925.245483 2429.825684
-144.894623 713.617676 2503.147949
-164.468567 487.825745 2463.342285
22.769815 475.541016 2440.712158
150.453018 399.365509 2246.143555
-48.246826 619.992249 2146.855469
-351.706940 500.110474 2485.972412
-351.706116 182.720703 2485.972412
-351.712372 -134.668640 2485.972412
-185.150360 249.646210 2421.519043
-94.879524 4.187042 2366.285645
-46.062286 -471.293884 2450.761963
-48.616325 -937.914185 2442.270020
-316.784760 18.746262 2393.105957
-262.758636 -459.129944 2457.821289
-262.078339 -923.177246 2415.924316
-145.876373 712.554260 2503.825195
-164.795166 486.968201 2463.414307
22.443409 475.057800 2440.509277
160.705368 403.199524 2250.590576
-17.880905 638.575684 2148.771484
-352.033722 498.878601 2486.319336
-352.032898 181.488831 2486.319336
-352.039154 -135.900513 2486.319336
-185.132233 248.866547 2420.977539
-94.511444 3.706787 2364.967285
-45.103268 -471.935120 2448.266113
-49.354389 -938.599060 2443.057617
-316.427155 17.823029 2392.114258
-262.678741 -460.501312 2454.262207
-264.006256 -925.668091 2423.053223
-146.073730 714.617676 2503.601318
-164.032242 487.560028 2463.268066
23.207554 475.920105 2440.193359
165.781082 405.670624 2252.729736
24.913361 661.981201 2150.974854
-351.272003 499.199951 2486.342773
-351.271179 181.810181 2486.342773
-351.277435 -135.579163 2486.342773
-184.051056 249.407440 2420.959473
-93.108765 4.356857 2364.976562
-38.937485 -469.198059 2456.317383
-51.052895 -934.315857 2428.429199
-315.031006 18.152863 2392.325195
-260.937744 -460.296997 2453.541016
-265.736511 -926.056152 2429.236328
-147.627594 717.936890 2503.486084
-164.556274 488.844696 2463.888428
22.620945 477.306580 2440.246826
175.385300 406.343475 2259.820801
69.442284 678.962036 2160.835205
-351.733459 500.382812 2487.530029
-351.732635 182.993042 2487.530029
-351.738892 -134.396301 2487.530029
-184.576035 250.684601 2421.617676
-93.669922 5.686737 2365.336426
-45.447544 -468.630371 2456.130859
-48.749531 -934.329346 2432.094238
-315.521667 19.362274 2393.357422
-264.596924 -458.349274 2462.201172
-262.852722 -921.871582 2414.686035
-149.287430 719.151001 2503.426514
-165.313873 489.556885 2464.263184
21.934206 478.891388 2440.775635
182.161240 404.199585 2261.412354
115.046181 691.817444 2175.213135
-352.561920 500.222412 2487.750732
-352.561096 182.832642 2487.750732
-352.567352 -134.556702 2487.750732
-184.175583 251.287628 2422.088867
-92.068192 6.697632 2365.995117
-44.740414 -468.445953 2453.010742
-47.009926 -934.648499 2437.870117
-314.006409 19.339066 2393.833984
-261.357605 -459.051392 2456.398926
-264.518372 -924.070801 2426.466553
-148.760727 719.028198 2504.422363
-165.071991 489.781677 2464.763916
22.261671 479.472656 2441.797852
186.554367 401.619873 2261.748047
160.443878 700.411621 2189.764160
-352.405640 500.090698 2487.729980
-352.404816 182.700928 2487.729980
-352.411072 -134.688416 2487.729980
-183.382172 251.508575 2422.363770
-90.673248 7.126053 2366.353271
-45.778728 -468.350342 2452.973389
-45.361904 -934.713135 2438.300537
-312.711456 19.344879 2393.573975
-262.680359 -459.901520 2451.716064
-264.707764 -925.753906 2432.911377
-150.269806 719.932739 2503.937256
-166.131119 490.401794 2464.325684
21.246229 480.279419 2441.624268
188.729523 399.844604 2261.467041
204.209854 703.889648 2204.608154
-353.508484 500.524170 2487.027100
-353.507660 183.134399 2487.027100
-353.513916 -134.254944 2487.027100
-184.163162 252.141998 2421.726807
-91.150383 7.883423 2365.674561
-47.298080 -467.530518 2453.257080
-49.162979 -933.860840 2435.869141
-313.240021 19.880981 2392.581299
-260.592590 -459.437225 2447.934814
-267.770233 -925.625305 2434.705566
-150.303497 719.604248 2503.648926
-166.509872 490.407410 2464.305176
20.645706 479.844482 2440.073486
189.871841 393.918854 2264.219482
241.183609 696.975464 2216.882568
-353.665466 500.970398 2488.536865
-353.664642 183.580627 2488.536865
-353.670898 -133.808716 2488.536865
-185.424042 252.150650 2422.079346
-93.420807 7.633759 2365.492676
-48.115444 -467.929688 2451.541992
-52.874989 -934.313232 2435.213135
-315.255615 20.153992 2394.214355
-262.796204 -459.098907 2450.521973
-270.352905 -925.411499 2436.350098
-149.474533 718.558350 2504.015625
-166.063400 489.773865 2464.218018
21.170038 478.720459 2440.810791
190.947830 389.448273 2264.636230
268.102203 689.507019 2224.574951
-353.296875 500.827271 2487.625244
-353.296051 183.437500 2487.625244
-353.302307 -133.951843 2487.625244
-185.465942 251.650482 2421.464355
-93.908943 6.976547 2364.838867
-47.080425 -468.014648 2453.198242
-50.625359 -934.450928 2437.325195
-315.828003 20.077621 2392.582520
-261.704559 -459.447510 2444.790039
-269.337067 -925.908569 2433.489746
-150.398605 716.199219 2503.678711
-167.404312 488.128113 2463.860840
19.828419 476.047913 2440.964111
191.494110 381.704773 2265.822266
285.820770 678.232727 2226.284180
-354.637024 500.208313 2486.757568
-354.636200 182.818542 2486.757568
-354.642456 -134.570801 2486.757568
-187.969208 250.070648 2421.292969
-97.574036 4.854095 2365.155762
-52.000229 -470.617249 2451.578613
-53.418392 -937.207031 2442.506592
-319.494171 19.172287 2392.294434
-260.282501 -459.103760 2449.793945
-276.360596 -925.285767 2437.284424
-151.233719 714.868591 2503.532715
-167.243179 487.420990 2463.137695
20.076910 476.636292 2440.317871
190.227768 381.868530 2264.419678
290.226501 676.173950 2221.389160
-354.563232 498.205688 2485.957520
-354.562408 180.815918 2485.957520
-354.568665 -136.573425 2485.957520
-186.227905 249.375778 2419.798584
-94.200378 4.939194 2362.935791
-44.283306 -470.454102 2447.267090
-44.640549 -937.101318 2439.520508
-316.224915 17.721939 2389.983154
-256.908051 -460.762756 2445.907959
-263.235016 -927.112305 2432.491699
-151.597427 714.645752 2502.954590
-166.225159 486.275574 2462.780762
21.325600 476.311401 2441.582275
190.103851 381.939453 2263.226562
282.035126 676.997253 2208.926758
-353.775940 496.239807 2483.979248
-353.775116 178.850037 2483.979248
-353.781372 -138.539307 2483.979248
-183.762894 248.095917 2419.572266
-90.149330 4.010986 2363.800537
-42.919540 -470.924011 2452.117432
-41.534180 -937.457520 2439.615479
-312.451904 15.821503 2388.927002
-249.710541 -460.973358 2454.069092
-267.439728 -926.385376 2429.543945
-151.476715 715.251343 2502.635010
-165.345352 486.456726 2463.346924
22.274200 476.765869 2442.585205
189.542694 378.976379 2265.601318
265.301880 676.713745 2198.739502
-352.964905 496.147583 2484.108643
-352.964081 178.757812 2484.108643
-352.970337 -138.631531 2484.108643
-182.288361 247.983459 2421.547363
-88.045586 3.767258 2367.444092
-44.360603 -471.747681 2454.481689
-45.612312 -938.355469 2444.768555
-310.417175 15.253128 2392.051514
-256.975616 -461.489563 2464.777100
-261.161499 -925.064331 2418.728760
-151.315430 715.088135 2503.011475
-163.638855 486.805969 2463.622559
24.240526 478.188171 2444.943604
188.266342 382.492065 2263.318848
234.972824 681.583618 2183.574219
-351.518250 495.423828 2482.301514
-351.517426 178.034058 2482.301514
-351.523682 -139.355286 2482.301514
-178.774536 248.283173 2421.428711
-82.560570 4.652863 2368.164551
-41.334213 -471.472198 2453.073486
-42.224987 -938.084106 2442.645752
-305.259857 14.867859 2390.305176
-256.498108 -463.937561 2451.440186
-257.925781 -929.067627 2424.603760
-149.086639 715.365845 2503.703613
-161.643860 486.711182 2464.442383
26.388163 478.579407 2447.090576
182.622238 387.250824 2255.672119
195.455002 684.354248 2167.109375
-349.675873 494.842896 2481.794189
-349.675049 177.453125 2481.794189
-349.681305 -139.936218 2481.794189
-175.813141 248.037415 2422.750000
-78.551094 4.544632 2370.774658
-42.667847 -471.919250 2456.120361
-45.232246 -938.505737 2444.628662
-301.413727 14.182693 2391.340576
-261.911224 -464.387207 2460.357910
-255.439423 -927.846008 2413.770264
-149.903702 716.042908 2503.556641
-162.302628 487.362976 2464.894043
25.817581 479.436829 2448.364258
172.298950 391.132935 2250.852783
149.022690 682.307800 2151.681641
-350.422852 495.289124 2481.423828
-350.422028 177.899353 2481.423828
-350.428284 -139.489990 2481.423828
-176.002441 248.612625 2423.463379
-78.219589 5.165115 2372.237305
-47.174591 -472.137695 2454.677246
-47.377377 -938.621765 2439.731445
-301.184937 14.559433 2391.828613
-264.398895 -465.517578 2451.575928
-260.546295 -930.612549 2426.308350
-149.315216 716.066956 2503.983398
-161.455002 487.455780 2465.092529
26.750439 479.593201 2449.504395
165.644119 390.068054 2248.455078
103.719833 668.461609 2136.214111
-349.660461 495.318390 2480.680664
-349.659637 177.928619 2480.680664
-349.665894 -139.460724 2480.680664
-174.872467 248.712646 2423.516113
-76.754913 5.309952 2372.701904
-47.386345 -472.589417 2452.349854
-43.880226 -939.177002 2444.100830
-299.824921 14.629074 2391.177490
-264.980988 -464.077637 2461.976318
-257.000610 -926.935730 2412.138672
-147.488113 712.271118 2503.715332
-161.534531 484.375732 2464.788086
26.678188 474.947113 2450.265381
157.331421 390.524567 2246.725830
46.566032 646.888428 2124.134277
-349.747284 493.804321 2479.310791
-349.746460 176.414551 2479.310791
-349.752716 -140.974792 2479.310791
-176.674225 245.682556 2423.546143
-80.269745 1.401535 2373.697266
-50.359745 -476.334290 2454.231934
-49.894588 -942.957031 2445.668457
-303.358063 12.577255 2390.911133
-268.427094 -467.101013 2455.385498
-266.282990 -931.728760 2421.594727
-145.904694 710.985779 2503.633057
-161.488953 482.813934 2464.250488
26.668293 472.444458 2449.596924
149.189621 391.239899 2244.869385
-4.050888 624.890991 2119.721436
-349.646179 493.183411 2478.904053
-349.645355 175.793640 2478.904053
-349.651611 -141.595703 2478.904053
-177.878296 244.272919 2422.605957
-82.762344 -0.413223 2372.277588
-49.544594 -478.086487 2451.870605
-47.850124 -944.723694 2443.042969
-305.772949 11.877029 2389.645264
-266.393616 -467.768799 2452.223145
-267.312317 -933.274170 2426.297363
-146.222351 714.180298 2502.966797
-161.762955 485.952454 2464.085693
26.257221 476.645325 2447.260742
145.093719 386.627502 2248.921143
-43.012726 595.641602 2126.876465
-349.783112 495.259613 2480.910645
-349.782288 177.869843 2480.910645
-349.788544 -139.519501 2480.910645
-177.264893 247.274231 2422.880859
-81.333908 3.079987 2371.704590
-43.736938 -474.217560 2451.549316
-46.007557 -940.829956 2441.837402
-304.199768 14.112030 2391.647461
-263.927216 -465.484985 2454.443848
-261.231781 -931.489807 2434.606689
-146.449585 717.637207 2511.613281
-162.580566 489.982483 2467.951904
25.210690 481.457092 2448.480713
141.522385 380.299286 2252.456299
-79.151031 559.362061 2134.012939
-350.371826 498.507904 2487.423096
-350.371002 181.118134 2487.423096
-350.377258 -136.271210 2487.423096
-177.976196 251.854507 2423.730957
-82.074867 8.673828 2367.970215
-44.177200 -468.648682 2447.617432
-50.147118 -935.226562 2437.790771
-304.668762 18.779205 2391.049805
-266.693787 -461.684479 2448.333496
-265.371033 -927.965393 2431.711426
-147.705093 716.414673 2507.476318
-164.634094 489.320251 2466.658691
22.961124 480.959473 2445.270996
135.772278 378.159912 2252.715820
-107.445557 534.687683 2142.436768
-352.229309 497.681091 2488.046387
-352.228485 180.291321 2488.046387
-352.234741 -137.098022 2488.046387
-180.045563 250.778870 2424.731445
-84.285370 7.282745 2370.129639
-49.123806 -469.945465 2451.558350
-48.806210 -936.585083 2447.216064
-306.628693 17.192200 2395.478760
-268.665009 -462.031036 2461.948730
-262.347290 -926.124268 2420.583496
-147.450806 715.429565 2504.904785
-164.230118 488.353027 2465.506104
23.170897 480.128540 2442.393311
134.389984 378.585358 2253.841309
-123.108368 523.402161 2150.700684
-351.631134 496.577484 2488.618896
-351.630310 179.187714 2488.618896
-351.636566 -138.201630 2488.618896
-179.747742 249.626190 2424.636230
-84.208420 6.025391 2370.069336
-47.034008 -471.514282 2448.713623
-48.042366 -938.201416 2445.080811
-306.322296 15.773315 2397.463379
-260.537720 -464.000092 2453.324463
-263.852753 -929.233887 2425.889648
-147.981308 719.192505 2512.123047
-164.584686 492.122467 2468.958008
22.739244 484.223328 2445.053223
137.687393 376.787537 2256.926514
-121.981949 523.366211 2154.959473
-351.908600 500.021576 2492.862793
-351.907776 182.631805 2492.862793
-351.914032 -134.757538 2492.862793
-180.225815 253.948456 2425.092529
-84.857872 11.093384 2367.061035
-46.079811 -466.889130 2442.126709
-47.969109 -933.550171 2445.290771
-306.876038 20.455505 2395.393066
-261.804474 -459.715210 2449.394043
-269.136841 -925.599243 2439.918701
-149.762497 718.408997 2508.221191
-165.641052 491.418274 2467.540039
21.864983 483.151764 2445.250488
139.837082 380.388824 2256.463623
-110.604904 543.108765 2154.729736
-353.147064 499.684753 2489.829590
-353.146240 182.294983 2489.829590
-353.152496 -135.094360 2489.829590
-181.196014 252.968201 2425.120850
-85.628494 9.619141 2369.492188
-45.916401 -466.637665 2453.929932
-51.241688 -933.070557 2445.126953
-307.873474 19.417160 2395.911133
-260.517242 -459.228210 2460.074219
-268.280487 -924.607544 2434.844727
-146.260620 715.465698 2514.772461
-163.762451 489.445709 2469.750000
23.930513 480.190247 2449.592285
143.439224 388.204529 2256.741943
-87.335144 571.294739 2146.429199
-351.455414 498.701202 2489.907715
-351.454590 181.311432 2489.907715
-351.460846 -136.077911 2489.907715
-180.352432 251.600677 2424.483887
-85.705078 8.270325 2367.271240
-44.578129 -468.691071 2447.097900
-49.733398 -935.268921 2442.668457
-308.179779 19.240967 2391.164307
-262.498199 -460.558075 2447.637451
-264.698120 -926.614624 2434.135498
-145.427109 713.822388 2517.058838
-163.256714 488.245728 2470.201172
24.554480 478.407104 2451.423584
149.228729 394.099579 2255.890137
-59.581421 597.456116 2141.552734
-351.067902 498.084351 2488.978760
-351.067078 180.694580 2488.978760
-351.073334 -136.694763 2488.978760
-180.350250 250.660828 2423.717285
-86.143921 7.245422 2366.105469
-45.250969 -469.375702 2448.254639
-50.803902 -936.008423 2443.668213
-308.743652 18.906448 2388.361328
-265.615021 -459.117432 2458.944336
-260.614227 -922.561768 2415.655518
-147.086288 715.477783 2510.151611
-163.045105 488.533051 2468.206055
24.864052 479.130676 2450.133545
154.105774 397.048981 2253.941895
-25.949646 622.477600 2140.604248
-350.954254 497.935425 2486.278564
-350.953430 180.545654 2486.278564
-350.959686 -136.843689 2486.278564
-179.137604 250.306473 2424.823242
-83.873146 6.507935 2370.730469
-41.547798 -468.501129 2460.827148
-50.903755 -933.654297 2432.607666
-306.587067 17.651855 2392.150391
-265.583069 -459.809967 2468.328857
-256.196411 -922.340576 2412.863770
-146.730255 718.453247 2506.826660
-160.783676 489.913544 2466.861572
27.183445 481.176117 2449.020264
159.036240 399.039642 2253.958740
16.621338 648.523438 2142.227539
-348.750763 498.650970 2484.702881
-348.749939 181.261200 2484.702881
-348.756195 -136.128143 2484.702881
-175.885498 251.417236 2424.555176
-79.594467 7.742966 2371.675537
-42.137421 -468.708313 2456.054932
-42.893196 -934.575928 2437.077148
-302.380188 18.098907 2392.822021
-263.255890 -461.169128 2457.427490
-258.421661 -925.781494 2426.103027
-147.826767 716.557007 2506.072510
-161.176971 487.722412 2466.877686
26.604052 479.246216 2447.123047
166.521606 399.525513 2255.964355
64.797234 669.618530 2150.427734
-348.957977 496.198669 2486.632324
-348.957153 178.808899 2486.632324
-348.963409 -138.580444 2486.632324
-176.306274 249.062256 2425.466553
-80.146912 5.378632 2372.347900
-48.671848 -472.367523 2451.624512
-48.670712 -938.670898 2440.631348
-302.724243 15.425537 2395.762939
-266.517059 -464.703979 2456.223389
-264.800446 -930.310913 2434.729248
-149.737869 720.415833 2513.171143
-162.450729 490.639832 2470.149414
25.251057 483.166107 2449.265137
174.748230 401.262512 2256.980225
110.483528 685.631592 2164.740967
-350.152496 498.113525 2491.033691
-350.151672 180.723755 2491.033691
-350.157928 -136.665588 2491.033691
-176.778595 252.303360 2426.666260
-79.868874 9.537766 2370.806641
-48.154655 -468.155273 2450.666992
-48.485184 -934.610840 2439.429688
-302.344055 18.396057 2395.559570
-265.466125 -461.861877 2455.162598
-264.127014 -927.706665 2431.954102
-150.689148 718.553894 2508.337891
-164.019196 489.785187 2468.633301
23.684486 482.525757 2447.635498
180.865662 397.141846 2262.461182
152.122574 692.633484 2180.596680
-351.722870 497.044617 2489.631104
-351.722046 179.654846 2489.631104
-351.728302 -137.734497 2489.631104
-177.976990 251.207184 2426.343750
-80.699394 8.327148 2371.610596
-49.950253 -468.795868 2455.250732
-48.289696 -935.129517 2438.582275
-303.170166 16.931213 2396.497803
-264.800079 -463.417267 2454.678223
-266.155670 -929.485107 2432.929199
-151.931320 719.764648 2505.828369
-164.146133 490.409485 2467.775391
23.464844 483.738220 2445.780762
183.926361 396.082611 2263.207031
194.628235 696.430176 2192.265137
-351.757080 497.080750 2489.770020
-351.756256 179.690979 2489.770020
-351.762512 -137.698364 2489.770020
-177.489197 251.635620 2426.384277
-79.648056 8.908157 2371.958496
-47.477814 -469.222961 2448.882812
-46.980209 -935.750854 2443.053711
-302.016479 16.815353 2398.027832
-264.003082 -462.661743 2463.002197
-259.560272 -926.343628 2416.927734
-152.387421 717.790283 2505.102539
-164.791214 489.810059 2467.724121
22.536793 482.847961 2443.590332
186.970810 389.544647 2263.093262
230.494400 691.270325 2202.889648
-352.119202 496.772186 2491.857910
-352.118378 179.382416 2491.857910
-352.124634 -138.006927 2491.857910
-178.853912 250.878723 2427.495361
-81.894905 7.821228 2372.963379
-50.636497 -470.510162 2449.235840
-49.551811 -937.107727 2442.020264
-303.938324 16.073547 2401.569824
-266.743011 -464.202545 2460.869385
-267.360443 -929.218628 2428.608398
-153.233566 719.064331 2504.758301
-165.281586 490.249756 2467.336182
22.003845 483.532471 2442.749512
184.967316 388.788147 2261.033203
251.937958 689.553467 2213.652588
-352.567017 496.967010 2491.922852
-352.566193 179.577240 2491.922852
-352.572449 -137.812103 2491.922852
-179.167740 251.351212 2426.829590
-82.067108 8.471970 2371.752686
-49.214714 -469.919617 2447.068604
-46.067356 -936.533508 2438.877197
-304.040710 16.433395 2400.893311
-263.021790 -464.122681 2455.128174
-270.404083 -929.707031 2429.556396
-151.938782 720.225342 2506.112793
-164.852036 491.061432 2468.118896
22.487638 484.175568 2443.966553
186.497177 386.379120 2262.072021
265.901001 687.147339 2217.390625
-352.191742 497.947296 2492.271240
-352.190918 180.557526 2492.271240
-352.197174 -136.831818 2492.271240
-178.919220 252.261414 2427.087891
-81.965431 9.380707 2371.743896
-46.512035 -468.688812 2447.941406
-47.526794 -935.349609 2445.584229
-304.007355 17.542084 2400.369873
-258.514526 -462.786804 2453.166992
-271.058624 -928.669617 2433.018799
-151.596680 718.312927 2505.380615
-164.490677 489.635559 2467.648438
22.867887 482.845703 2443.597168
185.702499 386.715607 2258.720703
270.388000 686.487000 2216.127686
-351.849274 496.425385 2491.699707
-351.848450 179.035614 2491.699707
-351.854706 -138.353729 2491.699707
-178.446655 250.876419 2426.335205
-81.369606 8.093491 2370.768555
-47.980534 -470.241089 2446.260742
-47.557053 -936.944336 2445.181152
-303.435638 16.141098 2399.275391
-260.498505 -464.137695 2454.750244
-268.642120 -930.191650 2433.774658
