-148.214813 719.886108 2514.309570
-165.734116 492.953247 2470.274414
21.302998 481.051544 2445.732910
153.911362 372.874237 2257.465088
169.128082 673.828979 2190.157471
-352.771210 504.854919 2494.815918
-352.770386 187.465149 2494.815918
-352.776642 -129.924194 2494.815918
-186.772095 255.428055 2425.128418
-96.968765 10.849747 2365.438721
-48.413612 -463.056519 2458.458252
-48.137440 -929.416748 2441.560791
-318.651398 24.956024 2394.526123
-263.812073 -453.046844 2457.808594
-262.778534 -917.836426 2424.322510
-148.990356 722.203003 2517.825928
-164.196152 494.715637 2472.139160
23.196413 485.221405 2449.508545
148.452454 374.440216 2251.748291
116.377380 667.690552 2170.890381
-351.588715 504.209839 2494.769775
-351.587891 186.820068 2494.769775
-351.594147 -130.569275 2494.769775
-181.777084 257.066223 2426.261230
-88.290146 13.789597 2366.969971
-38.168282 -459.826904 2460.708252
-38.240669 -926.276001 2445.239746
-310.425903 25.044052 2393.796631
-254.796021 -453.328064 2453.966309
-254.650757 -918.987793 2430.077393
-147.438400 720.835327 2518.063232
-163.826538 494.339722 2472.307129
23.712267 485.035889 2450.743652
137.720337 379.723297 2248.392578
55.966904 659.094727 2157.039551
-351.365326 503.643555 2493.870605
-351.364502 186.253784 2493.870605
-351.370758 -131.135559 2493.870605
-180.902115 256.650635 2426.353516
-86.842796 13.448120 2367.621338
-40.793304 -458.588043 2470.484619
-50.066898 -922.522461 2428.817627
-309.112610 24.474976 2393.178467
-257.142181 -453.988586 2455.986328
-263.942169 -919.712769 2430.746338
-143.178162 720.325256 2527.211426
-161.032639 495.359924 2475.557129
26.580145 485.314880 2454.951172
128.873428 379.866913 2247.706299
4.762650 641.728699 2147.855713
-348.645416 505.404968 2496.163086
-348.644592 188.015198 2496.163086
-348.650848 -129.374146 2496.163086
-179.172485 258.531555 2425.847168
-86.129929 15.750320 2363.925781
-39.655922 -457.933411 2458.637695
-49.425537 -923.066162 2429.363281
-308.494751 27.656067 2388.348633
-258.936646 -451.582031 2447.125977
-265.419586 -917.714600 2428.249756
-146.243225 724.512878 2523.256348
-161.328262 498.921082 2474.271973
26.177111 490.441193 2452.105469
119.946823 380.447540 2248.345459
-41.380371 621.007874 2146.509521
-348.833618 507.400940 2496.438477
-348.832794 190.011169 2496.438477
-348.839050 -127.378174 2496.438477
-177.647354 261.446289 2427.076172
-82.841072 18.945908 2366.743408
-38.842293 -454.683594 2463.176758
-46.116379 -920.396606 2438.506348
-305.091827 28.997116 2393.017334
-254.742004 -449.853760 2454.378662
-266.308258 -916.112000 2440.945557
-145.952286 726.476501 2521.285400
-161.673935 500.657898 2473.843506
25.622036 493.143707 2449.678223
108.976791 380.233246 2248.160889
-90.225525 591.647095 2148.973389
-348.969940 508.172119 2498.008789
-348.969116 190.782349 2498.008789
-348.975372 -126.606995 2498.008789
-177.159515 262.893250 2427.753418
-81.645676 20.675339 2367.342041
-41.471581 -453.314880 2463.781982
-48.713455 -918.951965 2435.199463
-303.644501 29.581833 2395.984619
-258.889648 -449.748169 2457.816895
-265.970184 -915.607971 2433.822754
-145.597809 724.062073 2511.795898
-160.960388 497.829895 2469.341064
26.601799 489.977844 2447.483398
103.967583 380.102722 2247.580322
-121.858055 570.014893 2155.909912
-348.522552 505.681946 2491.198730
-348.521729 188.292175 2491.198730
-348.527985 -129.097168 2491.198730
-175.954147 259.470154 2426.305664
-79.790901 16.456985 2370.316650
-42.654079 -458.758423 2461.761475
-45.587059 -924.916870 2443.497070
-302.104919 25.763870 2396.223877
-255.553802 -453.701904 2455.762207
-268.061554 -919.654053 2434.602051
-144.733994 722.245422 2507.051270
-160.161407 495.726501 2466.821045
27.394886 487.621094 2444.895264
101.983536 380.552521 2248.278076
-136.395233 559.665894 2160.473877
-347.717712 503.831848 2488.746826
-347.716888 186.442078 2488.746826
-347.723145 -130.947266 2488.746826
-175.219879 256.929810 2426.285400
-79.134254 13.329956 2372.756836
-44.168865 -463.287537 2457.382568
-47.414436 -929.731201 2446.970215
-301.422455 22.936295 2398.742676
-257.691864 -457.510742 2451.885742
-268.472626 -923.807617 2443.458496
-144.372452 726.174744 2513.698975
-160.469254 499.700226 2470.561035
26.764820 491.933411 2446.019043
103.476486 381.265533 2249.139648
-135.851944 563.442017 2160.170654
-347.703308 507.467041 2495.103027
-347.702484 190.077271 2495.103027
-347.708740 -127.312073 2495.103027
-175.937744 261.275726 2428.004150
-80.438507 18.248077 2370.901855
-44.905067 -457.830627 2458.465088
-48.454933 -923.998474 2439.252686
-302.373993 27.454376 2399.992676
-261.318817 -453.418976 2451.611816
-267.915588 -919.834717 2440.421631
-146.926376 723.773987 2518.024902
-162.932861 497.436646 2471.728271
24.580444 489.717773 2449.408203
107.752419 382.642029 2249.080811
-123.877586 576.958313 2163.443848
-350.446167 505.155548 2494.048340
-350.445343 187.765778 2494.048340
-350.451599 -129.623566 2494.048340
-178.085800 259.441040 2426.732178
-82.112282 16.870972 2368.508545
-45.982857 -459.346069 2455.211426
-50.630737 -925.741089 2440.971924
-304.365173 26.019897 2394.963623
-262.395447 -454.382629 2450.177490
-269.741180 -920.548950 2431.249756
-146.646835 723.297974 2527.679688
-162.713058 497.885010 2475.787354
25.054258 489.467957 2456.059082
112.410370 389.342896 2247.048340
-99.789185 602.191528 2160.099609
-350.480408 506.302032 2495.515625
-350.479584 188.912262 2495.515625
-350.485840 -128.477081 2495.515625
-178.530396 260.841003 2426.377441
-83.067345 18.808640 2365.275635
-44.293167 -456.274597 2456.815430
-49.397362 -922.598755 2439.304199
-305.628113 28.785370 2388.659424
-262.023773 -451.611877 2442.767334
-267.499695 -918.056763 2431.623535
-141.149078 716.676636 2531.998535
-159.466156 494.600739 2476.489014
28.460161 484.375061 2459.414795
122.734970 394.689362 2249.527832
-68.193726 625.101074 2162.193848
-347.392487 504.826416 2493.563232
-347.391663 187.436646 2493.563232
-347.397919 -129.952698 2493.563232
-177.102600 258.385773 2423.842041
-83.361549 16.110397 2361.075928
-43.281517 -458.495789 2454.597168
-48.187515 -924.868469 2437.410400
-306.116547 28.231201 2381.314209
-261.701447 -451.203644 2442.466553
-265.583435 -917.572754 2426.642822
-140.569244 715.646667 2534.170898
-158.330002 493.167114 2477.136719
29.664202 482.023163 2461.251709
132.876816 398.841553 2251.776123
-38.385162 643.630493 2163.105957
-346.324188 504.311096 2493.021729
-346.323364 186.921326 2493.021729
-346.329620 -130.468018 2493.021729
-176.862610 257.263550 2423.304443
-83.993370 14.756271 2360.059082
-45.307106 -459.535156 2455.777344
-49.100170 -925.933472 2438.572998
-306.797089 27.963669 2378.885254
-263.101318 -450.585083 2446.956543
-264.112091 -917.008301 2431.132812
-145.070908 716.566650 2527.739746
-161.713898 492.549744 2474.464111
26.222349 482.207062 2457.308350
144.944962 400.431488 2254.377930
2.473785 662.074951 2167.833252
-349.650146 502.892456 2491.619873
-349.649323 185.502686 2491.619873
-349.655579 -131.886658 2491.619873
-179.430573 256.061768 2422.954590
-85.775131 13.444626 2361.278564
-49.242622 -461.093567 2456.649170
-49.707272 -927.534058 2440.290039
-308.519348 25.702927 2381.611572
-262.903870 -452.545349 2450.783447
-265.448364 -919.119568 2441.651611
-147.478943 719.851624 2524.022949
-163.536804 493.866577 2472.900879
24.274357 484.156464 2454.072021
153.977966 401.225128 2257.677002
55.222473 682.315674 2180.262451
-351.347961 503.576721 2491.729736
-351.347137 186.186951 2491.729736
-351.353394 -131.202393 2491.729736
-180.787933 256.993958 2422.982910
-86.737228 14.366837 2361.906494
-48.815563 -460.701416 2454.013184
-47.541962 -927.281860 2443.712891
-309.340912 25.875809 2384.223389
-262.599518 -452.256165 2453.600586
-265.446411 -918.695496 2438.968262
-148.058060 720.538330 2514.145752
-163.266296 493.312561 2469.837891
24.601843 483.607483 2451.495605
165.982193 404.609833 2261.333740
107.760681 698.195679 2196.908203
-351.134430 503.017700 2488.180176
-351.133606 185.627930 2488.180176
-351.139862 -131.761414 2488.180176
-180.006470 255.577454 2424.166748
-85.415245 12.091049 2367.625977
-46.702793 -463.027527 2459.193115
-45.149654 -929.597473 2447.447510
-308.078064 23.593613 2389.365234
-259.094147 -454.921692 2454.319580
-265.711456 -921.412109 2442.360596
-150.923767 722.654053 2516.748047
-164.279129 494.797180 2470.542725
23.800201 486.161560 2453.985352
176.987244 403.810120 2265.683105
158.877838 706.886475 2215.861816
-352.358459 503.432831 2487.100098
-352.357635 186.043060 2487.100098
-352.363892 -131.346283 2487.100098
-179.280197 257.071747 2424.129395
-82.815781 14.228394 2367.903320
-44.568172 -462.496918 2450.438965
-45.979523 -929.146240 2444.239746
-305.746735 24.464233 2387.528809
-260.072662 -454.944305 2448.057617
-263.154694 -921.332275 2431.678223
-151.875839 723.320679 2518.052002
-163.900879 495.463745 2470.611328
24.280838 487.457611 2454.858398
183.489090 396.910187 2271.358643
206.744049 702.256592 2232.041504
-352.082581 503.469849 2486.364258
-352.081757 186.080078 2486.364258
-352.088013 -131.309265 2486.364258
-178.004135 257.938782 2422.853760
-80.588356 15.669296 2365.760742
-43.116436 -460.954346 2449.491455
-46.668522 -927.563599 2440.562744
-303.626404 25.158371 2384.431641
-263.014954 -453.044556 2456.054443
-258.655670 -917.274231 2415.438232
-150.379425 723.937622 2521.203857
-163.368164 496.338928 2471.744629
24.756966 488.218018 2455.335938
188.250641 393.447723 2273.679443
246.426849 697.825317 2247.677490
-351.493286 504.459808 2488.153320
-351.492462 187.070038 2488.153320
-351.498718 -130.319305 2488.153320
-177.836792 258.955872 2423.346191
-80.819283 16.760239 2365.223877
-42.757259 -459.412109 2451.325684
-48.145641 -925.950684 2439.605957
-303.791565 26.385376 2384.671631
-265.388397 -451.745361 2458.502686
-264.469360 -916.937378 2426.482178
-151.515640 726.959656 2528.781250
-163.411819 500.500946 2475.765381
24.752132 492.900299 2459.524658
195.123734 393.224670 2277.346436
279.421509 693.683228 2266.352051
-351.575806 508.101593 2492.006104
-351.574982 190.711823 2492.006104
-351.581238 -126.677521 2492.006104
-177.405243 263.714966 2424.454102
-79.888428 22.424683 2363.518311
-44.296566 -453.719940 2450.862793
-48.190876 -920.215515 2436.767578
-302.908875 31.433289 2382.767334
-264.939087 -445.879517 2462.037354
-259.610779 -909.368774 2412.436279
-152.942703 726.788696 2523.046875
-163.976562 499.739075 2473.861572
24.273067 492.202484 2458.621826
196.053329 391.109222 2278.170410
304.658051 686.487427 2282.553223
-352.226196 507.275635 2489.101318
-352.225372 189.885864 2489.101318
-352.231628 -127.503479 2489.101318
-177.428528 262.391205 2425.072510
-79.317612 20.576920 2367.251953
-45.764111 -456.357727 2450.980713
-49.143066 -922.974854 2443.222656
-302.443359 29.509781 2385.314941
-263.659088 -448.286682 2461.392334
-263.330902 -913.046265 2423.851074
-154.192947 724.038452 2521.181152
-165.041199 496.907166 2472.443604
23.095524 490.205139 2455.584473
195.524063 388.561432 2278.073242
313.813232 683.648071 2285.229004
-353.177917 503.609222 2489.302734
-353.177094 186.219452 2489.302734
-353.183350 -131.169891 2489.302734
-177.842590 259.442505 2423.988770
-79.144638 18.005875 2365.542236
-49.798996 -459.891602 2445.132568
-45.786385 -926.478455 2437.718506
-302.143311 25.949829 2385.525635
-262.190918 -453.087585 2452.172852
-265.449768 -918.759033 2428.201416
-154.241791 722.504578 2520.755371
-165.126053 495.377808 2471.957031
22.932062 488.734009 2454.184814
192.763443 383.781921 2278.016113
303.911987 683.316589 2274.625244
-353.184174 502.021545 2489.729248
-353.183350 184.631775 2489.729248
-353.189606 -132.757568 2489.729248
-178.094315 257.914673 2423.503418
-79.615562 16.514313 2364.517578
-51.480461 -460.937714 2447.242432
-44.546387 -927.527832 2440.063232
-302.509583 24.388779 2385.582031
-257.817169 -454.695679 2448.995605
-270.691895 -920.618835 2434.261475
-154.161957 721.121338 2520.042480
-165.495224 493.933105 2471.248779
22.425518 486.771973 2452.273193
188.389969 384.886597 2274.495117
283.439911 688.411987 2263.729980
-353.415985 501.094238 2490.224365
-353.415161 183.704468 2490.224365
-353.421417 -133.684875 2490.224365
-179.398132 256.440857 2423.190918
-81.933006 14.704697 2363.887451
-52.928524 -462.554810 2447.519043
-47.195515 -929.202698 2441.666504
-304.669067 23.192551 2386.378662
-263.084290 -455.671448 2453.623291
-272.313599 -921.648682 2433.619385
-153.706451 721.323547 2520.187988
-165.367477 494.355652 2471.268311
22.504894 486.896179 2451.896729
182.224915 387.919922 2269.221680
259.598999 692.875122 2249.310547
-353.239868 501.815125 2490.639893
-353.239044 184.425354 2490.639893
-353.245300 -132.963989 2490.639893
-179.753464 256.894226 2423.187988
-82.802658 15.012192 2363.627686
-50.025658 -461.698792 2448.933105
-47.682793 -928.394043 2444.849609
-305.476257 23.853439 2386.587646
-261.165833 -454.799866 2453.796631
-272.939697 -920.903503 2435.430420
-152.872849 720.293091 2511.257568
-165.472153 492.450348 2468.334229
22.408119 484.632355 2449.162598
177.109375 393.459473 2262.601807
223.016968 700.591675 2229.469482
-353.352417 500.268341 2487.505859
-353.351593 182.878571 2487.505859
-353.357849 -134.510773 2487.505859
-179.929596 254.336334 2423.753174
-83.044601 11.589188 2367.810547
-47.525127 -463.633057 2459.820557
-49.696941 -929.777588 2441.710449
-305.729492 20.855469 2390.533691
-261.482574 -457.919281 2457.071045
-270.111725 -924.189453 2439.798584
-152.125351 724.169434 2523.792480
-164.833145 497.696136 2474.130127
23.133333 489.723206 2455.899414
168.566605 394.236786 2258.308350
180.558884 700.317627 2207.749756
-352.799622 505.669067 2492.360840
-352.798798 188.279297 2492.360840
-352.805054 -129.110046 2492.360840
-179.642639 260.492554 2425.175049
-83.056885 18.563950 2365.415771
-44.460110 -457.292053 2452.812012
-49.926960 -923.529663 2434.895752
-305.847412 28.014008 2387.024170
-260.986023 -451.524780 2447.093994
-269.539734 -917.895630 2431.612061
-151.703369 724.040588 2521.553467
-164.528107 497.461731 2473.042480
23.598228 489.190491 2456.791016
160.281189 396.116272 2255.161621
128.835541 693.512268 2182.301514
-352.654449 505.732910 2489.293945
-352.653625 188.343140 2489.293945
-352.659882 -129.046204 2489.293945
-179.165344 260.159790 2424.377930
-82.308022 17.955856 2366.081787
-42.050171 -457.411682 2455.509277
-46.928474 -923.762634 2438.682373
-305.297150 27.759872 2385.344971
-260.786133 -451.424561 2448.559570
-267.660492 -917.962769 2438.948486
-150.970490 722.195190 2520.420410
-164.551193 495.711304 2472.659912
23.548958 486.702637 2456.441406
153.652649 395.048950 2252.562256
68.873230 674.640076 2162.119141
-352.651367 504.719940 2488.878418
-352.650543 187.330170 2488.878418
-352.656799 -130.059174 2488.878418
-180.028687 258.236328 2425.060547
-84.035095 15.422684 2367.849854
-46.007385 -460.126465 2457.370850
-52.518677 -926.566345 2443.050537
-306.977234 26.100006 2387.072510
-262.779572 -452.404541 2455.387695
-271.837433 -918.663086 2438.412109
-147.146072 717.870483 2520.374268
-162.424438 493.066162 2471.851074
25.678446 483.199066 2456.158447
143.342285 393.009155 2251.293701
13.079010 651.218628 2154.456543
-350.527313 502.933258 2487.543701
-350.526489 185.543488 2487.543701
-350.532745 -131.845856 2487.543701
-178.870270 255.707275 2423.963867
-83.841270 12.500885 2366.776855
-43.492542 -463.217010 2454.383545
-47.241165 -929.684082 2439.522461
-306.790924 24.195892 2385.376465
-259.542023 -454.897125 2446.954590
-268.559418 -921.274048 2432.212402
-148.143524 718.941650 2521.859863
-165.033142 493.704285 2472.288818
22.953924 483.835327 2455.280273
138.672836 390.504242 2252.135498
-33.178299 625.443848 2155.702881
-353.020172 503.573242 2489.297363
-353.019348 186.183472 2489.297363
-353.025604 -131.205872 2489.297363
-181.826309 256.365875 2424.394043
-87.211838 13.178772 2366.419434
-45.580261 -461.925293 2456.724121
-53.078285 -928.213013 2438.436035
-310.027130 24.876160 2386.579102
-263.473846 -454.251282 2448.725098
-269.965790 -920.739746 2435.791260
-149.502075 719.208801 2520.591797
-166.521606 493.684021 2471.772461
21.314697 484.420654 2452.924316
133.337524 384.258423 2255.056152
-74.227829 592.239807 2160.067383
-354.357910 502.947388 2490.620605
-354.357086 185.557617 2490.620605
-354.363342 -131.831726 2490.620605
-182.972229 256.184570 2424.553711
-88.101730 13.195190 2366.164551
-42.726673 -462.089142 2453.604248
-52.537159 -928.411255 2437.050293
-310.743958 24.175049 2388.505371
-260.696320 -455.145874 2446.182373
-268.272705 -921.692505 2443.592041
-150.711594 722.063965 2520.457764
-167.240936 496.087219 2471.495361
20.364607 487.454956 2450.287598
125.672119 381.134979 2256.020020
-110.646118 557.877625 2164.716797
-354.846497 504.719452 2492.703125
-354.845673 187.329681 2492.703125
-354.851929 -130.059662 2492.703125
-183.432098 258.425964 2425.002930
-88.437172 15.648727 2365.941406
-40.458740 -459.574646 2452.364502
-49.935524 -926.047729 2441.195801
-310.809357 25.880676 2391.079590
-260.176147 -453.577606 2447.289551
-267.616028 -920.157288 2441.682617
-149.102005 724.638306 2521.900635
-165.841156 498.447815 2472.470947
21.535128 489.998383 2449.253174
119.835075 378.067322 2256.504150
-132.767944 539.348206 2172.905762
-353.217438 506.897217 2495.688721
-353.216614 189.507446 2495.688721
-353.222870 -127.881897 2495.688721
-182.333130 260.831329 2425.847656
-87.780502 18.207489 2365.464844
-41.298466 -456.265015 2456.624512
-49.597919 -922.526978 2438.781738
-309.869720 28.222214 2392.983887
-256.668488 -450.847046 2450.187988
-265.586456 -917.194397 2436.385742
-148.564880 722.354858 2512.113525
-163.955658 495.978546 2468.627441
23.657473 488.436462 2447.053955
115.901482 377.022827 2256.764160
-142.949432 533.557678 2175.793457
-351.568787 503.520630 2490.200928
-351.567963 186.130859 2490.200928
-351.574219 -131.258484 2490.200928
-178.498810 257.611877 2425.486328
-81.857704 14.775589 2369.560059
-37.318848 -460.343445 2458.339111
-41.838417 -926.710693 2441.387695
-304.226227 23.714844 2395.130371
-253.262848 -455.500153 2453.190918
-257.813934 -921.676392 2433.116699
-149.134476 724.442566 2524.232910
-163.967392 499.766357 2474.243164
23.768265 492.902039 2453.458984
115.957458 378.518280 2256.882324
-141.854401 539.816345 2173.819336
-351.703033 506.630615 2495.027344
-351.702209 189.240845 2495.027344
-351.708466 -128.148499 2495.027344
-177.938538 262.277527 2426.481445
-80.656136 20.720871 2366.402832
-41.613895 -456.045166 2448.301758
-47.309719 -922.578125 2440.013428
-303.163239 28.856552 2391.036621
-259.035980 -451.574707 2443.820312
-260.927094 -917.931274 2426.745850
-149.000473 725.585022 2522.786865
-163.797928 501.432526 2474.226807
24.094501 494.576111 2454.898682
119.478271 380.259705 2256.957031
-126.694199 559.265320 2175.010986
-351.690338 508.288940 2493.554932
-351.689514 190.899170 2493.554932
-351.695770 -126.490173 2493.554932
-177.418121 263.973633 2426.057861
-79.688095 22.451447 2366.434570
-41.265621 -453.915131 2451.139893
-48.739330 -920.465820 2442.428955
-302.388550 30.578033 2389.343262
-260.445343 -450.198303 2441.099854
-264.230316 -916.731323 2431.443848
-148.986343 719.685669 2513.564941
-164.103821 495.633972 2470.270752
24.058249 487.541382 2454.792969
129.710266 382.611450 2259.969727
-98.503860 580.684082 2171.103760
-352.265869 503.726501 2485.748535
-352.265045 186.336731 2485.748535
-352.271301 -131.052612 2485.748535
-178.089905 257.691132 2424.651855
-80.543327 14.951462 2369.858398
-44.789104 -461.867493 2453.288574
-49.088043 -928.515381 2448.072266
-303.608643 24.545151 2388.207520
-262.066864 -455.984680 2442.666016
-266.083282 -922.588379 2434.226074
-144.870331 716.946777 2516.934326
-160.981750 492.397949 2470.815430
27.175875 482.946716 2455.826416
137.366409 386.298767 2259.494873
-67.215118 604.681091 2165.774170
-349.139374 501.849182 2485.804443
-349.138550 184.459412 2485.804443
-349.144806 -132.929932 2485.804443
-176.651215 254.800049 2423.931641
-80.824059 11.601624 2368.165771
-47.140724 -465.965576 2448.113525
-47.208820 -932.612305 2441.045654
-303.817291 22.802673 2385.929932
-261.684509 -457.050842 2445.547607
-265.730011 -923.404236 2429.219727
-144.719360 719.158691 2518.632324
-160.153931 493.294525 2471.617676
27.982830 483.513336 2456.394775
147.199356 386.631653 2260.765381
-30.398804 625.855835 2165.483398
-348.290680 503.075745 2486.840576
-348.289856 185.685974 2486.840576
-348.296112 -131.703369 2486.840576
-176.350433 255.866470 2424.003418
-81.060013 12.642227 2367.368164
-45.956738 -464.161072 2451.172852
-48.080147 -930.769226 2441.504639
-304.033844 24.234604 2385.410156
-262.100006 -455.587402 2445.597168
-265.760223 -922.113708 2434.422363
-146.116013 717.592590 2520.016602
-160.681534 492.161652 2471.482178
27.488894 482.341644 2456.611328
155.100693 388.808411 2261.430664
11.556717 647.294250 2166.517090
-348.851959 501.981659 2486.353027
-348.851135 184.591888 2486.353027
-348.857391 -132.797455 2486.353027
-176.871323 254.832458 2423.343506
-81.549980 11.683853 2366.392334
-47.263100 -464.267456 2455.178711
-46.133545 -930.646179 2438.716553
-304.572235 23.322662 2384.017334
-262.939758 -455.540192 2451.298584
-266.632202 -921.606873 2429.499023
-147.491058 718.460571 2520.176758
-162.547760 492.139771 2471.493652
25.451794 481.925659 2454.883545
166.554718 383.401672 2268.209229
62.700363 661.963623 2178.900879
-350.547302 502.353943 2488.103760
-350.546478 184.964172 2488.103760
-350.552734 -132.425171 2488.103760
-179.677948 254.838928 2423.531738
-85.391312 11.484726 2365.725830
-48.086590 -464.291138 2454.307129
-52.752937 -930.640198 2437.534668
-308.224976 23.591415 2385.413818
-265.530457 -455.764771 2448.472900
-270.660217 -922.115356 2433.564209
-147.259079 718.313904 2512.248291
-162.390808 491.180176 2469.094971
25.618752 481.039856 2452.482666
176.276093 387.703156 2271.596191
113.160461 678.840210 2191.180420
-350.400391 501.320496 2485.707275
-350.399567 183.930725 2485.707275
-350.405823 -133.458618 2485.707275
-179.197937 253.294312 2424.087891
-84.588470 9.399200 2369.236328
-45.377327 -465.989380 2459.120850
-46.149151 -932.272217 2439.696045
-307.421661 21.417740 2388.925293
-259.913391 -458.087219 2447.039062
-268.645569 -924.549866 2441.248047
-147.917175 719.068115 2507.822266
-162.147156 490.689575 2467.602295
25.853624 480.880188 2450.666016
182.136398 384.357727 2273.284180
166.113586 683.924805 2207.265381
-350.147919 500.498962 2484.538574
-350.147095 183.109192 2484.538574
-350.153351 -134.280151 2484.538574
-178.463409 252.416168 2424.490234
-83.366142 8.329483 2371.341309
-45.597542 -468.017334 2456.570801
-43.488052 -934.434570 2440.539307
-306.193176 19.956024 2391.415039
-262.143250 -459.990356 2448.808594
-268.184326 -926.527344 2440.491699
-150.509216 722.021667 2513.572998
-162.674042 493.279968 2469.763184
25.464081 484.491577 2453.865479
192.065536 383.185455 2275.655273
212.078354 686.002075 2223.310791
-350.812164 502.068298 2485.660889
-350.811340 184.678528 2485.660889
-350.817596 -132.710815 2485.660889
-177.584991 255.240234 2424.893066
-80.997322 11.992157 2370.601318
-46.289471 -464.673401 2455.395264
-44.312523 -930.852173 2433.673096
-303.994568 22.408890 2389.444580
-259.783508 -457.626465 2446.176025
-267.189545 -924.085571 2433.849365
-149.261902 724.447327 2524.957520
-160.712067 498.341919 2474.699951
27.537346 489.570770 2460.186768
198.049255 375.603790 2280.833984
251.805023 676.131714 2236.933105
-348.961517 507.113037 2489.213135
-348.960693 189.723267 2489.213135
-348.966949 -127.666077 2489.213135
-175.563858 261.216858 2425.366699
-78.852463 18.893723 2367.432373
-45.978386 -458.507263 2448.733154
-43.333527 -924.951416 2440.454834
-301.978821 29.289902 2384.634521
-260.460449 -450.926331 2441.910400
-266.373840 -917.467407 2430.785889
-148.613571 724.732666 2522.136963
-160.771729 498.631592 2473.407471
27.565222 489.401398 2460.425049
202.522430 373.798248 2282.920898
287.762512 670.234863 2253.420654
-349.108673 507.861786 2486.389893
-349.107849 190.472015 2486.389893
-349.114105 -126.917328 2486.389893
-175.754211 261.347534 2424.758789
-79.121094 18.593307 2368.416260
-48.268944 -458.840271 2450.379150
-45.870392 -925.421509 2448.705566
-302.352295 29.533630 2383.803955
-262.584534 -449.843994 2448.452881
-267.980621 -916.443909 2438.989746
-149.315735 727.531433 2529.243164
-161.246277 502.113953 2476.400391
27.202946 492.983551 2465.120117
203.773209 368.407257 2283.972168
317.536285 657.385986 2264.549561
-349.695496 511.244354 2487.680664
-349.694672 193.854584 2487.680664
-349.700928 -123.534760 2487.680664
-175.799377 265.419189 2424.859375
-78.670387 23.313416 2366.633301
-49.359741 -454.046082 2449.625244
-44.492821 -920.677368 2447.221680
-302.034576 34.135437 2380.003418
-259.642975 -445.052765 2444.599121
-267.444977 -911.644653 2436.312012
-148.753677 725.168457 2516.567871
-161.788757 498.985168 2471.531982
26.746372 490.114624 2461.513428
204.871307 366.194305 2282.487793
338.007446 650.409180 2276.664062
-350.323853 507.855713 2481.550537
-350.323029 190.465942 2481.550537
-350.329285 -126.923401 2481.550537
-175.481979 261.381805 2424.222168
-77.444809 18.521545 2370.975098
-48.009544 -459.127045 2452.263672
-47.969852 -925.738159 2456.656738
-300.905609 29.035339 2382.849609
-262.263092 -448.654022 2458.899902
-261.909027 -913.577454 2426.571777
-150.054886 725.040649 2518.334961
-161.389465 497.976990 2472.033203
27.189720 489.506287 2462.417969
204.922089 365.604614 2282.275635
345.294067 646.533997 2276.367920
-349.968658 506.447693 2481.648438
-349.967834 189.057922 2481.648438
-349.974091 -128.331421 2481.648438
-174.512390 260.483704 2423.883789
-75.880280 17.970566 2370.036133
-47.807877 -459.987488 2449.983154
-47.188129 -926.600037 2446.591553
-299.390350 28.010300 2381.432617
-262.625580 -449.959839 2457.177002
-258.499634 -914.171753 2413.810059
-150.620758 724.383362 2519.330322
-161.631943 497.286560 2472.595215
26.888248 489.180115 2461.638184
199.458725 359.805420 2280.626465
339.207275 640.977173 2267.455566
-350.152130 505.393005 2483.552246
-350.151306 188.003235 2483.552246
-350.157562 -129.386108 2483.552246
-174.648743 259.792908 2424.343750
-75.941628 17.495087 2369.598633
-48.172989 -460.719299 2448.119141
-46.952282 -927.380371 2449.329590
-299.389496 27.103424 2382.585938
-263.166077 -451.671570 2453.480957
-263.500854 -917.139893 2431.806641
-148.878342 719.895020 2519.314453
-161.845703 494.061188 2472.076904
26.516819 485.198181 2459.264404
195.235703 358.399231 2280.809570
320.879303 646.026489 2256.139648
-350.208221 502.924225 2484.889404
-350.207397 185.534454 2484.889404
-350.213654 -131.854889 2484.889404
-176.279861 256.580139 2424.151123
-79.080750 13.846405 2368.631836
-52.510986 -463.281921 2453.641602
-49.946457 -929.594849 2440.863037
-302.347321 24.351776 2383.818848
-265.967529 -454.890778 2451.574707
-266.391144 -920.968018 2436.902832
-147.462662 720.029785 2519.822754
-160.381805 493.549011 2471.776123
27.926060 484.322815 2458.341797
189.137421 360.686218 2273.877441
295.942200 652.928223 2243.496338
-348.689667 502.775238 2485.210449
-348.688843 185.385468 2485.210449
-348.695099 -132.003876 2485.210449
-175.425873 256.071350 2423.995605
-78.876511 13.126129 2368.253662
-46.965149 -463.752380 2452.798096
-49.622429 -930.179077 2440.638916
-302.063354 24.061249 2384.176514
-260.975281 -455.455200 2446.933105
-266.602020 -921.805664 2439.403809
-147.969299 721.847107 2519.590820
-161.882401 495.245178 2473.096680
26.150280 485.190857 2456.928223
182.576126 359.842712 2273.941650
259.688873 657.634033 2223.173828
-349.915100 505.299561 2489.265137
-349.914276 187.909790 2489.265137
-349.920532 -129.479553 2489.265137
-178.625214 257.732391 2426.081543
-83.923706 14.260513 2369.483643
-47.973625 -461.780579 2457.072510
-55.333061 -928.151001 2442.921631
-306.812317 26.178665 2388.649170
-266.253815 -452.488770 2457.841064
-274.158875 -918.659302 2441.786865
-146.315567 721.274109 2511.483643
-161.837738 494.250427 2470.398438
26.170652 483.076019 2454.575195
172.783890 362.918579 2268.954590
211.040634 663.570496 2204.313965
-349.846130 505.424805 2486.221680
-349.845306 188.035034 2486.221680
-349.851562 -129.354309 2486.221680
-179.649811 256.171112 2426.890869
-86.047966 11.469864 2374.006348
-47.300007 -464.118225 2462.946777
-49.383438 -930.512329 2447.219971
-308.875793 24.713760 2392.760254
-260.353027 -453.785583 2457.523926
-271.833466 -919.993164 2441.681641
-146.478058 724.175903 2515.915771
-161.294220 496.928345 2472.150635
26.718946 486.170898 2456.007324
166.386703 365.459381 2266.488037
160.086472 662.365417 2186.229980
-349.307404 507.685791 2488.293945
-349.306580 190.296021 2488.293945
-349.312836 -127.093323 2488.293945
-178.788193 259.148834 2426.856201
-84.864311 14.994400 2371.995117
-44.556328 -462.454041 2448.645264
-46.043884 -929.010498 2443.422852
-307.700012 27.744263 2391.128418
-255.568268 -451.186615 2449.666748
-268.161987 -917.375427 2432.353271
-145.478943 723.706970 2517.634521
-159.795425 496.788055 2472.862549
28.325581 486.532104 2457.657227
161.186996 368.235321 2265.266113
97.261353 649.402344 2168.289307
-347.916412 507.044006 2488.067871
-347.915588 189.654236 2488.067871
-347.921844 -127.735107 2488.067871
-176.488037 259.119141 2426.647705
-81.695358 15.372284 2371.421631
-40.312019 -461.284790 2452.703369
-45.564957 -927.836792 2444.912842
-304.665955 27.528168 2389.444092
-256.317047 -451.535156 2450.404541
-264.408752 -917.719666 2430.365723
-144.031616 721.314697 2510.557617
-159.435379 494.100861 2470.969238
28.823172 483.333679 2458.159180
155.068054 364.101471 2269.629150
41.792854 625.779175 2161.942871
-347.693909 504.868042 2483.779297
-347.693085 187.478271 2483.779297
-347.699341 -129.911072 2483.779297
-175.965637 255.767944 2428.362305
-80.920952 11.053650 2378.163330
-41.830765 -465.631775 2460.702637
-47.914146 -932.156616 2449.968994
-304.070862 23.816406 2393.347412
-259.772369 -455.843719 2452.834229
-264.586792 -922.272827 2438.679932
-144.669449 728.192383 2515.467529
-158.802170 500.904053 2473.954102
29.352242 491.400146 2458.917236
149.021271 362.048340 2269.803467
-10.245636 599.043152 2161.926514
-346.956573 510.407959 2488.990967
-346.955750 193.018188 2488.990967
-346.962006 -124.371155 2488.990967
-174.353638 262.761841 2429.875488
-78.394676 18.987122 2376.885254
-41.165386 -458.925598 2452.817383
-46.746624 -925.464111 2441.156738
-301.415558 30.252136 2394.708496
-257.182526 -449.818359 2451.000977
-264.613556 -916.275146 2437.872070
-143.531921 726.911865 2517.821533
-159.140091 501.262878 2475.084717
28.906212 491.750916 2458.658691
148.510803 358.521881 2273.394775
-51.849899 563.311584 2168.232910
-347.186401 510.774841 2491.510742
-347.185577 193.385071 2491.510742
-347.191833 -124.004272 2491.510742
-175.069839 263.215637 2430.567871
-79.562569 19.531555 2376.316895
-40.771629 -458.616272 2450.176758
-52.106590 -925.100708 2445.535400
-302.436584 30.805237 2395.785156
-260.769928 -450.172302 2445.670898
-267.032440 -916.761475 2439.290527
-143.661957 725.380554 2519.077881
-160.060623 499.510468 2475.167725
27.860977 489.773987 2457.443604
148.758240 361.756439 2272.191162
-82.046890 539.026489 2174.170654
-347.982239 509.246948 2492.891846
-347.981415 191.857178 2492.891846
-347.987671 -125.532166 2492.891846
-176.624237 261.575287 2430.256348
-81.822525 17.870102 2374.841309
-46.792343 -460.962036 2446.115967
-50.380684 -927.552979 2446.590332
-304.553162 29.410095 2395.848633
-261.734222 -451.313690 2447.470703
-270.037659 -917.860840 2438.779297
-144.194824 725.539001 2528.224365
-161.236694 500.356018 2478.872803
26.559877 490.880920 2459.724854
146.864777 359.867737 2273.599121
-98.509857 525.684448 2180.738525
-349.033264 509.831085 2498.020752
-349.032440 192.441315 2498.020752
-349.038696 -124.948029 2498.020752
-178.136383 263.145538 2430.505859
-83.742851 20.319885 2370.791504
-45.029850 -457.609772 2446.051270
-50.213520 -924.230103 2442.853271
-306.329285 31.550232 2393.486328
-262.165741 -448.467590 2450.205322
-270.165344 -914.808838 2434.528564
-144.902100 726.011230 2531.794189
-162.814362 501.069336 2480.599854
24.898331 491.511658 2460.642822
146.932236 363.428040 2270.306152
-105.542816 523.103149 2179.183105
-350.527039 510.627014 2500.556885
-350.526215 193.237244 2500.556885
-350.532471 -124.152100 2500.556885
-180.165741 264.166901 2430.850586
-86.275513 21.600433 2369.274414
-45.878990 -455.079681 2451.139648
-52.278694 -921.655273 2443.500000
-308.758728 32.928497 2392.928223
-262.754395 -446.876740 2450.156738
-271.958557 -913.329346 2438.293945
-143.664154 724.827026 2535.072021
-162.477753 500.950928 2482.375000
25.268095 490.537903 2463.165771
144.976501 364.207153 2270.167236
-96.843292 539.363525 2175.488525
-350.223602 511.363892 2501.584229
-350.222778 193.974121 2501.584229
-350.229034 -123.415222 2501.584229
-180.802490 264.348969 2431.531738
-87.863693 21.575974 2369.304443
-46.733356 -455.022827 2451.499756
-48.955345 -921.666321 2444.863037
-310.390778 33.918076 2392.072510
-261.620667 -445.936707 2446.512939
-271.064911 -912.485840 2439.690674
-144.641434 729.682617 2527.670898
-161.734253 504.513519 2481.362549
26.090530 494.793427 2462.545654
149.483551 368.103790 2269.584229
-78.963364 560.584717 2175.447021
-349.559052 514.233643 2500.179443
-349.558228 196.843872 2500.179443
-349.564484 -120.545471 2500.179443
-178.757172 267.101013 2434.083008
-84.470573 23.928131 2375.652100
-39.594601 -451.854889 2460.550781
-43.935268 -918.311523 2447.160889
-307.089600 35.448883 2397.954834
-256.260345 -444.272614 2451.773438
-266.061615 -910.854858 2450.710938
-143.688965 728.562317 2523.586182
-158.491501 502.549438 2479.534912
29.664440 493.117554 2464.700684
152.729660 373.541443 2268.310547
-55.033371 585.974854 2169.143555
-346.647430 511.981262 2494.369141
-346.646606 194.591492 2494.369141
-346.652863 -122.797852 2494.369141
-174.060257 264.837585 2433.203369
-78.098572 21.534958 2378.078857
-35.278000 -454.568237 2462.334229
-42.198486 -920.651367 2440.812500
-301.159454 32.716537 2395.664795
-246.945435 -446.774902 2448.181152
-267.450195 -912.832825 2441.332031
-142.085938 725.709595 2522.487793
-156.177582 499.725250 2478.369873
32.120872 489.980804 2465.530029
157.866211 380.270477 2265.665771
-19.200714 616.420593 2168.707275
-344.476044 509.469696 2491.209717
-344.475220 192.079926 2491.209717
-344.481476 -125.309418 2491.209717
-171.657974 262.057434 2431.719238
-75.553886 18.615112 2377.459717
-42.606846 -458.944611 2457.147705
-47.277885 -925.231567 2438.711426
-298.722809 30.164124 2392.677490
-254.368256 -449.749115 2449.433594
-268.824585 -915.958862 2437.473877
-143.278580 729.217407 2529.881348
-156.958466 503.747650 2482.204346
31.207535 494.040771 2467.437256
162.423019 379.625946 2265.836182
32.236618 642.991699 2175.229980
-345.124451 513.454529 2496.971436
-345.123627 196.064758 2496.971436
-345.129883 -121.324585 2496.971436
-173.017105 266.531738 2433.510742
-77.566902 23.563446 2376.065918
-49.945572 -454.789581 2453.171875
-44.854504 -921.165161 2447.324707
-300.584595 35.068207 2393.568359
-260.638580 -444.454559 2456.592285
-270.136536 -910.651611 2439.357910
-144.225677 728.842773 2533.128174
-157.669388 503.452942 2483.154053
30.453619 493.665955 2467.750000
173.213882 381.806458 2270.426025
88.243835 665.292480 2187.448730
-345.792389 513.239868 2498.558105
-345.791565 195.850098 2498.558105
-345.797821 -121.539246 2498.558105
-174.073929 266.481232 2433.371826
-78.998207 23.709854 2374.461426
-48.369488 -454.192871 2453.448975
-46.643635 -920.675537 2444.475098
-301.958740 35.309219 2392.717773
-261.686951 -444.536194 2453.481201
-267.918732 -910.912170 2438.292480
-145.691864 726.281250 2535.749756
-158.837631 501.561371 2483.459961
29.308542 492.149902 2468.021729
179.102158 383.403931 2270.229492
147.898453 680.102661 2201.815918
-346.983826 510.972839 2498.898193
-346.983002 193.583069 2498.898193
-346.989258 -123.806274 2498.898193
-174.890381 264.903595 2432.095947
-79.445938 22.668488 2371.583008
-48.447578 -455.600708 2448.346191
-45.724720 -922.209229 2443.690918
-302.440308 33.823151 2389.880859
-260.354034 -446.061096 2449.325684
-266.873901 -912.514893 2435.468262
-146.075745 725.059631 2527.531982
-158.799591 499.665100 2480.052246
29.414286 490.340363 2465.379150
183.543655 382.700226 2269.110352
202.079865 684.724976 2218.426514
-347.013489 508.989838 2494.725342
-347.012665 191.600067 2494.725342
-347.018921 -125.789276 2494.725342
-174.344345 262.404968 2431.436279
-78.349068 19.618774 2374.124512
-46.056175 -457.659210 2456.252197
-44.620117 -924.229248 2446.792725
-301.429108 30.670898 2391.516113
-259.248535 -449.109528 2451.878662
-262.838165 -915.669556 2440.553223
-146.153503 724.185730 2523.935547
-159.784897 498.369812 2478.394287
28.094656 489.293915 2460.129883
189.285233 377.859070 2269.554688
251.890945 677.827209 2234.731445
-347.664459 507.445679 2496.658691
-347.663635 190.055908 2496.658691
-347.669891 -127.333435 2496.658691
-175.851456 260.861816 2431.144775
-80.556091 17.974289 2373.069336
-49.044022 -460.455261 2448.373291
-50.116211 -927.107788 2443.234863
-303.279938 28.733383 2394.721191
-261.791473 -451.674072 2450.266846
-269.472595 -918.253052 2443.783203
-145.488998 724.457031 2523.134766
-158.930725 497.855286 2477.559570
28.669512 489.197296 2456.471680
192.646194 375.433258 2267.272705
297.000000 666.443787 2250.071289
-346.530945 506.513275 2498.647461
-346.530121 189.123505 2498.647461
-346.536377 -128.265839 2498.647461
-175.147385 260.243591 2430.849609
-80.184563 17.500824 2371.642090
-44.962326 -460.154419 2450.223633
-47.773682 -926.722412 2440.112061
-302.543549 27.762970 2396.637207
-259.543884 -452.433746 2452.977051
-267.238159 -918.948242 2442.318115
-146.994904 726.278809 2529.736328
-159.502518 499.316711 2479.579590
28.001659 491.767090 2457.146240
200.309845 378.213928 2265.631104
339.520325 655.494629 2267.036865
-347.006714 506.866333 2502.012939
-347.005890 189.476562 2502.012939
-347.012146 -127.912781 2502.012939
-174.911865 262.114502 2430.610840
-79.207596 20.438446 2368.348389
-40.760239 -456.106354 2451.960693
-46.177849 -922.594421 2438.932373
-301.434814 29.386139 2394.935791
-261.897095 -449.807007 2460.739990
-261.463989 -914.066650 2422.496582
-146.679092 721.912842 2516.125977
-160.684814 494.878632 2473.587402
26.981842 487.252380 2452.500977
200.637482 373.596100 2263.813965
363.076630 639.796021 2267.327148
-348.351471 502.504913 2494.673828
-348.350647 185.115143 2494.673828
-348.356903 -132.274200 2494.673828
-175.371490 256.806122 2428.980469
-78.846619 14.214264 2371.877686
-43.064636 -462.387756 2456.495361
-47.185539 -928.964478 2445.783936
-301.269714 23.252960 2396.869385
-261.924255 -456.378082 2459.908203
-265.413208 -921.722168 2432.965576
-148.553619 720.536926 2518.673828
-161.351456 493.268555 2474.516846
26.175310 485.995605 2452.067383
202.813797 373.797546 2260.402588
374.273132 636.706299 2264.106934
-348.878204 500.541534 2496.966309
-348.877380 183.151764 2496.966309
-348.883636 -134.237579 2496.966309
-176.020355 255.330185 2429.068604
-79.557640 13.081711 2370.316406
-48.188171 -464.559570 2450.606445
-46.234104 -931.180115 2447.185059
-301.820892 21.701874 2396.924316
-261.411957 -458.663483 2453.218994
-267.266907 -924.653442 2436.649170
-147.347122 721.105469 2519.020020
-161.218506 493.516113 2474.869629
26.050468 485.871460 2450.498535
201.907288 371.893677 2260.700195
364.761597 639.701416 2254.367188
-348.487457 501.160828 2499.240723
-348.486633 183.771057 2499.240723
-348.492889 -133.618286 2499.240723
-176.900375 255.719940 2428.960449
-81.599190 13.393204 2368.607910
-47.215000 -463.855774 2450.108643
-50.359348 -930.496460 2446.474609
-303.565308 22.454300 2397.494629
-264.237152 -457.928955 2454.727539
-267.109772 -923.986328 2434.372314
-147.555542 721.116577 2519.663818
-161.829514 493.147461 2475.307617
25.262661 485.007751 2449.735352
200.461761 369.443176 2258.833252
346.217285 645.861938 2238.696289
-348.921692 501.287170 2500.879883
-348.920868 183.897400 2500.879883
-348.927124 -133.491943 2500.879883
-178.370972 255.288818 2429.997559
-84.038376 12.606461 2369.532959
-46.427620 -463.945618 2453.660156
-47.962921 -930.491211 2443.491211
-305.786469 22.253922 2399.842041
-266.005157 -458.274597 2455.687744
-265.631104 -924.508301 2436.796631
-148.368744 721.514099 2519.997803
-162.082336 493.601501 2475.833252
25.144539 485.218445 2451.320557
193.731140 369.218689 2257.426270
324.074371 650.733093 2222.350098
-349.309204 501.984558 2500.345947
-349.308380 184.594788 2500.345947
-349.314636 -132.794556 2500.345947
-178.622833 255.672897 2430.866211
-84.209076 12.776337 2371.372559
-45.196465 -463.188934 2458.196533
-47.857979 -929.531555 2441.336670
-306.117584 22.712234 2400.425781
-263.273834 -457.749817 2454.542969
-264.267578 -924.002319 2434.600586
-149.190033 720.751099 2520.159668
-163.153915 493.730438 2475.618164
24.111649 485.555908 2451.294922
188.792892 368.668274 2258.771240
282.713440 657.733887 2202.190430
-350.419495 501.904968 2499.941406
-350.418671 184.515198 2499.941406
-350.424927 -132.874146 2499.941406
-179.385498 255.784027 2430.619141
-84.640511 12.993256 2371.205811
-46.607853 -463.535736 2455.366211
-49.284988 -930.037109 2442.572754
-306.593628 22.681976 2400.034424
-265.712646 -456.703094 2463.626953
-261.057922 -920.172302 2416.516357
-147.414520 720.158630 2522.750244
-161.320679 493.493591 2476.356934
26.124762 485.017822 2453.607910
180.901978 369.334473 2258.401123
231.475525 663.876099 2186.488281
-348.766113 501.969330 2499.105957
-348.765289 184.579559 2499.105957
-348.771545 -132.809784 2499.105957
-177.654144 255.747299 2430.352051
-82.899048 12.977905 2370.865234
-40.926727 -463.531860 2453.197266
-49.257996 -930.017456 2442.755859
-305.076172 23.024139 2397.829102
-262.349091 -456.924835 2455.857422
-260.667511 -921.917114 2424.940674
-147.082275 721.496094 2520.541504
-160.269165 494.334839 2475.577393
27.361944 485.718079 2454.496826
170.946182 368.664825 2256.706787
176.011200 662.605835 2170.091064
-347.900269 502.951599 2496.657959
-347.899445 185.561829 2496.657959
-347.905701 -131.827515 2496.657959
-176.280762 256.424927 2430.309570
-81.094749 13.408401 2372.548584
-38.438633 -462.354980 2458.749268
-49.582382 -928.538391 2441.128174
-303.489990 23.621658 2397.534912
-261.104401 -456.495544 2454.790039
-260.769592 -922.209961 2430.801758
-146.775726 721.762695 2520.433350
-160.434860 494.943268 2475.943848
27.243534 486.168518 2455.303467
164.983871 370.318481 2254.892090
109.857674 651.869568 2154.451416
-348.113251 503.717987 2496.584229
-348.112427 186.328217 2496.584229
-348.118683 -131.061127 2496.584229
-176.538147 257.041382 2430.657715
-81.420807 13.939468 2373.139893
-40.265362 -462.108826 2458.566650
-51.806400 -928.282166 2439.700439
-303.862091 24.339508 2397.603271
-263.558197 -455.185150 2460.854248
-263.980316 -920.522705 2428.456055
-147.352905 725.907593 2519.878662
-159.741592 499.163086 2476.243652
28.120144 491.506653 2456.910156
158.981201 373.665375 2256.958740
46.897835 636.009644 2151.114990
-347.603333 506.819519 2495.577148
-347.602509 189.429749 2495.577148
-347.608765 -127.959595 2495.577148
-174.088058 261.125854 2431.107910
-77.099174 18.551071 2374.514160
-39.235214 -458.190063 2457.518799
-44.674252 -924.597046 2443.056396
-299.769867 27.626144 2397.430176
-258.199432 -451.855469 2460.423340
-259.097748 -917.445068 2429.691406
-146.190399 726.955200 2511.652588
-160.021805 499.932861 2474.055908
27.883186 490.539795 2456.018799
155.973083 374.823273 2258.455811
-4.286667 614.952942 2157.222656
-347.926819 509.325989 2492.093018
-347.925995 191.936218 2492.093018
-347.932251 -125.453125 2492.093018
-175.894989 261.296509 2432.967285
-80.405861 17.093292 2381.188965
-44.479980 -459.875153 2463.804199
-51.139835 -926.375854 2452.024902
-303.130463 28.226974 2402.568359
-265.829102 -451.796021 2464.059570
-267.792847 -917.709839 2437.878906
-144.520065 729.048279 2516.472168
-159.232162 502.130310 2475.391846
28.408253 493.000397 2454.749268
153.972504 375.401489 2261.229248
-48.164490 582.417786 2161.524170
-346.872559 511.260223 2496.034424
-346.871735 193.870453 2496.034424
-346.877991 -123.518890 2496.034424
-175.555038 263.845032 2432.407227
-80.671082 20.148834 2377.188477
-41.936291 -457.938110 2451.162354
-48.490253 -924.448730 2438.712646
-303.084747 30.970673 2401.656738
-250.857544 -447.937103 2459.033203
-271.437469 -913.000305 2431.578125
-145.725815 726.698975 2517.863037
-159.027710 500.163452 2474.198242
28.634636 492.541718 2453.083008
149.974854 372.705475 2263.612305
-79.194809 555.374146 2166.109863
-346.690094 507.785156 2495.313477
-346.689270 190.395386 2495.313477
-346.695526 -126.993958 2495.313477
-173.737045 262.105286 2429.397461
-77.236122 19.530441 2372.083740
-36.229675 -457.724609 2450.240967
-45.634293 -924.245728 2440.371582
-299.656616 28.563828 2397.109619
-253.385040 -450.517151 2458.669189
-259.915436 -914.641113 2416.399658
-144.783432 720.964600 2519.108887
-158.921555 494.971893 2473.644043
28.899677 487.726624 2453.797607
146.484589 372.356506 2261.825684
-100.923965 537.393677 2171.457520
-346.742767 502.217163 2493.490479
-346.741943 184.827393 2493.490479
-346.748199 -132.561951 2493.490479
-172.919388 257.011414 2428.043701
-75.611847 14.757278 2370.682129
-39.111713 -462.841553 2449.065186
-49.050732 -929.407898 2441.950684
-298.222595 23.344574 2394.204590
-257.373810 -455.891785 2458.750000
-263.536316 -920.929016 2424.277344
-144.923218 719.675842 2519.737061
-158.902100 492.952209 2473.357178
28.902975 486.095581 2453.159668
146.719681 373.197357 2263.412109
-106.791138 532.100708 2171.171387
-346.707153 499.808899 2493.554688
-346.706329 182.419128 2493.554688
-346.712585 -134.970215 2493.554688
-172.529739 255.028992 2427.412109
-74.862274 13.042435 2369.497803
-39.684921 -464.679016 2447.903320
-48.642891 -931.302185 2443.786133
-297.452515 21.169083 2393.436279
-261.301514 -456.942139 2467.919678
-259.663330 -919.794800 2413.431152
-143.915985 718.931030 2520.536133
-158.196747 491.893097 2473.542725
29.702122 484.696686 2454.350098
150.865082 375.593384 2265.226562
-99.550140 541.380615 2171.584229
-346.095612 499.089508 2492.735352
-346.094788 181.699738 2492.735352
-346.101044 -135.689606 2492.735352
-172.037766 254.052032 2427.217285
-74.524849 11.946182 2369.517822
-40.115898 -465.142700 2451.992188
-48.704865 -931.787842 2448.422119
-297.232758 20.475769 2392.265869
-260.683655 -458.899048 2458.028320
-264.014557 -923.613403 2435.602295
