-102.500694 624.112549 2484.594971
-102.272156 394.222412 2459.282227
81.813721 390.816162 2500.092041
137.814484 103.318146 2555.318359
145.828140 -204.813904 2505.410889
-286.358032 397.628662 2418.472412
-286.357849 84.587250 2418.472412
-286.364014 -228.453827 2418.472412
-100.578110 156.438202 2431.793457
8.954205 -83.341415 2428.211182
1.865966 -561.945312 2422.095215
-8.379217 -1020.966797 2453.140869
-206.722336 -79.350601 2380.398193
-210.536377 -557.679382 2362.188965
-243.354614 -1012.261841 2426.722900
-103.513176 623.906494 2485.326660
-102.566643 393.849182 2460.062744
81.611397 391.487549 2500.543213
138.267059 105.046997 2561.771729
146.640671 -202.110535 2504.527588
-286.744690 396.210815 2419.582275
-286.744507 83.169403 2419.582275
-286.750671 -229.871674 2419.582275
-99.583969 156.070572 2432.620117
11.292681 -83.091492 2428.891602
4.704723 -561.650879 2418.650635
-12.901350 -1020.207642 2453.246094
-204.495255 -80.324554 2381.463379
-210.328766 -558.816406 2368.906250
-242.731094 -1015.000244 2419.451172
-103.733185 624.220154 2484.697266
-102.144402 394.092072 2459.657715
81.999184 391.993378 2500.329834
136.410049 108.140198 2564.580811
149.563538 -198.199371 2503.058350
-286.287994 396.190765 2418.985596
-286.287811 83.149353 2418.985596
-286.293976 -229.891724 2418.985596
-98.862946 156.277390 2432.529297
12.291520 -82.766724 2429.226807
1.967344 -561.327515 2423.768555
-9.825773 -1020.737793 2444.537598
-203.454498 -80.307861 2381.574951
-210.274017 -558.871216 2371.180176
-244.137543 -1015.820801 2413.594727
-103.674637 622.578918 2485.377686
-101.930290 392.573853 2460.076904
82.244789 390.782990 2500.631104
137.541870 107.121033 2566.730469
152.381943 -197.923523 2499.030029
-286.105377 394.364685 2419.522705
-286.105194 81.323273 2419.522705
-286.111359 -231.717804 2419.522705
-98.260803 154.767044 2432.910645
13.301405 -84.088852 2429.501709
3.287131 -562.647888 2421.562256
-14.525750 -1021.937988 2443.370850
-202.484055 -81.990646 2381.987061
-213.355408 -560.487061 2371.730469
-239.734207 -1016.598633 2425.708984
-104.034126 624.727905 2484.219971
-101.798683 394.130005 2460.756348
82.340080 392.689880 2501.493652
136.169479 107.627594 2565.510254
154.014816 -196.212860 2493.022461
-285.937439 395.570068 2420.019043
-285.937256 82.528656 2420.019043
-285.943420 -230.512421 2420.019043
-97.904343 156.199585 2434.742188
13.862193 -82.574463 2432.592773
-0.482684 -560.985474 2422.797852
-8.229492 -1019.946289 2453.566895
-201.882187 -80.887177 2384.863281
-209.896896 -559.413513 2373.078125
-242.191376 -1014.725830 2431.230469
-104.255013 625.944824 2484.133057
-100.777077 395.081848 2461.397461
83.135384 394.159088 2503.147217
137.428741 107.481964 2563.146240
156.331985 -195.808533 2488.351318
-284.689545 396.004608 2419.647705
-284.689362 82.963196 2419.647705
-284.695526 -230.077881 2419.647705
-96.201706 157.098389 2435.982422
16.115358 -81.425644 2435.025635
2.240863 -559.684631 2419.473389
-5.666309 -1017.919922 2460.089111
-199.368011 -80.344498 2386.109131
-207.534668 -558.834900 2372.598877
-240.572266 -1015.150146 2421.957275
-105.537224 624.056213 2485.580322
-101.296616 393.756165 2461.552734
82.640030 393.315369 2503.210938
139.445435 105.620056 2559.502686
159.025452 -197.009613 2482.107178
-285.233246 394.196930 2419.894531
-285.233063 81.155518 2419.894531
-285.239227 -231.885559 2419.894531
-96.135010 155.772156 2436.244141
16.780018 -82.470062 2435.339600
-0.249971 -560.682495 2421.049561
-6.534020 -1019.640869 2453.582520
-198.726822 -81.953613 2386.531494
-207.250122 -560.343750 2370.032471
-246.171677 -1015.553833 2425.157471
-106.534134 626.122437 2484.824219
-102.199562 394.756592 2461.613525
81.700325 394.930115 2503.437256
139.841919 105.794952 2557.173584
156.840820 -195.259521 2473.478271
-286.099457 394.583130 2419.789795
-286.099274 81.541718 2419.789795
-286.105438 -231.499359 2419.789795
-96.267899 156.767853 2436.519043
17.396341 -81.119263 2435.925781
0.849096 -559.461426 2426.207275
-10.924824 -1018.898804 2447.614014
-198.068802 -81.322540 2386.923340
-207.545471 -559.394409 2363.988770
-244.084229 -1012.153870 2436.222168
-108.793472 625.061584 2484.939941
-103.025017 394.409180 2461.141602
80.946281 395.900970 2502.606934
142.767426 105.360321 2552.034180
157.802139 -195.347198 2466.575684
-286.996307 392.917358 2419.676270
-286.996124 79.875946 2419.676270
-287.002289 -233.165131 2419.676270
-95.370636 156.507233 2435.739990
20.060476 -80.520752 2434.630127
3.106640 -558.557739 2416.628418
-8.844503 -1016.909546 2453.250488
-195.492996 -82.268646 2386.046631
-206.494751 -560.457886 2366.126709
-243.930496 -1014.954590 2426.263916
-110.707855 626.695862 2484.485352
-103.271545 395.278137 2461.453613
80.788849 397.580627 2502.488037
143.263977 105.809875 2549.282471
160.152451 -195.246857 2465.327637
-287.331970 392.975677 2420.419189
-287.331787 79.934265 2420.419189
-287.337952 -233.106812 2420.419189
-94.689590 157.378754 2436.307861
21.718719 -79.171814 2435.200928
3.661280 -557.155762 2415.774658
-12.624561 -1015.394409 2454.226807
-193.933990 -81.869476 2387.123291
-206.080902 -560.084473 2368.095947
-248.567383 -1014.553955 2426.223877
-109.704666 625.877686 2486.245850
-102.821838 395.024353 2461.968994
81.243301 397.264282 2502.997803
140.752518 107.333740 2547.187256
162.364578 -193.976074 2465.331787
-286.886993 392.784393 2420.940186
-286.886810 79.742981 2420.940186
-286.892975 -233.298096 2420.940186
-94.286606 157.137207 2436.665283
22.076710 -79.437729 2435.396729
3.388357 -557.428894 2416.140137
-17.299318 -1016.133545 2446.083740
-193.579453 -82.062119 2387.326416
-206.660126 -560.242188 2367.804199
-252.323914 -1014.514771 2425.836426
-111.707153 627.624023 2493.190186
-103.569344 396.675354 2464.294434
80.647087 399.098450 2504.627686
139.180939 106.538696 2547.214600
162.849640 -192.985779 2459.691650
-287.785767 394.252289 2423.961182
-287.785583 81.210876 2423.961182
-287.791748 -231.830200 2423.961182
-94.217194 159.195312 2435.846680
23.053221 -76.865250 2431.027100
3.728855 -554.848877 2411.906006
-16.962412 -1013.791504 2439.641357
-192.783325 -79.704239 2383.770752
-205.905182 -557.783264 2361.927979
-246.406799 -1011.969360 2424.377686
-111.298584 625.582703 2489.116211
-103.577812 395.220123 2462.619385
80.841515 397.517792 2502.016602
138.239517 107.753632 2546.746582
162.006119 -188.431854 2448.979492
-287.997131 392.922455 2423.222168
-287.996948 79.881042 2423.222168
-288.003113 -233.160034 2423.222168
-94.770523 157.583618 2435.251465
22.074511 -78.706848 2430.963379
1.866415 -556.721558 2413.543701
-13.558205 -1015.930176 2440.703613
-194.000961 -81.398926 2384.803711
-207.065826 -559.624390 2366.619629
-250.185974 -1014.156006 2424.869141
-111.924850 623.871704 2486.545410
-103.224892 393.503296 2462.042969
81.311638 396.648010 2500.823242
135.282257 108.183319 2546.828613
164.272766 -181.876129 2434.293457
-287.761444 390.358582 2423.262695
-287.761261 77.317169 2423.262695
-287.767426 -235.723907 2423.262695
-93.652367 155.769089 2435.770020
24.026520 -80.122849 2432.215576
4.234955 -557.781189 2407.479492
-8.240622 -1016.261230 2445.036377
-192.186203 -83.807358 2386.778564
-206.313675 -561.967712 2367.510498
-247.635620 -1017.188049 2421.692871
-111.418457 627.452942 2485.310791
-102.851456 396.510681 2461.944580
82.022675 399.836182 2499.038574
136.296600 107.222992 2548.497314
165.830994 -166.354218 2404.206543
-287.725616 393.185150 2424.850586
-287.725433 80.143738 2424.850586
-287.731598 -232.897339 2424.850586
-93.328613 158.754837 2435.798340
24.500908 -77.052765 2431.383301
1.779459 -554.671631 2408.062988
-9.668238 -1013.731567 2438.560059
-192.112442 -80.949219 2387.920898
-207.527786 -559.127686 2370.088135
-250.479507 -1014.952515 2417.250732
-112.924835 627.881897 2493.229248
-103.720772 396.936279 2463.609375
81.337608 400.459717 2499.768066
139.139648 103.103760 2547.242920
167.577286 -136.578735 2359.423828
-288.779144 393.412781 2427.450684
-288.778961 80.371368 2427.450684
-288.785126 -232.669708 2427.450684
-93.367722 159.682251 2433.742188
25.395271 -75.507660 2425.057373
2.191603 -552.994751 2399.335693
-7.498358 -1011.453247 2438.198975
-191.424606 -79.635864 2382.692627
-207.278442 -557.581421 2360.128174
-249.467468 -1012.404907 2416.328857
-113.622208 627.312012 2489.133057
-105.050476 396.059387 2462.135498
80.650574 399.863464 2494.608643
137.589142 103.568146 2543.130615
174.735016 -98.480637 2318.328613
-290.751526 392.255310 2429.662354
-290.751343 79.213898 2429.662354
-290.757507 -233.827179 2429.662354
-95.312027 158.528244 2434.270752
23.233706 -76.773972 2425.432861
-0.268160 -554.358276 2401.689453
-13.174143 -1012.286987 2445.885986
-194.380859 -81.231796 2387.379150
-213.373169 -559.238831 2369.377197
-251.376709 -1014.452209 2425.801025
-113.573296 628.903320 2487.099365
-106.384438 397.056458 2461.726074
79.902016 400.770477 2490.563477
143.803864 103.292297 2540.075928
187.611984 -37.079330 2285.805908
-292.670898 393.342468 2432.888672
-292.670715 80.301056 2432.888672
-292.676880 -232.740021 2432.888672
-97.490341 159.365112 2434.883789
20.543594 -76.150330 2424.936523
-5.230444 -553.473267 2398.525635
-4.399133 -1011.160034 2445.415527
-197.736084 -80.502167 2391.146484
-215.450684 -558.374878 2368.768311
-252.491608 -1013.302979 2428.305664
-116.311699 631.130188 2493.975830
-107.846367 399.622498 2464.410400
79.027824 403.506927 2488.965576
148.857758 105.608917 2528.536621
188.982071 46.525902 2253.647461
-294.720551 395.738098 2439.855225
-294.720367 82.696686 2439.855225
-294.726532 -230.344391 2439.855225
-98.874763 162.433243 2433.654297
19.584446 -72.480194 2417.284668
-1.242607 -549.908569 2388.837402
-9.983781 -1005.962891 2447.961914
-199.390762 -77.031860 2388.511719
-212.855698 -554.287781 2355.242920
-251.365479 -1007.130127 2427.280762
-118.960434 631.072144 2497.638184
-111.309105 400.503143 2466.186768
76.167793 403.568848 2485.362061
150.422287 112.798737 2503.797363
181.598907 122.758385 2220.320068
-298.785980 397.437439 2447.011475
-298.785797 84.396027 2447.011475
-298.791962 -228.645050 2447.011475
-104.238693 163.295135 2434.983398
12.683687 -72.116531 2415.015625
-10.289616 -549.769836 2393.353516
-13.740574 -1006.073730 2452.420654
-207.020248 -75.709213 2392.544434
-219.029373 -552.820251 2355.836426
-255.118332 -1005.041565 2433.239258
-120.290077 632.370544 2499.390381
-114.105301 402.179596 2468.522461
73.895569 405.164642 2480.305420
158.202713 118.890381 2462.427734
172.181442 196.029160 2188.251465
-302.106171 399.194550 2456.739502
-302.105988 86.153137 2456.739502
-302.112152 -226.887939 2456.739502
-108.355209 164.985474 2436.867676
7.580715 -70.459137 2412.118896
-6.680337 -548.512939 2393.063232
-16.592855 -1005.251465 2448.341553
-212.790955 -73.958160 2398.306885
-217.096176 -550.813965 2357.258545
-253.286179 -1003.419312 2432.737305
-120.723061 629.826416 2501.773438
-115.899132 400.082855 2469.042969
72.386391 402.908081 2473.998291
169.590729 131.933746 2416.242676
162.358978 257.789337 2152.658203
-304.184662 397.257629 2464.087646
-304.184479 84.216217 2464.087646
-304.190643 -228.824860 2464.087646
-111.491486 162.938416 2436.771973
3.230776 -72.550751 2407.404297
-6.671559 -550.842773 2390.841064
-13.896565 -1007.894775 2444.571045
-217.398438 -75.861298 2401.597656
-219.042847 -551.900024 2351.990234
-250.780197 -1004.819092 2427.684570
-122.349922 626.102295 2501.995361
-119.342270 396.443695 2469.876953
68.777969 398.775146 2464.628174
194.812683 155.471390 2363.688965
149.819061 311.400208 2114.959473
-307.462524 394.112244 2475.125732
-307.462341 81.070831 2475.125732
-307.468506 -231.970245 2475.125732
-117.286362 159.195374 2438.178223
-4.929226 -76.685928 2403.402100
-11.421609 -555.211365 2395.415039
-15.386815 -1012.982178 2442.977539
-225.531677 -79.419968 2409.556885
-225.213287 -554.478333 2351.343506
-251.727783 -1006.755615 2432.488770
-122.608505 626.863770 2501.561035
-120.050667 397.381775 2471.207764
67.403709 400.349854 2455.678223
206.441376 188.757889 2309.378418
143.004333 356.564423 2069.777100
-307.505035 394.413696 2486.737305
-307.504852 81.372284 2486.737305
-307.511017 -231.668793 2486.737305
-118.817307 159.963959 2440.719238
-7.717500 -75.714279 2401.128906
-5.116412 -554.278992 2394.829102
-12.106850 -1011.284912 2448.903320
-227.450394 -79.193436 2419.332520
-218.470123 -553.568237 2356.591064
-244.442245 -1006.615112 2433.669189
-123.324394 626.920288 2510.332764
-122.396919 398.998993 2474.942627
64.194328 403.046021 2450.991455
207.657135 230.823532 2257.702881
137.115173 392.576721 2014.256104
-308.988159 394.951965 2498.893799
-308.987976 81.910553 2498.893799
-308.994141 -231.130524 2498.893799
-121.538887 161.978180 2441.578125
-11.397972 -72.672379 2394.185791
-8.659128 -551.234070 2397.986084
-8.737871 -1009.652710 2435.454102
-229.963745 -77.412888 2422.241455
-221.999176 -550.832642 2352.306885
-243.243240 -1003.668457 2432.030518
-122.814941 627.984131 2514.718750
-123.832268 401.450928 2478.004639
61.940819 405.810455 2447.731201
190.825104 275.903809 2214.872070
136.829315 418.356323 1954.112305
-309.605347 397.091431 2508.278076
-309.605164 84.050018 2508.278076
-309.611328 -228.991058 2508.278076
-123.759193 164.461792 2444.325684
-14.918595 -69.974930 2392.922119
-8.874990 -548.582458 2397.249512
-2.376005 -1005.784241 2446.940186
-232.453644 -75.079788 2428.371338
-220.594238 -548.153320 2356.321045
-245.541748 -1001.739502 2430.403320
-120.057144 630.139221 2517.423096
-122.337944 403.513489 2480.374512
62.328899 407.884827 2443.698975
173.403458 322.936829 2175.963623
142.434311 427.098999 1895.763916
-307.004791 399.142151 2517.050049
-307.004608 86.100739 2517.050049
-307.010773 -226.940338 2517.050049
-123.547607 166.617523 2446.048340
-16.604044 -67.718292 2390.242432
-6.503983 -546.087402 2402.535400
2.260078 -1004.560486 2437.870361
-232.910507 -72.838593 2433.201904
-215.645401 -545.057373 2356.797607
-239.002869 -998.531067 2432.298584
-119.482292 623.542847 2518.264893
-124.028801 397.404205 2479.842773
59.181835 402.044464 2436.451660
150.201965 361.461426 2144.004395
151.863251 427.888458 1852.380859
-307.239441 392.763947 2523.233887
-307.239258 79.722534 2523.233887
-307.245422 -233.318542 2523.233887
-126.182060 160.525177 2445.419189
-21.012974 -73.635651 2385.577637
-9.073981 -551.968628 2399.821777
3.771292 -1010.668945 2433.501953
-235.657669 -79.072052 2436.413574
-218.883652 -551.444336 2360.547852
-242.801910 -1006.260498 2426.788330
-117.981773 622.195312 2518.197754
-125.130112 396.349243 2479.032227
56.017227 401.186646 2427.870850
125.100182 388.718445 2119.034912
155.407990 425.688293 1826.349365
-306.277435 391.511841 2530.193604
-306.277252 78.470428 2530.193604
-306.283417 -234.570648 2530.193604
-128.572937 159.508545 2444.448730
-25.872734 -74.497696 2379.887207
-7.496771 -552.160278 2403.460693
-7.190078 -1011.396973 2430.120117
-238.158798 -80.166611 2439.843262
-217.244400 -552.519714 2364.854004
-247.268570 -1006.918701 2431.596924
-118.956146 623.980469 2527.149414
-127.015045 399.756165 2482.938965
52.568089 405.698853 2426.418701
104.493225 408.311554 2109.025391
144.505585 431.319977 1811.282959
-306.598145 393.813538 2539.459229
-306.597961 80.772125 2539.459229
-306.604126 -232.268951 2539.459229
-131.264359 163.536026 2444.600830
-30.346333 -69.203995 2373.163330
-4.454981 -546.256348 2401.584473
-16.787220 -1005.072327 2432.067627
-240.681015 -76.164261 2439.362061
-216.674515 -548.307190 2363.903564
-248.065598 -1003.011536 2428.177979
-119.063675 625.121155 2523.125000
-127.505371 400.048950 2482.042236
51.319187 404.946777 2422.770508
89.259956 411.664459 2101.523193
123.496857 445.874878 1802.573608
-306.329926 395.151123 2541.313965
-306.329742 82.109711 2541.313965
-306.335907 -230.931366 2541.313965
-133.067749 163.532333 2445.716309
-33.922756 -70.116455 2374.684814
-1.965963 -546.408936 2409.160889
-16.314148 -1005.134766 2442.515381
-243.337494 -75.852112 2444.095947
-215.632294 -548.461670 2373.078369
-243.091888 -1004.380981 2429.717773
-120.471306 624.755737 2529.101562
-129.446930 400.072632 2484.738281
48.785774 405.536011 2423.571533
80.616287 408.321167 2093.261719
103.094223 460.494202 1798.776978
-307.679657 394.609222 2545.905029
-307.679474 81.567810 2545.905029
-307.685638 -231.473267 2545.905029
-135.517014 163.956665 2445.961182
-37.207703 -68.959732 2371.362549
-3.904987 -545.232849 2405.934814
-14.431170 -1004.550537 2432.166260
-245.966461 -75.358841 2443.005615
-214.118637 -547.273132 2369.165283
-250.033035 -1002.757202 2424.358154
-120.424026 625.043274 2532.582275
-129.962570 400.702850 2487.126953
48.464630 406.107208 2426.397461
83.306763 399.162964 2093.621582
87.362373 468.355286 1801.131104
-308.389740 395.298492 2547.856445
-308.389557 82.257080 2547.856445
-308.395721 -230.783997 2547.856445
-136.357605 164.751587 2447.340576
-38.248520 -68.034363 2371.985352
-7.297318 -544.322327 2408.877686
-5.011911 -1003.664856 2435.034912
-247.256760 -74.364990 2443.123047
-212.361008 -546.697266 2373.463867
-245.489548 -1002.932861 2424.345947
-120.659653 625.425354 2533.828125
-130.555344 400.861755 2489.115723
48.316982 405.928284 2429.629395
82.652618 387.083771 2096.305420
74.400589 469.376770 1806.386963
-309.427673 395.795258 2548.602051
-309.427490 82.753845 2548.602051
-309.433655 -230.287231 2548.602051
-137.207260 164.961533 2449.021973
-39.080540 -67.970871 2374.082764
-4.689419 -544.504028 2403.380859
-4.837087 -1002.743408 2443.601318
-248.637817 -73.906540 2443.773682
-212.709610 -546.386780 2375.491211
-241.647827 -1003.681091 2418.445068
-120.276604 625.190796 2535.452881
-129.988449 400.736389 2490.296387
49.560055 405.753754 2432.877441
83.830215 371.544647 2102.650879
68.404358 465.098236 1816.523193
-309.536957 395.719025 2547.715332
-309.536774 82.677612 2547.715332
-309.542938 -230.363464 2547.715332
-136.457245 164.954285 2449.465576
-37.742649 -67.888550 2374.997559
-0.008789 -544.268250 2403.259521
-2.681327 -1003.017944 2439.020508
-248.109421 -73.767090 2442.271973
-212.093185 -546.652100 2376.852295
-245.076767 -1004.112183 2415.168457
-120.649681 625.375427 2535.269775
-129.686813 400.997742 2491.517334
50.248520 405.996521 2435.291992
96.412888 358.269318 2111.326172
63.120075 459.841187 1826.532715
-309.622162 395.998962 2547.742676
-309.621979 82.957550 2547.742676
-309.628143 -230.083527 2547.742676
-135.642548 165.064926 2451.481689
-36.192818 -67.939606 2378.509521
-1.536831 -544.600769 2406.319824
-1.752322 -1003.304199 2443.919678
-247.003738 -73.796143 2444.382568
-210.653534 -545.998901 2374.448730
-245.080048 -1002.279053 2423.288086
-120.201508 623.461670 2537.170166
-129.968628 399.810089 2492.265381
50.280785 404.616089 2437.019043
104.706184 339.136932 2120.156738
63.835426 451.868958 1840.115479
-310.218048 395.004089 2547.511719
-310.217865 81.962677 2547.511719
-310.224030 -231.078400 2547.511719
-136.108978 163.968155 2451.715332
-36.658165 -69.058380 2378.801514
-7.404123 -546.447327 2396.425049
-4.246334 -1003.698730 2447.360840
-247.840485 -74.689178 2443.529053
-214.608124 -546.488525 2369.514404
-237.045837 -1002.079468 2428.869873
-121.922867 625.274658 2544.619873
-131.338837 401.156006 2495.541504
49.098019 406.083496 2440.905518
110.855957 321.571777 2130.573730
66.757446 446.476746 1856.541260
-311.775696 396.228516 2550.177490
-311.775513 83.187103 2550.177490
-311.781677 -229.853973 2550.177490
-137.860474 165.726562 2452.770996
-38.680599 -66.816315 2377.994141
-8.075392 -544.067322 2398.657715
-5.928253 -1001.827698 2446.004395
-250.083618 -72.589447 2442.006836
-219.440979 -544.991089 2370.720703
-235.030350 -1002.092468 2419.927490
-120.473755 625.758118 2548.835938
-130.127441 402.277924 2497.644287
51.563313 405.941833 2447.440918
126.450760 297.806610 2146.277832
75.721024 435.901550 1879.343384
-311.818176 398.614014 2547.847656
-311.817993 85.572601 2547.847656
-311.824158 -227.468475 2547.847656
-137.674988 167.196930 2453.172363
-38.751659 -65.737000 2379.281250
-2.497532 -542.139709 2407.723389
-10.352674 -1000.808838 2441.344727
-251.693420 -70.031128 2438.119629
-218.301331 -542.104248 2365.833496
-234.689819 -998.897583 2418.952148
-120.148727 626.448730 2542.958008
-129.751114 402.372101 2495.979980
53.192566 404.656433 2450.628906
140.195099 271.383362 2165.131348
83.411240 420.191223 1905.749390
-312.694794 400.087769 2541.331055
-312.694611 87.046356 2541.331055
-312.700775 -225.994720 2541.331055
-137.323349 166.912384 2453.574219
-37.700325 -67.208847 2384.595215
-1.854507 -543.806335 2411.398682
-9.785782 -1002.122864 2451.293945
-252.090851 -69.885818 2437.741699
-215.734192 -541.519836 2364.018066
-238.038300 -996.472412 2428.722412
-118.667557 627.237488 2539.015137
-127.222343 401.734863 2494.660889
57.145470 402.343079 2455.786865
149.573700 243.178101 2188.052979
98.294640 399.394470 1930.836914
-311.590179 401.126709 2533.534912
-311.589996 88.085297 2533.534912
-311.596161 -224.955780 2533.534912
-135.124786 166.061111 2453.495117
-34.978813 -69.256226 2389.547363
-2.420464 -546.312256 2412.206543
-3.966697 -1004.375366 2456.204834
-251.075638 -69.969086 2435.111328
-215.051315 -541.619873 2361.250488
-233.283829 -996.411987 2429.085693
-117.513214 624.024048 2529.084473
-125.201683 396.782043 2491.241699
60.448753 396.141815 2459.336426
166.222260 218.540573 2214.524414
114.862061 373.463257 1957.532227
-310.852112 397.422241 2523.146973
-310.851929 84.380829 2523.146973
-310.858093 -228.660248 2523.146973
-132.536469 160.566574 2453.302246
-31.084412 -76.024033 2396.666992
0.270943 -553.340759 2415.589844
-4.064955 -1011.613586 2458.020020
-248.658081 -75.273727 2434.058594
-211.464249 -547.398010 2363.963867
-239.356125 -1002.331116 2427.139404
-116.021652 623.518372 2524.039551
-123.560913 394.840881 2489.509766
63.059891 393.382019 2463.890625
179.083038 196.248230 2242.762939
123.674561 347.686340 1983.662598
-310.181702 396.299744 2515.128906
-310.181519 83.258331 2515.128906
-310.187683 -229.782745 2515.128906
-130.401672 158.354248 2453.145508
-27.917719 -78.986984 2401.773193
1.607351 -556.471375 2419.916016
-10.609619 -1015.307617 2452.024658
-246.567139 -77.277786 2431.789307
-209.652679 -550.344116 2368.484619
-245.700531 -1005.817749 2422.564941
-113.834396 623.891235 2529.616455
-120.933853 395.466614 2490.775635
66.440887 392.627441 2471.658691
187.593903 167.665695 2279.872803
134.814087 323.249451 2020.784668
-308.308563 398.305786 2509.892578
-308.308380 85.264374 2509.892578
-308.314545 -227.776703 2509.892578
-128.509186 159.463989 2451.576660
-26.311459 -78.201935 2401.177979
1.969725 -555.786011 2419.010986
-11.909186 -1015.249512 2434.427490
-245.857590 -74.875305 2423.577393
-211.575165 -548.583984 2363.600098
-246.269135 -1003.866089 2421.085693
-112.149826 622.602295 2525.845703
-117.505913 393.977844 2488.791748
70.431602 390.495483 2477.000488
190.269653 141.309601 2323.945068
148.992935 300.450165 2064.781494
-305.443420 397.460236 2500.583008
-305.443237 84.418823 2500.583008
-305.449402 -228.622253 2500.583008
-124.259140 157.723053 2450.929688
-20.896944 -80.572128 2406.158936
5.306301 -558.111145 2427.699951
-7.883551 -1017.916260 2438.386963
-241.127808 -76.491379 2419.976318
-207.413666 -551.060425 2367.138916
-237.669800 -1007.218628 2420.274170
-111.067726 621.132263 2522.063721
-113.874619 392.502472 2486.819824
74.374680 390.317657 2482.748291
184.592941 125.109161 2374.035156
153.890030 275.712280 2110.545898
-302.123932 394.687286 2490.891357
-302.123749 81.645874 2490.891357
-302.129913 -231.395203 2490.891357
-117.395538 155.880096 2451.003418
-10.616187 -82.022415 2412.801514
11.802102 -559.927063 2429.279297
-5.865365 -1019.246887 2449.682861
-231.216721 -79.462143 2417.572510
-200.441833 -554.468506 2366.666992
-235.359192 -1009.415894 2426.713135
-107.548805 622.375000 2511.516846
-110.578415 392.818451 2482.958252
77.747955 389.757324 2484.726318
176.733032 111.007751 2420.004883
163.833115 254.020981 2156.241699
-298.904785 395.879578 2481.190186
-298.904602 82.838165 2481.190186
-298.910767 -230.202911 2481.190186
-114.134621 155.642136 2451.114258
-7.396246 -83.326935 2420.305664
4.300284 -561.661133 2427.534180
-11.955430 -1020.921021 2452.241455
-227.985397 -79.741425 2418.234863
-210.769882 -555.808105 2373.057129
-241.594833 -1012.528198 2418.864746
-104.180214 621.382751 2506.777100
-108.591827 391.889160 2480.309082
79.606430 387.705811 2487.726807
172.839783 107.985474 2458.986084
166.557358 237.886230 2195.215088
-296.790070 396.072510 2472.891357
-296.789886 83.031097 2472.891357
-296.796051 -230.009979 2472.891357
-112.682556 154.474762 2450.200928
-6.540712 -85.389923 2424.437500
0.150407 -563.931702 2426.049561
-12.791291 -1023.677368 2440.697998
-227.005859 -80.489319 2415.748047
-212.850250 -556.438477 2367.269531
-239.497971 -1011.294067 2429.609375
-101.021751 625.914734 2512.896484
-106.387772 396.292175 2482.181885
81.569000 390.987976 2494.420410
167.452072 113.017670 2500.988525
164.416321 214.111572 2227.524902
-294.344543 401.596375 2469.943359
-294.344360 88.554962 2469.943359
-294.350525 -224.486115 2469.943359
-110.963058 159.196899 2449.690430
-5.451492 -81.005051 2424.367188
-0.698339 -559.480042 2415.986328
-12.204992 -1018.147217 2447.998535
-225.625198 -74.791702 2410.030762
-211.049850 -551.209351 2365.951660
-242.791107 -1007.647461 2411.150146
-97.987473 626.431091 2515.496582
-104.448944 397.909058 2482.910645
83.100723 391.470520 2500.094238
158.241669 106.521332 2544.486572
161.094757 185.675186 2262.921143
-291.998627 404.347534 2465.727051
-291.998444 91.306122 2465.727051
-292.004608 -221.734955 2465.727051
-109.505051 160.965790 2449.314453
-4.699413 -79.748962 2425.783936
-0.246747 -558.357910 2420.181396
-13.482576 -1017.144287 2452.833252
-224.422897 -72.205963 2405.652588
-211.926651 -549.088257 2365.927002
-245.340805 -1005.341919 2414.490723
-95.330933 628.590393 2517.745361
-103.973442 400.278503 2483.673340
82.930168 391.032074 2505.794922
155.646484 101.282227 2582.214844
166.708725 153.200043 2292.729492
-290.877045 409.524963 2461.552246
-290.876862 96.483551 2461.552246
-290.883026 -216.557526 2461.552246
-111.494011 163.668213 2448.313965
-9.516277 -78.359161 2425.914062
-6.965852 -556.832642 2412.959717
-18.025784 -1014.318115 2459.877441
-228.512878 -67.525024 2399.994629
-216.325058 -544.462280 2360.400146
-240.967056 -1000.376465 2416.801025
-93.023842 627.712830 2519.420898
-102.367012 400.428955 2483.842285
84.005943 389.763367 2509.785400
148.334167 106.650208 2606.096436
161.765656 93.748749 2318.026367
-288.739960 411.094604 2457.899170
-288.739777 98.053192 2457.899170
-288.745941 -214.987885 2457.899170
-110.841064 163.987335 2447.513672
-10.154848 -78.701248 2426.380127
-0.844683 -557.187622 2420.026123
-16.852451 -1015.574707 2455.119873
-228.475403 -66.207352 2395.989990
-210.914566 -543.018921 2357.057861
-240.764053 -996.844238 2425.976318
-91.027878 628.712524 2510.716553
-100.898224 400.291687 2481.641846
84.972885 389.652618 2511.158203
131.122177 113.292053 2605.546875
163.659134 23.241676 2339.103271
-286.769348 410.930725 2452.125488
-286.769165 97.889313 2452.125488
-286.775330 -215.151764 2452.125488
-109.417366 163.235336 2449.842285
-9.065446 -80.052658 2435.331543
1.837171 -558.514099 2425.786377
-15.154132 -1017.033875 2460.950439
-226.807571 -67.589340 2400.753906
-208.622940 -544.439514 2362.293457
-243.395187 -997.794678 2432.968262
-90.002991 625.872803 2506.398438
-99.060249 397.258057 2479.307617
86.566383 387.690186 2510.878174
122.057663 112.140106 2602.281494
163.249313 -47.346268 2359.338623
-284.686890 406.825867 2447.737061
-284.686707 93.784454 2447.737061
-284.692871 -219.256622 2447.737061
-106.050735 160.000610 2448.505615
-4.316772 -82.860855 2436.195068
7.796856 -560.885681 2415.995850
-11.587841 -1019.694336 2446.634521
-221.765656 -71.652786 2399.212158
-205.494492 -548.245728 2356.970703
-238.194901 -1003.174194 2417.777100
-89.972336 627.348145 2512.229004
-97.297958 398.896027 2482.323975
87.722153 389.190002 2517.240723
129.618027 112.470398 2602.828613
155.882385 -102.420792 2394.961914
-282.318085 408.602051 2447.407227
-282.317902 95.560638 2447.407227
-282.324066 -217.480438 2447.407227
-103.412125 161.974487 2448.863281
-1.137732 -80.633041 2435.857422
7.387540 -558.705261 2413.538330
-12.977756 -1016.654297 2454.058594
-217.914856 -69.261063 2394.947754
-207.058884 -546.090515 2353.836914
-240.340927 -1000.800781 2416.709473
-89.990211 623.377441 2506.658203
-96.439804 394.504395 2479.924805
88.259872 386.411133 2516.951172
137.932800 108.187775 2600.389404
152.094116 -142.383621 2423.825684
-281.139465 402.597656 2442.898438
-281.139282 89.556244 2442.898438
-281.145447 -223.484833 2442.898438
-100.659576 157.189636 2449.101562
3.315009 -84.866028 2439.967773
7.662808 -563.249695 2424.597900
-12.456158 -1022.104553 2451.017090
-213.073715 -75.384216 2396.588867
-201.299271 -552.280029 2356.248779
-240.158524 -1006.197998 2421.703857
-90.817818 623.918091 2512.867432
-95.261856 394.385193 2482.780518
88.910995 386.891052 2522.482910
141.940872 103.876343 2594.839111
152.813278 -173.742371 2456.143799
-279.434723 401.879333 2443.078125
-279.434540 88.837921 2443.078125
-279.440704 -224.203156 2443.078125
-97.710167 157.392303 2449.403320
7.731706 -83.990738 2439.284180
7.147645 -562.222595 2419.060791
-12.261220 -1021.091980 2448.103760
-208.048645 -75.210464 2392.768066
-200.474106 -551.811340 2348.404541
-234.667648 -1004.368286 2424.367676
-93.138512 621.828064 2515.970947
-94.805092 392.286865 2483.747559
89.006508 386.433533 2525.379150
143.311157 101.009644 2585.531494
155.646454 -195.651886 2487.964355
-278.616669 398.140228 2442.115967
-278.616486 85.098816 2442.115967
-278.622650 -227.942261 2442.115967
-94.497437 155.464371 2449.092041
13.488130 -84.787064 2438.824463
6.186889 -562.842590 2415.918213
-2.019001 -1022.010437 2444.654541
-201.867691 -77.929214 2390.048584
-199.107162 -555.203430 2353.887451
-233.163651 -1009.242737 2420.487793
-93.683784 622.671692 2516.516357
-94.426926 393.256775 2484.305420
89.399323 388.280029 2526.067627
143.910767 98.647736 2579.378662
157.408356 -208.986298 2512.429932
-278.253174 398.233551 2442.543213
-278.252991 85.192139 2442.543213
-278.259155 -227.848938 2442.543213
-92.909470 156.457916 2449.406738
16.287342 -83.256180 2438.970947
3.549327 -561.335083 2418.745605
-6.927551 -1020.825439 2442.281250
-199.071381 -77.425735 2390.045166
-202.161392 -555.110168 2360.073975
-236.771317 -1010.319092 2417.912842
-94.179680 622.772461 2517.788086
-93.940376 393.098083 2484.300293
89.996681 389.061340 2525.712646
144.265915 99.877167 2576.867920
158.524155 -213.609222 2528.883057
-277.877411 397.134827 2442.887939
-277.877228 84.093414 2442.887939
-277.883392 -228.947662 2442.887939
-91.146820 156.390137 2448.818848
19.396547 -82.682526 2437.596680
8.089067 -560.868042 2418.009277
-11.089360 -1019.912476 2444.239746
-196.103073 -77.953094 2389.078125
-203.623276 -555.778870 2361.597656
-239.431534 -1012.190735 2407.443848
