-117.950958 631.895081 2483.493408
-113.352760 400.075684 2457.413330
72.841789 399.625854 2487.272461
146.101425 108.394073 2550.729248
156.063797 -193.749237 2480.475342
-299.547333 400.525543 2427.554199
-299.547150 87.484131 2427.554199
-299.553314 -225.556946 2427.554199
-109.427872 162.384888 2429.357666
3.570292 -75.569443 2418.793701
2.984031 -553.849731 2434.692871
-19.064030 -1012.563354 2419.799316
-214.576248 -75.042404 2383.810303
-210.243927 -553.304871 2363.206299
-248.385590 -1006.163818 2435.652100
-119.197647 631.038696 2484.267090
-114.316177 399.682312 2457.674805
72.094711 399.761047 2486.199219
145.334961 111.265808 2547.579834
165.184601 -195.170441 2500.642090
-300.727051 399.603638 2429.150391
-300.726868 86.562225 2429.150391
-300.733032 -226.478851 2429.150391
-109.798538 162.095795 2428.806641
3.919112 -75.444641 2416.648193
2.301578 -553.956116 2426.746338
-20.053616 -1013.066956 2427.445068
-214.480911 -75.536835 2383.228760
-212.010345 -553.792175 2361.766357
-245.590424 -1007.794861 2429.320068
-118.512230 629.379517 2485.126221
-113.855591 398.940033 2457.339111
72.722916 399.208740 2484.782715
142.016510 113.125854 2545.147217
169.377274 -195.369019 2512.522217
-300.434082 398.671326 2429.895508
-300.433899 85.629913 2429.895508
-300.440063 -227.411163 2429.895508
-109.184998 161.421906 2427.910889
4.784379 -75.938812 2414.559326
2.576904 -554.546387 2415.907471
-17.482561 -1013.478638 2433.259033
-213.813187 -76.253632 2382.406006
-211.372864 -554.646851 2364.223389
-246.585205 -1009.416931 2425.634766
-121.632637 628.853516 2487.632324
-115.077072 398.124420 2457.161133
71.717560 399.321625 2483.046631
139.998520 114.278503 2543.018555
173.285873 -195.237000 2524.234619
-301.871704 396.927216 2431.275635
-301.871521 83.885803 2431.275635
-301.877686 -229.155273 2431.275635
-109.323723 160.773254 2426.621094
5.859836 -75.876556 2411.245605
3.243133 -554.559814 2412.302979
-16.103548 -1013.572876 2435.229492
-213.000580 -77.279266 2380.916504
-211.981369 -555.591553 2360.483154
-244.375412 -1008.987915 2432.199951
-121.405167 628.934692 2486.342285
-115.055008 398.400665 2457.128906
71.828247 399.694885 2482.409668
136.799637 115.743073 2541.661865
175.694885 -193.944977 2532.704590
-301.938263 397.106445 2431.848145
-301.938080 84.065033 2431.848145
-301.944244 -228.976044 2431.848145
-109.326233 161.001389 2426.933105
5.879367 -75.639725 2411.546875
3.190377 -554.239258 2419.740234
-19.690556 -1013.441162 2438.077393
-213.074280 -77.156052 2381.927734
-212.260254 -555.627686 2365.968262
-246.082809 -1010.277954 2428.451416
-122.266205 626.158936 2486.744629
-114.825882 395.809998 2456.337158
72.133377 398.291809 2480.953613
135.143539 116.481018 2540.484619
175.894241 -193.412109 2533.841309
-301.785156 393.328186 2431.720703
-301.784973 80.286774 2431.720703
-301.791138 -232.754303 2431.720703
-107.607605 158.546021 2425.435547
9.136147 -77.264053 2408.954834
4.367148 -555.887207 2417.245361
-12.161023 -1015.461060 2434.675537
-209.914810 -80.171860 2380.113037
-207.671432 -558.493713 2360.323486
-244.185410 -1010.682861 2436.660400
-122.795265 626.822449 2485.361084
-114.461700 396.269043 2456.489014
72.392517 400.163879 2481.699707
136.187042 114.664185 2541.400635
176.157639 -195.517029 2533.960205
-301.315948 392.374207 2431.278320
-301.315765 79.332794 2431.278320
-301.321930 -233.708282 2431.278320
-105.405472 159.015778 2426.020508
13.115297 -75.955780 2410.321045
5.735593 -554.420410 2423.731445
-10.361812 -1014.250732 2431.866943
-205.813782 -80.519196 2380.782959
-207.449936 -558.847961 2361.087158
-245.338837 -1010.935913 2438.284424
-123.051369 626.657898 2477.220215
-113.960007 395.586365 2454.133057
72.914673 400.625183 2478.999268
136.408249 115.778534 2542.438232
175.911499 -194.391113 2530.455322
-300.834686 390.547546 2429.266846
-300.834503 77.506134 2429.266846
-300.840668 -235.534943 2429.266846
-104.005867 157.936859 2427.482422
15.422848 -76.760803 2415.398926
3.050407 -555.188721 2418.221191
-15.978613 -1013.506958 2448.616211
-203.526291 -82.664490 2386.264648
-210.206451 -561.141663 2376.563721
-240.879440 -1016.764160 2426.901611
-122.271072 625.975830 2472.643311
-112.858658 394.703400 2452.282715
73.931870 400.038574 2477.738281
136.159714 116.183563 2543.703613
177.128799 -193.372406 2524.029297
-299.649200 389.368225 2426.827148
-299.649017 76.326813 2426.827148
-299.655182 -236.714264 2426.827148
-102.737457 156.811829 2427.873535
16.807991 -77.954330 2418.376709
2.104964 -556.400024 2419.000488
-17.499962 -1015.393433 2441.684082
-202.040512 -84.205154 2388.552002
-206.882294 -562.467957 2370.657715
-241.426407 -1017.602417 2426.435059
-122.239120 622.855835 2471.359619
-113.032867 392.205750 2451.524414
73.817612 397.713379 2476.515381
136.399673 115.913025 2544.572266
176.926910 -193.347900 2519.502197
-299.883331 386.698059 2426.533447
-299.883148 73.656647 2426.533447
-299.889313 -239.384430 2426.533447
-102.820557 154.253265 2427.611328
16.851824 -80.472733 2418.338379
-0.750658 -558.828064 2414.706787
-17.917755 -1018.018433 2439.020020
-202.068314 -86.925674 2389.058105
-213.897812 -565.170776 2373.699219
-241.356186 -1022.112915 2417.867676
-121.513145 621.312988 2470.224854
-112.917145 390.645203 2450.729004
73.896637 396.070374 2476.021973
139.126419 113.964783 2547.227295
173.673340 -193.948212 2506.421875
-299.730957 385.220032 2425.436035
-299.730774 72.178619 2425.436035
-299.736938 -240.862457 2425.436035
-102.817795 152.643661 2427.185059
16.720514 -82.179733 2418.458252
-1.433676 -560.558289 2417.301758
-14.581517 -1019.973145 2441.447266
-202.157394 -88.536057 2388.823975
-217.297226 -566.745789 2373.581299
-234.281967 -1025.110718 2406.614014
-121.350662 623.003113 2469.152588
-112.841217 391.907471 2450.449219
73.945419 397.199921 2475.976074
142.628708 111.958344 2547.448730
172.210861 -194.513916 2494.089111
-299.627838 386.615051 2424.922363
-299.627655 73.573639 2424.922363
-299.633820 -239.467438 2424.922363
-102.974060 153.824677 2427.609863
16.316532 -81.157715 2419.724609
0.837428 -559.601685 2414.544922
-17.847614 -1018.546875 2443.500488
-202.530334 -87.358551 2389.816406
-221.976761 -565.536316 2379.354248
-229.751663 -1024.792969 2402.727783
-120.626404 622.124756 2470.102051
-112.658737 390.680176 2450.108887
74.224335 395.545471 2474.999512
144.769379 111.509033 2546.213623
170.836655 -193.091858 2481.320068
-299.541779 385.814880 2425.218262
-299.541595 72.773468 2425.218262
-299.547760 -240.267609 2425.218262
-103.290833 152.672577 2426.295654
15.558072 -82.484787 2417.063965
-3.204795 -560.722534 2407.061035
-16.891705 -1019.419556 2442.007812
-203.403931 -88.185226 2387.900879
-224.523529 -566.383240 2381.278320
-227.123749 -1026.159302 2396.434082
-120.930107 627.811768 2470.589600
-112.902023 395.245850 2451.147217
73.913223 400.022949 2476.561035
146.197937 108.838165 2543.348389
172.293991 -192.956268 2466.408447
-299.717285 390.468689 2425.733398
-299.717102 77.427277 2425.733398
-299.723267 -235.613800 2425.733398
-103.624756 157.196259 2427.697754
15.093036 -78.054764 2419.136230
-0.692034 -556.472595 2414.089844
-13.976729 -1015.592529 2443.615234
-203.788010 -83.651871 2389.360352
-226.533890 -561.765930 2380.731934
-223.628937 -1021.329468 2402.909424
-119.977936 625.138306 2469.814697
-112.216759 392.918640 2450.591309
74.589485 397.472107 2476.117676
147.844131 113.117798 2541.832764
172.034698 -186.994110 2457.433105
-299.023010 388.365173 2425.064941
-299.022827 75.323761 2425.064941
-299.028992 -237.717316 2425.064941
-103.192825 154.870514 2427.016602
15.266095 -80.510086 2418.395752
0.634324 -558.861206 2407.472412
-15.115139 -1017.195435 2445.922363
-203.603882 -85.845139 2388.488037
-224.101776 -564.057678 2379.036865
-222.793976 -1023.824341 2399.537842
-118.194717 627.998535 2468.947510
-111.383049 395.385742 2450.501953
75.418968 399.489563 2476.135742
147.945404 109.070251 2540.696289
171.800720 -185.811340 2440.307617
-298.185059 391.281982 2424.868164
-298.184875 78.240570 2424.868164
-298.191040 -234.800507 2424.868164
-102.975281 157.273804 2427.351562
14.865419 -78.434052 2419.218018
-3.114208 -556.748779 2415.690674
-11.928091 -1016.083923 2436.775146
-204.000427 -83.242249 2389.184326
-218.957153 -561.046265 2366.960449
-236.537308 -1014.290100 2429.739258
-118.113113 628.189941 2469.006348
-111.455086 395.389160 2450.146240
75.414726 399.222839 2475.322021
144.963806 101.039673 2543.860352
171.400314 -179.317841 2407.072998
-298.324921 391.555481 2424.970459
-298.324738 78.514069 2424.970459
-298.330902 -234.527008 2424.970459
-103.476738 157.243088 2427.190186
13.974375 -78.657104 2418.982666
-2.899338 -557.061035 2415.250244
-13.785850 -1016.505981 2437.712158
-204.971146 -83.148834 2389.485596
-216.354584 -560.466370 2357.212891
-238.146500 -1011.786987 2436.801270
-119.197998 628.732483 2476.524658
-112.299995 396.714478 2452.057861
74.661278 400.531250 2476.542969
145.975830 98.014709 2549.427490
173.689819 -159.949493 2373.166260
-299.261261 392.897705 2427.572754
-299.261078 79.856293 2427.572754
-299.267242 -233.184784 2427.572754
-103.981964 158.968872 2425.604004
13.862651 -76.540771 2413.494141
0.793159 -555.030151 2406.625488
-18.184055 -1013.999756 2433.484131
-205.190506 -81.012695 2384.806152
-214.362610 -558.576172 2353.925049
-240.941010 -1011.667358 2425.514404
-119.366280 628.661133 2472.300537
-112.970482 396.867493 2450.234619
74.017021 400.494263 2474.554199
146.986969 111.007904 2553.718994
177.361481 -118.741638 2349.476074
-299.957977 393.240723 2425.915039
-299.957794 80.199310 2425.915039
-299.963959 -232.841766 2425.915039
-105.091759 158.950653 2425.137207
12.328099 -76.841537 2414.286621
-2.048118 -555.325317 2413.711670
-20.527187 -1014.506348 2438.993896
-206.754181 -81.090805 2385.792969
-215.319107 -559.032715 2360.782227
-246.058701 -1013.009155 2427.437012
-118.234390 629.684387 2478.173096
-112.538956 398.387634 2451.445801
74.591141 400.969360 2474.740234
147.485077 114.999054 2552.366211
181.266129 -59.627853 2310.758301
-299.669037 395.805908 2428.151367
-299.668854 82.764496 2428.151367
-299.675018 -230.276581 2428.151367
-105.797607 160.748032 2423.628418
10.571875 -75.379089 2409.457764
-4.666527 -553.608398 2397.982178
-21.676788 -1011.477783 2439.084717
-208.684402 -78.404053 2382.164307
-217.886154 -556.221680 2354.394531
-244.152573 -1009.457397 2428.648682
-117.381104 633.360168 2482.144043
-113.328049 403.116180 2453.147461
74.083466 405.106384 2473.997314
148.232819 112.992371 2553.691406
174.539810 20.381592 2282.947021
-300.739563 401.125977 2432.297607
-300.739380 88.084564 2432.297607
-300.745544 -224.956512 2432.297607
-107.554756 165.612259 2423.924072
8.016571 -70.725662 2406.915771
-4.845515 -549.152344 2398.479492
-16.682541 -1006.923950 2443.611816
-211.579498 -73.057663 2382.485596
-223.413666 -550.964905 2357.093750
-243.635513 -1004.679443 2431.079590
-117.461052 632.649414 2475.101074
-114.969826 402.100098 2450.817871
72.765526 402.395264 2468.333984
147.639053 117.015137 2531.361084
166.846069 99.108772 2250.181885
-302.705200 401.804932 2433.301758
-302.705017 88.763519 2433.301758
-302.711182 -224.277557 2433.301758
-112.119682 164.251694 2424.277832
0.726115 -73.423782 2408.000488
-17.393414 -551.727966 2401.811035
-17.592745 -1009.861511 2444.237793
-219.265182 -73.769638 2387.475098
-228.049805 -551.706116 2361.217285
-249.111710 -1006.570984 2427.778564
-119.832245 636.114685 2479.574951
-117.252251 407.309021 2453.869873
70.834602 407.693024 2466.501221
148.799561 116.991089 2498.187744
163.559357 177.462769 2221.471924
-305.339111 406.925018 2441.238525
-305.338928 93.883606 2441.238525
-305.345093 -219.157471 2441.238525
-114.881943 169.615021 2425.800293
-2.302577 -67.853973 2405.132080
-12.653152 -546.217285 2393.020264
-14.592415 -1003.317993 2445.519775
-222.720703 -68.303986 2390.329346
-223.953842 -545.626892 2355.244873
-244.383102 -1000.455200 2422.801025
-121.690025 633.779419 2481.895508
-119.781631 403.520203 2453.964844
68.559494 403.850830 2460.768311
163.393799 123.989563 2447.110352
155.510483 245.317261 2187.093506
-308.122772 403.189545 2447.161377
-308.122589 90.148132 2447.161377
-308.128754 -222.892944 2447.161377
-118.336411 165.853577 2425.505859
-6.529277 -71.619293 2401.033447
-11.597994 -550.046509 2386.821533
-16.699596 -1006.922119 2441.919189
-227.253113 -72.006775 2393.060303
-226.843750 -548.925537 2352.336914
-244.392365 -1003.230469 2424.173340
-123.296112 631.483154 2482.991699
-121.300201 400.874969 2454.364014
67.146332 401.498779 2455.725342
181.194153 141.991638 2388.064697
145.931198 298.940948 2143.807861
-309.746704 400.251160 2453.002686
-309.746521 87.209747 2453.002686
-309.752686 -225.831329 2453.002686
-120.306534 163.222595 2425.706299
-8.909616 -74.064331 2397.846191
-13.374382 -552.653442 2389.935059
-14.236571 -1009.425293 2446.507324
-229.716110 -74.795227 2396.250977
-228.902878 -552.187744 2361.206055
-237.541107 -1008.239258 2421.350098
-123.102516 630.664368 2484.021973
-120.263870 400.809021 2455.439697
67.977905 402.902527 2449.072998
193.594238 168.494553 2329.521973
144.619080 343.376648 2093.983154
-308.505646 398.715485 2461.806396
-308.505463 85.674072 2461.806396
-308.511627 -227.367004 2461.806396
-118.595016 163.173996 2426.643555
-6.596267 -73.233994 2394.115723
-1.915004 -551.682678 2398.064209
-16.079491 -1009.524231 2438.317871
-227.256058 -75.688034 2401.579102
-220.431152 -552.109375 2356.660156
-236.467575 -1006.673950 2425.777832
-122.103195 627.591064 2485.560791
-120.103355 399.713928 2456.209229
67.455132 402.754364 2440.466309
200.312592 203.757416 2274.272705
145.982758 376.337097 2036.608643
-307.661835 396.673492 2471.952148
-307.661652 83.632080 2471.952148
-307.667816 -229.408997 2471.952148
-118.618240 162.006195 2427.994385
-7.187875 -73.919250 2390.551025
-1.731052 -552.308838 2402.285889
-19.200047 -1010.930542 2432.962158
-227.078384 -77.483826 2409.008057
-221.903793 -552.752441 2353.302002
-240.077316 -1005.865112 2431.210205
-122.163689 627.409790 2493.823975
-121.211830 400.531921 2459.637939
65.123283 404.726837 2433.918701
201.102142 249.331329 2227.650635
152.743668 400.190399 1972.943848
-307.546936 396.337036 2485.357178
-307.546753 83.295624 2485.357178
-307.552917 -229.745453 2485.357178
-120.047913 163.086441 2429.342285
-9.669968 -71.900345 2383.972168
-4.892338 -549.955750 2405.534180
-16.578848 -1009.154663 2432.025635
-228.098022 -76.817764 2414.121094
-224.212921 -551.123596 2350.353027
-241.307220 -1002.976929 2435.770020
-123.021812 630.849670 2497.489502
-124.591537 403.830750 2462.465576
60.218403 408.003662 2427.478271
193.550797 301.652863 2183.875488
163.373474 415.116669 1907.270020
-309.401459 399.657806 2497.452881
-309.401276 86.616394 2497.452881
-309.407440 -226.424683 2497.452881
-124.994766 166.401611 2432.017578
-17.126551 -68.582794 2381.072266
-8.835745 -546.431519 2407.171387
-22.499088 -1005.159302 2440.929688
-233.669434 -73.472229 2422.066895
-231.340149 -547.701050 2357.018799
-243.287872 -1000.714905 2437.164062
-123.228989 627.837891 2499.811768
-127.022224 401.350891 2462.696533
55.961113 405.788391 2419.081299
174.764008 343.305542 2143.477295
182.193512 418.208374 1853.311035
-310.005554 396.913391 2506.311768
-310.005371 83.871979 2506.311768
-310.011536 -229.169098 2506.311768
-128.679108 164.010468 2431.597900
-23.153206 -70.730667 2374.951660
-7.188898 -548.146423 2404.947021
-20.420935 -1007.270630 2434.110840
-237.518768 -75.929245 2426.046875
-231.257141 -549.454956 2356.258057
-240.220261 -1003.088379 2433.563477
-124.188332 626.350708 2500.974365
-129.982513 400.180817 2462.495361
50.472481 405.049866 2409.529785
155.375214 381.133240 2117.279541
196.694336 413.507019 1821.730225
-310.437531 395.311768 2515.460938
-310.437347 82.270355 2515.460938
-310.443512 -230.770721 2515.460938
-132.838608 162.909012 2430.952637
-29.962282 -71.509903 2368.376221
-8.996983 -548.580688 2401.249268
-17.816168 -1007.268555 2437.699463
-241.427109 -77.215683 2430.443604
-227.593933 -550.404297 2359.587158
-240.634628 -1004.698120 2432.336914
-125.436607 625.580750 2501.538818
-133.740433 399.641357 2462.474365
44.704857 404.805786 2402.787354
139.690979 394.560211 2095.663818
204.454803 408.629181 1803.897705
-312.185730 394.476929 2522.161377
-312.185547 81.435516 2522.161377
-312.191711 -231.605560 2522.161377
-137.430161 162.380737 2430.914551
-36.639801 -71.856110 2364.407959
-11.142908 -548.535522 2400.001709
-4.876710 -1005.139404 2453.164062
-245.599976 -77.903656 2434.301514
-226.952301 -551.241272 2365.406738
-241.327637 -1006.441406 2431.974854
-126.433914 627.760620 2501.310547
-135.222229 401.417755 2462.952393
41.460197 407.074097 2397.984863
125.350906 397.280273 2085.341064
200.909882 413.318726 1793.124756
-311.904633 395.761414 2527.919922
-311.904449 82.720001 2527.919922
-311.910614 -230.321075 2527.919922
-139.158112 164.132339 2431.589600
-39.644066 -69.841217 2362.187500
-8.631058 -545.620972 2404.348145
-5.666869 -1003.618591 2445.813965
-246.543930 -76.464935 2438.266113
-218.280716 -549.723145 2372.646240
-231.401199 -1006.600464 2425.384521
-128.555542 625.291138 2502.193604
-138.055923 399.096008 2462.864990
38.080109 405.029724 2396.106201
115.670265 392.634705 2080.173340
186.269989 416.235413 1786.532959
-314.191956 393.162292 2529.623779
-314.191772 80.120880 2529.623779
-314.197937 -232.920197 2529.623779
-142.394470 161.975677 2430.342285
-43.615845 -71.670822 2358.736328
-11.034893 -547.389709 2401.048584
-1.164310 -1004.942383 2447.751465
-249.850189 -78.618484 2436.902832
-217.314774 -551.167297 2367.924316
-243.662476 -1007.697632 2418.048096
-128.963806 625.045410 2502.133789
-137.268509 399.112000 2463.082275
38.838284 405.707764 2396.112061
111.341629 379.812744 2076.087158
170.931290 416.738068 1784.786499
-313.375336 392.516235 2530.052490
-313.375153 79.474823 2530.052490
-313.381317 -233.566254 2530.052490
-140.770935 161.982666 2430.517822
-41.144054 -71.284164 2358.735107
-2.688328 -546.204346 2404.708252
5.600105 -1003.335205 2456.777344
-247.402664 -79.009201 2437.171631
-209.665512 -551.895203 2373.374268
-238.522751 -1009.347839 2412.886230
-130.335098 624.724243 2502.605469
-137.251602 398.557678 2463.237549
39.177025 405.219269 2397.028809
112.670769 363.406006 2081.041504
159.708344 407.686035 1785.867065
-313.680237 391.896057 2529.446289
-313.680054 78.854645 2529.446289
-313.686218 -234.186432 2529.446289
-140.545746 161.433380 2430.601318
-40.502678 -71.789093 2359.185547
-1.055531 -546.812866 2403.611816
-2.555058 -1004.764038 2447.867676
-247.177094 -79.592712 2436.744629
-210.397858 -552.219604 2370.186035
-243.272751 -1008.365784 2420.299805
-131.609207 624.247925 2502.839355
-137.780258 398.074463 2464.093506
39.334202 404.297119 2399.672363
117.835709 353.204285 2088.518311
150.862915 401.751770 1790.369385
-314.894684 391.851807 2528.514648
-314.894501 78.810394 2528.514648
-314.900665 -234.230682 2528.514648
-141.369019 160.971954 2431.324219
-41.204815 -72.485336 2360.817383
-2.802998 -547.840149 2402.699463
-6.258561 -1006.016113 2445.840576
-248.710739 -79.775772 2436.292480
-212.585037 -552.550720 2370.205078
-248.475876 -1008.436951 2421.802490
-131.356247 625.071167 2502.457764
-137.372849 398.894836 2464.551758
40.179985 404.823578 2401.290039
122.915955 342.602325 2095.756104
145.015839 395.807251 1795.776123
-314.925659 392.966064 2527.813477
-314.925476 79.924652 2527.813477
-314.931641 -233.116425 2527.813477
-141.054962 161.764099 2431.994141
-40.728180 -71.893616 2362.378418
-4.528099 -547.292114 2405.784668
-0.231929 -1006.022461 2441.839355
-248.745987 -78.839630 2436.494629
-211.670868 -551.278076 2368.473389
-245.230988 -1006.020752 2430.324951
-130.213120 623.162476 2504.261963
-137.288925 397.278259 2464.998535
41.372498 402.616821 2404.953125
131.467590 326.309906 2109.374023
142.429245 390.629181 1809.978760
-315.950348 391.939697 2525.043945
-315.950165 78.898285 2525.043945
-315.956329 -234.142792 2525.043945
-141.495270 160.302048 2431.413574
-41.025314 -73.546341 2362.648438
-4.035839 -549.103149 2403.637207
-3.010232 -1008.159546 2436.575928
-250.377914 -79.801987 2433.008789
-214.736420 -552.269104 2364.365967
-247.192444 -1007.123718 2426.713135
-129.345047 622.293518 2502.674072
-134.996582 396.180481 2464.425293
44.962891 401.050110 2408.442383
143.729889 311.651031 2127.188965
141.113983 388.971619 1829.781250
-314.956055 391.310852 2520.408203
-314.955872 78.269440 2520.408203
-314.962036 -234.771637 2520.408203
-138.929764 159.152710 2431.164307
-37.422707 -75.021912 2365.102295
2.836632 -550.403015 2404.992920
-4.235246 -1008.984070 2442.885010
-248.303177 -80.728241 2430.704346
-213.150223 -553.820435 2366.339844
-243.278290 -1009.930786 2419.706299
-126.614311 621.953369 2502.364990
-132.931915 396.412262 2464.192139
48.225555 400.012939 2412.167725
157.365051 290.829559 2143.083984
136.380707 383.481842 1854.159668
-314.089386 392.811584 2516.216553
-314.089203 79.770172 2516.216553
-314.095367 -233.270905 2516.216553
-137.776382 159.403778 2430.919434
-36.486137 -75.495163 2367.167236
2.012043 -550.885193 2408.711914
-10.511980 -1009.158691 2449.284424
-248.755569 -79.714249 2428.126221
-214.601318 -551.746216 2356.238281
-245.192993 -1005.374695 2426.016846
-124.097389 625.985535 2501.685791
-132.184967 399.103607 2464.732178
50.211128 399.784058 2417.257080
167.677307 260.424469 2167.504639
139.291672 379.990326 1889.183594
-314.581055 398.423157 2512.207275
-314.580872 85.381744 2512.207275
-314.587036 -227.659332 2512.207275
-139.851151 162.126343 2431.882812
-40.643089 -74.452225 2371.215576
-3.136303 -550.284241 2408.186768
-14.551335 -1007.487976 2459.142334
-254.391586 -75.249619 2426.851318
-218.454849 -547.825439 2359.462646
-250.899521 -1002.119263 2425.021729
-122.392181 627.667053 2501.864014
-130.627640 400.204956 2464.770264
53.351986 399.112213 2424.244385
180.841965 233.721329 2190.731445
136.044144 372.592499 1920.992188
-314.607269 401.297729 2505.296143
-314.607086 88.256317 2505.296143
-314.613251 -224.784760 2505.296143
-139.305542 163.277420 2431.763184
-40.157406 -74.290573 2375.004883
-0.790016 -550.108826 2410.301025
-8.382812 -1008.094849 2454.780518
-255.809479 -73.009689 2422.507324
-212.876221 -545.216614 2356.813965
-249.220566 -998.440063 2427.884766
-120.780785 628.641113 2501.955566
-129.129364 400.544495 2464.350342
56.295830 397.841980 2431.538086
190.943176 210.882050 2215.348145
138.945053 362.099182 1953.587402
-314.554565 403.247070 2497.162598
-314.554382 90.205658 2497.162598
-314.560547 -222.835419 2497.162598
-138.598923 163.787262 2430.337646
-39.402908 -74.553772 2377.095703
-1.831795 -550.696899 2409.895508
-4.677202 -1009.162109 2450.114746
-256.734039 -71.386200 2415.554199
-213.703644 -544.216187 2354.413574
-248.689240 -997.546753 2425.970215
-119.196938 630.461731 2501.004639
-127.520393 401.975830 2463.336670
59.075417 397.621124 2438.609619
198.998962 188.965561 2250.156494
144.432709 352.355621 1997.943359
-314.116180 406.330566 2488.063721
-314.115997 93.289154 2488.063721
-314.122162 -219.751923 2488.063721
-137.705414 165.421112 2428.138672
-38.550430 -73.685379 2378.451416
-1.020859 -550.160095 2405.693604
-3.314587 -1007.034180 2459.865967
-257.230438 -68.581863 2407.429932
-211.763397 -542.445801 2358.170166
-249.380936 -996.199707 2425.689209
-116.217392 629.325928 2493.532715
-125.881813 401.295593 2461.217773
61.490650 394.913300 2443.892334
202.427444 164.938477 2295.040527
148.713547 329.096039 2042.280518
-313.254272 407.677917 2478.543213
-313.254089 94.636505 2478.543213
-313.260254 -218.404572 2478.543213
-136.896423 164.322449 2429.392578
-38.145397 -76.389557 2387.417725
-1.225315 -552.875427 2415.634766
-11.636195 -1010.439087 2462.642090
-257.676666 -68.911865 2407.717041
-212.091980 -543.244385 2362.500732
-247.847351 -995.699646 2438.791260
-114.042198 628.446655 2489.357666
-121.249336 399.552490 2458.951904
66.679695 393.332397 2451.508057
200.175415 143.932236 2346.062256
156.378784 304.012238 2089.335205
-309.178375 405.772552 2466.395752
-309.178192 92.731140 2466.395752
-309.184357 -220.309937 2466.395752
-130.307449 162.312393 2428.508301
-29.213442 -78.573502 2393.701660
9.569666 -555.047302 2419.556641
-5.093559 -1013.344238 2457.724609
-249.517685 -71.281876 2402.427734
-204.775879 -546.004028 2360.060791
-238.303162 -1000.313232 2424.956543
-111.719246 628.938477 2487.270996
-116.532883 398.354919 2457.645264
71.583893 392.965027 2458.667236
186.572723 128.446411 2387.074951
160.414734 267.562561 2118.066406
-304.649658 403.744812 2456.623291
-304.649475 90.703400 2456.623291
-304.655640 -222.337677 2456.623291
-123.173004 160.953400 2427.840576
-19.620239 -79.605331 2398.634521
11.203529 -556.851868 2418.537354
-4.111177 -1015.498535 2453.387451
-240.006012 -73.290878 2397.437256
-203.514404 -549.216064 2362.372070
-235.921875 -1004.074829 2424.615967
-109.273499 630.750977 2485.687256
-112.592697 399.743774 2458.031494
75.313644 394.948334 2467.514404
182.274551 118.208618 2435.573730
169.425827 230.748489 2159.994873
-300.499054 404.539215 2448.548584
-300.498871 91.497803 2448.548584
-300.505035 -221.543274 2448.548584
-117.176529 162.224762 2428.748535
-11.686232 -78.103378 2405.020508
10.512575 -555.691406 2427.413818
-7.526226 -1014.939819 2447.729248
-231.834488 -72.485123 2393.910645
-203.663437 -549.260559 2363.152588
-238.508087 -1004.373535 2422.459961
-105.173119 633.539246 2487.419922
-107.165245 402.758789 2459.184814
80.103905 397.993530 2477.299805
178.633682 116.598816 2492.307861
177.962769 190.188934 2202.308594
-294.434387 407.524048 2441.069824
-294.434204 94.482635 2441.069824
-294.440369 -218.558441 2441.069824
-110.396149 165.186691 2430.090088
-3.918731 -75.177048 2411.607666
9.986800 -553.338623 2423.325195
-7.186202 -1011.991089 2454.959717
-223.335358 -69.593765 2390.383057
-202.240707 -547.058105 2365.095947
-242.156097 -1002.957520 2413.058838
-103.446259 630.527283 2486.235840
-103.233742 400.741730 2458.103271
83.550423 397.847809 2481.832275
173.833130 118.807098 2537.189697
187.258362 131.238770 2242.458496
-290.017914 403.635651 2434.374268
-290.017731 90.594238 2434.374268
-290.023895 -222.446838 2434.374268
-103.089493 163.290909 2428.008789
6.416771 -75.854294 2411.807617
11.523211 -554.311829 2418.269043
-4.579370 -1013.222778 2448.784912
-212.307251 -72.465530 2384.020996
-198.419891 -550.212341 2358.499023
-237.810638 -1006.234741 2406.706055
-100.497719 631.441895 2485.159180
-101.105911 401.379822 2457.942627
84.978973 397.822571 2487.010498
156.916733 122.403290 2558.589844
188.308441 59.587322 2274.955566
-287.190796 404.937012 2428.874756
-287.190613 91.895599 2428.874756
-287.196777 -221.145477 2428.874756
-100.955284 163.903137 2427.916504
8.169111 -75.656693 2414.912842
4.435495 -554.183899 2419.447266
-18.908895 -1011.924622 2459.876709
-209.778427 -71.490372 2380.867920
-205.931259 -549.522644 2358.185791
-247.492294 -1003.834167 2418.229736
-98.740837 633.830811 2484.605469
-99.888412 402.680176 2457.863770
85.562607 398.607910 2491.045654
142.455444 118.199036 2567.291016
188.810028 -16.280457 2305.746826
-285.339417 406.752411 2424.681885
-285.339233 93.710999 2424.681885
-285.345398 -219.330078 2424.681885
-99.791115 165.153473 2428.169189
8.910151 -74.758011 2417.906494
4.009007 -553.384949 2419.198975
-20.802780 -1011.609436 2453.758057
-208.297775 -69.988419 2379.042725
-205.970627 -548.268677 2360.120850
-242.934937 -1003.840271 2413.510010
-100.065140 633.757935 2485.337891
-99.932686 403.678802 2458.241699
84.539040 399.448120 2496.516113
139.538513 119.638214 2574.519775
179.980911 -78.471375 2351.697510
-284.404419 407.909485 2419.967285
-284.404236 94.868073 2419.967285
-284.410400 -218.173004 2419.967285
-99.105896 166.218842 2428.008789
9.784185 -73.719467 2420.197021
1.348923 -552.342285 2421.281006
-16.632776 -1011.296631 2449.658936
-206.342407 -68.762772 2375.354736
-202.995529 -547.074951 2356.046631
-243.194168 -1000.625366 2421.989014
-98.495049 634.016174 2484.698486
-98.801506 403.270142 2458.197266
84.966850 398.951904 2499.901855
138.207336 121.383026 2578.779785
173.284348 -124.649811 2403.533203
-282.569885 407.588379 2416.492676
-282.569702 94.546967 2416.492676
-282.575867 -218.494110 2416.492676
-97.678101 165.723145 2428.650635
11.076633 -74.352997 2423.530029
2.274844 -552.994019 2426.381348
-10.900250 -1012.596436 2443.125488
-204.186035 -69.294708 2374.677979
-201.747589 -547.568726 2353.755615
-243.957611 -999.311523 2430.113037
-98.580147 631.668579 2485.882324
-98.545357 401.619843 2458.784668
84.883705 397.479309 2502.174561
141.864563 118.132965 2577.258301
169.247650 -160.995575 2451.815430
-281.974426 405.760376 2415.394775
-281.974243 92.718964 2415.394775
-281.980408 -220.322113 2415.394775
-96.774490 164.151855 2428.637695
12.427168 -75.741165 2423.903320
0.036341 -554.289490 2421.983887
-7.477104 -1013.490601 2449.236816
-202.434433 -70.891098 2373.078125
-200.932251 -549.128784 2350.965576
-247.591278 -1000.244263 2429.066895
-98.628395 629.338989 2484.974854
-98.131294 399.814514 2458.490234
85.288933 396.374878 2502.106201
143.247192 113.741943 2569.957031
162.690430 -185.487823 2487.946777
-281.551514 403.254120 2414.874268
-281.551331 90.212708 2414.874268
-281.557495 -222.828369 2414.874268
-95.564590 162.276093 2428.963623
14.437146 -77.277008 2424.984131
3.277127 -555.833130 2428.971680
-10.942998 -1015.315918 2447.729980
-200.432938 -73.247620 2373.889893
-201.972305 -551.690308 2357.954102
-239.746155 -1005.550537 2422.519287
-99.560715 625.687500 2486.011230
-98.340347 397.328430 2458.202881
85.099060 394.042786 2501.819336
143.479401 110.013306 2561.724121
163.475784 -200.198395 2521.875488
-281.779755 400.614105 2414.586426
-281.779572 87.572693 2414.586426
-281.785736 -225.468384 2414.586426
-95.204086 159.997467 2427.134277
15.386071 -79.258163 2421.614990
3.323061 -557.813171 2420.528564
-15.194616 -1016.677490 2448.728271
-199.521729 -75.408859 2370.516357
-202.352707 -553.886475 2354.985352
-246.681686 -1006.942383 2421.930420
-99.853943 625.022095 2485.530518
-97.963272 396.099121 2457.809814
85.739151 393.411865 2500.364502
143.205811 106.098022 2555.422119
162.856750 -209.588226 2539.855225
-281.665680 398.786377 2415.255127
-281.665497 85.744965 2415.255127
-281.671661 -227.296112 2415.255127
-94.369293 158.698822 2427.303711
16.839575 -80.275681 2421.726562
3.039917 -558.757507 2426.275391
-15.608700 -1018.102295 2446.183594
-198.390213 -77.127243 2371.868652
-204.786942 -555.685852 2361.614746
-238.284256 -1010.188721 2424.763428
-100.662956 626.499695 2485.292725
-98.551208 396.568451 2457.972656
85.326752 394.225067 2499.802490
143.521088 106.334106 2555.614502
160.589493 -212.271362 2548.938477
-282.429169 398.911835 2416.142822
-282.428986 85.870422 2416.142822
-282.435150 -227.170654 2416.142822
-94.710556 159.128754 2427.787842
16.847591 -79.683716 2422.107422
0.681101 -558.122314 2422.488770
-14.254563 -1017.771729 2440.237549
-198.587387 -76.938171 2373.098633
-205.088730 -555.364014 2357.823975
-244.468155 -1008.664551 2426.429932
