-150.668350 678.586060 3557.894043
-159.213577 470.758423 3538.144287
5.627920 463.495972 3531.444824
42.276466 195.209808 3549.898438
19.585035 -72.080170 3467.725830
-324.055084 478.020874 3544.843750
-365.506927 226.860092 3516.659668
-353.472626 -54.162003 3437.399414
-169.235214 256.750427 3523.552734
-80.305588 38.382904 3504.939697
-107.464996 -372.783539 3625.808105
-110.357658 -695.201050 3592.489258
-278.208130 47.101959 3512.982666
-284.732056 -364.979034 3633.441162
-254.520477 -688.457886 3589.445557
-148.978806 678.462708 3562.990234
-157.527908 470.708984 3540.153076
7.279997 461.957489 3540.044922
45.907631 205.819550 3558.187012
19.493092 -59.971832 3471.944824
-322.335815 479.460449 3540.261230
-364.615692 227.835144 3506.621094
-354.604584 -55.755554 3437.516113
-168.890656 256.937927 3522.998047
-81.295044 37.912094 3505.778076
-101.120789 -374.757019 3622.992432
-104.001007 -697.258179 3603.974609
-279.211731 48.421677 3505.907959
-283.813751 -366.879028 3614.675049
-249.750748 -689.535828 3584.753174
-149.270691 681.395142 3563.061035
-158.314117 472.864441 3540.112305
6.551466 464.005005 3542.153320
36.340485 202.729065 3546.670410
21.118721 -65.430634 3465.755859
-323.179718 481.723877 3538.071289
-365.262451 225.172760 3503.273193
-352.651978 -58.754303 3435.595947
-169.600464 259.015381 3523.525391
-81.997589 39.852280 3508.162598
-101.248863 -372.448425 3627.088135
-101.718002 -696.931091 3607.485840
-279.776031 50.480347 3505.714355
-280.071503 -363.971924 3618.206055
-250.534760 -691.388428 3591.236572
-151.997910 684.805298 3546.114746
-159.917221 473.917542 3533.866699
5.024879 465.790710 3536.597412
42.607426 204.758850 3534.950195
19.691629 -63.918091 3457.369629
-324.859314 482.044342 3531.135986
-364.967194 229.629913 3500.827393
-351.525543 -54.705872 3434.806396
-170.310150 259.698761 3524.094727
-81.751633 40.604568 3515.960938
-100.664589 -371.051453 3637.300293
-99.832558 -695.681519 3614.363525
-279.654541 50.355377 3512.684570
-278.659790 -366.558197 3615.593262
-248.784302 -692.350464 3599.680176
-153.302979 681.620605 3538.618652
-160.920135 470.232727 3531.261230
3.815507 461.983398 3538.901367
36.272160 203.730469 3529.441650
17.843126 -65.451355 3451.954346
-325.655792 478.482086 3523.621094
-365.545563 229.037109 3508.791260
-351.768158 -51.778046 3430.133789
-171.375916 255.849014 3525.229004
-82.947502 36.513535 3523.782959
-101.429504 -378.340454 3633.178467
-101.727707 -704.313904 3612.619873
-280.715881 46.417053 3514.610596
-281.194580 -372.559845 3608.818604
-248.492645 -704.545654 3598.281494
-154.513794 680.395386 3553.880371
-161.265747 470.482727 3537.469727
3.618822 462.743469 3539.744385
30.359615 198.715179 3527.452637
18.205299 -70.546814 3448.911621
-326.150299 478.221985 3535.195068
-365.216339 226.348190 3510.351562
-350.506409 -54.553848 3431.568604
-171.138840 256.415955 3524.810059
-82.043571 37.703873 3513.515625
-99.237289 -379.674927 3612.985840
-100.266357 -702.451050 3594.141113
-279.980316 46.994507 3510.785156
-280.323120 -370.298920 3612.337891
-246.964920 -699.200684 3587.353027
-154.406570 678.377747 3559.025391
-161.026993 469.939575 3538.728271
3.851296 462.231445 3543.605225
27.519863 198.756622 3527.089844
18.822910 -67.198120 3438.060303
-325.905304 477.647644 3533.851318
-365.587097 228.521454 3514.480469
-349.789520 -49.070953 3425.315430
-170.560547 256.014404 3522.922363
-81.180878 37.465027 3510.042236
-98.952713 -378.100494 3616.923096
-99.607742 -704.614197 3596.227051
-279.007294 46.713455 3504.190674
-281.235382 -369.223328 3611.306885
-249.275208 -690.125000 3585.006104
-154.823517 676.238831 3562.088135
-161.177658 469.310608 3540.251709
3.731866 462.101227 3546.126953
26.610531 199.131287 3527.794189
18.330759 -63.129150 3428.514404
-326.087189 476.519958 3534.376465
-366.245026 224.005493 3511.398438
-351.310272 -53.517242 3421.407227
-169.963943 255.317337 3524.284180
-79.813797 36.998871 3511.841553
-99.583763 -378.080200 3620.575439
-96.931549 -706.137939 3604.640869
-277.686646 45.649292 3504.791748
-281.341064 -370.216431 3612.384766
-247.286789 -697.496826 3589.885498
-153.653381 675.978455 3563.638428
-159.993195 469.535797 3540.863281
4.889935 462.277222 3547.876709
25.304811 194.564545 3526.946045
9.164928 -66.910767 3427.126709
-324.876312 476.794373 3533.849854
-367.065979 220.368988 3513.887451
-355.687378 -59.085480 3429.564453
-168.690979 255.590576 3523.921387
-78.455597 37.290070 3511.187744
-98.557556 -377.910553 3619.592041
-98.776283 -697.033569 3606.279785
-276.321930 46.000641 3502.771240
-277.724457 -368.212250 3616.533447
-245.903107 -699.875610 3584.094482
-152.786133 678.870544 3561.355469
-159.370407 471.792725 3540.272461
5.504711 464.534607 3547.770020
25.386566 197.078796 3524.301514
5.033377 -63.528198 3422.316650
-324.245544 479.050842 3532.774902
-365.540466 223.100021 3509.215576
-353.214478 -59.428085 3436.716309
-168.101898 257.713074 3525.039307
-77.900879 39.278229 3514.305176
-100.465805 -373.270660 3631.650391
-98.014214 -696.170898 3608.077148
-275.765900 47.988617 3505.307129
-275.472656 -367.620911 3613.889893
-247.578278 -695.123901 3591.554932
-151.028900 685.441528 3545.261230
-158.159286 475.064453 3535.941162
6.764111 467.732758 3542.295410
25.217861 203.055664 3525.639893
3.308804 -49.676147 3415.244385
-323.082703 482.396179 3529.586914
-366.485596 224.070618 3513.072754
-353.940247 -56.440918 3432.938232
-167.361877 260.727600 3527.484863
-77.597137 41.991104 3522.841553
-99.389404 -370.263428 3641.591797
-101.481522 -691.869873 3609.059326
-275.531769 50.790359 3515.215576
-282.851685 -362.583618 3631.419189
-245.828934 -698.755432 3602.948730
-152.513977 682.469116 3540.127686
-159.139145 471.728577 3533.981689
5.766841 464.587708 3541.064941
26.601151 205.027222 3530.303223
1.646620 -41.943008 3410.605469
-324.045135 478.869446 3526.898438
-366.844025 225.582657 3514.057129
-352.416718 -54.752487 3433.151611
-168.155304 257.261536 3527.676270
-78.214844 38.509415 3525.621338
-100.847336 -377.260498 3630.381592
-101.031898 -697.260803 3605.547119
-276.128052 47.079590 3517.120361
-282.646973 -370.137207 3617.843750
-249.153992 -698.998413 3593.434570
-151.820999 675.679016 3536.655029
-159.178329 465.652496 3531.321045
5.770253 458.437012 3537.231445
25.809296 206.516190 3525.612549
1.566399 -36.347916 3408.401855
-324.126892 472.867981 3525.410645
-367.167938 220.920654 3515.710449
-351.636810 -59.960236 3436.695068
-168.394257 251.123962 3526.622314
-78.625481 32.265457 3525.470459
-101.720352 -383.656494 3630.094482
-98.612572 -701.134399 3597.765869
-276.594910 40.925400 3518.376709
-282.772888 -377.790344 3613.391357
-247.236938 -702.797729 3592.041748
-157.216858 681.768005 3551.416260
-161.893341 471.988373 3536.600342
3.133004 466.910645 3542.272705
23.395336 204.757660 3529.276855
0.773886 -34.604202 3407.377197
-326.919708 477.066132 3530.927979
-367.454376 213.455963 3514.715576
-351.565674 -66.438263 3432.276123
-168.092239 257.713409 3525.131836
-75.253830 40.391144 3517.067383
-97.636421 -375.771667 3621.169189
-95.235886 -682.817139 3588.067383
-273.328430 46.485748 3510.259277
-280.569580 -372.144989 3606.090576
-242.128479 -697.262817 3582.807373
-157.014450 676.088684 3539.814209
-160.998306 466.444763 3530.714844
3.911408 462.131287 3539.218262
24.308102 210.243011 3528.739502
1.768044 -36.068268 3408.062012
-325.908020 470.758240 3522.211426
-368.048035 216.729630 3519.421875
-352.188049 -61.366501 3431.205322
-166.262619 251.924316 3523.989258
-72.555733 34.815140 3522.367188
-106.007301 -379.460510 3630.417969
-98.089066 -695.048035 3608.509033
-270.498138 39.992630 3512.160156
-276.397766 -374.143921 3624.811279
-242.863586 -708.404297 3587.378662
-153.170349 675.299561 3534.482178
-158.545868 464.971130 3529.511475
6.229361 459.550171 3539.854736
24.898468 202.791229 3527.636963
4.160582 -50.908142 3416.332764
-323.321075 470.392090 3519.168213
-367.781586 211.719513 3521.365234
-354.011536 -65.721283 3430.675537
-165.328125 250.386719 3525.093018
-73.231903 32.549301 3526.881348
-105.086189 -383.219238 3629.813965
-102.022118 -700.019958 3600.627441
-270.988861 39.055313 3514.467773
-282.416718 -376.754333 3620.820557
-246.802139 -701.375366 3588.037598
-151.920029 676.074768 3531.135742
-158.163544 464.854248 3528.368652
6.599456 458.777527 3538.771240
25.988068 191.864838 3523.780273
2.397793 -63.327942 3412.230713
-322.926544 470.931000 3517.966064
-367.660217 210.986511 3518.966064
-356.118103 -68.602051 3435.008057
-165.854736 250.246796 3524.822510
-74.681366 31.993042 3527.518311
-105.727600 -385.509125 3623.474121
-102.124680 -697.942627 3594.714844
-272.410492 39.285645 3515.034424
-271.225311 -375.783569 3624.627930
-247.564240 -695.479492 3583.449707
-154.427841 674.516113 3532.677002
-159.973099 464.138763 3529.302246
4.771931 458.556335 3540.352539
25.567781 192.739380 3527.760986
4.246866 -66.058350 3422.319824
-324.718109 469.721191 3518.251953
-366.822632 211.740967 3512.411621
-353.607391 -70.299866 3437.768066
-167.035446 249.482574 3526.151855
-75.239456 31.476547 3529.632568
-109.791382 -383.357239 3635.189941
-99.944572 -688.225708 3602.192871
-272.956146 38.176224 3516.370361
-274.706573 -375.584656 3631.273682
-246.648834 -697.945679 3585.816406
-153.800507 672.036377 3532.409912
-158.705093 461.340118 3528.980713
5.927228 455.938965 3541.641113
25.339958 194.071228 3526.354492
9.126608 -66.312500 3422.806885
-323.337433 466.741272 3516.320312
-366.628754 209.730011 3509.244873
-355.889893 -73.289459 3437.634766
-165.520294 246.661880 3526.018311
-73.539055 28.742386 3530.653564
-98.340942 -386.089905 3638.837646
-95.456795 -691.072876 3599.104736
-271.131927 35.224899 3515.458252
-276.877716 -378.218323 3631.694580
-244.689667 -694.887207 3584.327148
-153.099884 672.385498 3547.789795
-157.582016 462.723999 3534.515137
7.274359 457.188721 3542.739746
25.222353 192.319397 3521.844727
10.675367 -72.928284 3431.474121
-322.438385 468.259277 3526.290527
-367.244476 208.393646 3514.501465
-356.095001 -73.568573 3438.744141
-164.341934 248.278931 3525.688477
-72.141220 30.511124 3521.799072
-99.380928 -386.320496 3621.416260
-95.673767 -683.398926 3591.704346
-270.062500 37.156601 3511.924561
-278.739929 -375.800720 3629.881836
-248.185165 -689.036987 3581.072754
-156.491943 672.675049 3554.481445
-160.115631 464.365265 3537.910889
4.824573 459.077393 3545.158203
24.898800 194.404846 3522.967041
14.956001 -70.423279 3429.967773
-325.055847 469.653137 3530.663574
-367.424255 211.617065 3515.185547
-353.523621 -70.656525 3440.925537
-166.465607 250.033127 3526.045898
-73.853966 32.528366 3518.529053
-102.212173 -383.130371 3622.933838
-99.640282 -690.106079 3596.502197
-271.777191 38.873611 3509.832764
-281.566223 -371.869568 3635.097412
-251.793091 -685.731995 3585.205322
-156.826859 671.477356 3541.313232
-160.572998 462.355072 3532.061279
4.427289 457.346375 3538.435791
22.462072 199.712708 3528.970947
9.709483 -52.398514 3419.549805
-325.573303 467.363770 3525.686768
-367.347748 212.541138 3515.148193
-355.223267 -69.901154 3441.106445
-166.815536 247.828140 3525.083496
-74.051712 30.295807 3521.930664
-100.380653 -382.283051 3637.988770
-99.683708 -700.295044 3601.264404
-272.064423 36.306610 3514.280762
-283.193573 -375.944122 3634.443359
-248.281326 -696.788147 3589.585938
-156.814209 671.782593 3534.739502
-162.031296 461.525574 3529.192871
2.956805 456.081726 3535.770020
21.734709 204.850983 3535.460205
4.858414 -41.329041 3423.915039
-327.019379 466.969421 3522.615723
-367.209137 211.082123 3515.058838
-354.908844 -70.927582 3439.357910
-168.942017 246.922150 3524.924072
-76.850182 29.052109 3524.601807
-104.264244 -385.230103 3634.433350
-100.054413 -700.768127 3603.616455
-274.855316 35.585342 3516.708740
-282.350830 -380.373962 3622.763428
-249.800354 -694.337830 3595.509766
-155.002472 672.564453 3531.874756
-160.761871 461.079590 3528.400879
4.147945 455.027466 3536.269043
29.873365 207.311966 3539.653076
0.444839 -28.956192 3403.389160
-325.671692 467.131714 3520.532715
-367.136383 207.739075 3513.972168
-356.817535 -75.545105 3443.020020
-168.474823 246.460632 3524.974609
-77.226166 28.209839 3526.270020
-100.869133 -387.862183 3630.142090
-99.509399 -696.107300 3603.164551
-275.149384 35.473541 3516.826660
-276.874176 -382.502655 3615.075195
-247.801559 -699.416870 3587.684082
-156.071503 677.484497 3546.589600
-159.440979 466.957825 3533.439697
5.314050 462.411987 3544.356445
41.345745 220.387283 3552.813477
-10.311180 -0.817642 3396.702148
-324.196045 471.503662 3522.522949
-367.116058 207.966370 3515.021484
-353.486481 -74.053223 3439.810059
-164.566727 252.725159 3521.588379
-70.806496 35.764053 3516.289307
-94.322037 -381.259338 3616.548096
-92.155602 -685.585571 3588.797852
-268.578430 41.220901 3503.184814
-272.758179 -376.851196 3601.507080
-243.195557 -690.896362 3575.645752
-153.279709 675.889893 3537.314453
-157.221710 465.601105 3529.308350
7.242489 460.305176 3543.547119
46.102325 230.574142 3552.104736
-37.936607 35.695847 3377.935303
-321.685913 470.897034 3515.069580
-367.463806 211.636444 3515.822510
-356.108429 -70.659241 3441.146729
-163.453033 251.154175 3521.521973
-70.981834 33.528915 3522.280762
-100.003677 -382.168640 3626.479980
-100.518181 -695.764771 3608.335938
-268.386871 39.885574 3505.190430
-285.190094 -368.224182 3633.729004
-249.785400 -693.190918 3584.634521
-152.359894 676.563477 3533.651123
-156.864960 465.699036 3528.458984
7.536231 460.143677 3543.590332
45.766033 229.733475 3554.729492
-55.703220 108.194565 3342.690186
-321.266144 471.254395 3513.327637
-367.300201 212.447662 3515.513672
-356.015411 -69.572662 3439.704834
-163.583984 251.142944 3522.688232
-71.661987 33.253601 3525.996338
-101.538284 -383.385559 3626.241943
-100.812836 -699.561340 3602.905029
-268.944031 39.920074 3507.838623
-279.568848 -371.856995 3626.826416
-250.505386 -681.374390 3585.981201
-149.260269 682.748657 3530.324951
-154.206619 470.383362 3528.503174
10.237418 464.139526 3543.025879
44.972923 236.099869 3548.200928
-81.224602 191.853989 3324.873535
-318.650635 476.627197 3513.980469
-366.753021 213.159973 3511.903564
-353.815979 -70.016479 3440.953125
-161.988281 255.794281 3524.357422
-71.095757 37.458618 3528.926025
-104.365250 -378.593872 3630.609863
-97.020805 -689.941711 3605.054199
-268.444153 44.951797 3511.497314
-275.554688 -371.099976 3615.440430
-246.954559 -691.169067 3591.846680
-151.336807 678.590576 3531.700928
-154.615875 466.806885 3528.232666
10.155840 461.652649 3537.907715
47.527367 243.275543 3565.176025
-84.279549 262.531891 3338.205322
-319.387573 471.961121 3518.557617
-367.116089 218.405258 3514.474365
-352.583252 -63.299515 3438.270508
-161.078568 252.156570 3523.944336
-68.623291 34.411987 3525.464355
-99.969101 -383.315857 3620.537109
-96.340759 -695.124329 3596.117432
-266.459229 40.600525 3513.847656
-274.216797 -376.964142 3612.972168
-246.762436 -704.445435 3592.476318
-151.543228 677.486267 3530.954834
-155.626770 466.600586 3526.159424
9.324465 461.464966 3530.106445
59.387001 247.338303 3573.233887
-81.743416 330.494446 3366.671875
-320.578003 471.736206 3522.212402
-366.942902 213.977234 3511.956055
-354.273102 -68.474487 3438.120117
-162.221771 251.930115 3522.458252
-69.796097 34.176743 3521.126465
-102.715744 -384.332458 3612.239990
-99.531624 -691.776062 3599.968262
-267.837433 40.342575 3516.387695
-278.049774 -379.107849 3607.499756
-249.290833 -697.803162 3591.624268
-149.713425 676.447632 3531.566895
-155.258301 466.352539 3525.403320
9.711952 460.237000 3529.922119
53.917084 251.357758 3575.506104
-63.996124 392.433960 3385.121338
-320.228577 472.468048 3520.884521
-366.468018 214.064514 3506.943359
-355.297241 -69.932129 3439.209473
-163.111694 251.721466 3521.640137
-72.007751 33.421997 3520.587646
-102.205536 -383.766693 3618.319824
-102.886742 -698.019897 3603.609131
-269.922424 40.758789 3515.166260
-277.839600 -376.956177 3614.387207
-251.566299 -694.359680 3588.823242
-149.618958 679.830566 3529.786865
-155.481277 469.217224 3524.192139
9.512256 462.756683 3528.727539
46.010010 252.637909 3572.177734
-50.477760 439.351318 3412.499756
-320.474792 475.677765 3519.656738
-364.441589 218.252045 3502.314209
-352.727936 -66.178925 3436.324463
-163.800293 254.588776 3521.098389
-73.129868 36.084259 3520.725586
-101.851585 -380.562256 3621.324463
-100.559784 -693.485229 3604.721436
-271.108765 43.836395 3515.283691
-279.402008 -373.340271 3617.161621
-249.909760 -691.291138 3583.129883
-150.067795 681.562439 3529.480225
-156.447876 470.859924 3524.089355
8.572427 463.902496 3526.983643
50.511162 251.309296 3544.577637
-40.063095 472.946472 3425.755615
-321.468201 477.817383 3521.195068
-364.064056 222.272263 3502.952637
-353.982025 -58.308792 3423.121826
-165.431717 256.265076 3520.455566
-75.393990 37.495346 3518.558594
-104.153679 -380.362122 3613.976318
-99.039467 -696.684570 3595.702393
-273.437103 45.845078 3515.084961
-281.990906 -372.775635 3610.907471
-252.740326 -684.150574 3590.383789
-149.350662 682.141235 3529.885986
-157.173691 471.436096 3525.178467
7.817476 464.495300 3523.578613
52.758591 257.156494 3543.280273
-39.660217 488.900879 3432.869141
-322.164856 478.376831 3526.778320
-364.979950 223.564331 3499.336914
-354.240540 -59.409576 3428.349365
-166.234100 256.838013 3521.796875
-76.256004 38.073639 3517.454834
-101.960892 -377.651794 3622.211182
-99.251396 -694.473755 3600.807373
-274.333038 46.406265 3519.375732
-283.920929 -369.324158 3626.533447
-249.113266 -698.511963 3592.084229
-150.779160 684.094116 3527.988770
-157.669205 472.850128 3524.902832
7.328792 466.469177 3527.159912
50.684528 256.078461 3522.437500
-36.091618 503.533081 3439.498291
-322.667236 479.231079 3522.645752
-364.948212 227.389618 3500.774658
-350.427643 -56.083435 3431.923584
-165.930389 258.213196 3522.018066
-75.172554 39.746902 3520.487793
-98.368813 -376.231750 3625.099609
-100.583672 -694.851685 3606.482422
-273.210571 47.405609 3517.778809
-276.278961 -369.418243 3621.165771
-250.520874 -693.536621 3578.805176
-151.210266 687.441223 3528.926514
-157.653091 475.598083 3526.895020
7.403606 469.648254 3527.000488
51.838200 269.543274 3489.195312
-36.203838 527.413574 3454.849365
-322.709808 481.547943 3526.789551
-365.568481 224.970978 3503.991699
-345.603943 -55.394379 3425.101074
-165.389221 260.938782 3524.143799
-74.092255 42.709595 3521.455811
-98.415627 -373.772095 3623.927002
-100.254730 -691.800781 3598.691650
-272.158417 49.849365 3521.329346
-278.737793 -365.432709 3630.701904
-247.751801 -687.822510 3581.237061
-153.592865 684.807617 3528.503174
-159.773026 473.489136 3526.360107
5.289917 467.506287 3524.567139
61.918636 280.270172 3465.076660
-37.111156 538.723633 3441.505371
-324.835968 479.472015 3528.153076
-365.443237 229.320496 3504.066162
-342.222382 -51.348358 3426.609619
-167.584595 258.832947 3523.492188
-76.353279 40.586853 3519.548340
-102.770302 -373.975494 3628.885254
-102.943398 -695.000671 3599.447510
-274.439026 47.766663 3521.700195
-277.730835 -368.402893 3627.995117
-251.659790 -693.218811 3579.230225
-153.962082 680.713623 3531.006104
-160.745728 470.989929 3526.172363
4.324223 464.717896 3524.262451
70.482681 285.613770 3441.096191
-37.980881 541.831238 3417.066406
-325.815674 477.261963 3528.082275
-365.044067 229.527634 3503.939453
-345.616211 -52.037918 3428.480469
-168.945465 256.365845 3522.296875
-78.099274 37.978409 3517.275391
-104.959518 -377.170288 3624.406250
-100.589958 -699.547241 3603.389160
-276.191132 45.505142 3519.567383
-279.873871 -372.886780 3616.468018
-252.939392 -689.828491 3580.308594
-155.160553 682.864258 3548.567871
-160.947830 474.854675 3533.825195
4.152772 469.012970 3532.872314
71.260971 315.320435 3421.553955
-56.806808 555.840942 3378.597412
-326.048431 480.696411 3534.778076
-364.236725 228.138092 3500.338623
-340.851624 -53.063263 3424.501465
-168.593002 260.573181 3522.855713
-77.166374 42.786240 3511.314453
-100.846794 -370.330444 3626.482422
-99.520576 -693.669800 3596.301758
-275.309967 49.797104 3512.458008
-278.069489 -370.286926 3601.809814
-250.230057 -682.977905 3580.051025
-154.384003 687.883423 3537.733887
-160.712662 477.496521 3532.184082
4.398149 471.739502 3532.040283
67.117226 352.651733 3393.267822
-75.480019 580.620728 3335.254639
-325.823456 483.253540 3532.327881
-364.528168 231.777908 3498.161865
-341.655792 -48.014786 3417.149658
-168.196472 263.008911 3526.263916
-76.601143 45.066666 3520.257568
-99.243568 -362.543518 3652.735107
-101.678886 -687.945679 3603.059570
-274.759430 51.975967 3520.429932
-277.258606 -365.712158 3620.145752
-248.026337 -694.962891 3599.044189
-151.210251 704.133789 3533.357178
-158.545929 491.269135 3533.109375
6.528014 484.515656 3532.774658
54.067699 389.320007 3351.606689
-89.035614 594.904785 3266.498779
-323.619904 498.022614 3533.444092
-364.147064 233.066040 3494.554199
-345.683502 -49.555511 3423.443848
-167.328629 276.734131 3530.315918
-77.052269 58.146423 3527.321533
-100.981094 -354.173218 3643.663086
-100.561691 -672.039490 3603.636719
-275.170380 66.251831 3527.723389
-281.976318 -353.984985 3615.393799
-244.185638 -680.790161 3598.840088
-147.075378 695.366089 3532.706299
-156.520935 484.076752 3533.690918
8.448836 475.806183 3531.222412
38.549324 431.152710 3327.796143
-94.085350 605.286804 3193.117432
-321.490692 492.347321 3536.159424
-364.238190 243.053574 3493.590332
-345.167572 -40.967239 3428.143066
-167.304718 269.592316 3531.629395
-79.081108 50.144257 3528.086426
-99.737213 -366.357849 3629.013672
-103.593430 -700.564209 3599.064941
-277.095886 60.071503 3531.049316
-281.514526 -360.529938 3617.819580
-247.322845 -703.709534 3597.123291
-144.955261 702.481140 3547.897949
-156.083847 492.378113 3541.565674
8.655771 483.083740 3534.683105
-0.288521 478.528534 3289.431152
-102.331360 608.193604 3094.046143
-320.823486 501.672485 3548.448242
-365.399261 240.758911 3499.609375
-335.916168 -40.160370 3426.107178
-168.454559 278.105927 3534.820801
-81.936020 58.254532 3523.944580
-103.476006 -359.615356 3620.034912
-106.143723 -681.673096 3598.990723
-279.714508 69.412918 3532.207275
-279.635773 -352.773193 3610.904053
-245.843643 -688.917725 3590.057861
-147.547806 701.759521 3555.703613
-161.088043 493.998901 3544.977051
3.103657 483.271240 3531.914307
-18.688955 521.727112 3272.265869
-88.338570 604.652466 3036.758789
-325.279724 504.726562 3558.039795
-366.101868 248.723236 3500.408936
-335.678925 -33.784851 3433.115723
-175.800690 279.947968 3535.834229
-91.931915 59.456131 3518.848389
-110.088936 -356.235779 3624.725830
-112.057220 -697.723267 3597.445068
-289.094757 72.337967 3534.534424
-276.776611 -349.584961 3613.221924
-256.455902 -687.675171 3594.747559
-150.728058 697.661255 3561.912354
-165.250717 490.688049 3546.942383
-1.704551 480.374146 3527.536133
-39.886288 558.335327 3272.632812
-76.092758 593.377197 3014.879395
-328.796906 501.002014 3566.348633
-369.179169 255.964157 3507.250488
-333.786804 -24.831924 3435.168945
-180.070740 276.716919 3535.767090
-96.722054 56.554825 3512.943115
-107.370842 -357.943848 3624.531738
-105.744545 -697.889221 3593.817871
-293.059448 68.936722 3536.240479
-267.982758 -353.473022 3608.437012
-252.494995 -698.176758 3590.871338
-153.239883 694.200378 3561.997314
-166.742981 487.749878 3546.314697
-4.553329 478.781769 3518.089844
-55.437443 569.676086 3267.288574
-71.769974 579.162354 3000.736328
-328.932648 496.717987 3574.539551
-372.168152 255.465424 3520.799805
-332.306854 -21.261963 3437.014648
-180.484039 273.675629 3535.373291
-96.810684 54.214966 3507.479492
-100.138985 -360.040405 3620.650146
-100.028168 -695.353210 3596.389404
-291.639496 64.987793 3541.384277
-260.342438 -356.898407 3615.019531
-244.804703 -701.820312 3598.225830
-148.918915 680.253540 3548.616699
-165.917755 474.122528 3539.114258
-5.116053 462.567749 3504.479736
-68.013741 544.763611 3254.646729
-76.980125 578.210510 2983.878174
-326.719452 485.677307 3573.748779
-370.911896 248.021271 3533.151123
-324.439270 -24.492493 3439.724365
-182.259750 260.098999 3534.644043
-102.119400 39.142517 3509.392822
-108.018829 -372.679535 3631.015381
-106.210693 -710.578613 3599.357422
-295.084106 53.008423 3550.954834
-266.326965 -369.391449 3623.293701
-250.635071 -710.416382 3594.153564
-152.076370 679.683533 3538.350586
-168.283356 471.746765 3534.446289
-9.858219 460.386963 3490.572998
-58.456676 527.116394 3243.895752
-82.780266 576.186768 2973.275146
-326.708496 483.106567 3578.319580
-369.826599 238.438507 3535.145508
-317.673218 -32.915466 3440.797363
-183.461288 257.592255 3535.088867
-103.503174 36.616058 3509.385010
-105.421349 -376.724945 3626.046875
-103.019806 -692.210938 3596.159668
-293.775238 50.259430 3562.077881
-250.899231 -372.227203 3624.579834
-242.856918 -698.013672 3592.380127
-153.279099 680.873413 3533.244629
-168.303360 471.543396 3532.803711
-9.847807 460.051575 3488.258301
-66.230568 545.060120 3237.416992
-96.632362 567.113220 2966.403320
-326.758881 483.035217 3577.349121
-369.625763 235.927139 3540.104004
-315.726318 -36.224838 3448.692383
-182.950104 257.326172 3535.966553
-102.634720 36.221924 3512.433350
-101.967407 -376.250641 3632.331055
-102.017937 -689.161621 3596.653809
-292.558990 49.995972 3565.825439
-260.421783 -373.992218 3624.872803
-247.090973 -691.450073 3585.931885
-154.942993 679.773315 3533.214355
-171.638474 471.333527 3533.375732
-16.474218 459.601318 3479.132324
-71.614563 553.526550 3221.225098
-105.537292 554.966431 2943.643555
-326.802734 483.065735 3587.619141
-369.997620 234.756760 3543.653320
-319.165894 -38.080826 3452.313965
-186.728943 257.108643 3536.543457
-108.588875 35.834457 3507.119141
-108.533707 -376.032715 3629.224365
-116.057076 -693.257324 3582.554443
-295.049927 49.933075 3572.303223
-261.522522 -374.140228 3631.240723
-251.983994 -694.668579 3583.053711
-156.090546 688.649780 3533.214355
-172.868347 479.060364 3534.706787
-21.464975 466.739685 3471.073975
-78.265732 561.282898 3209.132812
-111.224548 545.138000 2926.988525
-324.271698 491.380981 3598.339600
-371.268982 235.746323 3551.782471
-316.762115 -35.667191 3458.293945
-188.461884 264.876770 3539.075195
-113.145584 43.295273 3505.235352
-105.666534 -368.884277 3625.908691
-109.428238 -675.988770 3591.479980
-294.965271 58.091110 3581.651855
-260.241730 -366.640259 3635.327148
-250.843048 -684.629028 3587.179688
-154.946548 692.809387 3531.773438
-170.363892 481.963562 3534.299561
-18.645628 470.273926 3470.619141
-81.711281 565.714233 3219.597168
-113.851982 546.753723 2939.132568
-322.082153 493.653198 3597.979980
-371.490540 241.151306 3552.144775
-317.690186 -31.835144 3462.903076
-185.136444 267.706512 3538.434570
-109.008476 46.445724 3504.416016
-96.772430 -365.091064 3626.937256
-97.838417 -687.057678 3595.850342
-290.809509 60.453171 3580.723145
-259.718140 -365.977356 3619.193115
-246.842911 -685.042114 3584.970947
-155.040161 692.392273 3531.011719
-169.623138 482.053528 3534.207031
-17.711864 471.031067 3470.528564
-81.927704 561.917053 3222.307373
-113.790863 551.521790 2944.126465
-321.534424 493.075928 3597.885498
-371.838379 242.680054 3555.947998
-321.699951 -31.644897 3468.678955
-183.459808 267.728394 3538.296875
-106.207787 46.794022 3504.204102
-99.815468 -363.181885 3632.148926
-100.768654 -693.708130 3601.673828
-288.385193 60.012527 3580.569336
-260.608185 -366.935364 3617.589355
-245.822296 -697.202087 3582.696289
-154.644287 681.228516 3532.605225
-169.719849 472.227448 3533.241455
-15.936646 461.451660 3474.208008
-80.927048 561.981934 3225.153809
-113.321091 553.535583 2949.660156
-323.503052 483.003235 3592.274902
-371.777405 241.318909 3557.885742
-328.770081 -34.836487 3472.830078
-184.022552 257.909821 3535.103760
-106.035736 37.125336 3501.538574
-100.579254 -374.959747 3622.548096
-102.531586 -702.668274 3599.776367
-290.614777 50.059052 3572.393555
-267.710602 -377.186951 3610.080811
-252.778687 -702.371582 3576.742676
-156.579361 688.685181 3530.704102
-168.055664 477.895142 3533.355225
-13.785309 468.110474 3475.245117
-77.983269 556.508057 3228.096191
-113.073921 554.636047 2952.573486
-322.326019 487.679810 3591.465332
-371.533112 233.649033 3562.690674
-336.362000 -39.686996 3466.545166
-180.888947 263.482910 3535.388672
-101.182220 43.201309 3502.564453
-94.629913 -369.662659 3621.015625
-98.489700 -696.908142 3596.735107
-286.262238 54.940079 3572.279785
-255.003418 -371.732666 3610.230713
-245.999191 -684.837891 3591.864014
-155.553009 686.415527 3529.713623
-166.697723 476.383362 3532.040527
-12.322165 467.489655 3473.963135
-77.016296 547.767578 3233.533203
-112.039772 558.786621 2959.840332
-321.073303 485.277039 3590.117920
-371.970184 235.753052 3566.232422
-343.789368 -39.960388 3474.449219
-177.803131 261.894958 3535.366943
-96.289253 42.070694 3503.849365
-93.063728 -370.746765 3622.678711
-99.786385 -699.611572 3602.164062
-281.527832 52.742447 3573.537354
-257.013855 -373.071899 3622.873047
-244.879578 -700.070190 3585.219238
-156.831406 687.007263 3528.912842
-167.543030 476.446014 3531.268799
-13.139550 467.866638 3473.160156
-75.616432 549.950012 3236.701416
-110.605446 560.683105 2964.914551
-321.946503 485.025360 3589.377441
-371.038910 234.885986 3560.927002
-344.612885 -43.482697 3476.815918
-178.095367 261.926758 3534.902100
-96.002777 42.259735 3503.669189
-100.468506 -371.891357 3617.431885
-103.027679 -695.543823 3600.781982
-281.292633 52.555267 3573.401611
-268.035645 -374.572296 3614.074707
-248.544235 -699.631714 3585.360840
-153.785172 682.372314 3528.534424
-166.468155 473.266266 3530.367920
-12.284105 463.869232 3471.782471
-75.274727 547.446045 3239.851807
-109.737694 561.307434 2967.683350
-320.652222 482.663300 3588.953369
-371.920776 234.031754 3569.230957
-344.820099 -42.381912 3478.887451
-178.312027 258.806946 3533.596436
-97.635597 38.708801 3501.669922
-102.185707 -376.087341 3613.271729
-102.680649 -696.883545 3607.540527
-282.676208 49.986450 3571.979980
-266.943909 -376.684357 3617.813477
-248.163086 -700.332397 3582.889893
-151.964584 676.419312 3540.827148
-167.008209 468.830200 3535.934326
-12.098115 459.497681 3479.305176
-76.097885 535.748047 3233.926758
-112.699974 557.568237 2969.885742
-321.918304 478.162720 3592.563477
-371.355194 231.576950 3566.650635
-347.327820 -42.263260 3468.090332
-180.704422 254.538483 3533.783447
-101.436432 34.646164 3497.648438
-104.855377 -379.428955 3612.022705
-105.868088 -703.742859 3608.224854
-287.364838 45.847382 3565.616699
-267.001495 -380.556427 3612.890137
-251.115967 -695.502563 3578.286133
-154.908173 682.734253 3550.021240
-168.636230 474.518097 3540.242676
-13.128047 466.417297 3485.089600
-80.030563 536.890991 3239.969727
-113.120705 542.467896 2975.425537
-324.144409 482.618896 3595.395752
-371.671356 230.404938 3568.822021
-353.361969 -42.807312 3467.184326
-182.157074 260.315613 3533.581299
-102.357071 41.251816 3493.822510
-99.587456 -369.036499 3620.411865
-105.484039 -692.715698 3593.298340
-288.998779 50.974457 3560.017334
-269.677399 -375.300629 3609.419678
-251.892105 -686.568237 3576.227539
-155.563446 680.636475 3539.283447
-168.690079 472.196655 3536.842285
-11.840142 463.184753 3485.948730
-79.585991 525.398193 3245.483887
-114.081978 526.945129 2974.024658
-325.539978 481.208557 3587.735840
-372.078979 234.497604 3563.613281
-358.674438 -40.126877 3464.947266
-181.588928 257.872284 3535.040283
-100.333870 38.138245 3502.687988
-95.615440 -370.975311 3633.309570
-103.280312 -690.260559 3603.410156
-288.641724 48.957581 3563.788574
-270.048706 -376.779175 3617.974609
-250.790771 -688.373840 3591.675049
-156.894867 682.605896 3551.137695
-169.644684 475.306763 3541.516357
-13.497416 467.811432 3488.235596
-62.834763 503.180756 3243.229248
-114.552635 502.822662 2973.821533
-325.791962 482.802124 3594.797119
-371.863678 233.213715 3562.672119
-358.497498 -41.684540 3464.531738
-182.032349 261.028473 3535.356445
-100.723450 42.252579 3497.225342
-107.932541 -365.794250 3630.710938
-101.448608 -679.494812 3586.295898
-288.116577 51.247757 3561.167725
-255.276093 -374.063171 3609.740234
-251.508331 -688.359619 3587.339600
-154.768219 683.423462 3539.701904
-167.334152 474.968384 3537.124512
-10.476495 466.731262 3486.043701
-53.453579 482.565521 3236.107422
-114.807945 473.064941 2977.078125
-324.191803 483.205566 3588.205322
-371.940948 236.146088 3561.264160
-357.302856 -39.737000 3466.050293
-179.090393 260.575043 3535.596191
-96.725105 41.239044 3503.416992
-100.325798 -364.695465 3643.504883
-96.022209 -683.329834 3602.061523
-284.968170 51.124344 3564.718750
-254.952515 -372.727173 3625.868652
-247.308472 -691.438965 3597.529785
-154.214630 683.174683 3551.911621
-166.389038 474.865204 3540.848389
-9.021423 467.604431 3491.157959
-44.704384 457.300812 3242.053955
-117.644867 440.006866 2980.730957
-323.756653 482.125977 3590.538818
-371.876587 235.370316 3565.166260
-355.164246 -37.584152 3462.425537
-178.483246 260.620148 3533.852051
-96.150871 42.018341 3497.039551
-101.270981 -367.197083 3627.069092
-100.408073 -688.895630 3590.562744
-285.004028 50.731842 3556.671875
-265.622009 -373.729004 3618.186523
-252.224518 -693.536194 3578.947754
-153.352264 676.114563 3542.566406
-166.359283 468.802765 3536.265381
-8.292442 460.445892 3489.049805
-48.372810 428.632568 3254.016602
-119.099953 407.457764 2989.652832
-324.426117 477.159607 3583.480957
-371.958282 235.055023 3559.471924
-349.129059 -40.148621 3464.489502
-178.946167 254.472305 3532.062744
-96.674500 35.126755 3499.525146
-102.351318 -372.828308 3633.733154
-101.545105 -701.714478 3594.943115
-286.391602 45.156937 3556.195068
-269.299133 -378.565918 3623.880859
-252.000290 -696.656860 3587.515381
-156.460297 678.386230 3552.350586
-167.233200 470.380554 3539.692627
-9.317791 463.368134 3491.712402
-41.702950 405.315430 3265.508789
-113.349670 371.503906 3004.326904
-325.148590 477.392944 3587.672852
-370.809235 229.903763 3559.525879
-346.215118 -44.435715 3462.178711
-179.186371 256.118622 3531.666504
-96.383057 37.648941 3494.850098
-98.953445 -372.363342 3622.758301
-101.191216 -685.401855 3586.065918
-285.896057 46.064468 3552.430664
-267.003754 -378.686401 3613.080811
-251.798401 -692.122803 3588.245850
-156.218750 681.552979 3544.248779
-165.481735 472.580261 3536.521973
-7.786636 465.568787 3487.782715
-45.351948 362.663269 3277.227539
-110.975189 330.151917 3019.397217
-323.176819 479.591766 3585.261230
-370.975159 229.674515 3562.733154
-352.174744 -44.389114 3463.322266
-176.570984 258.166260 3531.487793
-93.035240 39.545013 3497.207520
-95.787300 -369.381683 3628.702881
-98.393288 -688.065369 3598.208496
-282.285217 47.959503 3555.699707
-269.265839 -373.880463 3633.558105
-246.512054 -696.619873 3594.765137
-156.329590 677.795715 3536.719238
-163.738464 469.457520 3533.087646
-5.566233 463.093445 3485.830566
-44.694168 328.823181 3302.621094
-109.176987 294.577209 3040.306152
-321.910706 475.821594 3580.344727
-371.527100 232.710449 3561.730957
-351.001221 -42.893524 3466.964844
-173.025330 254.906845 3530.897461
-87.393753 36.537109 3500.348389
-93.900421 -374.874786 3623.485352
-95.234360 -691.484985 3601.585938
-277.230652 44.175247 3557.066162
-271.446869 -377.852783 3635.750000
-245.004074 -697.545166 3590.638428
-151.811569 685.977966 3550.454346
-162.689972 475.983398 3539.108154
-4.441963 468.923340 3492.182617
-47.833187 278.414764 3337.327148
-96.157639 244.195450 3071.653320
-320.937988 483.043457 3586.033691
-370.417145 229.633453 3554.554199
-351.089813 -47.177246 3463.002197
-174.767365 261.812225 3530.601807
-91.884865 43.404495 3493.937012
-104.175621 -368.867676 3613.783203
-105.902557 -681.876709 3595.321045
-281.804626 51.877579 3550.253906
-284.543152 -371.365417 3622.378906
-253.587738 -687.172913 3580.322266
-152.152985 678.180420 3540.757324
-163.494934 467.928284 3534.720459
-5.305337 458.601868 3488.031738
-47.414783 242.194855 3371.135986
-81.966263 208.033173 3102.211670
-321.684509 477.254700 3581.409180
-371.195435 235.917480 3554.625244
-352.069397 -41.182526 3463.785400
-177.678177 253.747131 3529.449463
-96.926857 33.968903 3496.159180
-104.673439 -377.778351 3618.283691
-105.760384 -702.803955 3602.590820
-286.795990 45.163055 3552.197754
-283.611023 -376.031311 3635.228516
-253.007004 -705.653809 3588.997559
-154.080872 677.926270 3534.406982
-165.039612 467.090912 3531.662109
-6.010100 456.704132 3488.265137
-33.232586 230.078049 3405.559570
-74.449318 171.318909 3144.701904
-324.069122 477.477722 3575.059082
-370.217377 230.079086 3557.310303
-358.091766 -48.196243 3469.149902
-179.782715 252.863968 3528.909424
-99.077202 32.402939 3500.110107
-102.156761 -379.917603 3620.557617
-102.010452 -694.757202 3604.142578
-289.974426 44.871109 3552.203369
-280.768250 -378.658875 3621.090576
-252.697754 -693.753479 3587.557861
-153.182877 677.786072 3532.242432
-164.389709 466.894592 3531.135498
-4.161997 455.917603 3492.812256
-3.634433 227.526077 3417.278809
-65.706520 135.207199 3181.836426
-324.617432 477.871582 3569.458740
-370.703522 229.850723 3559.649170
-358.255920 -47.043015 3467.205811
-179.443054 252.647003 3529.565430
-98.310539 31.809875 3504.989502
-99.374748 -380.839203 3624.455811
-99.626198 -693.703125 3601.985840
-290.682251 44.988998 3551.001221
-278.756470 -378.439819 3621.394043
-251.955627 -690.600830 3589.587402
-152.954559 675.998413 3531.284424
-159.697418 464.916382 3529.551514
2.278358 458.272095 3499.356934
7.710489 228.262314 3425.282227
-48.734138 95.694305 3207.175781
-321.673187 471.560730 3559.746094
-370.562286 229.752838 3557.117188
-355.487091 -47.599518 3466.359863
-169.041046 250.420197 3526.628418
-81.058960 31.931656 3505.562500
-83.786324 -381.855530 3620.991211
-80.900436 -684.443970 3600.130371
-275.710388 39.916336 3541.848145
-259.515686 -381.998962 3620.154053
-235.660126 -699.422729 3569.751221
-150.610458 668.913208 3529.746094
-157.173203 458.689209 3526.836670
5.902167 452.669464 3502.865234
19.852242 238.627014 3443.161133
-30.684864 65.577866 3254.617920
-320.248535 464.708954 3550.808105
-369.750244 223.777695 3558.215820
-356.353119 -49.870499 3457.117432
-165.513153 244.103333 3523.987793
-76.015099 25.905869 3506.757080
-99.604019 -384.467224 3629.660889
-92.451889 -701.306458 3605.310303
-271.691132 33.129044 3535.520752
-262.751160 -387.346436 3622.098877
-247.432480 -693.456299 3579.500488
-152.024994 669.618286 3547.500732
-156.979828 460.055786 3533.302002
6.822593 456.022400 3513.842773
22.518932 234.879929 3457.581543
-27.570015 38.476028 3285.684082
-320.782227 464.089111 3552.761230
-368.130402 218.846237 3551.971680
-358.979919 -55.972519 3453.381348
-163.440216 245.718597 3523.346191
-71.643105 28.961990 3501.717773
-99.341301 -382.608704 3620.617432
-91.958458 -695.582275 3601.014893
-268.158112 33.800858 3525.062988
-265.178009 -385.165955 3619.121338
-250.105011 -691.663391 3576.421387
-155.095062 679.465576 3554.342285
-158.099686 468.843567 3537.747070
5.992664 465.819275 3519.771484
32.256493 232.952225 3481.320312
-24.855476 23.320755 3322.021240
-322.192017 471.867859 3555.722656
-368.372833 217.934937 3552.415527
-355.399445 -56.560974 3453.187988
-163.324585 254.490372 3526.114502
-70.137344 38.323410 3503.701172
-102.222977 -371.879761 3626.620117
-93.783745 -686.407288 3607.963623
-266.961639 41.950958 3525.262695
-276.926483 -373.576843 3631.974609
-249.188202 -693.055298 3590.623047
-153.513580 681.113342 3541.744385
-158.003937 470.447449 3532.977051
6.389554 465.814697 3518.190186
30.063625 225.836334 3490.373779
-21.828613 -3.838776 3350.771729
-322.397430 475.080261 3547.763916
-368.100067 223.574326 3543.123779
-357.106842 -56.001022 3460.660889
-164.650909 255.940277 3526.285156
-72.658699 38.653336 3510.720703
-104.489708 -373.394592 3627.600830
-100.700768 -695.043945 3609.499023
-269.937073 44.212845 3528.465820
-283.354370 -371.301697 3635.822754
-250.625519 -694.848145 3590.885254
-154.063171 681.300476 3535.500977
-155.241165 469.660461 3530.693115
9.564771 467.115936 3522.915527
30.369473 216.968430 3504.188721
-20.622444 -22.936874 3375.569824
-320.047119 472.204956 3538.470703
-368.973694 221.847961 3540.879883
-357.625732 -57.709595 3457.379883
-158.736420 254.998825 3526.857666
-63.264896 38.809204 3518.351807
-89.237114 -375.649323 3627.796387
-95.133636 -693.055908 3603.882324
-261.198425 41.865204 3527.692627
-270.183777 -377.313873 3619.360596
-238.555466 -697.381836 3582.599609
-154.879883 682.600403 3531.838623
-154.356277 470.783051 3529.667236
10.654208 469.552673 3526.428467
28.924767 215.212753 3518.117432
-22.763424 -30.206238 3396.354248
-319.366760 472.013428 3532.906006
-367.739746 220.718750 3537.687744
-354.773560 -58.852295 3453.968262
-155.987671 256.043579 3528.127441
-58.620106 40.565933 3524.644531
-95.124832 -375.274841 3624.926270
-96.481781 -691.879028 3606.861816
-256.618042 42.042297 3528.530762
-275.447021 -376.949432 3620.111328
-242.077637 -696.808533 3589.953125
-152.366943 677.903076 3530.965576
-153.466446 466.525391 3528.995117
11.610086 463.463196 3526.774414
27.859140 214.477905 3521.758789
-20.574755 -38.282181 3412.863525
-318.542999 469.587585 3531.215820
-366.786346 222.483978 3528.082764
-355.979950 -59.286316 3451.899170
-157.469223 251.795105 3527.545654
-62.454502 35.228043 3524.764160
-102.751534 -380.791870 3623.445557
-107.419960 -699.168579 3603.892090
-260.489502 38.901627 3527.428223
-285.952484 -377.784546 3627.644287
-248.609299 -699.119629 3588.424316
-150.764999 673.742310 3531.563232
-153.757019 463.803467 3527.699707
11.322906 458.976959 3525.955078
26.727842 203.754395 3528.753174
-10.938772 -52.821533 3423.345459
-318.836945 468.629944 3529.444336
-366.526855 221.461380 3529.275879
-354.070251 -59.613785 3450.520508
-160.050842 249.118088 3526.091309
-67.305199 31.537079 3523.436035
-103.269783 -384.574127 3623.681885
-105.199043 -702.115295 3600.572266
-265.384125 37.328369 3525.529785
-289.849976 -380.419159 3622.109863
-253.253113 -691.052673 3591.367188
-152.675842 673.698730 3530.848145
-156.091019 464.110352 3527.437256
9.016750 459.169250 3527.321533
26.294975 196.149536 3532.789551
-4.347631 -62.822601 3429.976074
-321.198822 469.051392 3527.552979
-365.932220 220.296585 3519.401123
-353.427399 -62.551437 3447.391357
-162.516785 249.408340 3526.684082
-69.875740 31.741638 3525.861572
-99.369629 -382.674957 3634.552246
-107.776558 -697.519043 3596.880859
-268.009338 37.671051 3526.000244
-284.516602 -379.165741 3627.962158
-250.830994 -695.382935 3581.600586
-152.701599 676.670715 3547.502930
-156.357315 468.722656 3533.390625
8.770318 463.941895 3532.536133
25.752064 194.865540 3535.203613
9.514532 -67.647034 3438.720703
-321.484955 473.503418 3534.245117
-365.434845 222.044922 3513.585938
-352.355042 -61.733307 3445.251953
-162.610550 254.358154 3524.312012
-69.782188 37.125046 3514.720703
-98.560707 -379.665283 3614.077881
-102.008842 -680.980713 3585.612305
-267.945374 42.862244 3515.746094
-284.510406 -374.993622 3613.784668
-251.035004 -684.668396 3578.810059
-154.301743 678.744629 3554.333496
-158.270218 470.803467 3535.544434
6.855877 465.722778 3535.900879
25.307732 199.182953 3538.781006
14.895082 -67.339111 3452.768311
-323.396332 475.884155 3535.187988
-365.281036 226.214142 3508.875000
-351.175171 -56.823181 3437.607422
-164.835327 256.558960 3523.088867
-72.312752 39.265656 3510.847168
-100.370392 -375.951660 3616.964355
-106.067101 -692.549438 3596.492920
-270.488098 45.363235 3510.419434
-282.561096 -369.903015 3619.084961
-252.069214 -692.420227 3582.200195
-152.897720 680.050476 3558.735352
-157.219833 471.539062 3537.665527
7.820705 465.982513 3541.415771
25.256697 201.142090 3541.121338
17.915743 -66.037720 3455.806885
-322.260406 477.095612 3533.915283
-365.018402 228.559647 3506.437012
-349.098297 -55.210159 3438.515869
-164.111115 257.355316 3523.590820
-71.945915 39.836548 3511.767090
-97.834999 -375.877777 3616.776855
-102.913544 -692.767578 3604.092773
-270.058868 46.506592 3507.265137
-283.037567 -369.194214 3614.580811
-249.349548 -689.319946 3589.088379
-152.809448 678.603943 3561.949707
-156.358215 471.574554 3539.321777
8.646559 465.873657 3544.685059
25.233057 202.275482 3541.678955
21.783243 -66.365784 3460.423340
-321.362976 477.275452 3533.958496
-364.741608 230.629852 3502.182617
-347.369781 -52.804779 3433.128174
-163.256531 257.452698 3523.951660
-71.144814 39.910049 3511.799805
-100.621010 -375.244568 3618.175293
-100.838448 -698.088379 3605.625488
-269.164886 46.751617 3505.363281
-281.701660 -369.854736 3609.339355
-247.031174 -694.491394 3590.709961
-153.068451 677.794067 3563.058838
-156.386139 470.876404 3540.073486
8.656532 465.143738 3544.551270
25.736315 203.825500 3538.485352
23.848831 -67.182281 3465.525391
-321.428833 476.609131 3535.595703
-365.130554 231.326965 3504.173584
-343.081543 -50.736938 3431.165771
-163.397247 256.764893 3524.373047
-71.374916 39.213486 3511.359619
-100.450562 -375.362976 3620.165283
-102.073235 -697.773193 3606.352295
-269.441772 46.093246 3505.985596
-278.338654 -371.422180 3606.665527
-249.228455 -700.027039 3592.901367
-153.285202 678.036804 3563.098877
-155.941788 470.937714 3540.224365
9.096457 465.662903 3545.562012
25.321369 201.748535 3543.688477
24.229240 -67.988434 3465.853516
-320.980011 476.212555 3534.886719
-364.844543 231.139374 3500.870117
-340.808655 -51.576141 3431.004883
-162.277466 256.798706 3524.502930
-69.578331 39.494415 3511.984619
-98.956726 -374.247650 3623.868652
-98.132957 -696.256531 3603.476074
-267.647980 45.824982 3505.578369
-281.036896 -369.491364 3614.238037
-244.684128 -705.449341 3595.242920
-151.336487 669.840942 3546.635010
-157.177551 461.973267 3532.944824
7.817932 454.662415 3536.114746
25.575165 202.894699 3542.228027
24.141232 -66.666031 3463.486328
-322.173035 469.284058 3529.774902
-364.747894 229.254578 3505.693848
-339.737122 -52.385712 3431.922119
-166.501846 247.675323 3524.040283
-76.800888 28.989670 3517.038330
-109.495193 -383.030884 3634.111816
-107.655426 -709.260620 3603.001221
-274.851379 37.765121 3513.233154
-291.400574 -376.737183 3624.711426
-252.409943 -708.663635 3597.953125
-154.646164 677.208740 3554.903076
-159.616745 468.477844 3537.361572
5.364511 461.474060 3542.055176
29.367622 194.723755 3541.656982
23.081656 -73.601440 3459.117432
-324.598022 475.481628 3532.667969
-364.095642 222.790421 3505.015869
-338.354614 -57.737198 3427.348389
-168.355713 254.293579 3524.933350
-78.095772 35.906616 3515.321533
-103.491737 -379.156067 3622.466553
-98.541458 -679.939941 3596.725586
-276.093567 44.312012 3509.688721
-280.901367 -372.068024 3614.424316
-249.906693 -688.770935 3583.615479
