-155.360626 681.537964 3546.202637
-163.687607 471.667480 3538.465332
1.239738 462.782898 3537.477539
27.428711 196.309174 3527.864746
-6.970322 -66.005280 3434.535156
-328.614929 480.552124 3539.453125
-368.737579 225.319977 3524.179443
-352.534332 -59.006104 3459.530273
-175.266815 257.408203 3532.265625
-87.874611 37.817337 3525.473145
-102.060059 -381.278931 3618.036133
-106.650589 -692.527466 3594.540527
-285.817444 48.480484 3526.658691
-284.672272 -370.785400 3620.150391
-248.252029 -691.614746 3569.260498
-154.845673 678.332397 3539.611084
-162.543991 468.612122 3536.597412
2.418391 460.024353 3537.177490
26.654716 197.332764 3533.748535
1.685436 -66.808502 3442.545898
-327.506409 477.199890 3536.017334
-368.418518 222.890320 3521.997070
-352.410309 -61.382111 3456.522949
-173.693665 254.207138 3533.184326
-85.860931 34.649231 3530.119141
-99.040642 -384.287567 3624.012695
-104.738121 -699.331665 3609.970947
-283.825714 44.955063 3529.423340
-282.144867 -374.041565 3624.264893
-248.029755 -690.146790 3589.159668
-155.029388 667.332642 3536.966309
-161.414276 458.644470 3533.724609
3.345513 451.812378 3540.953125
26.194420 194.040192 3535.240723
4.860603 -71.541779 3446.917236
-326.174072 465.476562 3526.496094
-368.092957 219.841385 3516.138916
-355.428802 -64.664413 3450.757080
-170.248535 244.082489 3532.289795
-80.135445 25.417435 3535.196045
-94.604790 -394.030823 3626.796631
-98.145309 -704.818359 3603.264404
-278.030121 33.623550 3526.513916
-277.100403 -385.162109 3622.373535
-243.188416 -703.638550 3583.797363
-152.776230 665.236572 3550.066650
-160.231949 456.385559 3537.499756
4.590030 448.725220 3544.220947
25.087658 192.509918 3537.644775
5.973972 -71.774323 3441.409424
-325.053925 464.045929 3530.778564
-368.317780 208.742996 3525.014648
-355.564850 -70.870163 3442.852295
-169.870682 242.063171 3529.599121
-80.646980 23.145981 3525.729980
-101.842453 -395.950623 3617.528320
-99.824684 -688.585693 3589.095947
-278.371857 32.335556 3517.666992
-284.067017 -386.713318 3612.007324
-245.371017 -689.922180 3582.450684
-154.711655 668.854736 3556.618652
-162.241425 459.617859 3539.500977
2.673783 451.832672 3544.210449
24.570782 188.584839 3531.687012
12.226328 -75.737244 3432.636230
-327.156616 467.403076 3534.791504
-367.929199 207.202545 3521.945068
-356.122131 -73.318909 3441.795654
-172.028046 245.420044 3528.118408
-82.867729 26.551193 3519.561523
-103.637589 -387.947632 3629.016602
-101.454109 -683.752319 3596.603027
-280.761597 35.893234 3513.910156
-286.208344 -381.158508 3616.517090
-249.311218 -691.256470 3585.375977
-155.311523 672.763428 3561.410889
-162.682953 464.684509 3541.229492
2.261413 456.598145 3545.233643
24.744480 190.584900 3527.562256
15.057030 -75.970520 3433.323486
-327.627319 472.770874 3537.225342
-367.611389 209.667572 3520.051758
-357.670654 -72.185120 3444.033447
-172.850830 250.590973 3527.719238
-84.051697 31.645599 3516.611572
-103.339226 -382.597198 3628.102051
-98.275360 -681.493835 3598.916016
-281.985718 41.349274 3511.806396
-285.211029 -371.768402 3628.604248
-248.169510 -688.940063 3584.451172
-155.025375 672.432129 3545.283936
-162.412201 462.933655 3535.388672
2.558618 455.196503 3539.558838
23.367912 192.291138 3527.775879
12.409105 -72.031433 3431.635254
-327.383026 470.670807 3531.218506
-367.691864 214.726013 3518.797607
-355.343658 -69.003845 3450.635498
-172.303772 248.584686 3529.004150
-83.205765 29.593094 3525.122070
-101.017105 -383.582886 3641.053223
-96.708130 -696.848145 3609.902832
-281.184906 38.878342 3520.117188
-279.507843 -377.218323 3625.746094
-248.167114 -694.161499 3596.059570
-154.017197 671.110657 3538.696777
-161.174149 460.970337 3532.585938
3.783298 453.318726 3537.572510
23.175331 193.640991 3527.370605
11.247552 -68.909302 3430.439209
-326.131561 468.622009 3527.599365
-366.012909 214.757751 3514.019043
-353.863190 -68.545258 3443.660400
-171.020660 246.498108 3529.216797
-81.880524 27.434311 3528.839844
-102.901802 -388.855103 3631.817627
-95.449356 -692.558533 3605.428955
-279.853851 36.617416 3522.855469
-280.173187 -381.889526 3618.721191
-249.148056 -696.105713 3590.620361
-155.468445 676.263245 3550.932129
-162.292648 466.501678 3538.724121
2.727018 459.349487 3540.644775
23.036894 194.286469 3527.176270
10.696690 -67.117859 3429.802246
-327.312317 473.653870 3536.803467
-366.751495 212.974304 3514.847412
-355.497925 -72.383484 3453.626221
-171.483322 252.158875 3530.198242
-81.632225 33.523453 3522.825195
-102.275185 -385.021912 3616.461914
-97.130943 -686.613892 3596.369629
-279.715759 42.108704 3520.519531
-281.139160 -376.107208 3618.258545
-250.094208 -685.928345 3583.125244
-152.601181 673.235046 3556.551758
-160.694534 464.340515 3539.698242
4.275746 456.142456 3542.467285
23.534756 194.637817 3527.620361
10.510322 -66.122498 3429.512695
-325.664795 472.538574 3536.929199
-367.439056 216.945709 3515.671143
-356.446289 -68.224426 3453.061768
-171.149078 250.149536 3528.410645
-82.612839 31.039307 3518.784668
-107.986313 -383.132294 3628.352051
-99.106102 -695.859253 3602.140381
-280.594421 40.877838 3515.461426
-279.944397 -374.877747 3623.003418
-250.960892 -696.920166 3577.175781
-151.225204 673.653809 3543.366943
-156.792740 463.210938 3535.352295
8.213876 456.904175 3539.855225
21.730606 193.798859 3522.842041
10.349737 -65.602112 3429.343506
-321.799377 469.517700 3530.849365
-368.267059 215.957550 3520.534912
-353.435699 -66.623718 3448.359375
-164.849945 248.744171 3530.224854
-73.882622 30.492569 3527.799805
-95.523003 -383.651428 3639.101807
-89.864426 -696.733276 3614.595215
-271.931641 38.062241 3522.395020
-269.315430 -377.650146 3630.453125
-241.380951 -692.656677 3591.524170
-152.252808 673.732056 3537.759766
-155.538895 463.272949 3533.988525
9.442980 458.634583 3540.652588
22.337086 194.391846 3524.942871
11.261090 -65.040344 3425.824463
-320.520782 467.911346 3527.324463
-366.715302 216.943909 3521.538574
-352.270508 -65.150208 3446.960938
-161.484360 248.647949 3531.795898
-68.421150 31.239349 3533.602539
-97.779411 -383.789307 3639.829590
-92.293694 -692.360229 3614.109131
-266.438507 36.806519 3525.604004
-275.005219 -382.166046 3618.103027
-244.001266 -692.664307 3593.984375
-151.586105 668.939941 3533.992432
-157.382309 458.484741 3531.146729
7.627264 452.773987 3536.373779
22.691624 195.184509 3525.941650
10.749223 -65.092834 3427.412598
-322.391876 464.195496 3525.919678
-367.165192 212.994492 3519.256592
-351.589417 -69.846634 3447.599854
-164.775589 243.853607 3530.049561
-73.153473 25.795685 3532.088867
-107.668129 -392.097229 3623.866943
-102.082504 -698.001709 3605.148682
-271.184265 32.649261 3525.815918
-283.456482 -385.878235 3620.907227
-255.466949 -700.856934 3588.085205
-152.371658 675.676086 3548.563965
-158.289642 466.235016 3536.982178
6.665871 459.515808 3542.958008
22.862347 194.600281 3526.496826
9.567323 -65.590149 3430.438721
-323.245148 472.954224 3531.006348
-365.842224 211.642395 3521.849609
-351.312195 -68.956818 3441.971680
-166.739410 251.859924 3529.186279
-76.206108 33.452911 3524.976318
-104.574104 -385.027069 3616.906982
-101.758720 -686.126465 3602.713623
-274.172241 41.516754 3517.804443
-282.326447 -376.711060 3615.124268
-256.363892 -684.475159 3579.946533
-153.623062 671.925598 3539.350586
-159.882965 462.068481 3532.314941
5.119100 455.293152 3536.870850
23.949993 196.312378 3526.226807
3.589230 -64.788452 3432.717529
-324.885010 468.843811 3527.759033
-367.490173 217.467804 3524.958252
-346.350586 -62.628998 3444.760986
-168.589691 247.565079 3528.649902
-78.281906 28.995941 3527.718750
-102.624466 -386.788208 3631.854736
-104.449333 -702.841309 3610.156494
-276.310944 37.127441 3522.250977
-287.733276 -379.433899 3626.220947
-254.340729 -699.065002 3592.406494
-153.727478 672.151428 3552.245361
-160.264984 463.743073 3536.434814
4.762947 456.932892 3537.301758
24.313637 192.577026 3519.020508
3.379360 -68.897766 3422.547363
-325.292908 470.553253 3535.567871
-367.818237 212.280334 3522.879395
-348.645538 -68.870605 3445.732910
-169.062653 249.410980 3527.470703
-78.808243 30.991318 3519.026855
-104.192726 -386.065918 3618.242432
-101.730675 -698.187744 3593.026367
-276.912415 39.166458 3517.986328
-282.423492 -379.522339 3613.283447
-253.721893 -695.305664 3587.734131
-155.470612 670.558472 3539.697754
-161.564880 460.893188 3532.695801
3.496244 454.360504 3533.875732
24.489723 194.135406 3517.762939
1.911505 -68.377625 3422.438477
-326.626038 467.425873 3531.515869
-367.159058 217.050461 3525.383301
-353.526001 -64.009750 3446.758301
-170.032791 246.405869 3529.771729
-79.462975 27.998901 3527.555664
-102.916168 -388.130157 3631.328125
-100.178551 -695.113525 3610.874512
-277.538422 35.838196 3526.139648
-282.032288 -378.768433 3637.128174
-251.647125 -704.474060 3595.146973
-154.260376 671.493103 3552.424316
-160.401093 462.960022 3537.068604
4.677006 456.658051 3536.626465
24.818083 191.505188 3517.677979
6.623352 -67.670624 3412.416260
-325.479187 469.261993 3537.510742
-367.150513 210.915283 3518.794189
-355.210205 -71.690765 3445.648926
-168.606781 248.649689 3528.003174
-77.752869 30.557678 3518.672363
-100.631584 -386.645172 3618.353516
-98.570206 -692.502808 3590.804932
-275.872070 38.121033 3519.203125
-277.509155 -380.946014 3610.798828
-250.813293 -685.788696 3587.570312
-155.524155 674.862671 3540.317383
-160.571991 465.426544 3533.001953
4.507352 460.226501 3535.485596
24.862343 191.222870 3513.862061
3.810316 -69.625610 3419.682861
-325.651367 470.626587 3530.518311
-367.681885 212.057892 3516.859375
-354.271942 -71.505676 3447.681641
-167.266464 250.893738 3528.793457
-74.886536 33.240067 3526.075439
-98.794334 -383.241638 3628.621582
-96.739502 -684.862427 3613.733398
-273.035339 39.481796 3523.094482
-274.676239 -377.189148 3625.821777
-247.376251 -702.661621 3590.639160
-152.303589 663.559082 3535.241943
-160.954453 455.030762 3530.254395
3.998020 446.858643 3532.687988
25.014254 195.815475 3518.015381
4.681883 -64.662277 3418.784668
-325.906891 463.202881 3527.820801
-366.915436 216.257721 3523.759277
-352.871216 -65.614471 3448.215332
-171.542725 240.598785 3527.872070
-83.139816 21.262543 3526.950195
-107.830902 -396.313416 3624.743896
-111.499229 -706.269165 3604.047607
-281.122192 31.071045 3524.029297
-283.233765 -386.526672 3623.923584
-258.659973 -705.403931 3592.793457
-152.685822 666.234497 3534.214844
-161.809708 456.981842 3530.077148
3.130828 448.388550 3529.365234
27.012157 187.906982 3524.496338
2.345970 -69.449615 3423.639893
-326.750275 465.575134 3530.789062
-365.974487 211.593048 3526.014404
-351.453705 -68.843719 3445.349365
-172.991882 242.521729 3527.996094
-85.190208 22.904617 3525.487793
-102.147881 -394.590088 3625.057617
-103.692513 -687.010986 3597.124023
-283.157898 33.218613 3526.342285
-278.477020 -383.962830 3628.167480
-248.837067 -695.340210 3585.757812
-152.306610 668.952148 3532.660889
-162.422043 459.023560 3530.214355
2.493899 449.545654 3530.385742
25.938873 187.636536 3516.379883
4.565063 -73.683472 3420.639404
-327.337982 468.501434 3530.042969
-365.281586 214.788483 3524.290527
-354.774689 -67.463074 3449.715576
-174.743942 244.595703 3528.808594
-88.114311 24.481018 3527.505615
-103.187828 -392.472046 3629.773193
-103.512886 -745.064575 3607.305420
-286.017365 35.854706 3527.300049
-283.181274 -381.287231 3629.726807
-251.267395 -695.106812 3584.685547
-153.472244 670.696899 3548.909424
-163.103806 461.502625 3535.255127
1.833157 452.208557 3534.421875
25.448605 187.650177 3519.730469
-0.834782 -74.925018 3426.210449
-328.040771 470.796692 3536.088379
-365.930908 214.317871 3519.136963
-353.118469 -68.427032 3446.588379
-175.215683 247.360413 3526.314941
-88.357529 27.641342 3516.874756
-100.334259 -389.077820 3620.571289
-101.084763 -728.172791 3590.549072
-286.297577 38.795090 3517.874756
-283.460510 -380.448914 3611.069092
-249.998001 -695.914001 3576.446533
-152.930283 667.503235 3538.543213
-162.679550 457.605286 3531.704834
2.226873 448.315826 3533.900146
25.185865 190.299072 3520.864746
-0.016905 -74.151794 3426.902100
-327.585938 466.894745 3529.509521
-365.133148 218.611145 3515.087646
-351.062622 -66.376221 3452.880615
-174.685883 243.290894 3526.722656
-87.722054 23.401337 3523.058105
-102.688858 -391.410431 3633.595215
-98.763741 -719.917480 3609.760254
-285.662415 34.551666 3520.422852
-281.910950 -380.849152 3628.641602
-249.698853 -705.161011 3587.976807
-153.520386 671.006409 3531.799805
-161.982727 460.099274 3529.934814
2.943400 451.505188 3533.679443
25.071301 189.140747 3522.432861
-0.030083 -74.141968 3427.006592
-326.908875 468.693359 3526.190186
-365.669281 212.243103 3513.128174
-349.764069 -72.123047 3448.112793
-173.124390 245.660919 3528.508301
-85.300911 26.065628 3529.328613
-100.471489 -390.777954 3631.759521
-97.228775 -702.193420 3613.072510
-283.231201 36.379501 3524.834961
-275.097473 -381.229004 3624.188232
-245.712952 -702.615234 3586.129883
-152.021805 673.710083 3548.506104
-160.974197 464.487549 3536.341064
3.953827 455.304138 3538.398438
24.800970 189.472107 3525.464844
8.871696 -73.703278 3428.597412
-325.902222 473.670959 3534.283691
-365.133667 215.474548 3514.550293
-351.139465 -70.078369 3454.382324
-172.776764 250.397919 3526.865723
-85.609512 30.797516 3518.625000
-102.415344 -385.475861 3623.322021
-102.125214 -701.702271 3594.217529
-283.549133 41.819061 3516.155762
-283.479065 -375.857300 3615.872559
-247.857452 -694.277466 3574.184570
-154.858612 678.766479 3555.849609
-162.567444 469.494781 3539.448242
2.433903 461.513031 3541.187988
24.720673 192.617737 3524.547607
13.819620 -68.616241 3422.150879
-327.568787 477.476562 3537.708496
-366.401398 218.585907 3516.435547
-350.073639 -66.643982 3455.103027
-172.798401 255.375473 3527.424316
-84.017471 36.466583 3516.444336
-100.521896 -377.096497 3631.097900
-98.277153 -689.068787 3599.272949
-282.041260 46.045761 3514.356445
-282.710846 -370.004517 3620.873535
-246.221176 -688.613770 3590.115479
-153.184952 669.933472 3543.500732
-160.347260 460.082153 3533.853027
4.623594 452.636292 3538.056885
24.718580 198.142181 3525.656982
16.133541 -64.469849 3426.539307
-325.318115 467.527985 3529.649170
-367.366821 221.685760 3513.933594
-350.401306 -61.883148 3445.704102
-169.881393 245.704529 3528.295410
-80.410973 26.858414 3525.260498
-94.948410 -388.161377 3634.979248
-96.813492 -701.969849 3608.015137
-278.420074 35.795425 3520.215088
-277.097595 -381.476013 3622.061523
-239.722900 -702.175415 3597.800293
-153.862122 663.730713 3536.319580
-161.052979 454.603027 3530.589600
3.845726 447.122101 3536.970215
25.012154 189.726074 3523.571289
16.936209 -72.971008 3424.506348
-325.951660 462.083923 3524.208984
-367.356628 213.011856 3516.793945
-349.912354 -66.354355 3434.228760
-170.677368 240.114532 3527.845215
-81.346756 21.136795 3528.929932
-99.824768 -396.056274 3629.119873
-102.589806 -701.426392 3602.280518
-279.256775 30.115311 3521.271729
-277.910156 -387.992493 3619.823975
-244.967545 -700.622742 3589.523926
-152.193329 664.624695 3532.240967
-160.169830 454.908569 3529.588379
4.778597 446.939941 3533.446777
24.677259 185.066193 3524.855469
17.942188 -73.916199 3416.747559
-325.118256 462.877197 3525.729980
-367.350098 207.013000 3518.067383
-352.174286 -71.903564 3432.865479
-170.511475 240.398315 3528.679443
-81.865273 21.105972 3530.085938
-100.748581 -396.112793 3630.492920
-100.331581 -693.892029 3601.483887
-279.840973 30.670151 3525.455078
-277.594879 -387.116272 3625.483398
-245.627899 -690.408447 3583.925293
-154.357910 675.504517 3530.660645
-161.440643 464.450043 3529.672607
3.475018 457.276672 3535.804688
18.828365 189.039886 3532.454834
8.960829 -56.794830 3411.400879
-326.356323 471.623413 3523.540527
-366.166260 211.403290 3519.802734
-350.806458 -65.205475 3427.343506
-170.741852 249.865891 3528.795898
-81.078079 30.977020 3531.598877
-102.921898 -386.105377 3632.128906
-99.133682 -684.553589 3607.171875
-279.008026 39.586456 3524.239502
-277.007477 -375.597412 3634.178223
-245.710175 -675.068542 3582.170654
-153.257782 670.768616 3529.341553
-159.012421 459.632935 3529.836426
5.807360 453.579193 3538.802979
31.455971 199.943497 3533.864990
0.954294 -47.247299 3413.078613
-323.832214 465.686676 3520.869873
-366.698395 214.773590 3516.559326
-347.578491 -64.549316 3433.731689
-166.877777 244.979736 3529.492676
-75.829338 26.693481 3534.530029
-96.598366 -390.954865 3633.010986
-94.704262 -700.991272 3605.265625
-273.656921 33.959595 3523.767822
-272.437897 -383.644806 3623.928711
-243.409027 -686.623230 3589.702881
-153.958817 676.657959 3529.297607
-154.622253 464.640137 3530.654541
9.379819 463.303772 3547.949951
43.064228 203.623138 3542.200439
-13.607185 -32.844513 3409.191895
-318.624329 465.976501 3513.359131
-367.010559 209.467529 3518.347412
-341.672333 -68.739838 3433.200684
-156.312683 249.928482 3530.093750
-59.432903 34.413620 3539.927979
-84.791885 -384.291504 3632.449463
-83.062042 -683.131958 3611.066162
-256.573303 36.020035 3519.137939
-262.092224 -380.586060 3623.325439
-232.789688 -690.939087 3584.438232
-153.311462 679.783752 3529.135742
-151.948792 467.311218 3529.912354
11.830769 468.114868 3550.156738
59.471210 219.482407 3554.835205
-16.052105 5.887466 3396.634033
-315.728333 466.507568 3509.667969
-366.155304 213.785553 3520.776367
-339.103485 -65.875214 3440.875488
-150.768494 252.567871 3528.888672
-51.371311 38.306473 3540.005371
-92.462379 -379.420837 3630.087646
-91.516037 -692.023621 3597.268311
-247.805084 37.342575 3515.724609
-271.967377 -377.913452 3621.297119
-240.816956 -684.684326 3585.950928
-153.477661 682.658325 3545.835449
-149.557510 471.562439 3536.154541
14.321185 472.988159 3556.333008
60.186050 232.180557 3555.162109
-42.982742 44.329849 3381.822266
-313.436188 470.136780 3515.976074
-365.067352 216.223633 3518.538330
-342.973969 -65.390289 3444.229736
-146.618958 257.122498 3527.440674
-45.394207 43.537582 3530.828857
-97.794037 -372.572876 3622.577881
-93.948959 -686.218872 3590.378418
-241.966599 41.827499 3506.624756
-263.422089 -371.255188 3621.443604
-244.303909 -684.524658 3577.068848
-153.894745 676.424622 3537.851562
-149.494385 466.341797 3531.813232
14.299589 467.961487 3553.010254
53.395287 236.074387 3542.184814
-63.865364 101.594925 3338.166016
-313.288361 464.722107 3510.616211
-365.407379 220.565491 3518.374756
-349.982269 -62.356110 3447.445312
-146.541840 251.741882 3525.396484
-45.324623 38.113678 3531.696533
-102.672493 -376.367401 3628.223877
-98.911942 -693.146606 3604.127197
-241.853973 36.170258 3506.262939
-275.281677 -374.336334 3627.158203
-249.431702 -694.158325 3586.223877
-154.627182 679.159424 3533.876221
-150.250000 468.103729 3529.922852
13.511856 469.876801 3551.547852
69.061859 241.581360 3544.175537
-99.994553 167.451843 3355.636475
-314.011871 466.330658 3508.297852
-366.745270 213.235153 3520.305908
-350.757324 -69.821548 3449.647217
-147.297028 253.415436 3525.163574
-46.086693 39.790985 3533.379395
-102.692657 -375.045959 3629.298828
-99.245956 -683.686279 3605.847656
-242.601410 37.663300 3507.429199
-278.165375 -373.017120 3627.809326
-247.012558 -689.256104 3585.978271
-151.169800 675.054565 3531.150635
-148.717178 463.920715 3527.934814
15.536849 464.740540 3545.001709
34.565014 264.291748 3492.053955
-190.304901 221.484818 3397.843506
-312.971222 463.100891 3510.867920
-366.895050 212.088486 3519.868896
-350.828400 -70.202988 3446.106689
-147.374619 249.167725 3525.330078
-47.432915 34.906860 3532.970459
-102.597519 -382.010376 3620.125244
-102.089027 -693.564697 3606.227051
-244.631195 33.922607 3512.480225
-280.304260 -376.545654 3633.907471
-248.657562 -696.117371 3592.496338
-150.675156 675.254150 3532.199463
-149.872604 465.632782 3526.537842
14.797869 466.203735 3531.769043
-72.556740 272.195251 3470.929688
-322.155701 259.928528 3452.657227
-314.543060 465.061829 3521.306641
-365.705597 204.919495 3515.920654
-354.404266 -78.369965 3445.261230
-149.023865 250.865295 3523.261719
-49.126076 36.441223 3523.132080
-103.064835 -379.555878 3615.501465
-102.057892 -694.291138 3595.957275
-247.224167 35.754395 3516.839111
-282.608337 -379.044037 3621.398682
-251.979446 -686.869751 3593.567627
-151.551224 677.599426 3531.192139
-150.873444 468.205170 3524.286133
13.938299 467.757202 3522.274170
-137.687927 282.781799 3459.046143
-399.640808 269.129364 3479.255615
-315.685181 468.653137 3526.298096
-365.866730 205.503143 3516.000244
-353.186401 -78.898560 3450.215576
-151.494888 253.426987 3521.196289
-53.256012 38.380096 3516.899658
-103.141068 -376.285583 3617.038818
-106.573616 -691.982666 3595.651611
-250.976669 38.917511 3519.313232
-285.556000 -375.531006 3626.300781
-252.137817 -687.676758 3590.054688
-150.369614 676.810425 3530.189209
-151.383698 468.458313 3523.334473
13.343865 467.518311 3515.472656
-174.386459 299.412231 3452.840820
-434.536194 251.305817 3499.537598
-316.111298 469.398254 3531.196289
-360.875946 207.263824 3513.472412
-352.296051 -76.244843 3443.383545
-152.728958 253.669144 3520.827393
-55.278152 38.316238 3513.605225
-100.713638 -375.219849 3620.312256
-105.408142 -697.521484 3599.114014
-252.870285 39.443741 3523.035400
-283.307800 -377.686401 3620.281250
-250.434250 -691.894775 3591.981934
-149.625916 678.729370 3528.683838
-152.096664 469.455719 3521.667969
12.391377 467.885254 3508.860596
-195.504883 313.030151 3449.636719
-448.202576 239.093018 3519.932129
-316.584686 471.026184 3534.475342
-357.619049 209.246216 3508.299072
-351.792938 -77.112183 3452.188232
-154.319458 254.667236 3519.457520
-57.879353 38.936752 3509.564941
-102.077332 -374.565125 3617.207031
-104.340790 -693.102844 3596.653564
-255.205154 40.820755 3524.929199
-283.270966 -377.530334 3617.963379
-248.081604 -697.837402 3594.510986
-150.030273 679.673584 3528.417725
-153.326447 470.481842 3521.757568
11.072317 468.492950 3506.777344
-210.107361 323.906067 3448.018555
-457.124023 224.583450 3518.943115
-317.725189 472.470703 3536.737793
-357.357971 207.520081 3498.704102
-351.912872 -79.779297 3446.576416
-156.081238 255.692551 3520.041992
-60.240299 39.710449 3509.342285
-102.667557 -371.501007 3625.854492
-102.754951 -693.585693 3601.110352
-257.431763 42.096054 3527.310547
-279.225861 -376.716858 3620.082520
-246.088455 -700.832642 3590.678711
-148.991974 679.052124 3528.823975
-153.459961 470.346436 3521.885498
10.943081 467.676453 3506.386230
-216.737274 335.341919 3447.515137
-460.551575 222.546158 3518.604492
-317.863007 473.016479 3537.384766
-356.431122 210.529663 3506.274414
-346.433807 -74.537476 3444.090088
-157.170990 255.578186 3519.519043
-62.261761 39.208267 3507.855225
-101.159531 -372.479065 3624.121826
-104.764694 -697.181763 3599.672119
-259.502258 42.411575 3526.449951
-281.529388 -374.558472 3627.067627
-247.472290 -702.737183 3584.298584
-150.577377 676.503357 3531.992920
-153.932556 468.885773 3523.351807
10.285715 466.716248 3505.756592
-217.337555 348.548035 3456.344971
-459.499756 220.372711 3502.636230
-318.150848 471.055267 3540.947021
-354.687836 212.171936 3501.055908
-347.808319 -72.696320 3436.891602
-157.133148 254.123444 3519.960449
-61.798676 38.059357 3506.011475
-99.588234 -373.873566 3621.923828
-99.965111 -688.507446 3601.688232
-258.868805 40.662872 3527.126709
-280.800934 -377.609406 3622.353760
-245.105011 -695.752686 3588.236328
-153.365601 688.090149 3547.074463
-156.365707 481.121155 3530.756104
7.055633 479.715942 3507.380615
-219.118912 352.608459 3454.981445
-465.750458 225.546295 3478.346680
-319.787048 482.526367 3554.131592
-358.061951 215.805328 3502.450684
-346.250916 -67.777283 3433.442139
-159.655136 266.673950 3520.650391
-64.827911 51.383072 3496.510254
-103.342308 -360.805542 3611.343994
-103.726532 -677.355103 3594.245117
-261.061218 53.070450 3524.579102
-279.766388 -364.932739 3621.813232
-247.055923 -688.593750 3577.738525
-152.601105 683.234192 3554.595459
-156.530624 476.967163 3532.257812
7.295501 474.489075 3511.722656
-191.077911 309.938049 3399.981934
-434.472290 170.502426 3384.752930
-320.356781 479.445251 3552.792969
-359.978058 226.046524 3505.357910
-338.977448 -58.314346 3442.524414
-161.670746 262.868591 3517.086914
-68.521408 47.283264 3489.595703
-102.583694 -359.659180 3621.768311
-105.371658 -693.494019 3590.431641
-265.100311 50.256775 3514.236328
-293.406494 -367.692291 3608.997559
-247.903717 -700.260315 3570.308838
-153.096924 683.892944 3557.944580
-160.792953 478.012054 3534.122803
1.345774 474.008850 3504.346680
-149.426865 278.343292 3370.564453
-380.027466 124.836502 3323.937500
-322.931702 482.015259 3563.898926
-361.333496 225.162292 3509.059082
-340.556915 -57.852112 3440.003174
-168.869553 263.965393 3518.920654
-79.513283 47.513123 3485.825439
-109.771576 -359.013702 3620.766846
-114.423347 -681.945679 3594.927490
-274.379028 52.324341 3521.611572
-294.151978 -362.931244 3628.692627
-257.214508 -684.675293 3594.692139
-151.781372 679.002258 3543.077881
-162.230118 472.232971 3527.212646
-1.132510 465.588684 3492.367920
-110.394150 244.045410 3358.593506
-323.732300 75.384445 3288.198975
-323.327728 478.877258 3562.057373
-361.792877 225.740387 3509.473877
-335.529083 -56.811249 3440.147217
-172.899979 258.007355 3518.731689
-86.930252 39.795929 3489.347900
-105.859413 -364.911469 3631.340088
-110.490021 -692.808472 3600.263184
-280.209412 47.767502 3531.153564
-290.489594 -370.193237 3628.368896
-252.945053 -697.911865 3593.645020
-149.694244 683.097595 3553.139893
-162.609940 475.783722 3531.505859
-2.749772 468.578003 3491.303711
-79.865547 227.741882 3368.967041
-273.724030 44.055984 3281.826416
-322.470123 482.989471 3571.708008
-361.898102 223.885864 3508.103760
-329.156891 -57.393402 3436.413574
-175.323639 261.812714 3519.302490
-92.128670 43.518585 3482.979736
-103.657875 -362.725067 3621.593994
-109.443573 -685.770508 3591.466553
-283.945984 52.164825 3531.218506
-283.977173 -368.259125 3617.416748
-252.793121 -691.821289 3584.086670
-148.640686 694.952820 3558.153809
-164.154755 487.212036 3536.453857
-5.135918 479.317505 3492.881104
-58.851040 224.934708 3386.489014
-232.639359 27.112320 3288.616699
-323.173615 495.106567 3580.026611
-363.902679 231.364014 3516.106201
-318.975739 -46.522736 3438.978271
-178.269241 273.304565 3523.698730
-97.000496 54.661758 3484.807617
-102.826767 -350.235046 3627.833008
-109.942070 -680.634155 3601.211182
-287.766937 64.132401 3537.079590
-284.753052 -356.506226 3623.294678
-253.283096 -682.110107 3589.830078
-146.175751 695.520813 3560.131348
-163.241791 488.791016 3539.333740
-3.269933 479.764832 3499.535156
-40.514351 216.198975 3409.751709
-194.733246 5.545181 3306.037842
-323.213654 497.817200 3579.132324
-363.119110 235.220001 3523.988281
-315.025909 -39.953796 3439.154785
-178.466858 274.925354 3526.639893
-97.708847 55.643982 3490.066895
-99.736603 -349.005066 3634.117188
-103.776680 -695.908813 3606.438232
-289.674988 66.475403 3537.825195
-282.016907 -356.158386 3613.061768
-253.604584 -687.190430 3586.709961
-144.364685 694.789429 3544.109131
-163.434204 486.231567 3536.214600
-2.514839 473.208557 3502.112549
-35.065552 344.218384 3429.088623
-205.520706 225.048874 3333.234863
-324.353546 499.254639 3570.316650
-362.984528 237.596954 3520.633301
-314.864990 -37.338806 3434.486816
-181.706650 272.433868 3531.636963
-103.361427 50.817001 3506.584229
-108.094078 -356.141968 3643.866211
-108.681534 -700.273315 3620.624512
-296.596802 66.455307 3547.534424
-285.042419 -357.712708 3613.122314
-259.780579 -694.286011 3596.200684
-139.958771 697.233276 3536.114258
-162.805328 488.047180 3534.542236
-2.007729 471.603790 3501.016602
-32.453300 351.767273 3397.880371
-215.657043 290.266998 3279.900391
-323.602936 504.490570 3568.067871
-364.936707 242.751404 3513.749512
-318.036530 -35.228455 3437.643066
-184.913086 274.528442 3533.232666
-110.567345 51.146240 3511.812988
-110.093704 -361.902100 3627.574951
-110.031166 -697.471069 3609.794922
-303.474335 70.873169 3552.033203
-273.336121 -353.985291 3601.594238
-255.708893 -696.164612 3592.355469
-138.897278 696.518982 3533.289551
-161.612579 487.137329 3534.508301
-0.765078 469.367065 3501.583496
-34.611084 356.217804 3351.160400
-210.771347 340.654205 3207.399414
-322.460083 504.907532 3567.433105
-366.990906 248.083038 3519.632080
-314.802338 -28.689819 3442.253906
-185.145721 273.699341 3534.738770
-112.193459 49.601791 3515.219238
-102.352501 -364.019409 3629.369141
-105.112701 -705.445679 3605.709961
-305.164276 70.920944 3554.719238
-268.243134 -354.322937 3598.993652
-244.040955 -705.242310 3588.127930
-134.786011 702.696716 3530.746582
-160.058914 492.420471 3536.137451
0.204874 472.885986 3501.331299
-40.603493 378.359253 3298.769287
-202.419525 388.233063 3123.405518
-320.322723 511.954956 3570.943604
-367.711426 249.023773 3518.504883
-308.976532 -27.881927 3446.597168
-185.527451 279.194275 3538.538818
-114.833015 54.246811 3520.055420
-102.309784 -359.232117 3635.250488
-105.922829 -697.814575 3599.523926
-307.158966 77.689316 3561.824951
-267.599487 -348.260864 3597.870117
-247.171890 -693.861816 3590.346924
-134.171265 699.103394 3529.881836
-160.987549 489.884399 3534.983154
-1.782839 469.234253 3496.287109
-50.392876 406.544678 3258.375000
-190.464752 427.604095 3055.864014
-320.192261 510.534546 3573.679199
-369.046173 260.650391 3519.811279
-314.100616 -16.904297 3447.074951
-187.952820 276.820374 3537.743164
-119.367134 51.362610 3517.278564
-101.902023 -363.015472 3628.803955
-107.192802 -696.112366 3595.555908
-310.469055 76.150085 3563.727783
-268.358429 -350.193817 3592.825439
-251.427521 -693.348816 3584.036377
-137.253830 696.592285 3546.664795
-163.979218 488.472229 3540.843018
-5.148096 469.062378 3499.939697
-59.358604 439.306519 3244.842529
-178.057281 464.002228 3015.430664
-322.810333 507.882080 3581.746338
-369.012787 258.327484 3518.017090
-320.441803 -19.090302 3440.536865
-190.926788 275.493225 3537.268066
-122.573502 50.868057 3509.150391
-101.295853 -363.882385 3618.843018
-106.528076 -697.111206 3594.010498
-313.175232 74.160416 3558.235840
-264.103424 -351.630615 3585.263916
-249.289551 -701.888855 3579.068604
-138.938858 696.534424 3556.395264
-165.487381 489.170013 3544.209961
-7.155672 470.868683 3500.895264
-71.081627 525.947144 3241.548584
-104.632698 550.258179 2984.662598
-323.819122 507.471344 3587.524658
-371.973969 254.647003 3520.732666
-317.532898 -21.987640 3444.261719
-192.179504 276.246460 3536.604492
-123.862862 52.340973 3503.007568
-101.831863 -360.904083 3618.148193
-104.431915 -693.355286 3599.908691
-313.880371 74.304840 3554.990479
-261.681824 -350.313019 3592.083496
-248.928848 -693.794556 3582.531250
-144.572937 699.774414 3560.270020
-167.902786 491.201447 3546.556152
-9.728771 475.135620 3501.783447
-72.065735 527.488892 3235.258301
-104.194778 543.084290 2975.815186
-326.076782 507.267273 3591.328857
-376.808655 257.774902 3529.354980
-310.764771 -16.131836 3452.847656
-192.043579 277.990173 3537.777588
-121.268173 55.138214 3502.132080
-100.403664 -357.020782 3621.389893
-98.948479 -694.630798 3606.130127
-311.100586 74.419586 3555.865967
-251.572388 -348.724579 3598.465820
-245.797974 -694.846436 3589.763428
-144.359421 690.377319 3561.763428
-167.967560 483.567932 3545.976807
-9.638887 468.058411 3501.471436
-75.045731 526.268494 3232.197510
-103.966209 539.267029 2972.149170
-326.296234 499.077515 3590.482178
-375.748871 254.996368 3526.356689
-305.496246 -19.435577 3455.392090
-191.688171 270.338104 3535.897949
-120.409882 47.802383 3499.115479
-99.912277 -363.007874 3623.021729
-101.392570 -706.543457 3599.483643
-310.407684 66.414139 3552.522705
-255.254303 -358.059875 3587.078369
-247.571564 -697.996033 3591.112061
-146.817444 683.334473 3562.468506
-167.832794 476.961853 3544.675537
-9.084833 463.629150 3500.981689
-76.042191 524.655151 3230.120605
-103.940536 537.594299 2969.596436
-326.580750 490.294495 3588.369385
-378.844604 251.075455 3527.599854
-305.806091 -23.272293 3458.740479
-188.867523 263.513000 3533.383789
-114.636192 42.063095 3495.870850
-95.758034 -369.342163 3618.131592
-95.342293 -695.325195 3595.957520
-305.168335 58.065231 3548.313232
-253.123657 -365.946228 3592.056885
-243.366394 -709.859192 3586.950439
-150.232773 689.325806 3563.331787
-167.688828 481.584686 3545.726807
-8.468679 470.859619 3503.083496
-76.537598 522.844055 3229.082275
-103.948463 536.753479 2968.320312
-326.908997 492.309753 3588.370117
-375.078918 244.602997 3536.711670
-310.915894 -29.397675 3459.030273
-185.383530 267.899475 3533.401855
-107.525513 47.777832 3495.485352
-94.075302 -363.363159 3619.277832
-92.414848 -686.567017 3605.199219
-298.630951 60.650696 3546.668457
-256.433075 -362.245850 3606.103271
-240.254181 -700.681458 3587.917969
-153.506271 687.792358 3564.757568
-169.828918 480.374756 3546.401855
-9.950800 470.970154 3505.972900
-77.273697 525.931702 3234.573486
-101.366898 536.716370 2969.852295
-329.707001 489.779297 3586.830811
-372.838806 243.019974 3538.831299
-313.840515 -31.439499 3458.313721
-185.704178 266.574341 3533.356445
-105.636681 47.130264 3496.049561
-98.504913 -364.473572 3618.754639
-97.849648 -695.778137 3603.843262
-297.522217 58.417618 3544.572510
-261.839447 -365.436096 3602.904785
-245.774292 -699.875916 3586.667236
-153.716782 687.231628 3564.463867
-170.152206 479.385376 3546.590088
-10.161327 469.423462 3506.666260
-74.065567 525.910278 3230.337158
-99.419289 533.648865 2963.897217
-330.143097 489.347351 3586.513916
-371.549194 238.780624 3545.893799
-317.615540 -33.709518 3455.995850
-186.731400 265.626160 3533.488281
-107.312195 45.889511 3496.431152
-101.822540 -366.306885 3617.324951
-101.535477 -695.798096 3603.013916
-299.308990 57.844345 3544.341797
-271.384827 -366.853943 3601.333496
-248.719940 -702.900146 3585.624023
-153.250214 683.043945 3565.823242
-169.533615 476.479065 3546.343994
-9.182383 466.627228 3507.845703
-72.524467 528.458130 3230.715088
-98.141068 541.409668 2965.672852
-329.884827 486.330872 3584.842285
-369.351013 232.821884 3549.142090
-322.726471 -39.567398 3454.849365
-186.024658 262.762909 3532.346680
-106.292580 43.134903 3495.247314
-98.361488 -367.911621 3619.857178
-101.480431 -696.556824 3602.658447
-298.738861 54.958633 3541.451416
-267.937225 -368.993103 3602.937256
-241.453018 -707.014221 3576.501953
-153.639160 689.919006 3564.625732
-169.605133 481.286133 3546.233887
-9.308981 471.510376 3507.450928
-71.765686 530.237122 3230.912109
-97.340866 545.375366 2966.805420
-329.901306 491.061890 3585.016846
-370.408630 234.833435 3550.585938
-333.046692 -39.070038 3456.584717
-186.148300 267.603577 3531.719727
-106.503845 48.054962 3493.933350
-99.676590 -363.167603 3618.102295
-101.956314 -692.976196 3602.605469
-298.879059 59.787079 3540.477783
-271.221222 -362.576630 3612.865479
-245.660492 -696.236633 3584.188232
-153.013718 687.513733 3563.832275
-170.160400 480.338531 3544.573730
-9.766113 470.035797 3506.323730
-71.342834 530.580322 3231.445801
-96.894127 547.289612 2967.331055
-330.554688 490.641266 3582.823730
-369.966370 238.584641 3542.174561
-341.364716 -39.401810 3458.197021
-187.189957 266.648621 3530.721191
-107.969757 46.776215 3493.915527
-99.786690 -362.559814 3623.978516
-104.863136 -700.206299 3605.782715
-300.469238 59.141205 3539.821777
-270.070770 -363.470947 3610.224365
-248.349213 -695.179565 3586.843018
-152.099670 689.143860 3563.476318
-168.345703 481.883789 3543.884277
-8.513770 472.722107 3503.156494
-58.182186 531.801208 3228.196533
-95.289810 545.418518 2963.531982
-328.177643 491.045471 3584.612061
-371.001465 240.177841 3547.250488
-343.273590 -36.754837 3458.905518
-184.088959 268.086426 3530.195068
-103.906563 48.790527 3492.062500
-94.436501 -362.857452 3614.347168
-98.664803 -693.972351 3601.617676
-295.757843 59.787598 3540.949219
-264.323425 -362.905457 3610.784424
-243.706390 -693.597351 3588.902344
-150.040909 696.746460 3546.847412
-166.728470 487.378693 3537.819824
-7.698099 476.958588 3494.408447
-55.038139 528.937805 3220.064941
-97.012077 534.397827 2955.477783
-325.758820 497.798798 3581.231201
-369.951813 240.979340 3540.202393
-347.707703 -38.274078 3457.751221
-182.575836 273.367065 3531.135010
-102.981186 53.101807 3498.396729
-98.357498 -359.251343 3618.642822
-99.920959 -694.677429 3609.068604
-293.865234 65.609070 3550.503662
-268.581421 -357.693695 3619.045410
-245.819412 -693.806641 3593.965576
-150.036377 691.816528 3538.996338
-166.035599 483.105560 3533.068359
-7.123090 472.290039 3489.248779
-58.519638 531.468994 3220.501953
-99.732521 518.636353 2954.983887
-324.948090 493.921082 3576.887939
-370.234619 244.179642 3545.336670
-348.423950 -34.244827 3459.642822
-181.508148 268.955750 3529.813232
-101.629822 48.316376 3500.265381
-99.315674 -364.674774 3618.485596
-99.128410 -703.250366 3599.729736
-292.331573 61.295502 3552.850830
-270.379578 -363.787018 3609.661133
-247.880188 -704.647949 3587.077637
-152.304703 685.869385 3535.115967
-168.387497 477.117188 3530.821533
-8.499259 466.097870 3490.921143
-50.766415 526.727356 3232.261475
-98.878044 512.690125 2961.002197
-328.275757 488.136505 3570.721924
-369.969421 240.138672 3545.663086
-348.566376 -38.780701 3461.244629
-183.785950 262.910645 3528.274658
-103.214417 42.089966 3501.778320
-101.634575 -373.325348 3610.887451
-101.843048 -696.957153 3601.468994
-295.154358 55.318237 3549.677246
-275.851990 -370.531799 3602.115479
-251.014008 -710.645386 3583.715332
-152.276001 683.925598 3549.125244
-168.875031 476.645569 3536.308350
-9.070421 465.771851 3495.915771
-44.390160 505.356934 3234.143799
-95.085350 500.215820 2960.516846
-328.679657 487.519226 3576.700928
-370.242310 236.423248 3545.540527
-352.899841 -42.340363 3459.664551
-185.468643 262.716675 3528.248779
-106.181442 42.263718 3495.954102
-107.258774 -370.540222 3614.380615
-102.058159 -699.697754 3595.655273
-297.943054 55.311874 3544.424316
-277.860779 -368.787964 3608.642822
-247.904617 -705.334106 3579.192627
-155.207703 686.078369 3555.161133
-170.207901 479.191589 3538.788086
-9.940581 469.565735 3499.928711
-45.686375 493.193420 3227.595947
-87.222336 487.463898 2957.295166
-330.475189 488.817383 3577.647461
-370.418488 238.238266 3542.334473
-348.287140 -41.461288 3460.844482
-185.756134 265.299042 3527.645508
-105.130791 45.630234 3493.184082
-101.118805 -363.302307 3623.868896
-98.518517 -689.070190 3590.958740
-297.477966 57.182785 3539.821777
-279.788116 -366.303345 3609.129883
-244.058655 -696.290527 3573.598877
-150.688812 677.108887 3542.119141
-168.125046 470.089966 3532.090332
-6.959637 457.404297 3498.649902
-46.446911 479.039734 3242.222656
-80.580032 465.825836 2968.362305
-329.290436 482.775635 3565.530762
-370.978729 238.049423 3539.928711
-353.593475 -41.193497 3455.754150
-186.110062 256.220398 3526.543457
-107.318985 34.733368 3500.916260
-101.282440 -373.046509 3635.503662
-105.973297 -702.602783 3603.072998
-300.871185 49.968292 3541.076904
-285.326477 -370.327606 3626.803467
-249.670090 -700.302734 3581.334229
-151.508057 669.158203 3535.117432
-169.403778 461.845947 3528.617432
-8.260548 447.866241 3495.283447
-40.724262 453.511963 3255.581299
-77.118881 429.249298 2984.319580
-330.547028 475.825684 3561.951416
-374.582825 242.333786 3541.480713
-354.957184 -35.954758 3454.578369
-188.282227 247.964432 3527.053467
-110.495590 25.696869 3505.493408
-103.065994 -385.575287 3628.650635
-103.420799 -699.942505 3600.265137
-303.825745 42.468933 3545.485596
-282.682556 -380.409821 3615.077148
-249.056488 -696.007874 3588.025635
-151.169968 671.271606 3549.637451
-170.112747 465.117615 3534.041992
-9.855463 452.114197 3496.437256
-45.965454 418.694580 3259.285645
-74.038132 392.051514 2987.149902
-330.370026 478.121033 3571.646729
-371.243622 231.635147 3539.652100
-357.458008 -44.287460 3444.894043
-189.462006 251.510681 3525.446045
-112.627609 30.099319 3494.280273
-102.726990 -381.991211 3614.899902
-101.325516 -689.548279 3589.658691
-304.994934 45.708191 3539.419922
-278.543549 -377.660950 3605.539062
-248.653885 -687.515381 3582.254883
-149.875397 667.815308 3543.361572
-170.172470 463.398254 3530.571289
-10.016586 449.137695 3492.801270
-48.473572 379.833344 3271.606689
-73.128815 351.952301 2997.518799
-330.328369 477.658813 3568.341309
-370.922821 231.223236 3534.872559
-361.352875 -49.045349 3454.357910
-190.621765 249.740875 3524.529297
-114.987701 27.528076 3495.827637
-100.907600 -381.028839 3627.223633
-104.838326 -697.098877 3604.450928
-307.154419 44.638916 3541.146973
-283.696106 -377.082977 3618.106201
-250.835083 -694.910095 3582.392090
-153.482681 673.788757 3535.740723
-169.929749 466.580750 3527.271729
-10.028276 453.793518 3487.877930
-50.230843 343.434631 3280.782471
-75.730652 316.340027 3006.270996
-329.831238 479.367920 3566.665527
-375.203308 234.000214 3535.069580
-363.444916 -47.209259 3457.320312
-187.823380 252.617218 3524.092773
-109.768333 30.980759 3497.275635
-93.541512 -379.311462 3623.152588
-97.567291 -689.815430 3604.430908
-301.665680 46.326645 3544.552002
-278.452942 -376.137573 3618.241943
-243.827454 -695.726807 3592.263184
-154.308456 675.488953 3532.437500
-169.661407 468.265594 3525.140869
-10.183266 455.924652 3483.893311
-55.125317 282.726318 3314.856689
-74.225838 257.375580 3039.941162
-329.139557 480.606567 3566.388428
-371.933624 232.719864 3533.043457
-362.942200 -48.144089 3453.252197
-186.860596 254.195541 3522.690430
-108.363441 32.720184 3495.489014
-97.219681 -377.105896 3623.577148
-102.485474 -697.382629 3601.230957
-299.756134 47.530777 3544.990967
-283.438812 -374.214111 3624.377197
-246.759064 -690.512939 3588.891846
-154.855728 675.959473 3530.796143
-169.879471 467.889099 3525.046143
-11.180172 454.939850 3481.104736
-52.056034 241.862671 3337.911133
-71.335617 216.601120 3063.444824
-328.578766 480.838379 3568.987549
-370.576965 229.798370 3529.037109
-362.175293 -51.212860 3449.408447
-187.757736 253.846680 3523.553711
-110.396545 32.033066 3495.690918
-101.535004 -374.914917 3632.664062
-103.978867 -696.242310 3597.711182
-300.875458 47.575424 3548.431641
-285.905243 -374.584656 3626.317627
-248.944031 -692.319336 3585.192627
-155.658844 675.425476 3529.972656
-170.462570 466.924072 3524.249756
-10.599779 453.853973 3484.998291
-45.517570 202.935608 3359.464844
-72.232758 173.107574 3086.499756
-330.325348 479.994202 3563.501221
-369.354370 232.215652 3526.806396
-357.005188 -50.047623 3452.425293
-188.453201 252.882980 3522.250000
-110.482437 30.996231 3496.688721
-103.332825 -378.173035 3627.059082
-101.066124 -694.312622 3598.240479
-302.405243 46.687531 3543.811768
-279.203400 -377.082581 3608.512451
-249.458694 -687.568237 3581.268799
-155.267059 678.905457 3531.587158
-170.046295 469.035522 3524.481201
-9.729853 456.356384 3486.830322
-34.250710 166.476624 3409.772461
-49.853649 130.828598 3136.355469
-330.362732 481.714661 3562.132080
-375.818604 227.131790 3526.732422
-357.231110 -53.454300 3447.650879
-187.770844 254.987518 3521.092041
-109.311928 33.332565 3495.113770
-99.844353 -375.781738 3625.724121
-102.799156 -695.799133 3596.546387
-301.678864 48.546494 3540.291992
-272.185669 -372.721375 3617.209717
-249.773682 -689.481079 3585.425293
-154.644638 674.379333 3530.379883
-168.911514 465.466156 3523.752930
-7.680660 453.041931 3490.278809
-28.114021 138.244507 3451.903809
-36.230011 92.711868 3179.458740
-330.142365 477.890381 3557.227051
-375.461273 238.819138 3521.532715
-355.403473 -45.264969 3458.227295
-186.279037 251.399506 3519.553467
-106.876251 29.875870 3495.262939
-98.847794 -376.601440 3633.814209
-98.584831 -700.014404 3600.710449
-300.416870 44.789856 3535.445068
-279.992950 -376.027527 3617.929443
-248.958298 -696.434326 3583.084961
-153.474197 677.942749 3529.019043
-161.677460 468.384430 3522.821289
1.310374 461.027710 3499.943115
-5.061335 174.092743 3438.192383
-38.083344 60.881386 3206.659912
-324.665314 475.741150 3545.699463
-372.061005 229.283127 3525.690430
-354.793976 -51.272903 3448.016113
-171.971695 253.977982 3518.427734
-84.228271 35.146454 3500.272949
-80.892075 -374.130035 3630.339355
-77.342796 -692.004211 3607.284180
-280.303558 43.996628 3527.795410
-262.405670 -377.111389 3610.199219
-229.534790 -690.132996 3579.809082
-151.878616 681.539673 3528.763672
-158.623123 470.066559 3523.075684
5.332043 464.698730 3506.992188
13.464921 201.038544 3444.153320
-29.422981 34.026093 3249.976562
-322.578308 475.434387 3539.159180
-369.632355 227.311569 3528.545654
-354.755157 -52.466690 3446.613281
-166.079163 255.501373 3518.679199
-75.194305 37.716537 3504.635742
-92.352989 -371.909729 3631.093750
-91.236641 -697.587097 3605.750244
-271.876068 44.155823 3523.929688
-270.132599 -373.977905 3619.961426
-240.613815 -695.481323 3579.158691
-154.478287 683.799622 3526.958252
-159.482498 472.398010 3522.823975
4.841027 467.766235 3508.478027
24.214809 206.520996 3443.087646
-24.524906 2.985184 3282.611816
-323.806061 477.029816 3537.169922
-368.367737 226.072266 3529.561523
-356.912201 -54.908325 3450.733154
-165.798218 257.739929 3519.786377
-73.614471 40.305435 3508.149414
-99.702942 -371.546082 3625.932129
-97.715279 -688.484985 3603.168945
-270.613373 45.858246 3525.348145
-277.239563 -369.998383 3631.064453
-249.091614 -690.119141 3586.852295
-153.977554 681.506104 3528.552979
-158.067200 470.032440 3523.086670
6.540743 465.625610 3511.154541
29.107109 202.762817 3454.068359
-25.050545 -15.313293 3311.830566
-322.675140 474.439270 3535.018799
-367.267792 226.306000 3528.494385
-357.328033 -55.817596 3453.320312
-164.052582 255.345947 3519.804688
-71.308777 38.016312 3509.365967
-99.431747 -374.536255 3625.051270
-95.908539 -694.323669 3605.070801
-268.767151 43.302612 3523.679443
-275.733215 -375.306793 3618.342773
-245.226593 -693.969971 3590.537598
-153.348907 679.570496 3529.321533
-157.117432 468.915405 3522.537598
7.600569 464.499451 3511.333740
24.822968 200.291382 3462.066895
-25.947296 -40.752747 3349.212158
-321.835449 473.331360 3533.741455
-367.629700 220.637054 3525.529541
-357.477234 -61.660858 3450.767334
-163.077087 254.212341 3519.542725
-70.225914 36.860260 3509.826904
-97.638344 -374.972351 3628.627930
-102.018364 -699.670837 3599.394531
-267.847565 42.158310 3523.268799
-278.424042 -376.379089 3618.755615
-242.620224 -698.852356 3591.177002
