-226.449432 679.220337 2988.910156
-234.438126 446.401001 2965.243896
-114.185562 429.472473 3076.376953
-2.396736 142.291351 3100.915039
0.801152 416.321014 2954.456543
-354.690674 463.329529 2854.110840
-354.690491 143.944305 2854.110840
-354.695923 -175.440582 2854.110840
-243.841370 203.833069 2938.468750
-170.904510 -50.326263 2987.789307
-222.736847 -535.810242 3000.093506
-254.504303 -1000.993713 2944.714600
-335.584717 -27.143433 2835.597900
-409.782349 -508.954346 2861.854004
-344.953430 -942.278931 2817.353760
-227.828323 678.107483 2988.905029
-235.036224 446.134277 2965.600342
-114.222336 429.329132 3076.143799
-1.193832 143.147369 3099.947266
1.057528 417.044037 2949.792236
-355.850128 462.939423 2855.056885
-355.849945 143.554199 2855.056885
-355.855377 -175.830688 2855.056885
-244.084167 203.570450 2938.613281
-170.405380 -50.500610 2987.320312
-227.476105 -535.463379 2996.565918
-253.501358 -1002.224915 2954.301758
-335.858856 -27.486145 2835.932129
-420.887848 -507.379120 2864.512451
-346.764587 -954.045288 2819.693115
-228.686035 677.992004 2987.872314
-234.819519 445.831329 2965.415771
-113.749107 429.831543 3075.798584
-0.602943 142.594177 3083.945557
1.923908 418.510315 2948.618652
-355.889954 461.831116 2855.032959
-355.889771 142.445892 2855.032959
-355.895203 -176.938995 2855.032959
-243.311111 203.125153 2939.549316
-168.899872 -50.536865 2989.267334
-220.922638 -535.994141 3001.773682
-255.166595 -1002.536011 2962.314697
-334.705505 -28.625183 2838.098389
-412.584167 -510.110809 2860.091553
-346.092896 -921.991211 2820.850586
-229.002106 675.200928 2989.396729
-235.499008 443.046844 2964.805908
-114.248985 426.005615 3074.833252
-3.298393 144.782990 3091.489746
1.826015 419.581512 2954.117432
-356.749054 460.088074 2854.778564
-356.748871 140.702850 2854.778564
-356.754303 -178.682037 2854.778564
-244.436584 200.563965 2937.098633
-170.347458 -53.588013 2984.733154
-221.100174 -539.295593 2990.494873
-261.622803 -1005.693359 2954.794678
-336.400848 -30.249817 2834.049561
-419.728699 -510.998688 2853.869141
-342.810852 -909.065552 2812.820312
-228.962463 673.008362 2988.119385
-235.971313 441.208435 2964.664307
-114.161095 424.420502 3074.111572
-4.137260 144.898560 3095.221924
-2.081927 420.809418 2954.122803
-357.781525 457.996399 2855.217041
-357.781342 138.611176 2855.217041
-357.786774 -180.773712 2855.217041
-244.807648 198.678284 2937.297119
-170.234711 -55.347382 2984.873535
-218.651932 -541.249512 2994.664307
-264.076233 -1007.818481 2969.331787
-337.053253 -32.356384 2834.986328
-410.977966 -514.484070 2857.769531
-342.887543 -945.717651 2818.381592
-228.806030 671.990967 2987.494385
-235.148468 439.888519 2965.482178
-115.600204 424.054047 3077.482666
-5.589066 147.946655 3093.622314
-4.153053 423.072235 2951.703369
-354.696716 455.722992 2853.481689
-354.696533 136.337769 2853.481689
-354.701965 -183.047119 2853.481689
-243.053864 197.166504 2939.604248
-169.080902 -56.400513 2990.435303
-211.338486 -542.589355 3008.007568
-263.613892 -1007.185425 2967.560547
-332.837616 -34.710510 2837.017334
-402.099976 -517.590332 2859.934326
-352.352295 -966.792847 2821.748291
-229.261475 672.989197 2987.653076
-235.252151 440.604248 2965.628418
-115.583755 425.177551 3077.586670
-2.840393 149.511932 3093.288818
-10.998743 426.578674 2954.749756
-354.920532 456.030945 2853.670166
-354.920349 136.645721 2853.670166
-354.925781 -182.739166 2853.670166
-242.524292 197.837463 2939.950195
-167.863159 -55.491516 2990.926270
-213.915268 -541.488281 3005.040283
-259.073120 -1006.286621 2957.749756
-331.729736 -34.367126 2837.617676
-400.468018 -517.596802 2854.126465
-361.922516 -976.636963 2833.516602
-229.525223 674.010010 2987.775146
-236.138077 441.162292 2965.229004
-114.960457 425.067200 3075.445801
-4.927971 150.748230 3091.645752
-14.357710 429.889343 2956.272461
-357.315704 457.257385 2855.012207
-357.315521 137.872162 2855.012207
-357.320953 -181.512726 2855.012207
-243.541595 198.577545 2937.943604
-167.965042 -55.028809 2986.132568
-215.520187 -541.017090 2995.499268
-260.734009 -1006.351624 2952.370850
-333.925171 -32.985596 2835.183838
-407.033234 -515.586182 2852.170166
-357.421112 -977.660828 2829.670654
-230.894806 674.305542 2987.815918
-237.097183 441.074646 2965.181396
-114.606216 425.732239 3074.047607
-0.963631 149.373932 3093.309082
-16.295876 431.087097 2957.453125
-359.588165 456.417053 2856.315186
-359.587982 137.031830 2856.315186
-359.593414 -182.353058 2856.315186
-243.206955 198.457001 2937.863770
-165.441589 -54.666275 2985.091797
-209.380737 -540.529175 3005.879639
-258.502441 -1004.245422 2951.695312
-333.191864 -33.655014 2836.000488
-400.598297 -517.125366 2851.767090
-355.138153 -982.054932 2836.193848
-228.962692 677.843018 2987.845703
-235.959076 444.694977 2966.044434
-114.484932 428.775208 3075.970703
-1.481178 150.680634 3095.653076
-12.962893 430.361084 2956.429199
-357.433228 460.614746 2856.118164
-357.433044 141.229523 2856.118164
-357.438477 -178.155365 2856.118164
-243.266754 202.080902 2938.983643
-167.397827 -51.433868 2987.192383
-222.721817 -535.908936 3011.559570
-263.404053 -1000.412842 2956.776367
-333.751038 -29.632477 2836.653320
-408.691376 -511.938751 2853.263672
-363.990143 -978.173584 2841.052734
-230.149216 678.997192 2988.849365
-237.331696 446.206909 2966.370850
-116.778702 429.848083 3077.249268
-0.742676 150.834869 3096.333252
-14.678469 431.109100 2956.752441
-357.884705 462.565674 2855.492432
-357.884521 143.180450 2855.492432
-357.889954 -176.204437 2855.492432
-245.279999 203.620300 2939.221680
-170.681732 -50.167694 2987.994385
-221.935852 -535.472656 3003.746826
-261.733887 -1001.400513 2963.402832
-335.774872 -27.764893 2836.150635
-413.238708 -509.622437 2855.084717
-359.239166 -927.226501 2833.702637
-228.451431 679.152344 2990.375488
-237.034058 446.233215 2964.951172
-112.360741 428.640381 3070.783447
-0.425941 150.397186 3097.186035
-12.283519 430.565094 2956.150879
-361.707367 463.826050 2859.118896
-361.707184 144.440826 2859.118896
-361.712616 -174.944061 2859.118896
-245.880875 204.009293 2935.106934
-169.292419 -50.270523 2977.786865
-215.694504 -536.238831 2989.778076
-259.914246 -1002.034668 2950.935791
-340.162994 -26.158737 2832.738525
-426.025299 -506.359619 2855.572998
-360.995575 -898.937134 2824.687988
-228.401382 680.049133 2988.624756
-236.701736 446.717987 2965.249268
-114.813461 429.729889 3074.392578
-2.241226 150.687164 3095.094238
-15.015548 431.364990 2957.286377
-358.590027 463.706085 2856.105957
-358.589844 144.320862 2856.105957
-358.595276 -175.064026 2856.105957
-245.473969 204.262543 2937.307373
-170.789459 -49.824631 2984.095703
-223.069641 -534.849670 3004.980957
-258.068970 -1001.578125 2968.012451
-337.702942 -26.561172 2834.635254
-411.978882 -508.416870 2860.986084
-353.856018 -888.150513 2829.870361
-228.788818 681.378723 2987.755859
-237.658020 448.225281 2964.980957
-115.559105 430.477814 3073.861572
-3.099144 149.837036 3093.040283
-12.953412 430.686859 2955.014404
-359.756927 465.972778 2856.100342
-359.756744 146.587555 2856.100342
-359.762177 -172.797333 2856.100342
-248.357178 205.797913 2937.463135
-175.480560 -48.777481 2984.473145
-227.254684 -534.142517 2998.996338
-258.180115 -1000.864258 2957.822021
-342.632111 -24.481461 2835.417480
-405.011780 -508.227966 2855.875244
-365.129242 -932.547058 2832.204346
-228.790207 680.135437 2988.321045
-239.042282 447.058655 2966.254639
-118.136147 428.738831 3076.399170
-4.050476 149.913818 3090.022949
-11.273790 429.960144 2955.602295
-359.948425 465.378479 2856.110107
-359.948242 145.993256 2856.110107
-359.953674 -173.391632 2856.110107
-250.521729 204.682404 2938.541992
-179.222183 -50.236633 2986.240234
-225.108566 -536.299316 2997.651367
-258.146179 -1003.266602 2960.634521
-344.780151 -25.151093 2835.418457
-406.543762 -509.190063 2854.138184
-359.731964 -954.549683 2835.480469
-229.693146 678.986450 2988.096191
-239.398605 446.051453 2966.691162
-117.833321 428.106537 3076.197998
-2.015167 148.464478 3081.490479
-9.947760 429.162415 2951.844482
-360.963867 463.996338 2857.184326
-360.963684 144.611115 2857.184326
-360.969116 -174.773773 2857.184326
-250.758423 203.598541 2939.570801
-178.885788 -51.140747 2987.426758
-222.763992 -537.263489 3004.059814
-251.609558 -1003.333313 2955.509766
-345.350708 -26.567963 2837.474121
-415.025421 -508.720917 2868.791016
-352.295654 -961.166382 2830.962891
-228.409058 682.147644 2999.991699
-237.877747 450.258026 2973.584961
-115.519096 430.419006 3081.866943
-1.041763 148.217072 3077.258789
-9.851527 429.039856 2947.141113
-360.236389 470.097046 2865.302979
-360.236206 150.711823 2865.302979
-360.241638 -168.673065 2865.302979
-248.405426 208.473846 2941.182129
-175.145264 -46.895538 2982.927734
-220.283661 -532.987610 2998.242432
-248.740692 -999.358887 2951.429688
-342.720947 -19.725128 2834.630859
-409.696716 -502.762054 2858.854736
-352.942322 -962.151611 2828.135010
-230.846954 685.566467 2993.941406
-239.590759 452.618774 2970.654541
-118.321068 434.801483 3080.489258
16.953285 157.106934 3078.137695
-9.691029 428.582397 2940.662842
-360.860443 470.436035 2860.819824
-360.860260 151.050812 2860.819824
-360.865692 -168.334076 2860.819824
-248.697235 210.368561 2941.411133
-174.759811 -44.082672 2987.381104
-223.063248 -529.639587 3008.353760
-254.337402 -995.779053 2960.601318
-340.847626 -19.680603 2836.954346
-411.652954 -502.276062 2860.915283
-355.490997 -965.116821 2840.889893
-230.813507 685.090332 2990.918457
-241.238419 452.705658 2968.927490
-116.230774 435.916687 3074.531006
25.498276 170.061432 3072.563477
-5.660648 427.460785 2918.349365
-366.246033 469.494629 2863.323975
-366.245850 150.109406 2863.323975
-366.251282 -169.275482 2863.323975
-250.080139 210.282288 2940.852783
-173.280762 -43.642990 2985.125732
-227.346603 -528.805542 2998.101807
-255.022858 -995.678040 2955.729248
-344.562988 -20.639175 2840.430420
-403.806824 -504.938110 2858.165527
-370.239410 -971.113159 2851.457275
-232.626953 683.304626 2989.424316
-241.328445 451.407227 2967.673096
-116.576653 434.789368 3073.696777
43.226357 188.533463 3065.302734
11.218044 441.098389 2891.721436
-366.080231 468.025055 2861.649414
-366.080048 148.639832 2861.649414
-366.085480 -170.745056 2861.649414
-249.160553 209.018692 2938.896973
-171.599106 -44.744873 2982.694824
-223.321732 -530.145264 2998.150879
-254.148788 -996.856445 2955.870605
-342.386230 -21.994781 2837.546875
-398.065796 -506.856537 2854.340820
-367.406555 -973.879883 2835.744873
-232.701035 682.878723 2989.139648
-241.720657 451.074036 2967.820801
-117.345695 434.779480 3074.380127
62.606499 208.273087 3056.142334
24.379730 450.581665 2866.977051
-366.095642 467.368622 2861.261475
-366.095459 147.983398 2861.261475
-366.100891 -171.401489 2861.261475
-249.708649 208.565018 2940.060547
-172.545517 -45.099808 2985.254150
-225.822205 -530.426636 2998.620850
-255.075592 -997.745117 2962.627197
-342.847748 -22.788223 2839.346436
-411.302673 -505.124878 2868.879639
-358.180603 -929.063843 2829.137939
-231.994873 687.831543 2999.526367
-241.105087 456.208282 2975.868408
-114.000076 438.820435 3078.901123
76.255417 237.113190 3036.073975
44.735344 466.047729 2828.718994
-368.210114 473.596130 2872.835693
-368.209930 154.210907 2872.835693
-368.215363 -165.173981 2872.835693
-249.037552 214.116394 2944.798340
-169.909424 -39.885315 2984.300537
-223.160156 -525.187378 2999.312256
-253.811066 -991.943848 2957.658203
-344.030609 -16.065674 2843.156006
-412.410156 -498.959839 2865.226807
-358.399292 -943.964417 2835.766357
-232.257675 686.972778 3004.723877
-241.337326 455.571381 2978.385254
-113.783913 437.456116 3080.794678
86.625130 262.546295 3014.548584
64.606697 481.497375 2798.287354
-368.890717 473.686646 2875.975830
-368.890533 154.301422 2875.975830
-368.895966 -165.083466 2875.975830
-249.235748 213.719208 2945.441162
-169.811142 -40.534668 2982.606689
-224.345718 -525.487183 3002.844971
-255.329681 -991.641724 2955.169434
-344.457214 -15.731262 2842.387451
-409.146423 -499.495789 2851.643311
-360.683716 -955.855469 2837.949707
-230.528503 685.572266 3010.812988
-240.006088 453.739655 2981.342285
-110.683632 434.656128 3081.314209
97.789879 291.260376 2987.279785
92.933189 494.281036 2758.278809
-369.328522 472.823181 2881.370361
-369.328339 153.437958 2881.370361
-369.333771 -165.946930 2881.370361
-248.238724 212.255554 2945.895020
-167.912903 -42.296707 2978.907227
-218.006317 -527.799133 2997.293457
-257.883392 -993.428711 2951.648193
-345.029816 -16.160385 2841.988281
-440.328796 -492.244812 2875.550293
-349.666107 -922.020752 2828.473145
-232.813492 685.267578 3013.815186
-240.967194 453.299469 2982.782715
-108.294182 435.704498 3078.425781
100.889900 328.118500 2965.600098
121.100899 500.651978 2717.552246
-373.640198 470.894440 2887.139648
-373.640015 151.509216 2887.139648
-373.645447 -167.875671 2887.139648
-247.177277 211.805511 2946.970215
-163.831329 -41.565292 2975.718018
-221.982910 -525.985046 2997.218994
-248.945969 -992.387634 2951.197021
-342.943390 -17.811600 2846.597412
-428.596375 -498.563965 2858.644287
-334.639191 -957.227051 2821.182861
-231.549423 686.632446 3015.346924
-239.040421 454.000671 2983.952148
-104.288696 436.333710 3076.669922
103.943771 363.558350 2933.304199
147.652679 512.250977 2674.004639
-373.792145 471.667603 2891.234375
-373.791962 152.282379 2891.234375
-373.797394 -167.102509 2891.234375
-245.831100 212.560974 2947.815918
-160.775070 -40.920486 2974.875977
-228.194550 -524.196899 2993.857178
-249.227600 -991.462708 2953.308838
-344.468475 -16.836929 2848.483398
-416.508423 -499.965027 2847.119141
-326.847229 -960.234863 2820.366699
-230.642059 685.869324 3013.611328
-238.368530 452.985321 2981.992432
-101.401558 435.456085 3071.437988
103.972450 393.779053 2907.154541
174.570343 515.751160 2642.121094
-375.335510 470.514557 2892.546875
-375.335327 151.129333 2892.546875
-375.340759 -168.255554 2892.546875
-245.573517 211.573608 2945.713867
-158.502350 -41.903702 2971.001953
-227.950226 -524.806335 2993.351562
-249.926132 -992.595825 2959.286865
-347.054657 -17.772507 2847.868652
-405.570282 -502.650513 2839.288330
-321.363037 -964.377075 2821.374512
-231.858398 686.777832 3012.230713
-239.358139 454.087250 2981.321777
-99.789818 437.412415 3066.779785
98.502724 422.898010 2890.077637
201.140472 519.398132 2621.010254
-378.926453 470.762085 2895.863770
-378.926270 151.376862 2895.863770
-378.931702 -168.008026 2895.863770
-246.650970 212.521469 2946.096924
-158.271622 -40.474670 2969.452393
-226.180328 -522.504395 3006.549072
-254.111420 -988.605408 2958.792725
-349.615997 -17.613953 2852.291748
-396.252197 -503.712128 2840.543701
-318.120331 -966.726013 2829.740479
-230.851334 685.834229 3013.008789
-238.244843 453.054352 2980.444092
-96.734970 436.132507 3062.628418
93.250061 441.948029 2874.546875
217.869492 519.007568 2610.203857
-379.754700 469.976196 2898.259766
-379.754517 150.590973 2898.259766
-379.759949 -168.793915 2898.259766
-246.455414 211.570160 2944.859375
-157.206635 -41.568268 2965.875977
-221.034058 -524.462280 3000.335938
-253.976440 -991.009644 2960.028320
-352.125336 -18.259796 2852.673340
-388.935425 -505.181641 2840.162598
-317.108582 -969.311890 2834.946533
-232.251587 684.479248 3012.895508
-241.687714 452.486023 2978.890381
-97.019142 435.391785 3055.156738
89.603569 450.965118 2868.293701
225.291931 518.726379 2605.509277
-386.356293 469.580261 2902.624023
-386.356110 150.195038 2902.624023
-386.361542 -169.189850 2902.624023
-250.883087 211.197205 2942.250244
-158.169220 -42.133331 2959.334473
-226.854965 -523.014282 3007.713867
-253.946594 -988.125244 2951.651367
-361.987701 -18.049866 2851.885742
-390.920013 -505.516815 2839.916260
-325.354736 -970.601196 2838.989014
-231.606674 684.335327 3012.890137
-242.087036 452.489349 2978.006348
-95.236839 435.368347 3050.034180
93.793297 456.978271 2863.655762
229.211273 521.458862 2600.381348
-388.937256 469.610352 2905.978516
-388.937073 150.225128 2905.978516
-388.942505 -169.159760 2905.978516
-251.926758 211.320099 2940.741211
-160.120636 -41.699875 2953.331787
-220.464554 -523.196106 3006.969238
-252.617798 -987.952637 2949.152344
-363.412323 -17.998428 2853.620361
-386.129120 -505.821716 2842.815674
-326.601318 -971.712646 2845.098145
-233.221939 680.189453 3000.816406
-242.521637 448.501740 2971.756836
-95.937111 433.216736 3044.885254
99.372459 458.481293 2864.338867
228.825348 522.395752 2596.937500
-389.106171 463.786743 2898.628418
-389.105988 144.401520 2898.628418
-389.111420 -174.983368 2898.628418
-251.833740 206.601212 2939.861328
-162.117355 -45.625427 2957.369385
-221.354645 -526.529175 3017.826416
-256.662842 -990.802124 2957.203369
-360.174347 -24.973206 2858.562256
-420.442749 -454.059326 2872.014160
-351.224884 -888.599121 2828.735596
-232.980530 679.315735 2993.870850
-242.024963 447.579407 2968.907227
-95.667404 433.818237 3042.874756
98.172256 460.241699 2863.671143
229.718582 522.988342 2595.750244
-388.382507 461.340576 2894.939697
-388.382324 141.955353 2894.939697
-388.387756 -177.429535 2894.939697
-250.230148 205.246964 2940.057861
-158.892044 -46.444977 2961.516602
-220.334839 -528.690430 3004.944336
-259.723785 -994.653076 2976.555176
-357.978638 -27.725983 2860.900391
-395.439545 -486.343872 2862.636230
-344.623901 -879.263794 2828.667480
-231.080170 680.078064 2993.396484
-238.960831 448.982544 2970.585205
-96.654701 435.795471 3051.802002
102.034615 452.099182 2866.362305
231.115448 518.841187 2597.952881
-381.266937 462.169617 2889.368408
-381.266754 142.784393 2889.368408
-381.272186 -176.600494 2889.368408
-246.064056 206.379684 2943.639893
-155.930252 -45.233841 2972.189697
-220.825714 -527.554199 3011.422607
-256.813934 -993.615723 2973.585693
-350.404327 -27.212540 2861.199463
-399.110535 -498.850586 2856.667725
-334.820343 -881.736267 2822.470215
-231.476288 683.475708 3002.628174
-238.703613 450.893250 2975.502197
-97.066597 437.145538 3058.012939
102.026848 439.055969 2871.697998
228.781982 514.586121 2608.180908
-380.340637 464.640930 2892.991455
-380.340454 145.255707 2892.991455
-380.345886 -174.129181 2892.991455
-244.692871 208.634277 2945.418457
-153.926514 -43.016052 2971.699707
-221.519470 -525.852783 2994.211426
-254.296906 -992.998291 2964.221191
-347.437744 -24.233307 2858.969727
-407.622101 -501.639679 2855.042480
-341.742218 -924.638245 2818.076416
-232.690445 678.689880 2994.759766
-239.743668 445.074036 2970.729736
-99.270538 432.148682 3055.420166
105.491501 437.020691 2874.853271
224.324646 512.934814 2610.690186
-380.216797 457.999359 2886.039307
-380.216614 138.614136 2886.039307
-380.222046 -180.770752 2886.039307
-245.315552 202.520218 2942.953125
-154.806351 -48.874283 2973.103271
-229.169754 -530.643188 2999.754395
-261.354889 -997.733521 2965.503662
-346.968536 -31.192886 2857.249756
-398.144989 -513.217590 2854.194580
-352.123810 -959.161926 2831.816650
-231.654190 685.638550 3003.319580
-239.023926 451.975067 2976.162109
-97.144913 438.073578 3058.344727
108.719055 427.994354 2891.434082
213.987457 517.756165 2624.153320
-380.902954 465.876556 2893.979492
-380.902771 146.491333 2893.979492
-380.908203 -172.893555 2893.979492
-244.932861 209.792969 2945.396973
-153.740356 -41.903259 2970.877441
-224.463684 -524.564575 2992.570068
-260.669922 -991.395386 2957.442871
-347.943237 -22.875000 2858.386230
-388.875244 -507.565765 2850.818604
-366.961700 -965.377319 2839.312012
-232.885910 681.016235 2995.089355
-239.953888 448.201355 2971.040283
-97.653160 434.704529 3052.625000
111.870110 419.004333 2903.198486
201.785980 519.694336 2633.460693
-382.254639 461.698181 2889.455566
-382.254456 142.312958 2889.455566
-382.259888 -177.071930 2889.455566
-246.280624 205.808563 2941.975342
-155.207230 -45.822342 2968.752441
-222.885422 -528.560852 2997.736572
-263.765198 -994.852783 2960.158936
-350.007477 -27.346085 2857.068359
-395.900726 -512.506470 2846.546387
-365.076874 -975.221558 2831.347412
-233.761322 681.609131 2992.493652
-241.198120 448.656250 2969.054443
-98.194351 435.130554 3049.421631
118.944366 399.002014 2911.089111
197.541901 527.921631 2650.564209
-384.201874 462.182007 2888.687256
-384.201691 142.796783 2888.687256
-384.207123 -176.588104 2888.687256
-247.854477 206.247330 2940.101074
-156.606735 -45.421677 2966.169189
-225.118622 -528.300964 2991.698486
-260.409027 -995.576477 2962.251709
-352.414948 -26.901535 2856.126221
-399.133575 -512.556274 2851.735596
-359.969604 -976.815918 2825.610107
-233.408600 677.810913 2992.187256
-241.547638 446.957214 2966.702148
-98.358299 432.791138 3046.648682
115.494164 388.481415 2924.553223
184.000488 533.740845 2669.769531
-384.736969 461.123291 2886.755615
-384.736786 141.738068 2886.755615
-384.742218 -177.646820 2886.755615
-248.946350 204.654129 2937.018555
-158.307343 -47.348053 2962.072266
-225.998856 -529.938477 2994.317139
-258.147827 -997.172241 2960.271484
-354.382782 -27.949829 2852.597656
-404.011078 -513.530518 2856.045654
-365.284546 -979.642029 2836.914795
-232.800156 679.779541 2992.525391
-240.647232 447.804688 2967.783691
-100.091156 433.095581 3052.042725
121.742538 368.737061 2943.273682
169.070633 534.953979 2688.616455
-381.203278 462.513794 2883.524658
-381.203094 143.128571 2883.524658
-381.208527 -176.256317 2883.524658
-248.344818 205.480148 2938.321289
-159.757431 -46.920563 2966.578857
-226.737457 -529.512817 3000.838379
-263.348633 -996.285645 2964.647949
-352.327393 -26.768219 2851.138916
-394.531769 -513.169983 2854.336914
-366.082703 -980.814575 2838.745117
-234.046814 680.683472 2991.707275
-241.434708 448.756592 2967.718018
-106.208664 433.420654 3059.777832
117.363022 342.864044 2959.137451
149.206436 528.556885 2721.309082
-376.660736 464.092529 2875.658203
-376.660553 144.707306 2875.658203
-376.665985 -174.677582 2875.658203
-249.064011 206.392349 2938.549805
-163.968719 -46.487762 2972.507080
-228.293015 -529.452026 3006.866455
-260.547882 -996.226562 2966.723389
-349.417908 -25.456024 2846.256104
-396.922852 -511.372314 2854.429443
-363.069824 -978.494141 2828.281494
-234.015884 681.194763 2989.802490
-240.873718 448.534302 2967.846680
-111.116287 433.412109 3067.331787
109.130142 319.906372 2968.568115
133.066925 527.701050 2749.154053
-370.631134 463.656494 2868.361572
-370.630951 144.271271 2868.361572
-370.636383 -175.113617 2868.361572
-248.232941 205.947861 2940.570801
-166.686218 -46.999847 2981.459229
-224.113342 -531.305908 3005.661377
-261.289978 -998.210510 2972.271484
-344.498108 -26.277313 2845.130615
-393.469055 -512.110229 2854.412109
-360.441559 -979.791748 2832.443115
-233.098190 680.386597 2989.834229
-239.504639 448.323303 2967.401855
-115.207901 432.597229 3073.516113
101.570419 302.452393 2982.275146
104.346001 522.587158 2772.187256
-363.801392 464.049377 2861.287598
-363.801208 144.664154 2861.287598
-363.806641 -174.720734 2861.287598
-246.935135 205.731552 2940.153320
-169.244492 -47.629761 2985.574219
-226.922638 -532.196045 3004.600098
-259.980743 -998.613403 2962.046875
-339.486755 -26.090637 2840.235352
-403.439240 -510.028473 2846.335449
-360.481293 -977.217651 2835.363770
-233.265915 680.666199 2987.849854
-240.939560 448.968872 2964.882568
-113.846588 433.262695 3067.896240
93.780075 278.724335 3003.640869
90.450256 513.292419 2801.694092
-368.032562 464.675049 2861.868896
-368.032379 145.289825 2861.868896
-368.037811 -174.095062 2861.868896
-248.553314 206.419189 2937.294922
-169.226898 -46.874588 2980.175537
-217.307922 -532.566345 2995.443115
-260.808990 -997.807373 2949.994385
-343.107208 -25.386429 2839.239014
-421.484589 -506.075928 2864.883545
-357.851776 -935.499390 2827.653076
-230.900040 681.017517 2988.818848
-238.799133 448.770050 2965.323975
-117.844994 432.321899 3075.187012
87.385368 257.852356 3022.297607
63.617767 501.999084 2830.032227
-359.753265 465.218201 2855.460938
-359.753082 145.832977 2855.460938
-359.758514 -173.551910 2855.460938
-247.019012 206.203552 2938.057617
-172.352829 -47.634338 2986.076904
-223.492188 -532.377991 3013.765137
-259.548767 -997.819824 2963.830811
-338.124969 -25.091553 2835.505615
-401.858856 -507.811218 2865.735352
-365.487671 -956.761841 2830.926514
-229.910675 680.928650 2988.302246
-237.370178 448.789642 2964.788574
-119.190849 432.494324 3077.860596
75.685555 236.923523 3034.651367
48.802757 486.215668 2846.589355
-355.549500 465.084961 2851.716553
-355.549316 145.699738 2851.716553
-355.554749 -173.685150 2851.716553
-245.296249 206.148499 2938.104248
-172.369095 -47.641205 2988.779053
-217.273392 -533.429504 3007.690186
-253.628891 -999.552124 2964.322998
-334.075562 -25.344086 2834.060791
-404.110229 -507.868622 2854.996582
-364.526062 -966.205811 2838.826660
-228.912781 681.118774 2988.100830
-236.218094 448.880737 2963.743896
-118.025063 432.234375 3076.933105
60.831703 217.944565 3047.863525
28.633247 475.080750 2869.934082
-354.411102 465.527100 2850.554688
-354.410919 146.141876 2850.554688
-354.416351 -173.243011 2850.554688
-243.936188 206.337311 2936.132812
-170.783310 -47.596024 2985.968994
-215.690781 -533.576538 3002.901611
-257.258362 -999.155334 2957.995361
-332.525269 -24.816208 2831.074463
-412.966736 -505.809631 2852.346191
-356.632935 -966.950073 2842.135498
-228.485992 680.176392 2977.494629
-236.866104 447.401611 2956.453369
-116.474617 431.656006 3067.479980
53.444542 195.489639 3065.943359
12.811466 458.240173 2901.025391
-357.257599 463.147186 2845.426758
-357.257416 143.761963 2845.426758
-357.262848 -175.622925 2845.426758
-245.842850 204.606812 2931.754150
-172.397430 -48.967697 2983.065674
-221.601456 -534.546936 3000.811523
-257.390869 -1000.527100 2954.956055
-337.241760 -27.408249 2831.044189
-422.890198 -507.464722 2855.771729
-353.771332 -934.821777 2830.518799
-228.391891 682.948486 2982.192383
-236.064346 449.749664 2958.369385
-115.034615 432.719055 3068.566895
45.714226 179.735260 3075.481934
0.503590 444.852051 2919.602051
-357.094086 466.780273 2848.171875
-357.093903 147.395050 2848.171875
-357.099335 -171.989838 2848.171875
-245.309784 207.249908 2931.045898
-171.699570 -46.908829 2979.162354
-222.654449 -532.450439 2993.339355
-260.925079 -998.949768 2955.952148
-337.410858 -23.590866 2828.282471
-414.127930 -505.191772 2852.688477
-346.240234 -908.306396 2820.987549
-227.059906 684.216980 2984.006348
-235.564423 451.238831 2958.672363
-112.145134 433.793274 3066.099854
33.341454 166.858459 3085.239502
-8.050549 437.683136 2933.572266
-358.983734 468.684387 2851.244873
-358.983551 149.299164 2851.244873
-358.988983 -170.085724 2851.244873
-244.729324 208.901886 2929.847168
-169.375809 -45.381912 2974.589111
-218.343094 -530.853516 2995.664062
-255.976608 -996.980835 2952.958008
-338.412628 -21.488205 2827.454834
-414.003510 -503.181030 2855.010498
-356.893158 -938.200745 2828.698975
-227.672195 685.139526 2986.401855
-235.100922 452.873474 2958.992188
-108.830673 435.314087 3062.993408
18.645096 156.913483 3091.108643
-8.137672 428.866302 2945.352539
-361.371155 470.432831 2854.990967
-361.370972 151.047607 2854.990967
-361.376404 -168.337280 2854.990967
-243.524292 210.733749 2928.336426
-165.470276 -43.431656 2968.906982
-218.607971 -528.181580 2995.544189
-257.882690 -993.470032 2945.837646
-338.425049 -19.380264 2826.454346
-401.687592 -502.541077 2857.151123
-372.775970 -954.853882 2839.725098
-225.800735 689.774902 2990.526123
-237.655121 455.796387 2962.603516
-117.550880 435.145264 3072.815430
9.360405 150.935577 3091.932861
-9.710512 424.056702 2946.145752
-357.759338 476.447479 2852.391602
-357.759155 157.062256 2852.391602
-357.764587 -162.322632 2852.391602
-250.158463 213.993408 2930.920654
-180.312775 -41.968918 2974.804199
-237.053253 -526.003845 3006.594971
-274.086304 -992.296997 2965.730713
-345.010864 -13.650192 2823.671387
-402.980347 -497.891541 2847.568848
-392.011353 -958.795288 2844.543945
-224.219467 687.403381 2988.696777
-235.994064 455.397064 2959.942383
-114.198204 434.239014 3068.390137
4.185150 149.468445 3099.971436
-8.920638 421.692383 2949.815430
-357.789917 476.555115 2851.494629
-357.789734 157.169891 2851.494629
-357.795166 -162.214996 2851.494629
-249.630066 213.657379 2928.093262
-179.935120 -42.558334 2970.442627
-224.676407 -527.888916 2999.822510
-252.989136 -994.164917 2952.830078
-346.596985 -13.606277 2822.045654
-394.233459 -498.680420 2850.632324
-400.107697 -963.569214 2841.302979
-224.025070 686.029968 2988.251953
-236.126373 455.334930 2959.214600
-113.603981 434.075439 3066.948975
1.599030 143.230835 3103.981201
-9.809766 409.246765 2947.176514
-358.648743 476.594421 2851.480225
-358.648560 157.209198 2851.480225
-358.653992 -162.175690 2851.480225
-249.642899 213.639267 2926.891602
-179.304825 -42.606461 2968.302246
-223.511581 -528.187866 2995.876953
-252.807449 -994.853638 2952.724609
-347.014038 -13.506332 2820.834961
-409.036224 -495.979187 2860.076660
-374.059052 -924.727783 2830.858154
-225.056274 687.290710 2987.595215
-236.899567 457.243164 2958.742188
-114.108124 435.784515 3066.198242
-2.169067 143.593506 3109.493652
-5.593948 404.764984 2945.358154
-359.691010 478.701782 2851.286133
-359.690826 159.316559 2851.286133
-359.696259 -160.068329 2851.286133
-250.548187 215.594055 2926.081543
-180.137970 -40.744888 2966.981689
-221.517120 -526.091675 3001.890381
-253.395996 -991.758423 2950.735596
-348.255646 -11.365189 2819.860107
-387.010529 -496.375427 2852.342773
-379.678680 -945.372070 2837.761963
-222.689484 689.655701 2990.239014
-235.312881 460.054443 2959.830078
-113.199692 437.216644 3067.796143
-1.580017 140.788788 3111.760498
-6.236262 398.563721 2944.051025
-357.426086 482.892242 2851.864014
-357.425903 163.507019 2851.864014
-357.431335 -155.877869 2851.864014
-249.744720 218.745270 2925.108887
-180.566940 -38.200714 2964.311035
-217.313599 -524.000610 2998.580566
-257.406677 -989.554871 2952.794434
-347.786163 -6.927094 2816.464355
-385.726532 -492.829803 2840.713867
-381.153870 -952.013916 2841.938965
-222.414551 689.252563 2988.575928
-233.747116 459.776459 2957.766113
-107.090691 437.443237 3060.251709
-5.291687 142.392639 3105.877441
-11.783369 397.650177 2940.507080
-360.403564 482.109680 2855.280518
-360.403381 162.724457 2855.280518
-360.408813 -156.660431 2855.280518
-248.114777 218.472061 2922.937744
-175.680618 -38.138031 2958.346191
-209.753647 -523.760437 2997.626221
-255.420944 -988.511047 2948.605225
-349.284241 -7.526642 2817.872559
-395.378174 -491.971893 2854.412354
-367.819824 -917.318726 2836.560059
-221.334885 687.751160 2988.775146
-230.161667 456.282837 2959.019531
-108.095047 436.205261 3067.230957
-7.188919 143.199036 3103.013672
-14.662472 397.663452 2938.377441
-352.228271 476.360413 2850.808105
-352.228088 156.975189 2850.808105
-352.233521 -162.409698 2850.808105
-240.862747 214.535248 2926.236572
-167.930847 -40.968323 2967.593750
-207.747223 -525.894836 3009.868652
-249.105652 -991.858154 2969.729004
-335.196808 -13.456360 2819.313477
-375.049194 -499.075409 2848.847168
-356.359833 -946.539551 2839.939209
-221.376495 686.840088 2987.891113
-227.569489 455.402588 2959.938721
-108.773613 437.790039 3072.191895
-6.645279 138.590698 3104.547852
-12.387664 396.488831 2941.977051
-346.365356 473.015106 2847.685547
-346.365173 153.629883 2847.685547
-346.370605 -165.755005 2847.685547
-235.472015 213.159332 2930.293457
-162.044464 -41.141815 2977.499023
-213.813004 -525.545044 3008.689209
-256.686920 -992.012573 2976.679688
-324.704620 -17.026001 2823.797363
-394.236481 -498.285217 2856.788330
-347.532623 -953.408569 2837.733643
-220.736786 685.837341 2987.967041
-224.509827 453.497894 2960.188232
-107.032814 437.269165 3074.165771
-11.832886 138.300140 3090.287598
-11.378322 395.581635 2949.565674
-341.986847 469.726624 2846.210693
-341.986664 150.341400 2846.210693
-341.992096 -169.043488 2846.210693
-230.025665 211.075562 2931.355713
-155.146103 -42.452896 2980.523682
-216.584732 -526.189026 3003.052734
-249.115860 -993.052124 2965.952393
-315.936920 -20.240646 2824.522705
-391.628296 -501.563721 2847.562744
-355.167450 -963.552368 2842.826660
-221.246902 684.824219 2988.076172
-221.975815 452.279846 2963.440430
-110.687981 438.795776 3083.553711
-15.020172 135.133667 3088.219727
-10.842751 394.238861 2953.741455
-333.263611 465.763916 2843.327148
-333.263428 146.378693 2843.327148
-333.268860 -173.006195 2843.327148
-224.428131 209.410400 2938.447510
-150.589798 -42.702744 2995.795410
-216.320801 -525.886841 3020.910156
-250.355789 -991.124268 2969.178223
-303.171112 -24.215378 2831.113770
-394.303680 -502.866272 2855.775635
-340.152100 -929.651550 2833.166748
-220.920349 684.374390 2988.039551
-222.338211 451.515869 2963.040771
-108.452103 437.727295 3080.831055
-12.514114 138.065704 3084.615234
-8.731523 403.346924 2957.258301
-336.224304 465.304443 2845.250488
-336.224121 145.919220 2845.250488
-336.229553 -173.465668 2845.250488
-225.326233 208.675018 2937.502441
-150.389420 -43.600449 2992.560303
-218.586838 -526.664185 2995.412842
-252.666565 -992.695801 2950.102051
-306.239105 -24.731216 2831.367920
-399.082672 -503.665222 2845.613770
-369.599396 -951.883057 2832.847412
-219.888382 684.554443 2987.883301
-223.459091 452.138000 2962.942871
-106.991592 437.049622 3078.093750
-6.266266 137.033478 3083.328613
-10.881760 399.317291 2949.344727
-339.926575 467.226379 2847.791992
-339.926392 147.841156 2847.791992
-339.931824 -171.543732 2847.791992
-228.410889 209.457047 2936.152100
-153.636917 -43.552383 2988.185791
-216.210739 -527.643921 2991.855713
-258.828003 -993.058350 2947.121338
-313.088470 -22.895432 2830.536865
-419.005951 -498.400757 2857.591309
-360.508820 -920.859009 2823.067383
-220.991898 686.206909 2987.327881
-224.938873 454.588348 2962.292969
-109.344948 439.113098 3078.365479
-9.138603 138.512512 3082.676514
-10.365689 396.929688 2948.546631
-340.532806 470.063599 2846.220459
-340.532623 150.678375 2846.220459
-340.538055 -168.706512 2846.220459
-230.069977 211.946960 2935.052734
-156.080444 -41.286774 2987.260742
-218.932022 -525.423523 2995.932373
-260.189178 -991.574463 2957.537842
-314.321716 -20.102081 2828.364258
-419.117004 -496.306152 2852.138184
-351.031219 -939.068359 2828.970215
-221.601486 686.233276 2987.517090
-225.394012 454.750366 2962.871826
-107.084457 439.897095 3076.249023
-12.562790 138.756805 3081.331055
-8.888899 394.693146 2946.793457
-343.703583 469.603699 2849.494629
-343.703400 150.218475 2849.494629
-343.708832 -169.166412 2849.494629
-230.128693 212.051071 2936.016602
-153.847534 -40.819458 2986.799561
-212.873138 -525.447510 2998.492920
-253.864365 -991.452637 2957.389160
-315.879211 -20.477020 2831.523193
-407.067322 -499.628601 2849.853760
-365.651306 -955.531860 2848.057861
-220.793381 687.679565 2988.764893
-224.311096 456.516113 2962.518799
-103.903168 440.827087 3073.565186
-6.792542 135.871796 3084.171875
-9.151249 394.141998 2947.223389
-344.719025 472.205139 2851.472412
-344.718842 152.819916 2851.472412
-344.724274 -166.564972 2851.472412
-229.736908 214.006577 2934.139160
-152.718369 -39.245361 2981.793945
-215.552856 -523.505066 2985.905273
-257.388885 -989.973022 2951.594971
-317.607086 -17.760559 2829.725098
-401.610321 -498.519440 2841.447266
-359.952728 -960.368042 2838.545898
-220.222366 690.600586 2989.682617
-226.726547 458.854218 2963.842041
-109.036140 442.022339 3077.584961
-10.394279 134.427948 3089.565430
-11.054454 395.114197 2954.283936
-344.416931 475.686096 2850.099121
-344.416748 156.300873 2850.099121
-344.422180 -163.084015 2850.099121
-233.892426 216.401001 2935.377686
-160.464050 -37.578674 2984.804443
-224.363708 -521.166504 3004.007568
-264.647888 -986.739868 2958.671631
-321.652588 -14.525757 2829.022217
-392.572571 -497.416748 2836.603271
-370.805450 -963.100220 2841.321045
-219.082062 691.338501 2989.259521
-226.850937 459.302551 2964.156006
-108.960854 442.024384 3077.685791
-13.664009 133.703583 3092.271240
-10.456736 394.225433 2953.023682
-344.741028 476.580750 2850.626221
-344.740845 157.195526 2850.626221
-344.746277 -162.189362 2850.626221
-235.245087 216.853348 2935.973633
-162.934402 -37.424118 2985.511230
-224.913895 -520.960938 3012.710693
-257.036438 -985.095520 2951.501465
-324.344055 -13.767624 2830.071289
-394.353485 -496.684937 2846.062012
-364.581970 -920.403442 2830.073730
-217.997406 694.144836 2989.536377
-226.492477 462.824829 2965.133545
-110.669853 445.392029 3080.742432
-14.838776 134.848206 3097.635010
-10.198273 394.121582 2951.581787
-342.315094 480.257599 2849.524658
-342.314911 160.872375 2849.524658
-342.320343 -158.512512 2849.524658
-235.267029 220.338348 2937.359131
-164.729858 -34.085556 2988.750000
-222.830368 -518.205627 3015.832031
-258.074768 -982.320312 2954.619873
-323.353302 -10.210678 2830.419434
-378.582031 -495.064148 2837.382324
-372.841766 -941.524353 2834.827148
-218.205475 692.483765 2989.570557
-226.203873 461.675873 2964.633789
-110.092216 444.485443 3080.022461
-13.917229 138.451019 3092.772217
-7.726266 403.406189 2956.325439
-342.315552 478.866302 2849.245117
-342.315369 159.481079 2849.245117
-342.320801 -159.903809 2849.245117
-234.726746 219.153046 2937.079102
-163.753372 -35.139267 2988.525635
-229.025223 -518.439087 3014.001709
-251.792618 -983.474365 2954.316406
-322.745850 -11.600296 2830.523193
-382.784271 -496.006226 2840.773193
-356.315582 -918.425903 2826.333252
-215.842712 693.349304 2989.720215
-225.813217 462.324524 2965.012451
-110.726028 444.166687 3081.281738
-8.952751 139.217163 3090.384766
-6.865609 409.744659 2955.246338
-340.900421 480.482361 2848.743164
-340.900238 161.097137 2848.743164
-340.905670 -158.287750 2848.743164
-235.913605 219.901215 2937.150391
-167.209946 -34.955368 2988.901855
-242.027466 -517.139343 3005.532959
-252.147324 -983.665771 2955.965332
-324.818024 -10.088821 2829.674805
-364.974152 -496.265747 2829.792969
-361.161621 -941.741089 2836.052002
-216.544952 689.670471 2988.196045
-223.966476 459.169067 2963.335938
-109.607056 442.061981 3080.483398
-12.491028 139.116547 3082.700195
-1.336243 403.858856 2940.010254
-338.325897 476.276184 2846.188477
-338.325714 156.890961 2846.188477
-338.331146 -162.493927 2846.188477
-232.073212 216.635162 2935.832031
-161.873688 -37.612640 2988.543457
-240.598572 -518.969421 3011.587402
-243.719131 -985.165344 2956.981445
-318.486176 -14.184875 2828.112793
-350.305573 -501.210571 2830.977051
-341.723785 -922.215942 2823.886719
-215.662125 692.457764 2988.108643
-220.778259 460.115234 2963.449707
-107.772675 443.953247 3082.028564
-10.260651 140.061554 3086.858154
2.374007 409.661743 2944.411865
-333.783844 476.277252 2844.870850
-333.783661 156.892029 2844.870850
-333.789093 -162.492859 2844.870850
-227.722137 217.428482 2936.989258
-157.282639 -36.325623 2991.728516
-247.829803 -515.556641 3014.377930
-249.342239 -982.429871 2964.716309
-312.049408 -14.190948 2829.329102
-338.116608 -501.728210 2830.625000
-337.576569 -898.571350 2819.434814
-215.962296 690.010315 2988.590820
-220.771698 457.464294 2962.604736
-107.689705 440.922913 3081.073486
-2.127754 147.502228 3085.469971
3.629771 411.129578 2939.287842
-333.853668 474.005676 2844.135986
-333.853485 154.620453 2844.135986
-333.858917 -164.764435 2844.135986
-227.699356 214.861404 2935.343262
-157.199219 -39.067444 2989.197998
-249.428162 -518.117371 3011.360596
-251.510239 -984.145447 2954.123047
-312.054840 -16.415497 2826.965576
-337.885040 -504.069000 2824.874756
-341.001923 -888.008667 2812.236084
-216.177628 685.646606 2989.320801
-218.973831 453.117249 2961.176514
-106.468147 436.864441 3080.237549
6.417046 141.755127 3082.750488
4.541136 404.702271 2929.316162
-331.479523 469.369995 2842.115479
-331.479340 149.984772 2842.115479
-331.484772 -169.400116 2842.115479
-224.558334 210.546051 2933.340332
-153.106171 -43.153992 2987.029541
-236.904221 -523.938110 3003.116699
-243.973404 -991.416382 2962.625488
-307.179504 -20.896271 2823.978760
-323.084015 -508.907562 2818.922607
-343.617737 -880.852417 2812.776611
-214.195129 685.864380 2989.748291
-217.636978 453.525574 2960.618652
-104.025452 437.038757 3078.587891
11.700294 140.370148 3076.373047
4.687479 407.497467 2926.738281
-331.248505 470.012329 2842.649414
-331.248322 150.627106 2842.649414
-331.253754 -168.757782 2842.649414
-222.219711 211.129395 2931.155762
-149.005173 -42.556351 2982.474121
-214.435287 -526.036255 2988.137695
-240.322159 -993.533447 2965.001953
-304.599701 -19.977188 2820.911621
-331.663208 -507.376953 2811.663086
-343.650299 -872.268982 2806.799805
-211.514587 686.563599 2989.916504
-217.568649 453.562805 2959.101318
-104.061729 435.737000 3076.977051
15.868004 137.672943 3074.188965
-0.517859 409.742889 2930.418457
-331.075562 471.388611 2841.225586
-331.075378 152.003387 2841.225586
-331.080811 -167.381500 2841.225586
-224.249359 211.310608 2928.899414
-153.206207 -43.147797 2979.412842
-186.118576 -529.089722 2978.188721
-252.036209 -991.578613 2961.888672
-308.653931 -18.735382 2817.982178
-336.348877 -506.254517 2811.731201
-356.662476 -866.846497 2806.502441
-208.930267 686.992676 2989.983887
-214.964798 454.229553 2957.399414
-99.806046 435.134064 3073.434814
17.920052 137.326965 3071.602295
1.159883 409.170807 2923.512695
-330.123535 473.325073 2841.364014
-330.123352 153.939850 2841.364014
-330.128784 -165.445038 2841.364014
-222.362045 212.296295 2924.926270
-150.895660 -42.714066 2971.916992
-147.047592 -528.376892 2952.879395
-243.796188 -985.224670 2958.323242
-308.622925 -16.559891 2812.989258
-330.758545 -504.361145 2804.760254
-370.900726 -917.369019 2811.986572
-204.218933 684.414368 2990.576172
-210.673615 452.093048 2956.860840
-95.159439 432.903015 3072.546387
19.452141 136.657684 3071.311768
2.804663 402.230743 2913.676025
-326.187805 471.283081 2841.175293
-326.187622 151.897858 2841.175293
-326.193054 -167.487030 2841.175293
-217.440964 210.254364 2923.501465
-145.116470 -44.723618 2969.351318
-109.439957 -526.824463 2924.308105
-236.268066 -973.718018 2962.623047
-303.300140 -18.445023 2810.932861
-320.291656 -506.467712 2802.299316
-383.215973 -943.036011 2825.527100
-197.790466 684.217651 2991.816895
-206.614212 452.806152 2956.667725
-90.491600 431.776489 3071.411377
27.994591 128.275330 3071.486816
2.938944 397.270569 2911.005371
-322.736816 473.835876 2841.924072
-322.736633 154.450653 2841.924072
-322.742065 -164.934235 2841.924072
-214.794418 211.397522 2920.701660
-143.456421 -44.411789 2963.309570
-79.958481 -521.392151 2897.160645
-232.597031 -958.398621 2956.093262
-302.492828 -15.610458 2806.161621
-335.390167 -502.635437 2801.600586
-366.440918 -914.237915 2811.017822
-191.913940 683.432739 2989.312256
-200.142944 451.837830 2954.937500
-84.795013 430.045471 3070.327148
31.004219 130.629395 3062.240479
10.201649 392.390442 2900.732666
-315.490875 473.630219 2839.547852
-315.490692 154.244995 2839.547852
-315.496124 -165.139893 2839.547852
-209.924469 210.458267 2919.128418
-140.724243 -45.843124 2962.329590
-51.619431 -518.920593 2892.782715
-209.387527 -951.290771 2933.080322
-298.687744 -15.999496 2804.309082
-328.164795 -503.386108 2799.425781
-358.322449 -890.416138 2809.523682
-185.554413 680.477234 2988.768555
-195.151260 448.533081 2952.051270
-74.898186 426.387604 3062.017578
38.987419 130.314575 3049.145508
20.353073 386.548004 2884.521484
-315.404327 470.678528 2842.084961
-315.404144 151.293304 2842.084961
-315.409576 -168.091583 2842.084961
-206.114456 207.316681 2915.462402
-134.656631 -49.078125 2954.244141
-22.653275 -515.922729 2874.075928
-178.011795 -952.669434 2911.448486
-299.498688 -18.721283 2803.502930
-330.713531 -506.089844 2802.467529
-353.878723 -881.730469 2804.390137
-176.453644 675.678223 2977.355957
-187.668335 444.148926 2944.558838
-66.397728 422.440277 3053.609375
50.510406 130.665649 3048.572998
24.538343 384.584717 2878.321777
-308.938934 465.857574 2835.508301
-308.938751 146.472351 2835.508301
-308.944183 -172.912537 2835.508301
-200.314514 202.650879 2910.546875
-129.960419 -53.705048 2951.171387
3.571457 -513.563721 2862.438477
-150.246582 -953.352295 2899.239258
-295.960968 -23.989288 2801.898438
-322.757294 -511.652374 2801.873047
-339.559967 -888.256531 2800.395508
-165.587952 673.349854 2969.462646
-179.475174 441.416382 2939.284180
-58.535583 419.022186 3048.629150
63.041801 131.972137 3045.116943
30.645706 392.730743 2875.004395
-300.414764 463.810547 2829.939209
-300.414581 144.425323 2829.939209
-300.420013 -174.959564 2829.939209
-194.210632 199.916016 2906.121582
-126.154541 -56.914703 2947.813232
25.512665 -508.215637 2844.816406
-97.258980 -943.050537 2897.227295
-291.737640 -26.253967 2798.104736
-314.261017 -514.147888 2796.926758
-342.263153 -877.778564 2801.778076
-152.348984 673.390137 2967.212646
-166.618652 440.676056 2939.207275
-46.992764 419.795898 3050.287109
77.142456 117.656128 3045.406738
38.670380 382.427948 2877.018311
-286.244537 461.556213 2828.127441
-286.244354 142.170990 2828.127441
-286.249786 -177.213898 2828.127441
-179.597992 198.850616 2907.727783
-110.664589 -57.272308 2952.309082
61.838646 -495.955017 2830.644043
-29.557487 -931.781616 2891.294434
-274.490082 -28.677338 2800.187500
-296.789917 -516.594910 2796.848633
-332.005676 -872.676514 2804.379150
-139.667175 675.845886 2966.065430
-154.988754 443.503601 2938.162354
-31.465265 422.762268 3044.789062
97.636345 117.607117 3028.545410
38.427246 387.222656 2873.133789
-278.512268 464.244934 2831.535645
-278.512085 144.859711 2831.535645
-278.517517 -174.525177 2831.535645
-168.271637 201.704865 2906.514404
-96.928490 -54.303757 2947.916504
83.810234 -484.246277 2807.269287
31.234745 -921.242493 2863.510986
-266.180542 -25.883957 2801.816406
-300.408173 -512.985779 2800.330566
-340.809784 -864.833008 2804.258789
-126.221260 675.005371 2964.968994
-141.786850 443.420288 2936.319824
-13.556369 422.328247 3036.982422
119.690613 113.964172 3020.641113
49.474617 382.694061 2866.011719
-270.017334 464.512299 2835.657227
-270.017151 145.127075 2835.657227
-270.022583 -174.257812 2835.657227
-156.721085 201.713959 2904.698242
-83.789764 -54.444946 2942.052246
104.956680 -478.719788 2793.210693
94.435623 -917.252258 2842.119141
-259.520874 -25.539764 2804.101074
-293.275482 -512.755615 2802.099365
-341.941864 -864.961182 2806.057129
-110.777397 677.628174 2964.418701
-126.676849 445.401550 2934.285645
8.515368 424.376831 3024.781006
151.014114 111.251465 3022.422607
61.488289 370.269012 2861.428955
-261.869049 466.426270 2843.790283
-261.868866 147.041046 2843.790283
-261.874298 -172.343842 2843.790283
-142.067932 203.922729 2901.175537
-64.692635 -51.982849 2930.161621
133.962738 -470.599670 2777.366211
159.783081 -905.082764 2815.592529
-250.225403 -23.129333 2805.969238
-284.796753 -510.240784 2798.334229
-338.546082 -863.241943 2805.687744
-91.737747 677.976379 2963.570068
-106.924263 446.144379 2931.584229
34.664665 425.842163 3011.530762
170.318115 121.997406 2991.950439
71.767296 382.434937 2837.519775
-248.513184 466.446594 2851.637695
-248.513000 147.061371 2851.637695
-248.518448 -172.323517 2851.637695
-121.991776 204.852158 2896.993408
-40.002525 -50.356873 2917.204590
158.866638 -471.004974 2769.545898
219.247559 -906.687866 2794.874023
-234.116043 -22.523254 2807.600586
-268.631073 -509.677612 2800.048340
-330.914917 -864.178955 2808.912598
