-262.097290 716.179688 2554.387451
-265.471680 490.282227 2510.285156
-94.389618 480.506042 2560.781738
-29.323685 177.467010 2488.411377
-105.902344 438.213104 2347.989990
-436.553741 500.058411 2459.788574
-436.553558 185.834503 2459.788574
-436.558929 -128.389069 2459.788574
-265.366638 254.447998 2464.270996
-159.069916 12.545654 2449.600342
-189.400864 -460.558563 2528.059326
-194.558746 -921.816040 2500.955078
-371.453278 24.681900 2386.913330
-388.026428 -441.407898 2502.635254
-398.728424 -903.147339 2490.071289
-262.228271 717.110779 2554.405762
-265.969696 491.039795 2510.343994
-94.115479 481.593811 2558.158936
-29.154785 176.235535 2487.192871
-106.673080 438.285522 2350.189209
-437.823914 500.485779 2462.529053
-437.823730 186.261871 2462.529053
-437.829102 -127.961700 2462.529053
-266.166931 255.177887 2464.457031
-159.678009 13.451965 2448.253174
-191.215530 -458.819977 2531.150146
-197.700638 -919.722778 2499.124756
-373.050323 25.179993 2388.886963
-391.106293 -442.747162 2496.483398
-402.625946 -904.574097 2492.057129
-261.420685 715.890198 2544.884766
-266.163788 488.502441 2506.171387
-95.729622 478.959351 2558.629883
-29.136635 175.578278 2487.092773
-106.762489 437.803528 2350.935059
-436.597961 498.045532 2453.712891
-436.597778 183.821625 2453.712891
-436.603149 -130.401947 2453.712891
-266.540161 251.919525 2464.354980
-161.089676 9.411087 2455.111328
-191.037857 -462.750549 2539.333252
-198.220261 -923.546997 2505.760498
-372.743378 21.262161 2389.965820
-389.850311 -447.220032 2495.479004
-400.543488 -909.125305 2494.337891
-262.546997 713.987915 2549.672607
-266.315369 487.091736 2507.591553
-95.440872 477.833069 2558.772217
-28.580162 176.781189 2489.550293
-106.651077 437.780273 2351.038574
-437.189850 496.350342 2456.410889
-437.189667 182.126434 2456.410889
-437.195038 -132.097137 2456.410889
-265.912170 250.911972 2463.519531
-159.460403 8.986099 2451.211426
-187.996719 -464.815796 2525.625488
-196.705276 -926.101257 2501.938721
-371.557556 20.478333 2387.683594
-390.236633 -448.570282 2490.456543
-398.112000 -910.534729 2493.028564
-261.749298 716.594177 2550.541260
-267.099731 489.601318 2508.418457
-96.206467 478.739471 2559.273193
-28.255951 177.363190 2491.276611
-106.509834 437.670349 2352.650146
-437.993011 500.463196 2457.563721
-437.992828 186.239288 2457.563721
-437.998199 -127.984283 2457.563721
-268.851440 253.509735 2463.878418
-164.531174 10.676270 2450.903564
-193.406235 -463.632172 2522.214111
-202.243195 -925.278015 2509.993408
-376.675110 24.159988 2387.773193
-398.408264 -443.388794 2496.472168
-403.520081 -905.309448 2490.775635
-260.401489 718.132935 2552.461914
-266.595551 492.296387 2510.210938
-96.280182 480.038086 2562.667236
-25.118469 178.169739 2491.153076
-106.599174 437.795105 2353.765869
-436.910919 504.554626 2457.754639
-436.910736 190.330719 2457.754639
-436.916107 -123.892853 2457.754639
-269.630188 256.351501 2464.926270
-166.943420 12.797440 2452.203369
-191.981354 -461.103699 2527.572754
-199.030151 -922.448486 2506.117432
-378.386230 28.015823 2387.079834
-394.833008 -438.409912 2501.270508
-398.165588 -899.966919 2484.024902
-259.855133 715.295532 2554.000000
-266.571106 489.503418 2510.248047
-96.151794 476.974060 2562.348389
-24.548882 178.556885 2492.617188
-106.673111 438.254150 2355.766113
-436.990417 502.032776 2458.147705
-436.990234 187.808868 2458.147705
-436.995605 -126.414703 2458.147705
-269.725647 253.765381 2463.874268
-167.101517 10.250412 2449.838867
-189.928436 -464.571411 2519.923340
-196.896744 -926.210754 2504.183594
-378.658875 25.804260 2385.162109
-392.374573 -441.144775 2497.718750
-398.148804 -902.899170 2485.091309
-260.121246 716.020691 2552.633057
-267.113037 489.632812 2509.391113
-96.574341 477.255859 2561.160156
-23.252495 178.807556 2497.203125
-106.797661 438.890045 2358.601074
-437.651733 502.009766 2457.622070
-437.651550 187.785858 2457.622070
-437.656921 -126.437714 2457.622070
-270.368652 253.754028 2463.721191
-167.767578 10.192642 2450.185303
-190.655014 -464.544067 2521.053955
-197.319305 -926.261963 2505.525635
-379.480957 25.557861 2385.917236
-392.044739 -441.020813 2500.235596
-399.709320 -902.860840 2489.919189
-259.972839 715.774902 2553.538086
-266.014801 489.420044 2509.909668
-96.403946 477.111053 2564.586914
-26.136604 177.902008 2497.119141
-103.258339 440.409058 2359.649658
-435.625671 501.729065 2455.232422
-435.625488 187.505157 2455.232422
-435.630859 -126.718414 2455.232422
-268.526764 253.464325 2464.582520
-165.741043 9.866928 2453.199951
-189.097870 -463.986206 2529.521240
-192.841263 -925.222290 2504.181641
-376.336426 25.150253 2385.310791
-387.021667 -441.723999 2498.660889
-396.952820 -903.481750 2485.790527
-257.793762 717.606323 2554.985107
-264.644135 491.108582 2511.517578
-95.345718 478.165588 2567.047607
-29.563065 173.426819 2495.606445
-104.823715 439.973267 2362.510010
-433.942566 504.051514 2455.987549
-433.942383 189.827606 2455.987549
-433.947754 -124.395966 2455.987549
-267.603119 255.276794 2465.570312
-165.477859 11.411270 2454.090820
-190.754349 -463.470398 2522.767578
-194.360443 -925.098145 2506.331055
-375.646362 27.478775 2385.155273
-390.137268 -437.668762 2504.801025
-397.662842 -899.273682 2486.464844
-257.483307 715.440369 2555.208252
-264.341522 489.044800 2510.851074
-94.483589 476.111481 2564.647461
-31.775127 172.709656 2496.790527
-101.958786 441.381073 2362.840820
-434.199432 501.978119 2457.054688
-434.199249 187.754211 2457.054688
-434.204620 -126.469360 2457.054688
-267.555847 253.327972 2464.330322
-165.331894 9.582870 2451.203369
-190.068344 -465.204651 2521.022705
-197.663834 -926.927734 2507.320312
-376.208466 25.639435 2384.415771
-391.530579 -439.655151 2503.521729
-398.084503 -901.263062 2484.167236
-257.508301 716.400085 2554.266113
-264.816895 489.184143 2511.078369
-94.737778 476.619385 2564.285156
-32.879471 170.878906 2495.830811
-104.000015 440.373779 2362.827637
-434.895996 501.748962 2457.871582
-434.895813 187.525055 2457.871582
-434.901184 -126.698517 2457.871582
-267.978210 253.287659 2465.476074
-165.568451 9.591980 2452.900146
-190.719788 -464.587463 2526.640625
-197.955704 -926.101562 2506.740234
-376.710602 25.190353 2386.847412
-390.617920 -440.807861 2503.383057
-400.783966 -902.553955 2492.726318
-257.258240 716.695801 2553.322510
-264.643158 489.425873 2511.216309
-95.107979 476.650909 2566.072998
-33.948708 170.935455 2495.424072
-101.495537 441.307007 2360.622803
-434.178345 502.200836 2456.359619
-434.178162 187.976929 2456.359619
-434.183533 -126.246643 2456.359619
-267.935883 253.376556 2466.420898
-165.988861 9.397125 2455.677979
-193.481369 -464.500763 2530.470703
-195.365479 -925.799866 2505.354004
-376.468353 25.257355 2387.572998
-389.283813 -442.272278 2497.800293
-401.323730 -904.075195 2494.857666
-257.828796 716.757446 2553.336670
-264.960419 489.781860 2511.700684
-95.467316 477.242432 2566.763184
-34.211792 171.108856 2495.804932
-103.978294 439.777924 2357.805420
-434.453522 502.321289 2456.638184
-434.453339 188.097382 2456.638184
-434.458710 -126.126190 2456.638184
-267.885651 253.718628 2466.945557
-165.602905 9.871918 2456.368896
-191.179749 -464.422211 2529.346436
-196.720596 -925.766113 2504.886963
-376.018860 25.438889 2388.011963
-390.902588 -442.660706 2495.604980
-400.684021 -904.571655 2495.916260
-258.575623 713.061279 2544.863525
-266.648621 485.380707 2506.422363
-96.250259 473.446625 2558.686035
-30.575905 173.074036 2499.897217
-105.084381 439.214355 2358.183838
-437.046997 497.314789 2454.158691
-437.046814 183.090881 2454.158691
-437.052185 -131.132690 2454.158691
-270.384888 248.813385 2464.584473
-168.334839 4.837173 2455.192627
-194.146118 -469.552368 2527.530029
-198.328979 -931.089783 2506.251709
-379.907471 19.654968 2390.300537
-396.688568 -448.394012 2497.910889
-402.824768 -910.383423 2500.183350
-257.878235 714.302002 2549.162109
-265.256165 487.735107 2508.612793
-94.983833 475.021057 2561.144043
-29.279694 173.514099 2498.491699
-104.533676 441.755859 2359.110840
-435.528503 500.449097 2456.081543
-435.528320 186.225189 2456.081543
-435.533691 -127.998383 2456.081543
-269.464905 251.479065 2465.073730
-167.985214 7.331406 2454.140869
-189.168976 -467.387634 2525.699219
-196.770920 -928.813232 2502.825195
-379.362091 23.114670 2388.928467
-391.502777 -444.745605 2497.919434
-398.671783 -906.616882 2491.191650
-257.465698 715.623474 2550.824707
-264.459290 489.227814 2509.435791
-94.051453 476.216064 2561.476318
-25.111237 176.723694 2495.766602
-102.250557 441.306702 2355.502930
-434.867126 502.239532 2457.395264
-434.866943 188.015625 2457.395264
-434.872314 -126.207947 2457.395264
-268.954712 253.114532 2465.120117
-167.674591 8.924606 2453.107178
-189.034866 -465.710083 2525.262695
-198.182114 -927.202759 2504.090332
-379.225677 25.077881 2388.501709
-392.930786 -442.844421 2497.109375
-397.919647 -904.786499 2489.651367
-258.374512 716.628052 2552.127441
-264.673187 490.468811 2510.860107
-94.109467 477.761353 2562.475830
-24.082100 177.877686 2493.389648
-101.286247 441.470947 2352.742432
-435.236908 503.176331 2459.244385
-435.236725 188.952423 2459.244385
-435.242096 -125.271149 2459.244385
-268.689575 254.441467 2466.022949
-166.831604 10.526169 2453.225342
-189.060883 -464.243591 2524.255615
-196.759430 -925.955444 2508.391846
-378.580322 26.302048 2389.146240
-390.321136 -441.508362 2498.489746
-400.007690 -903.408875 2493.168457
-258.845276 716.552368 2552.676758
-265.849854 489.864624 2511.129639
-95.297531 477.452942 2562.863281
-23.274277 181.632019 2486.166504
-105.402061 447.990570 2354.908691
-436.402191 502.276306 2459.395996
-436.402008 188.052399 2459.395996
-436.407379 -126.171173 2459.395996
-269.479156 253.796890 2466.457520
-167.240479 10.024780 2453.898193
-190.939133 -464.905701 2523.361572
-195.854050 -926.578857 2505.183838
-378.976440 25.433517 2389.672607
-390.556305 -442.430603 2498.836182
-398.835693 -904.277222 2488.573486
-259.003326 715.223145 2553.554688
-266.464417 489.269196 2511.262939
-94.189590 478.032288 2556.772949
-19.632812 188.818420 2477.077637
-112.697182 452.023376 2350.202637
-438.739227 500.506104 2465.752930
-438.739044 186.282196 2465.752930
-438.744415 -127.941376 2465.752930
-270.102112 253.172455 2466.737549
-166.729935 10.095810 2450.480957
-188.458527 -465.545044 2515.437256
-198.119034 -927.269226 2501.684570
-380.749695 24.055603 2393.943359
-392.548096 -444.968079 2497.866211
-400.664734 -906.902832 2491.976074
-258.762085 712.452026 2553.996826
-264.613434 486.509460 2511.806885
-93.083595 475.957336 2560.322754
-13.827690 195.910431 2461.562012
-116.749039 457.119843 2343.262939
-436.143280 497.061646 2463.291016
-436.143097 182.837738 2463.291016
-436.148468 -131.385834 2463.291016
-266.584595 250.373199 2467.416016
-162.098969 7.687927 2453.135498
-184.204163 -466.473785 2527.508057
-196.127869 -927.795532 2505.775635
-375.012543 20.785904 2392.914795
-387.615082 -448.871460 2493.869873
-392.445068 -910.864685 2487.897949
-260.981598 711.018982 2553.674561
-265.159241 485.364777 2511.465332
-92.120476 476.935760 2554.517578
-7.920036 202.452545 2445.747070
-123.109627 462.944489 2334.577637
-438.197998 493.793793 2468.413086
-438.197815 179.569885 2468.413086
-438.203186 -134.653687 2468.413086
-265.534546 249.283722 2466.751953
-158.462265 7.968719 2448.771729
-185.982849 -465.396606 2526.420166
-196.184113 -926.048096 2493.897705
-373.357452 18.436615 2395.305420
-389.551147 -450.504456 2499.001953
-398.796692 -912.408813 2491.812744
-261.569092 712.171753 2553.535645
-266.360901 486.403809 2512.406006
-91.763275 479.446899 2548.580078
-3.948097 216.234802 2420.369629
-127.320786 473.986267 2315.337402
-440.958557 493.360779 2476.231934
-440.958374 179.136871 2476.231934
-440.963745 -135.086700 2476.231934
-266.627197 250.210815 2468.266113
-158.469406 9.697586 2446.590088
-190.327255 -462.622620 2528.844482
-199.821182 -923.754395 2502.995850
-375.317566 18.338028 2401.662354
-394.574341 -450.055908 2507.306885
-402.511963 -911.896179 2495.813232
-263.517273 711.202759 2554.471680
-268.923309 486.263397 2513.726807
-93.477158 480.074066 2546.046875
2.528633 232.619553 2396.676514
-137.459442 481.864014 2293.801758
-444.369446 492.452728 2481.406738
-444.369263 178.228821 2481.406738
-444.374634 -135.994751 2481.406738
-269.151550 250.041351 2469.728271
-160.511856 9.978699 2445.784912
-192.044022 -461.937500 2530.664795
-202.173141 -922.894104 2501.190674
-378.247742 17.659912 2405.674561
-395.370087 -451.458344 2508.442383
-402.905884 -912.918213 2487.816650
-264.218689 710.345093 2553.435547
-270.202271 485.591064 2514.402832
-94.103691 479.706177 2543.285156
3.773788 248.314743 2368.332275
-143.718674 493.595734 2263.393799
-446.300842 491.476013 2485.520508
-446.300659 177.252106 2485.520508
-446.306030 -136.971466 2485.520508
-270.988586 249.252625 2471.041016
-162.488922 9.262009 2445.603516
-192.324478 -463.664124 2525.284912
-200.264893 -925.136719 2506.540039
-381.060883 16.566330 2409.754883
-396.423492 -453.053833 2510.522705
-402.058777 -914.358398 2485.561523
-267.467010 715.660889 2561.924805
-273.180359 490.536926 2519.888428
-96.048439 485.574127 2540.655273
1.816666 270.104950 2342.169922
-148.755112 508.006836 2225.595703
-450.312286 495.499695 2499.121582
-450.312103 181.275787 2499.121582
-450.317474 -132.947784 2499.121582
-274.352997 254.783936 2473.549805
-165.489273 15.948029 2440.111816
-193.019089 -457.270691 2519.021729
-202.482162 -918.760132 2499.375488
-385.561981 22.113907 2414.310547
-396.670624 -447.714478 2514.628174
-404.929413 -908.804199 2486.282715
-269.387207 718.817200 2566.159912
-274.738617 493.527405 2523.706543
-96.913330 489.496338 2537.282959
-5.605766 293.540100 2317.595215
-157.416321 520.193298 2181.842529
-452.563904 497.558472 2510.130127
-452.563721 183.334564 2510.130127
-452.569092 -130.889008 2510.130127
-276.489746 257.905212 2476.680664
-167.840866 19.780396 2438.083496
-190.883759 -452.336639 2524.322998
-205.748077 -913.739868 2505.744873
-388.640900 24.785645 2421.226074
-396.136993 -446.655823 2513.691162
-403.415802 -908.118591 2492.466553
-270.861176 721.546753 2568.267578
-275.880524 496.219360 2526.299561
-97.645714 493.183228 2533.686768
-12.795654 325.274048 2290.302002
-167.825760 532.717773 2125.457031
-454.115326 499.255554 2518.912354
-454.115143 185.031647 2518.912354
-454.120514 -129.191925 2518.912354
-277.962769 260.517029 2479.662109
-169.422485 22.930283 2437.609619
-191.105057 -448.124146 2529.845947
-202.076782 -909.208008 2503.403320
-390.667511 26.699081 2428.439697
-394.641479 -445.911621 2514.944092
-400.789124 -907.430054 2493.667725
-270.797150 720.092102 2570.828369
-275.950531 496.054993 2527.756104
-97.507668 493.634338 2531.307373
-28.404076 361.632202 2263.145996
-171.673157 540.452820 2060.990967
-454.393402 498.475647 2524.204834
-454.393219 184.251740 2524.204834
-454.398590 -129.971832 2524.204834
-278.206482 260.470337 2480.523682
-169.745255 23.383759 2435.494629
-190.362579 -447.616394 2528.470459
-199.699600 -908.917419 2504.382812
-391.179596 26.387604 2431.087891
-391.981384 -446.762512 2514.859619
-398.400024 -908.206787 2491.735840
-270.014801 716.111084 2572.119629
-275.600220 492.002075 2528.143799
-97.088402 490.051636 2527.361572
-52.203117 404.313690 2238.071777
-174.402771 536.292725 1995.380127
-454.112061 493.952484 2528.926025
-454.111877 179.728577 2528.926025
-454.117249 -134.494995 2528.926025
-278.381592 256.451904 2480.759766
-170.371124 19.691223 2432.890381
-189.655121 -451.028473 2527.647461
-199.949249 -912.263184 2502.112305
-391.954803 22.112244 2433.861084
-390.470978 -451.402588 2515.680908
-396.837067 -912.835327 2492.062012
-269.371216 715.661621 2571.299561
-276.537811 491.102417 2528.395264
-98.678230 490.237427 2516.639648
-81.561523 451.675201 2215.579834
-164.609650 517.429077 1939.274536
-454.397400 491.967468 2540.150879
-454.397217 177.743561 2540.150879
-454.402588 -136.480011 2540.150879
-280.734802 255.334290 2482.246094
-174.356491 19.028366 2428.788574
-192.364334 -451.491516 2524.834473
-201.988144 -912.764771 2499.397217
-395.507080 20.103928 2443.405273
-395.676056 -453.142395 2526.869629
-397.736389 -913.991028 2494.551514
-270.015015 715.249634 2571.972412
-278.651947 491.546204 2528.602783
-102.025711 490.757324 2505.726807
-106.252579 480.332275 2199.880371
-152.687088 503.952698 1909.163818
-455.278168 492.335114 2551.478760
-455.277985 178.111206 2551.478760
-455.283356 -136.112366 2551.478760
-285.582214 255.705124 2483.228027
-182.782593 19.373917 2423.641357
-196.020401 -448.896729 2530.203369
-204.565018 -909.687683 2497.540039
-402.242401 20.354126 2452.065186
-394.476715 -454.348114 2525.348389
-402.219208 -915.174683 2493.300537
-270.505157 714.646606 2571.275391
-280.675415 491.627258 2528.572998
-104.961899 490.408142 2498.687012
-122.611443 493.160736 2190.487793
-153.417450 499.490112 1892.197754
-456.388947 492.846375 2558.458984
-456.388763 178.622467 2558.458984
-456.394135 -135.601105 2558.458984
-289.927490 255.752655 2483.798096
-190.190781 19.121887 2420.486084
-193.233200 -447.905060 2532.821289
-203.605820 -908.520386 2497.933594
-408.168335 20.634216 2457.560303
-395.803955 -454.739380 2526.015381
-399.194214 -915.250793 2489.079102
-274.149658 715.170959 2572.991943
-283.637238 492.411987 2529.281494
-108.112534 491.718231 2497.185791
-129.811539 496.081635 2185.230469
-159.504730 494.477142 1881.185547
-459.161957 493.105713 2561.377197
-459.161774 178.881805 2561.377197
-459.167145 -135.341766 2561.377197
-292.817749 256.586914 2484.173096
-193.161514 20.331680 2419.163330
-191.063156 -446.291199 2533.516846
-198.895569 -906.974121 2498.668213
-410.834991 21.192032 2458.966064
-395.358917 -453.789978 2529.844971
-390.092010 -912.290771 2476.186523
-277.122253 713.262085 2572.453613
-286.122040 490.795013 2529.929199
-110.624428 490.640564 2497.077637
-131.435959 497.063202 2184.598389
-160.516739 493.480957 1877.287354
-461.619659 490.949463 2562.780762
-461.619476 176.725555 2562.780762
-461.624847 -137.498016 2562.780762
-294.849304 255.025299 2484.416016
-194.704300 19.159775 2418.522949
-189.767792 -447.507141 2532.873535
-197.643158 -908.401489 2500.874512
-412.448822 19.351395 2459.282715
-396.824158 -453.986572 2540.029297
-385.760010 -909.805603 2468.721924
-277.350128 714.639648 2572.060547
-285.700745 491.632263 2529.531250
-109.985359 491.824554 2497.558350
-133.242340 495.546509 2185.309082
-161.827393 494.661621 1875.151367
-461.416107 491.439972 2561.504150
-461.415924 177.216064 2561.504150
-461.421295 -137.007507 2561.504150
-293.604584 255.706512 2484.675049
-192.467499 19.900085 2419.978027
-185.264694 -446.272980 2536.331299
-191.716705 -906.923462 2500.766602
-410.549347 19.661438 2459.659668
-394.336365 -453.838165 2539.774902
-381.330261 -908.903564 2462.563477
-277.449493 713.977783 2562.568359
-286.025055 489.371338 2525.971191
-109.883942 488.228943 2496.406250
-133.653946 490.251404 2183.634766
-167.222916 492.200134 1874.600830
-462.166168 490.513733 2555.536133
-462.165985 176.289825 2555.536133
-462.171356 -137.933746 2555.536133
-294.359009 252.713303 2485.464355
-193.359344 15.346176 2426.606201
-187.466995 -452.064453 2537.939941
-196.488693 -912.969238 2506.659668
-412.026581 16.764389 2463.308838
-399.666718 -456.711487 2544.370850
-384.018158 -911.239868 2463.670166
-277.402771 717.454651 2557.937988
-285.524750 491.080322 2524.431152
-109.349358 489.868500 2494.918701
-132.832092 486.629456 2184.283447
-164.415573 492.812134 1875.342773
-461.700165 492.292114 2553.943604
-461.699982 178.068207 2553.943604
-461.705353 -136.155365 2553.943604
-293.579041 254.041046 2486.084717
-192.289154 16.249664 2429.421143
-185.576401 -453.397003 2530.433594
-194.799973 -914.527710 2502.627930
-410.977509 17.753906 2466.055420
-396.908173 -456.496704 2542.142090
-380.943390 -910.865479 2460.079102
-279.513397 720.235291 2564.143799
-284.435669 493.978455 2527.889648
-108.218369 495.467499 2498.687988
-132.932526 482.825165 2184.640381
-161.992996 493.969208 1877.716309
-460.652954 492.489441 2557.091309
-460.652771 178.265533 2557.091309
-460.658142 -135.958038 2557.091309
-289.251343 257.339966 2486.763672
-184.676483 21.625824 2427.510010
-180.935501 -448.779449 2525.342041
-186.147430 -910.105347 2499.953613
-403.457550 19.777130 2463.765381
-390.472412 -454.002655 2543.015137
-373.419891 -907.107300 2454.439209
-278.430969 718.974426 2567.760986
-282.525909 493.440186 2529.556641
-105.833885 495.463623 2503.499512
-128.948883 480.424652 2187.843994
-161.385498 494.976562 1882.185059
-459.217926 491.416687 2555.613770
-459.217743 177.192780 2555.613770
-459.223114 -137.030792 2555.613770
-286.233337 257.191132 2486.071533
-180.252731 22.198227 2426.410400
-184.367996 -447.212402 2528.707275
-187.639038 -908.499512 2502.056885
-399.628815 19.685959 2458.762451
-393.510101 -454.807068 2534.210693
-377.483887 -909.302979 2452.933350
-277.596100 716.510925 2569.496826
-284.210388 491.419983 2530.358398
-106.869781 490.746826 2509.777588
-116.466904 474.721588 2195.393799
-159.004349 498.348969 1891.785400
-461.550964 492.093170 2550.939209
-461.550781 177.869263 2550.939209
-461.556152 -136.354309 2550.939209
-290.179077 255.247971 2486.652832
-186.013779 18.657883 2430.166016
-194.259720 -450.996399 2531.308594
-198.179825 -912.378052 2506.260254
-406.281799 19.494003 2455.728516
-401.990173 -455.729614 2526.680908
-391.311279 -913.328369 2468.318359
-276.217102 716.261658 2570.935547
-284.701782 490.911682 2532.033691
-107.182457 488.723206 2512.671143
-107.211143 460.347443 2206.212646
-158.612000 503.793488 1906.212158
-462.221100 493.100159 2551.396240
-462.220917 178.876251 2551.396240
-462.226288 -135.347321 2551.396240
-292.467560 254.937317 2487.508301
-190.072220 17.604889 2430.967285
-193.494385 -453.059998 2527.568604
-197.350220 -914.693970 2508.384033
-410.394440 20.321014 2454.998535
-397.187256 -455.066833 2523.322266
-395.577209 -914.285767 2477.538574
-276.135529 715.337585 2571.144775
-286.001343 489.930115 2532.601318
-108.218987 486.546631 2515.878418
-95.101654 447.168427 2213.611084
-159.085739 509.156860 1920.236084
-463.783691 493.313599 2549.324219
-463.783508 179.089691 2549.324219
-463.788879 -135.133881 2549.324219
-294.666748 253.948624 2488.225342
-192.983139 15.867020 2433.469482
-193.521927 -454.199158 2533.126221
-196.322220 -915.234985 2504.008301
-413.681152 20.067245 2454.229248
-397.396027 -455.995117 2517.121826
-398.980957 -916.292969 2481.584229
-274.671783 715.992615 2571.751465
-285.104034 491.168762 2533.000244
-107.088486 487.058899 2519.083740
-74.047150 425.581573 2221.318359
-159.489471 517.648804 1943.754395
-463.119568 495.278625 2546.916748
-463.119385 181.054718 2546.916748
-463.124756 -133.168854 2546.916748
-294.037476 255.231934 2488.405273
-192.472977 16.744003 2435.172119
-188.562576 -455.708618 2521.786621
-192.703995 -917.250854 2508.949707
-413.468872 21.846176 2452.448486
-394.137207 -454.222656 2514.742676
-396.706055 -914.972290 2482.730225
-275.611755 715.973389 2572.559570
-287.104462 490.600830 2532.500000
-108.892685 485.514099 2521.894775
-58.514816 403.292053 2233.169189
-159.096710 525.592285 1972.401611
-465.316254 495.687622 2543.105225
-465.316071 181.463715 2543.105225
-465.321442 -132.759857 2543.105225
-296.529724 254.812897 2487.213867
-195.327057 15.867264 2435.344238
-191.938034 -457.336548 2518.379883
-199.182480 -919.087769 2509.929932
-416.582916 22.182632 2448.511230
-392.772552 -453.447510 2512.627197
-402.159607 -914.230164 2481.479004
-275.172913 716.061401 2572.443359
-287.463989 490.932251 2532.692627
-109.182846 484.581360 2523.763672
-47.747974 382.633575 2245.089111
-158.476074 533.191162 2002.487427
-465.745148 497.283173 2541.621582
-465.744965 183.059265 2541.621582
-465.750336 -131.164307 2541.621582
-298.110107 255.110031 2487.862793
-198.100388 15.345901 2437.490967
-193.125275 -456.149170 2529.537354
-198.927979 -917.415283 2508.046143
-419.412048 23.229675 2448.574951
-393.549011 -452.484924 2511.417725
-403.182983 -913.697876 2486.916992
-276.603119 715.101868 2571.396973
-288.868927 490.012451 2531.618896
-110.488983 482.964813 2526.065186
-39.874405 360.813660 2258.055420
-152.699066 538.071472 2033.729736
-467.248871 497.060059 2537.172607
-467.248688 182.836151 2537.172607
-467.254059 -131.387421 2537.172607
-299.580994 254.182266 2486.830078
-199.557251 13.977020 2438.593506
-192.122665 -458.250275 2526.944092
-197.906281 -919.894165 2513.296875
-421.028870 22.727173 2445.489014
-392.960754 -452.362762 2511.985840
-400.709534 -913.284668 2481.599365
-275.872681 716.681396 2571.872803
-288.428711 491.458679 2532.210693
-110.008904 483.709869 2529.226318
-31.936264 342.402191 2272.040527
-150.155548 539.448730 2069.224854
-466.848511 499.207489 2535.195068
-466.848328 184.983582 2535.195068
-466.853699 -129.239990 2535.195068
-299.419250 255.629578 2487.476562
-199.661346 14.990646 2440.889893
-190.048065 -457.385498 2528.469971
-197.458267 -919.047852 2512.984863
-421.158234 24.610291 2444.594971
-392.777771 -449.832977 2515.421143
-399.516205 -910.867859 2485.731445
-277.488312 718.929382 2579.635254
-289.427063 494.500549 2536.159912
-110.958878 487.059814 2534.370850
-25.464058 320.205139 2294.048096
-145.710663 533.804199 2105.158203
-467.895264 501.941254 2537.948975
-467.895081 187.717346 2537.948975
-467.900452 -126.506226 2537.948975
-299.713745 259.215515 2488.577393
-199.229279 19.312195 2439.884521
-189.118393 -453.272034 2526.423096
-198.026169 -914.754517 2506.207275
-420.771576 28.548767 2442.105225
-392.090057 -446.185089 2510.934814
-400.034576 -907.424438 2484.725098
-276.343109 717.423218 2574.500732
-288.842499 494.415405 2534.243652
-110.498833 485.847290 2537.327393
-20.256279 302.085602 2312.521973
-142.892654 529.397461 2142.856934
-467.186157 502.983521 2531.159912
-467.185974 188.759613 2531.159912
-467.191345 -125.463959 2531.159912
-299.367157 258.812683 2488.294434
-199.151215 17.889664 2444.260010
-189.694458 -454.335449 2532.861328
-198.626312 -915.889038 2513.356689
-420.632446 28.530228 2440.430420
-391.310974 -446.527527 2506.741211
-400.061523 -908.134399 2491.442871
-274.737793 716.331421 2572.514648
-284.837677 491.823090 2532.119141
-106.863312 484.446320 2542.847168
-14.138947 284.027161 2337.334961
-135.270233 520.325623 2177.622070
-462.812042 499.199860 2521.391113
-462.811859 184.975952 2521.391113
-462.817230 -129.247620 2521.391113
-291.857086 256.054504 2486.447754
-188.321869 15.703598 2447.440430
-180.022552 -457.063904 2533.218994
-189.447266 -918.340820 2508.372803
-409.431122 24.868256 2434.112305
-380.527374 -450.344360 2499.552490
-389.900970 -912.072205 2486.281738
-274.671356 713.944580 2572.502441
-283.215118 489.756592 2530.928955
-105.886154 482.602814 2549.081299
-10.058784 268.016724 2359.214355
-129.694321 512.726562 2210.643311
-460.544098 496.910400 2512.776611
-460.543915 182.686493 2512.776611
-460.549286 -131.537079 2512.776611
-287.981812 254.054230 2484.603027
-182.641205 13.909912 2449.548340
-184.487167 -459.628143 2530.655273
-194.017426 -920.998413 2507.173584
-402.855804 22.793777 2427.005859
-385.985443 -451.493347 2501.139404
-394.320770 -912.969971 2480.821289
-273.787415 715.269958 2572.452637
-281.437073 490.076691 2531.381348
-104.380661 483.134399 2552.924072
-10.540565 251.503769 2377.624512
-127.696732 504.296204 2239.177490
-458.493469 497.018982 2509.838623
-458.493286 182.795074 2509.838623
-458.498657 -131.428497 2509.838623
-285.120789 254.227112 2485.651855
-178.958160 14.070511 2453.287598
-188.401154 -459.495117 2533.760010
-191.844070 -920.924133 2510.263428
-398.650848 22.684570 2426.557129
-389.036743 -451.134552 2505.121094
-396.303528 -912.762695 2487.025391
-272.332184 713.387329 2573.441895
-279.856659 489.260345 2530.730957
-103.041611 482.267761 2554.651611
-5.266548 244.256088 2392.839111
-126.415016 502.042969 2271.160400
-456.671692 496.252930 2506.810303
-456.671509 182.029022 2506.810303
-456.676880 -132.194550 2506.810303
-282.779602 253.698746 2483.475098
-175.985916 13.798126 2451.062500
-188.792770 -460.528748 2526.599609
-192.764481 -922.027100 2504.061035
-395.419189 22.476181 2421.375977
-386.623840 -451.557007 2499.325439
-399.108826 -913.172485 2484.355469
-271.802063 713.875244 2571.407227
-279.704895 488.753510 2529.903320
-103.223564 481.056213 2556.189453
-2.138275 233.620575 2409.425537
-120.858437 494.741608 2296.764893
-456.186218 496.450775 2503.617188
-456.186035 182.226868 2503.617188
-456.191406 -131.996704 2503.617188
-283.056091 253.045685 2483.380371
-176.876816 12.560669 2453.171631
-192.123215 -461.552551 2529.867188
-197.180222 -923.076050 2507.806885
-395.937744 22.115051 2420.543213
-392.005463 -450.076233 2508.826904
-402.218781 -911.434082 2486.728760
-270.805359 713.139465 2572.389648
-279.857269 488.452087 2529.617432
-104.208923 478.925781 2560.296143
-2.058601 219.814606 2428.708252
-114.360634 482.785492 2314.329346
-455.505615 497.978455 2498.938721
-455.505432 183.754547 2498.938721
-455.510803 -130.469025 2498.938721
-284.372803 252.915283 2482.331055
-179.835846 11.463974 2454.091797
-193.550827 -463.219360 2527.584473
-200.389053 -924.632080 2503.737793
-397.940826 23.292953 2415.997559
-394.501801 -448.674561 2505.975830
-404.254639 -910.173767 2485.808594
-269.676758 712.362244 2572.890869
-279.417877 488.456665 2528.957031
-104.295990 477.597076 2562.235596
-1.523720 213.402924 2444.361084
-110.958267 475.914642 2327.751953
-454.539764 499.316254 2495.678467
-454.539581 185.092346 2495.678467
-454.544952 -129.131226 2495.678467
-284.944672 253.031677 2481.214844
-181.780579 10.866592 2454.127197
-193.888367 -462.708984 2534.516357
-197.722473 -923.487305 2501.392822
-399.162354 24.346771 2412.818115
-393.287476 -447.771027 2502.103760
-403.391937 -909.479797 2488.380615
-269.526337 711.671875 2572.145508
-279.838776 487.237305 2527.846680
-104.892258 475.568573 2561.942139
-1.741173 210.674103 2454.206299
-109.577957 472.241516 2334.420166
-454.785309 498.906067 2493.751221
-454.785126 184.682159 2493.751221
-454.790497 -129.541412 2493.751221
-286.222656 251.844727 2480.041504
-184.029709 9.210175 2453.396973
-194.318069 -464.636932 2532.625488
-196.697815 -925.492920 2499.708252
-401.183350 23.694107 2411.075684
-395.169830 -447.711121 2504.105713
-403.446503 -909.474609 2489.944824
-268.862244 711.585144 2571.761719
-278.782867 486.812500 2527.393799
-104.029083 474.844849 2562.452148
-6.372498 206.825043 2469.634766
-103.180115 466.537048 2337.501953
-453.536652 498.780151 2492.335449
-453.536469 184.556244 2492.335449
-453.541840 -129.667328 2492.335449
-285.352112 251.385498 2479.771973
-183.454605 8.530396 2453.910156
-189.930466 -465.598328 2531.873779
-198.701859 -926.629883 2503.282715
-400.388123 23.386642 2410.390137
-391.336456 -447.403625 2506.260254
-400.657654 -909.004028 2488.009277
-267.584473 714.203674 2572.570068
-277.983643 488.397400 2528.505859
-103.642075 475.762390 2565.341797
-7.686615 201.404083 2480.835938
-104.798798 463.984436 2356.114746
-452.325195 501.032410 2491.669922
-452.325012 186.808502 2491.669922
-452.330383 -127.415070 2491.669922
-284.978699 252.985855 2480.864014
-183.752823 9.731232 2456.087646
-192.006958 -463.474945 2539.234863
-196.381882 -923.871826 2501.757324
-400.194702 25.417358 2410.356689
-391.503906 -444.882538 2508.701660
-400.729492 -906.179993 2484.315430
-269.551727 711.523132 2572.507812
-279.412842 486.616730 2527.559326
-105.769211 474.216858 2567.547363
-13.848427 192.704163 2490.941650
-110.082863 455.482178 2365.264648
-453.056458 499.016632 2487.571289
-453.056274 184.792725 2487.571289
-453.061646 -129.430847 2487.571289
-285.172302 251.242523 2479.581055
-183.132370 8.170364 2456.427734
-190.168533 -466.265076 2532.148926
-196.997772 -927.240173 2503.245117
-398.731140 23.566284 2406.777832
-391.415283 -447.560760 2501.168701
-399.425232 -909.214172 2486.148682
-268.852539 713.048767 2573.470215
-278.007477 488.190399 2528.254395
-104.447243 476.097107 2568.781250
-20.497551 188.383331 2501.538574
-105.111214 450.497253 2363.774414
-451.567719 500.283691 2487.727539
-451.567535 186.059784 2487.727539
-451.572906 -128.163788 2487.727539
-283.180359 252.822220 2480.172607
-180.628433 9.947998 2457.244873
-188.564041 -464.723572 2531.641113
-195.716095 -925.565063 2499.701660
-396.078033 24.960068 2406.936768
-392.021454 -446.415527 2500.297607
-396.854218 -908.279724 2490.860352
-268.557861 713.172058 2572.339355
-277.847260 487.553253 2527.901123
-104.200073 475.590546 2568.139893
-26.735817 181.762939 2513.060791
-107.287910 447.944519 2375.928955
-451.494446 499.515991 2487.662354
-451.494263 185.292084 2487.662354
-451.499634 -128.931488 2487.662354
-282.976257 252.136520 2480.046387
-180.321198 9.294449 2457.168213
-188.444504 -465.661438 2529.836670
-200.971603 -926.297241 2496.442383
-395.889313 24.145126 2407.215088
-393.374298 -447.609131 2498.740723
-400.583344 -909.538208 2494.397949
-267.169098 713.665161 2572.895508
-276.421692 488.464539 2527.843994
-102.625290 476.280029 2567.383057
-29.825417 178.357727 2519.500488
-108.393822 446.435944 2385.026367
-450.218109 500.649109 2488.304932
-450.217926 186.425201 2488.304932
-450.223297 -127.798370 2488.304932
-281.964447 253.119598 2479.681641
-179.626450 10.211334 2456.062256
-188.530640 -465.036804 2526.756836
-200.908096 -926.288818 2506.220215
-395.387939 25.337936 2406.976318
-392.093384 -446.132996 2499.963135
-400.316895 -907.909729 2488.459229
-265.644257 715.137756 2572.617920
-275.054565 490.292725 2528.172607
-101.414436 477.223206 2568.118164
-30.876022 177.648041 2520.747070
-110.947838 445.948761 2386.843018
-448.694702 503.362244 2488.227051
-448.694519 189.138336 2488.227051
-448.699890 -125.085236 2488.227051
-281.789215 254.896194 2480.428711
-180.738373 11.386887 2457.480469
-190.321442 -464.095032 2526.532715
-202.615906 -925.510498 2507.230469
-396.309357 27.612457 2407.889160
-391.159485 -442.448242 2507.468750
-402.628693 -903.829346 2487.515869
-266.257721 714.216797 2572.573486
-271.870972 488.677582 2528.615479
-99.793579 477.412842 2574.833984
-31.962624 176.811615 2522.441650
-112.501785 446.007385 2387.786133
-443.948395 499.942291 2482.396973
-443.948212 185.718384 2482.396973
-443.953583 -128.505188 2482.396973
-274.767609 253.015778 2481.962158
-170.775040 10.356674 2464.018311
-180.041656 -465.404785 2531.177979
-190.742493 -926.980957 2513.669189
-384.553436 24.351257 2406.599365
-380.053680 -446.101532 2504.464844
-388.104034 -907.631897 2484.985352
-265.794739 712.990112 2571.993652
-269.702423 487.551880 2528.971191
-99.078857 476.560852 2580.304688
-32.493629 176.900604 2521.248535
-113.521194 445.802856 2386.480225
-440.325989 498.542908 2477.637695
-440.325806 184.319000 2477.637695
-440.331177 -129.904572 2477.637695
-271.014343 251.760193 2482.845703
-166.403778 9.145309 2468.587891
-187.200317 -466.430969 2533.445557
-193.913361 -927.537964 2506.415283
-378.248749 22.791687 2404.852539
-385.595337 -447.933411 2500.550781
-394.591614 -909.599060 2484.256104
-264.209351 712.347046 2573.725098
-269.605377 486.787628 2528.922607
-98.065681 476.197083 2577.364014
-32.750175 177.446075 2523.114990
-113.965080 445.956604 2387.726318
-441.145050 497.378174 2480.481201
-441.144867 183.154266 2480.481201
-441.150238 -131.069305 2480.481201
-270.916138 251.134064 2482.043701
-165.771759 8.908142 2465.226807
-191.290924 -466.890625 2526.999023
-198.552887 -928.045227 2499.678223
-378.682037 22.052856 2405.102783
-393.419281 -447.394287 2506.062256
-398.893341 -908.998718 2486.679688
-263.486938 711.379578 2572.079102
-270.576874 485.864594 2527.511719
-98.437691 474.603638 2573.746582
-33.357582 176.720062 2522.047607
-113.973923 446.021179 2388.116211
-442.716034 497.125519 2481.276855
-442.715851 182.901611 2481.276855
-442.721222 -131.321960 2481.276855
-273.497803 250.156250 2480.977295
-169.584061 7.459030 2463.137695
-195.805862 -468.545288 2523.409668
-199.463699 -930.166748 2508.614502
-383.253418 21.436768 2405.748047
-399.432251 -448.062592 2506.640625
-401.412872 -909.643005 2485.833496
-262.271667 711.583557 2571.260986
-271.872925 485.663635 2526.499268
-99.539200 472.438416 2571.541260
-32.654999 176.347473 2524.016602
-114.547310 446.893555 2392.281494
-444.206635 498.888824 2481.457275
-444.206451 184.664917 2481.457275
-444.211823 -129.558655 2481.457275
-277.876648 249.968689 2480.264648
-176.915665 6.065079 2461.986816
-198.498306 -469.600525 2526.518311
-204.915924 -931.285645 2511.462402
-390.845093 22.482422 2406.073242
-402.193237 -447.429169 2505.783936
-405.564880 -909.139404 2488.104004
-263.151672 709.182007 2572.854980
-272.206604 483.596680 2526.649658
-100.457184 470.385986 2573.909668
-32.325432 175.179138 2525.036621
-111.259766 445.658722 2389.303711
-443.955994 496.807373 2479.389648
-443.955811 182.583466 2479.389648
-443.961182 -131.640106 2479.389648
-277.115540 248.216644 2478.692383
-175.417465 4.636551 2460.069824
-189.672623 -471.408997 2523.663086
-195.227646 -933.065247 2506.022949
-388.631531 21.036636 2401.400391
-392.155365 -449.410767 2498.982178
-396.754425 -911.290161 2488.734375
-263.368286 710.301880 2571.135254
-274.264709 484.465576 2525.566162
-102.444725 469.638947 2572.124512
-33.134163 174.074860 2525.002441
-109.916702 445.039307 2387.929199
-446.084717 499.292175 2479.007812
-446.084534 185.068268 2479.007812
-446.089905 -129.155304 2479.007812
-281.783142 249.012772 2478.330811
-182.651535 4.356964 2459.994629
-197.695282 -471.193359 2527.241455
-205.016495 -932.208618 2499.032227
-395.951599 22.762955 2402.196289
-401.347870 -447.555847 2500.543457
-403.779480 -909.522949 2498.426270
-264.354675 711.203491 2571.793701
-275.717194 485.937683 2525.660645
-103.262711 470.892822 2569.716797
-33.061699 173.032593 2524.493896
-109.505943 445.129333 2388.940430
-448.171661 500.982544 2481.604492
-448.171478 186.758636 2481.604492
-448.176849 -127.464935 2481.604492
-284.068451 250.591248 2477.981201
-185.366653 5.905533 2457.650146
-193.574432 -469.391724 2527.626221
-200.988953 -930.635559 2502.143799
-399.472778 24.584061 2402.953369
-397.233337 -445.715515 2501.355469
-400.768188 -907.659058 2494.397217
-264.740601 711.149231 2570.998779
-275.797729 485.608459 2525.618408
-103.297348 470.619537 2569.579590
-33.004318 173.046875 2524.118652
-108.932083 444.497253 2388.185059
-448.298096 500.597382 2481.657227
-448.297913 186.373474 2481.657227
-448.303284 -127.850098 2481.657227
-284.279724 250.124817 2478.610352
-185.692810 5.337738 2458.888428
-190.534698 -469.594177 2531.755615
-200.281128 -930.780273 2505.363525
-399.830627 23.944611 2404.316162
-394.436188 -446.576416 2501.691895
-398.376343 -908.567688 2495.388184
-264.526459 709.335510 2571.730957
-276.002563 484.548645 2525.567383
-102.745316 470.140259 2566.569580
-33.498009 173.026428 2523.045898
-111.397247 445.371826 2389.990234
-449.259827 498.957092 2484.565186
-449.259644 184.733185 2484.565186
-449.265015 -129.490387 2484.565186
-284.498474 249.032532 2478.704590
-185.434555 4.571518 2457.296387
-190.012070 -470.597656 2528.819824
-199.148407 -931.686279 2500.251465
-400.554199 22.461288 2406.387207
-394.711914 -446.963196 2508.890381
-399.795166 -908.528992 2491.232666
-264.368530 707.879517 2571.079102
-275.494263 482.486725 2526.031738
-102.221893 468.642029 2567.236816
-33.836838 174.069000 2523.561279
-110.221710 444.712402 2386.769531
-448.766632 496.331421 2484.826660
-448.766449 182.107513 2484.826660
-448.771820 -132.116058 2484.826660
-283.123901 246.976913 2478.984375
-183.205872 2.873886 2457.512451
-187.578079 -471.858032 2531.946045
-198.875504 -932.629272 2499.414551
-398.301208 20.060318 2406.361572
-391.994537 -449.709290 2507.365234
-396.958557 -911.458618 2492.936279
-263.292206 708.291016 2571.190430
-274.946991 483.027344 2526.745850
-101.729996 468.824524 2568.100586
-33.316032 173.956726 2523.762939
-111.987297 445.104492 2387.847412
-448.163971 497.230225 2485.391113
-448.163788 183.006317 2485.391113
-448.169159 -131.217255 2485.391113
-283.080627 247.488922 2479.920166
-183.696259 3.134598 2458.763916
-191.412964 -472.379150 2527.504639
-196.626556 -933.757812 2506.266357
-398.732269 20.766373 2407.425049
-392.210052 -447.763611 2513.938232
-399.912201 -908.721680 2486.301025
-263.184967 707.868530 2571.297119
-273.677643 482.263062 2527.019043
-100.405098 469.205841 2568.523926
-32.705460 174.015686 2523.382324
-110.295944 444.666168 2387.500977
-446.950195 495.320251 2485.514160
-446.950012 181.096344 2485.514160
-446.955383 -133.127228 2485.514160
-280.235413 246.662613 2480.276611
-179.236038 2.957031 2459.297852
-184.045715 -472.737854 2527.183838
-194.395782 -933.983276 2503.656250
-394.350311 19.167297 2407.770508
-387.853790 -449.767914 2512.583984
-396.189606 -910.921021 2486.434570
-262.811737 709.725586 2571.309570
-273.721436 484.168396 2527.502930
-100.307930 471.185333 2568.452881
-32.326012 174.022491 2525.099854
-109.436623 444.401520 2388.128906
-447.134949 497.151428 2486.552979
-447.134766 182.927521 2486.552979
-447.140137 -131.296051 2486.552979
-280.469025 248.455994 2481.344727
-179.573135 4.684601 2460.605469
-190.084274 -470.388214 2531.926758
-196.392868 -931.516479 2504.396240
-394.860077 20.802628 2409.767578
-394.409454 -448.696411 2512.085938
-401.399323 -910.178833 2491.448486
-262.732697 707.902954 2572.376465
-272.267029 482.513062 2527.901123
-99.092209 470.302338 2570.066406
-32.692322 173.524780 2524.581055
-108.772774 444.023743 2387.625000
-445.441833 494.723816 2485.735840
-445.441650 180.499908 2485.735840
-445.447021 -133.723663 2485.735840
-277.560364 246.835693 2481.390137
-175.354477 3.578430 2461.053467
-186.006851 -472.035065 2528.790771
-192.164886 -933.422424 2505.315186
-390.352905 18.738190 2408.704834
-390.141052 -451.685638 2506.729004
-394.583435 -913.308105 2487.711670
-262.482941 708.526733 2571.343262
-271.149994 482.781616 2528.189453
-98.069321 471.043091 2570.884033
-33.405098 172.807617 2524.790771
-109.168098 444.724976 2390.543457
-444.230652 494.520142 2485.494873
-444.230469 180.296234 2485.494873
-444.235840 -133.927338 2485.494873
-275.801727 246.983521 2482.215576
-173.016327 3.898911 2462.743652
-188.317078 -471.777405 2529.128906
-193.895721 -933.219116 2505.909180
-387.890594 18.471939 2409.739746
-392.277100 -451.735168 2508.710449
-396.065857 -913.349426 2488.703613
-261.908997 711.343689 2571.345703
-271.257568 484.948486 2528.680908
-98.351219 472.664978 2571.929199
-33.675835 173.379974 2526.395020
-111.474442 445.463745 2391.221191
-444.163940 497.231995 2485.432617
-444.163757 183.008087 2485.432617
-444.169128 -131.215485 2485.432617
-276.646729 249.064178 2483.229248
-174.705872 5.554977 2464.623535
-193.395416 -470.096802 2530.397461
-195.404236 -931.661499 2509.134766
-389.365906 20.804733 2410.931641
-396.834320 -450.393616 2504.803223
-400.296753 -912.210938 2490.989258
-263.051910 710.917725 2571.873047
-271.231598 484.407074 2528.740723
-97.806351 473.437653 2570.176514
-33.345673 173.199677 2525.675293
-110.171974 444.908295 2390.062256
-444.656830 495.376495 2487.304932
-444.656647 181.152588 2487.304932
-444.662018 -133.070984 2487.304932
-275.251465 248.530060 2483.120117
-171.611298 5.843384 2463.222168
-189.601807 -469.568939 2530.989990
-191.894653 -930.657959 2501.923096
-386.931366 19.462708 2411.776855
-392.889191 -452.142334 2503.823975
-397.801392 -914.038147 2492.731934
-261.577759 710.710449 2573.154541
-271.775848 484.752136 2529.506836
-98.152893 472.469604 2569.725830
-33.643440 173.080444 2525.328125
-109.743996 445.028656 2391.760498
-445.398804 497.034729 2489.287842
-445.398621 182.810822 2489.287842
-445.403992 -131.412750 2489.287842
-277.848114 248.959015 2483.710205
-176.144562 5.541519 2462.879395
-196.217911 -469.999573 2529.175293
-200.062454 -931.201050 2501.496582
-391.696198 20.790237 2412.947754
-401.390961 -451.158386 2502.887695
-402.388611 -913.144043 2495.890869
-262.014221 710.277039 2573.351318
-272.505096 484.904175 2529.226318
-98.857384 472.145386 2569.224609
-33.238861 172.958649 2525.198975
-109.264427 444.772125 2390.699219
-446.152802 497.662903 2489.228027
-446.152618 183.438995 2489.228027
-446.157990 -130.784576 2489.228027
-279.164032 249.214905 2482.953613
-178.036926 5.606064 2461.508545
-193.563812 -470.043762 2528.153076
-197.371338 -931.212524 2499.563721
-393.609009 21.445236 2411.853271
-398.240112 -450.785522 2500.658936
-397.385193 -912.759094 2491.795410
-261.726410 708.936890 2572.885742
-273.424957 483.810333 2528.249268
-100.288223 470.078247 2570.063965
-33.614319 172.469940 2524.120850
-109.187546 444.622589 2390.639404
-446.561676 497.542419 2486.434570
-446.561493 183.318512 2486.434570
-446.566864 -130.905060 2486.434570
-280.772034 248.270645 2481.317627
-180.640778 4.206467 2460.343506
-193.569046 -471.343872 2528.286865
-200.102646 -932.613037 2501.915771
-395.597443 21.255447 2408.428467
-397.713684 -449.931824 2502.629883
-399.859741 -911.657776 2486.557617
-260.613861 708.223511 2573.144531
-272.467896 483.160004 2528.860352
-99.758194 469.081177 2572.296143
-33.813393 171.729187 2524.076660
-109.127609 444.550232 2390.645996
-445.177612 497.238800 2485.424561
-445.177429 183.014893 2485.424561
-445.182800 -131.208679 2485.424561
-279.980957 247.537567 2482.360840
-180.285690 3.175812 2462.823730
-190.273941 -472.255249 2532.093994
-198.105850 -933.642090 2508.173584
-394.702332 20.654449 2408.898926
-392.566589 -450.084686 2505.346436
-399.021851 -911.826050 2490.313965
-261.745453 708.129211 2572.286377
-273.661072 483.058136 2528.563965
-100.764702 468.890930 2571.250244
-33.874825 171.853394 2523.998779
-109.048813 444.496368 2390.589844
-446.557434 497.225342 2485.877686
-446.557251 183.001434 2485.877686
-446.562622 -131.222137 2485.877686
-281.431458 247.484802 2481.851562
-181.881500 3.117584 2461.635498
-192.691650 -472.678040 2528.250732
-198.730408 -933.851379 2500.251953
-396.522186 20.705353 2408.642822
-394.943512 -449.914001 2505.815674
-401.714600 -911.632996 2489.401123
-261.225739 708.779907 2572.851807
-272.803680 483.156372 2529.291260
-100.025452 469.774139 2572.710938
-33.487213 171.954895 2525.029785
-109.385948 445.244019 2394.664795
-445.581909 496.538574 2485.871582
-445.581726 182.314667 2485.871582
-445.587097 -131.908905 2485.871582
-279.289246 247.564545 2482.487305
-178.524887 3.665894 2462.635498
-187.129425 -471.611572 2533.083252
-194.860947 -932.342529 2499.230469
-393.024750 20.279572 2408.731201
-389.657593 -450.276031 2506.219727
-395.549622 -911.952942 2488.024902
-260.301086 708.985840 2572.106445
-271.762177 482.936798 2529.630371
-99.289818 469.432251 2574.212646
-33.252731 171.975739 2526.526123
-109.010353 445.338715 2396.002930
-444.234558 496.441345 2485.048096
-444.234375 182.217438 2485.048096
-444.239746 -132.006134 2485.048096
-278.305511 247.205490 2483.537109
-177.787582 3.091309 2465.117920
-189.033020 -471.731628 2538.211914
-200.073822 -932.161133 2501.241943
-391.910095 19.857056 2409.769775
-391.446442 -450.591644 2507.828125
-398.551544 -912.069885 2485.666504
