-249.019424 718.094543 2570.441650
-259.319214 493.322266 2524.667969
-88.411392 477.707153 2574.216309
-32.877750 166.050812 2527.668945
-111.762161 409.918945 2353.157227
-430.227051 508.937317 2475.119629
-430.226868 194.713409 2475.119629
-430.232239 -119.510162 2475.119629
-266.925476 257.990479 2476.739746
-168.454651 12.966919 2459.564697
-190.390762 -461.634308 2531.740234
-192.943222 -922.646179 2501.395020
-380.608826 32.350479 2398.058350
-390.527100 -435.004211 2509.410400
-395.166565 -896.486816 2486.927490
-249.627731 716.812134 2570.924316
-259.789337 491.421631 2525.775635
-91.178535 474.693604 2581.939209
-33.931225 165.530487 2528.346436
-111.774750 410.335754 2353.592285
-428.400146 508.149719 2469.612061
-428.399963 193.925812 2469.612061
-428.405334 -120.297760 2469.612061
-267.020569 256.164825 2477.414551
-169.514404 10.516891 2463.941162
-192.355118 -464.025757 2536.277344
-196.107727 -925.022217 2505.271729
-378.989197 31.299118 2394.165771
-389.892639 -437.064087 2501.085693
-394.545776 -898.709961 2482.072998
-250.986649 716.761108 2571.173828
-260.976196 492.162964 2524.922607
-90.922859 476.403015 2576.930664
-30.467331 167.264252 2528.666016
-111.648369 409.530884 2352.483887
-431.029541 507.922913 2472.914551
-431.029358 193.699005 2472.914551
-431.034729 -120.524567 2472.914551
-267.933289 256.932007 2476.388672
-169.343307 11.919296 2460.134521
-191.588196 -463.595337 2525.656738
-193.899536 -924.906494 2499.767822
-380.437469 31.482773 2395.574951
-394.892914 -435.526062 2507.763916
-395.930878 -897.026489 2485.261475
-249.536636 716.248657 2561.783936
-261.231628 490.699463 2519.194824
-90.761124 475.285065 2570.147705
-32.218899 166.142120 2527.323975
-112.165604 409.101898 2351.517090
-431.702118 506.113892 2468.241943
-431.701935 191.889984 2468.241943
-431.707306 -122.333588 2468.241943
-269.054413 254.853088 2474.018066
-171.096191 9.441696 2460.458740
-193.732574 -466.072083 2526.052490
-194.632263 -927.708618 2507.590332
-382.658203 28.571701 2397.223877
-394.614960 -439.354797 2505.879395
-397.586761 -901.103882 2490.603271
-250.248367 718.090088 2566.122559
-261.627380 492.567841 2522.129883
-91.292587 477.260590 2573.686768
-33.121738 166.570251 2528.193848
-112.130920 409.153046 2351.330566
-431.962158 507.875092 2470.572998
-431.961975 193.651184 2470.572998
-431.967346 -120.572388 2470.572998
-268.724976 256.948303 2475.623291
-170.108643 11.828720 2461.114014
-189.548630 -463.193359 2531.032227
-195.781097 -923.965820 2500.113525
-381.536499 30.828827 2397.119385
-390.157288 -436.952454 2506.772217
-396.695251 -898.661011 2490.598877
-250.161255 718.210693 2568.332520
-260.813782 492.321594 2523.054199
-90.402061 477.017334 2574.420654
-33.571762 166.273285 2529.140381
-112.058487 409.571503 2354.928223
-431.225494 507.625854 2471.687744
-431.225311 193.401947 2471.687744
-431.230682 -120.821625 2471.687744
-267.730621 256.829712 2475.838135
-168.876190 11.838776 2460.504150
-190.054214 -462.589874 2533.901855
-193.659576 -922.881897 2495.513672
-380.418732 30.836884 2396.739990
-390.081238 -437.316071 2504.776123
-396.190002 -899.028503 2487.791748
-251.004593 717.034668 2569.876221
-261.700073 491.998596 2524.348633
-90.748421 476.932861 2573.960205
-34.290260 164.632233 2526.564453
-111.472397 409.404816 2354.830322
-432.651733 507.064331 2474.737061
-432.651550 192.840424 2474.737061
-432.656921 -121.383148 2474.737061
-268.399231 256.730865 2475.987793
-168.980911 12.111145 2458.423096
-191.045334 -462.413574 2531.050049
-196.966217 -922.856445 2493.714355
-381.215851 30.815125 2396.830811
-391.984161 -436.172607 2509.635010
-399.411346 -897.722656 2489.145264
-252.002884 717.110352 2570.153564
-261.380157 492.533325 2523.848877
-91.018837 477.421509 2575.430176
-34.151119 165.316162 2527.799316
-111.349823 408.952576 2353.319336
-431.741486 507.645203 2472.267578
-431.741302 193.421295 2472.267578
-431.746674 -120.802277 2472.267578
-267.537689 257.293121 2475.266846
-167.943115 12.672195 2458.703857
-189.086136 -462.093689 2530.068359
-197.552383 -923.071777 2501.216064
-379.447327 31.433609 2394.665771
-388.928162 -436.824219 2502.134033
-397.352814 -898.563904 2487.913330
-250.465973 719.933228 2570.262695
-261.086121 494.805359 2525.327393
-90.643402 479.214355 2576.528809
-33.526268 165.633698 2527.365967
-111.631683 409.833618 2354.661133
-431.528839 510.396362 2474.125977
-431.528656 196.172455 2474.125977
-431.534027 -118.051117 2474.125977
-268.087738 259.536407 2476.994629
-169.293732 14.589981 2460.443115
-192.213409 -460.275635 2530.596436
-198.477386 -921.516235 2504.669678
-380.884979 33.944962 2396.880615
-392.460175 -433.602905 2507.250488
-398.452545 -895.351929 2491.515869
-249.935318 718.577759 2571.340332
-260.557922 493.656616 2525.711182
-90.651566 477.638947 2578.528564
-26.766270 170.313049 2525.699463
-111.637222 410.075409 2355.532959
-430.464264 509.674286 2472.893799
-430.464081 195.450378 2472.893799
-430.469452 -118.773193 2472.893799
-267.630280 258.439392 2477.128662
-169.232666 13.279144 2461.332764
-190.590897 -462.065033 2528.641357
-196.832809 -923.394409 2503.580078
-380.172607 33.165192 2395.759521
-390.316406 -434.980377 2503.761719
-396.805481 -896.590332 2484.421387
-251.089600 715.521606 2571.882812
-261.607056 490.347260 2524.271240
-90.853882 474.797302 2574.373535
-26.892654 170.149628 2524.342041
-110.710655 416.524536 2361.457520
-432.360229 505.897186 2474.168945
-432.360046 191.673279 2474.168945
-432.365417 -122.550293 2474.168945
-268.370697 255.393402 2474.401123
-169.130768 10.786148 2455.634521
-190.628448 -464.514343 2523.266357
-196.801605 -925.935547 2499.562256
-381.137909 30.092957 2393.427490
-394.412811 -437.128632 2504.988037
-396.814636 -898.630554 2482.632080
-250.434128 714.851013 2562.667969
-263.245026 488.868988 2519.165771
-91.202614 473.560028 2564.518311
-29.391399 166.109467 2525.693115
-111.048691 414.507019 2362.719482
-435.287445 504.177948 2473.813232
-435.287262 189.954041 2473.813232
-435.292633 -124.269531 2473.813232
-272.003845 253.284515 2472.869141
-173.936646 8.194275 2454.733154
-196.256989 -465.694763 2530.928711
-200.189835 -926.957947 2503.993652
-387.588684 27.205811 2398.411865
-396.050354 -440.205658 2509.623779
-404.628601 -901.661377 2488.266846
-250.119003 716.874878 2567.039795
-263.700409 491.853577 2521.587158
-91.912552 474.483887 2567.277100
-29.684166 166.544342 2528.859863
-110.927498 411.797058 2359.680908
-435.488251 509.223297 2475.897217
-435.488068 194.999390 2475.897217
-435.493439 -119.224182 2475.897217
-274.585449 256.789337 2473.149902
-178.851776 10.944733 2453.069580
-196.005432 -463.525085 2527.007812
-200.984924 -924.979248 2503.817139
-392.089203 32.505463 2396.355713
-394.532074 -435.899109 2503.458740
-405.176361 -897.492004 2486.174316
-249.503784 715.975952 2560.228516
-265.139954 490.824341 2517.399414
-92.680244 473.076355 2560.346924
-32.317146 164.784119 2529.930908
-111.385078 412.482849 2362.678711
-437.599670 508.572327 2474.451904
-437.599487 194.348419 2474.451904
-437.604858 -119.875153 2474.451904
-277.882751 255.387756 2471.275391
-183.574692 8.934479 2451.810059
-195.384537 -466.088226 2523.206787
-201.122223 -927.723206 2504.282959
-397.676392 30.967865 2398.492676
-394.109863 -437.048950 2507.239746
-406.115540 -898.690918 2491.642334
-248.775223 714.146973 2556.798096
-264.953979 488.941223 2515.350098
-92.906982 470.360718 2559.651367
-24.663795 158.155975 2533.429199
-108.123940 408.890869 2368.226807
-437.000977 507.521729 2471.048828
-437.000793 193.297821 2471.048828
-437.006165 -120.925751 2471.048828
-278.870392 253.300262 2470.564453
-185.999939 6.126663 2453.275879
-193.484467 -468.727661 2526.451416
-197.931351 -930.491333 2510.351807
-399.573669 29.191925 2398.281738
-391.098358 -440.299011 2500.004395
-401.877197 -902.096191 2489.059082
-249.481262 712.506897 2555.597656
-264.169373 487.093201 2515.010010
-92.233498 469.930084 2560.333008
-28.852448 160.090790 2532.220215
-109.072029 410.275787 2369.256348
-436.105255 504.256287 2469.687012
-436.105072 190.032379 2469.687012
-436.110443 -124.191193 2469.687012
-276.174591 251.159058 2471.208008
-181.456146 4.571487 2455.538818
-186.865692 -470.661316 2526.541992
-189.972473 -932.418457 2509.630615
-394.903473 25.878372 2399.273193
-385.742218 -443.300842 2502.625488
-393.548676 -905.205078 2493.514160
-249.977432 711.698975 2553.995850
-265.588470 485.755981 2513.577393
-93.416130 468.574615 2558.027344
-21.393196 155.785614 2529.951660
-105.871719 410.043274 2370.804199
-437.760834 502.937378 2469.127441
-437.760651 188.713470 2469.127441
-437.766022 -125.510101 2469.127441
-277.902771 249.773956 2470.060547
-183.348160 3.127274 2454.134277
-192.876968 -472.572327 2521.393555
-197.581985 -934.412109 2507.492188
-397.085968 24.456558 2398.953125
-394.313660 -444.702637 2502.711426
-399.953033 -906.527283 2489.349609
-252.122559 716.883179 2562.207031
-266.852142 491.537109 2518.927979
-94.256668 474.479553 2561.751465
-19.712448 168.881744 2523.976807
-108.322723 423.136230 2372.294434
-439.447632 508.594604 2476.104492
-439.447449 194.370697 2476.104492
-439.452820 -119.852875 2476.104492
-278.580902 256.109924 2472.423584
-183.171494 10.094345 2452.501709
-189.947708 -465.657166 2519.857910
-195.663269 -927.505981 2506.334229
-397.447815 31.271164 2399.336670
-391.071594 -438.358643 2500.866699
-399.604858 -900.238831 2492.207031
-252.897751 719.990417 2566.329834
-267.770172 495.210815 2521.723877
-95.032631 478.135498 2563.991699
-15.861038 179.433899 2512.503662
-116.907646 434.462341 2371.132080
-440.507721 512.286133 2479.456055
-440.507538 198.062225 2479.456055
-440.512909 -116.161346 2479.456055
-279.236389 260.089417 2473.599121
-183.480713 14.368988 2451.710938
-189.488358 -460.681366 2523.860352
-198.901550 -922.064087 2501.975586
-397.924500 35.567001 2399.237793
-392.094055 -433.805420 2502.103760
-401.237122 -895.675903 2492.289307
-253.139221 718.628540 2569.404297
-267.397491 494.022888 2522.646729
-94.784439 476.582428 2565.287354
-15.431061 186.701843 2497.793213
-120.058502 439.423309 2362.184814
-440.010529 511.463318 2480.006104
-440.010345 197.239410 2480.006104
-440.015717 -116.984161 2480.006104
-278.923035 259.163788 2473.243164
-183.302124 13.478867 2450.307861
-189.754456 -460.959961 2526.367188
-197.095306 -922.008179 2497.776123
-397.595032 35.130539 2397.371338
-391.712616 -435.023926 2496.602051
-400.513092 -896.967285 2491.482666
-254.199402 716.058594 2571.419678
-268.298340 492.057526 2523.568115
-94.434517 475.400879 2560.719727
-13.226173 193.843353 2483.395752
-120.339790 450.745758 2352.635498
-442.162170 508.714172 2486.416504
-442.161987 194.490265 2486.416504
-442.167358 -119.733307 2486.416504
-280.078522 257.353210 2473.469482
-183.880722 12.304306 2446.443848
-191.123917 -462.268005 2521.704834
-196.329330 -923.655518 2498.327637
-399.836670 32.993469 2400.297852
-394.712341 -436.344604 2503.352783
-401.891724 -898.271118 2494.889893
-253.924454 714.653198 2563.406494
-269.212433 490.069824 2520.141846
-94.877747 473.927307 2555.437744
-5.087982 207.938660 2460.194580
-120.889183 465.802368 2339.641113
-443.547119 506.212402 2484.845947
-443.546936 191.988495 2484.845947
-443.552307 -122.235077 2484.845947
-281.692017 254.606476 2474.092285
-185.975800 9.124710 2449.947998
-191.565033 -464.386658 2531.538818
-201.263000 -925.717285 2508.061279
-402.367401 29.161514 2406.137451
-392.965668 -440.193542 2508.796387
-403.644531 -902.051025 2500.066406
-256.800995 715.972351 2567.430176
-268.605347 491.515808 2522.911865
-94.371971 477.860199 2559.748291
8.447372 225.478226 2430.107666
-121.559189 478.502350 2315.139893
-442.838715 505.171448 2486.075439
-442.838531 190.947540 2486.075439
-442.843903 -123.276031 2486.075439
-277.215424 255.996201 2476.327148
-177.674011 12.000153 2452.607910
-181.860535 -462.009521 2531.446777
-188.631760 -923.229736 2504.760010
-393.976990 28.953003 2406.876953
-383.771698 -441.312714 2505.180908
-389.094055 -903.187805 2493.995361
-257.272125 716.354248 2568.915771
-267.076630 492.279022 2524.841064
-92.574097 480.628601 2561.156982
12.710869 252.251465 2395.542236
-126.991081 501.099915 2283.873047
-441.579193 503.929413 2488.525146
-441.579010 189.705505 2488.525146
-441.584381 -124.518066 2488.525146
-273.144104 256.639191 2478.400879
-170.898697 13.768005 2454.501709
-183.042679 -461.009949 2527.112061
-191.537369 -922.591614 2510.814209
-387.524445 28.230713 2409.419678
-384.449097 -441.767822 2509.293701
-392.229736 -903.442810 2492.896484
-259.179688 718.013672 2570.635742
-266.874664 493.482117 2527.236328
-91.505363 484.539307 2559.724121
14.361916 283.136047 2366.237793
-133.454468 523.350464 2248.148193
-442.243958 502.424927 2494.748535
-442.243774 188.201019 2494.748535
-442.249146 -126.022552 2494.748535
-270.434814 257.641541 2481.534668
-165.108353 16.248367 2456.004639
-185.153595 -457.742493 2531.844727
-190.795944 -918.934692 2506.493896
-382.881592 27.353531 2415.661377
-385.641846 -442.912659 2514.278320
-395.046112 -904.563354 2497.274170
-258.326935 715.458130 2562.506104
-265.647430 491.013000 2524.486572
-90.467300 482.484192 2558.278809
12.664703 314.559265 2332.615479
-134.941040 541.806519 2195.549561
-440.827545 499.541870 2490.694336
-440.827362 185.317963 2490.694336
-440.832733 -128.905609 2490.694336
-269.138062 254.435364 2482.872070
-163.908630 12.564560 2462.229736
-189.703110 -460.947388 2539.519043
-196.214905 -921.932007 2509.807861
-381.348755 23.150864 2420.285400
-388.710510 -448.052795 2514.019531
-398.505249 -909.598633 2494.345215
-260.406250 716.144897 2566.994873
-268.506683 491.751709 2525.822998
-92.373993 482.804443 2553.589600
3.301071 356.254425 2305.834229
-135.187637 563.690674 2135.167236
-444.639374 500.699036 2498.056396
-444.639191 186.475128 2498.056396
-444.644562 -127.748444 2498.056396
-273.648865 255.530106 2482.323242
-169.408020 13.751984 2456.067383
-195.517029 -460.886810 2525.952148
-200.761902 -922.311279 2504.091797
-388.174072 24.864990 2421.579590
-397.302063 -446.741699 2513.288086
-405.136597 -908.056396 2488.464844
-256.993958 714.088745 2568.736816
-267.546570 489.805298 2526.135254
-90.830765 479.954590 2549.622314
-12.356926 399.616547 2281.438477
-134.928589 574.955811 2071.477295
-444.262390 499.656067 2502.648193
-444.262207 185.432159 2502.648193
-444.267578 -128.791412 2502.648193
-274.804260 253.793716 2481.755859
-172.372467 11.667648 2451.955078
-192.993912 -461.432617 2532.601318
-201.340881 -922.365723 2503.009521
-391.751434 23.896576 2422.797852
-394.209076 -448.519897 2510.467529
-402.297821 -909.941040 2487.406738
-255.517899 711.581055 2570.112793
-267.988403 487.988281 2526.349121
-90.787636 477.140594 2545.285645
-32.187881 445.295380 2267.245605
-120.886581 575.489258 2015.015625
-445.189148 498.835999 2507.412598
-445.188965 184.612091 2507.412598
-445.194336 -129.611481 2507.412598
-277.575134 252.240128 2481.010986
-177.164200 9.758240 2447.427734
-196.200821 -462.467560 2533.790039
-200.835587 -923.307739 2501.374512
-397.159546 23.225677 2423.917969
-397.604431 -449.507172 2510.111084
-400.415710 -911.074829 2489.297119
-254.217148 714.764404 2572.291016
-267.096771 490.978455 2528.110596
-89.344948 480.607056 2540.300049
-54.103928 483.137878 2248.140137
-111.639763 569.294678 1970.068848
-444.848572 501.349854 2515.921143
-444.848389 187.125946 2515.921143
-444.853760 -127.097626 2515.921143
-277.698700 255.364868 2482.240723
-177.919769 13.310822 2443.940186
-193.579529 -457.918427 2536.328125
-193.070160 -918.544312 2500.627197
-398.681488 26.191742 2428.801514
-393.331207 -446.146912 2516.895264
-396.785156 -907.532104 2492.293213
-255.405640 714.950012 2573.364258
-267.740448 491.966003 2526.886230
-89.631332 482.976776 2534.668945
-74.057083 508.568146 2239.057373
-104.319008 563.034607 1946.352173
-445.849548 500.955261 2519.103516
-445.849365 186.731354 2519.103516
-445.854736 -127.492218 2519.103516
-277.612885 256.374329 2480.704590
-176.946594 15.203705 2439.353027
-191.069031 -454.989990 2537.236084
-193.377197 -915.468506 2499.386230
-398.024048 26.361588 2429.692871
-392.573151 -446.410889 2515.572510
-392.533813 -907.363892 2484.306641
-255.076431 714.107117 2572.905029
-266.880798 491.283813 2526.365967
-88.577530 483.050964 2531.014893
-88.526108 523.287903 2234.519531
-104.196793 562.886902 1935.640991
-445.184082 499.516724 2521.717041
-445.183899 185.292816 2521.717041
-445.189270 -128.930756 2521.717041
-276.566406 255.618042 2480.499756
-175.601166 14.843124 2437.518555
-189.227768 -455.123413 2536.777344
-192.883377 -915.927063 2503.138184
-396.902863 25.061386 2431.748535
-390.034576 -447.232544 2520.176270
-393.910065 -907.711304 2482.944336
-254.986740 710.752319 2572.642090
-267.210510 488.555542 2525.717529
-88.869095 480.084167 2530.512451
-90.144432 523.537170 2231.295654
-106.287079 562.900024 1929.731079
-445.551941 497.026917 2520.922607
-445.551758 182.803009 2520.922607
-445.557129 -131.420563 2520.922607
-277.173584 252.886108 2479.916016
-176.465179 11.959702 2437.090088
-188.044037 -458.822571 2532.706787
-198.039490 -919.949463 2506.833252
-397.808136 22.473679 2431.138916
-393.033203 -450.630737 2515.203125
-394.502838 -911.412476 2481.333496
-256.824921 710.148376 2572.522949
-268.914093 488.044861 2525.610840
-90.520760 479.847443 2529.891602
-91.088173 522.795044 2229.587891
-108.099617 562.920166 1927.374023
-447.307434 496.242310 2521.330078
-447.307251 182.018402 2521.330078
-447.312622 -132.205170 2521.330078
-278.652283 252.321335 2480.033691
-177.669922 11.510025 2437.113281
-189.145187 -459.585876 2531.285645
-197.735031 -921.122070 2513.727783
-399.110992 21.685577 2431.799805
-393.429962 -451.307281 2516.536865
-394.562836 -912.387817 2486.764160
-259.137482 708.493042 2573.007324
-268.946320 487.260071 2525.502197
-90.685089 479.773193 2533.637939
-91.539886 519.901062 2228.819824
-110.563248 561.825073 1926.193115
-447.207550 494.746948 2517.366455
-447.207367 180.523041 2517.366455
-447.212738 -133.700531 2517.366455
-276.728088 251.620941 2479.162109
-173.837219 11.333618 2437.873047
-183.438324 -459.354584 2534.283447
-192.109497 -920.591064 2509.761475
-395.182495 20.630005 2427.770996
-388.824280 -453.007965 2508.743408
-389.217499 -914.407288 2484.542969
-259.172058 709.525635 2573.281250
-269.175842 487.857788 2526.328857
-90.887291 480.590576 2534.677246
-88.310966 515.464355 2227.489502
-110.174408 562.457947 1925.010742
-447.464386 495.125061 2517.980469
-447.464203 180.901154 2517.980469
-447.469574 -133.322418 2517.980469
-276.582947 252.305405 2479.468262
-173.335831 12.242615 2437.789062
-188.261246 -457.977844 2535.686279
-194.600906 -918.927185 2505.362305
-394.644287 21.263397 2427.426270
-393.116516 -451.952484 2510.952881
-391.310303 -913.428467 2487.853027
-259.359039 709.140381 2571.846680
-269.543823 487.284424 2524.949463
-91.286896 480.089417 2534.234863
-81.667236 514.235901 2227.759521
-112.458969 562.269653 1926.748657
-447.800751 494.479431 2515.664062
-447.800568 180.255524 2515.664062
-447.805939 -133.968048 2515.664062
-276.638519 251.629425 2478.547363
-173.088562 11.508438 2437.908691
-187.164124 -458.965942 2534.802490
-195.758652 -919.960938 2505.024902
-394.377869 20.440384 2426.381836
-393.317413 -452.593994 2511.054443
-391.327484 -914.016724 2486.618408
-260.093262 709.373596 2571.168701
-269.885712 487.101257 2524.738037
-91.593903 480.235718 2533.752930
-76.887924 509.165283 2228.362793
-112.319611 563.530334 1931.316406
-448.177490 493.966736 2515.723145
-448.177307 179.742828 2515.723145
-448.182678 -134.480743 2515.723145
-276.605011 251.465668 2478.174316
-172.655670 11.568558 2437.206299
-187.794952 -458.095947 2537.777588
-196.377289 -918.724915 2502.793701
-393.992981 20.091629 2426.014893
-394.241089 -452.956360 2510.674561
-390.743103 -914.218750 2483.534668
-259.010468 708.800964 2572.316406
-269.354340 486.091919 2525.106689
-91.008583 479.066559 2532.831055
-71.440353 501.574890 2236.678467
-108.291870 564.587158 1941.605103
-447.700104 493.117249 2517.382324
-447.699921 178.893341 2517.382324
-447.705292 -135.330231 2517.382324
-276.571655 250.657425 2477.616699
-173.081650 10.862000 2434.921631
-190.017975 -458.987213 2534.380615
-194.675934 -919.874390 2502.097900
-394.496307 19.583893 2425.331787
-394.097809 -453.788727 2508.173584
-393.194366 -915.252136 2484.679688
-259.656006 710.224854 2572.374023
-270.127045 487.968689 2525.716309
-92.011833 480.041809 2536.629883
-61.219654 487.785248 2242.344238
-107.731323 569.794983 1951.354004
-448.242279 495.895630 2514.802734
-448.242096 181.671722 2514.802734
-448.247467 -132.551849 2514.802734
-277.693909 252.545929 2478.215576
-174.680725 12.201859 2437.490234
-192.764954 -457.827698 2535.922363
-194.338913 -919.040955 2508.489014
-395.840790 22.044449 2423.939453
-395.301788 -450.711243 2510.191895
-396.578613 -911.958862 2482.884766
-259.111206 710.173950 2572.396484
-270.453339 487.844910 2525.768799
-92.596001 479.029785 2539.649902
-50.105145 474.892792 2245.180176
-108.672707 573.102966 1964.782715
-448.310699 496.660095 2511.887695
-448.310516 182.436188 2511.887695
-448.315887 -131.787384 2511.887695
-278.368774 252.537247 2477.757080
-175.874481 11.757324 2438.362549
-191.693604 -458.932220 2533.948975
-195.157410 -920.405151 2511.497314
-396.693939 22.701813 2421.128174
-393.673553 -449.776031 2508.840820
-397.786346 -910.986694 2481.034424
-259.089569 707.713562 2572.419189
-269.859650 485.222534 2525.503174
-92.146431 476.195862 2541.153320
-38.054451 456.944733 2253.110352
-109.654587 575.525085 1982.746704
-447.572876 494.249207 2509.853027
-447.572693 180.025299 2509.853027
-447.578064 -134.198273 2509.853027
-277.547272 249.983337 2477.117676
-174.928665 9.141312 2438.446045
-189.911987 -461.136597 2536.190674
-194.459167 -922.355408 2509.069580
-395.541107 20.347000 2419.018311
-392.257751 -451.498413 2510.046143
-396.071014 -912.620117 2480.593262
-261.729156 709.846558 2571.398193
-271.416504 486.751709 2524.947021
-93.729057 477.758911 2541.072510
-26.049484 436.983215 2259.077393
-111.175423 579.517395 2002.382568
-449.103973 495.744568 2508.821533
-449.103790 181.520660 2508.821533
-449.109161 -132.702911 2508.821533
-278.960114 251.448822 2476.847168
-176.214462 10.564148 2438.756348
-192.008163 -460.369080 2533.135010
-198.195160 -921.620605 2506.474854
-396.792969 21.727676 2418.738281
-393.197266 -450.552124 2507.498779
-399.676392 -911.987183 2485.100342
-262.237152 712.742310 2571.880615
-272.492310 488.866394 2525.612061
-94.839798 479.638000 2542.070312
-20.492500 416.457916 2269.561035
-113.287300 580.606506 2028.344482
-450.144836 498.094788 2509.153809
-450.144653 183.870880 2509.153809
-450.150024 -130.352692 2509.153809
-280.278992 253.531586 2477.706299
-177.793594 12.468536 2440.016357
-192.921524 -458.768829 2533.015869
-196.936783 -920.160522 2508.329834
-398.337738 23.924973 2419.584717
-394.427246 -447.002014 2515.046143
-401.427063 -908.149963 2487.403564
-262.844940 713.736633 2571.632812
-272.598846 490.096558 2525.733154
-94.891098 481.333710 2541.885498
-12.788803 397.777313 2279.731201
-111.401756 581.491333 2056.255371
-450.306610 498.859406 2509.580811
-450.306427 184.635498 2509.580811
-450.311798 -129.588074 2509.580811
-279.872375 254.700134 2478.051270
-176.837067 13.864334 2440.395752
-190.801788 -458.613525 2526.839111
-192.581299 -920.334839 2511.351074
-397.454742 24.743073 2420.343018
-393.497650 -447.454132 2509.206055
-397.818085 -909.020386 2490.425049
-262.416992 716.024597 2572.031982
-272.106232 491.867950 2525.890381
-94.580772 483.064667 2543.849609
-6.399147 378.388153 2290.385254
-114.348999 578.082520 2085.837402
-449.631683 500.671234 2507.931152
-449.631500 186.447327 2507.931152
-449.636871 -127.776245 2507.931152
-278.933838 256.499146 2478.006836
-175.559372 15.665543 2441.271729
-190.000427 -455.994995 2532.030273
-193.780960 -916.872986 2502.690918
-395.963501 26.595123 2418.974854
-390.309570 -445.975006 2505.908447
-398.322754 -907.624756 2489.512451
-263.165039 717.129333 2571.725098
-273.192993 493.001709 2525.779297
-95.824570 483.818573 2545.056641
-2.199722 360.187927 2300.714111
-117.236671 577.926331 2119.442871
-450.561401 502.184875 2506.501953
-450.561218 187.960968 2506.501953
-450.566589 -126.262604 2506.501953
-280.156555 257.667450 2477.744141
-177.020020 16.632812 2441.675293
-192.619095 -454.752472 2533.770020
-197.209549 -915.671753 2503.153809
-397.220215 28.033554 2417.742676
-393.904327 -444.408813 2505.574219
-397.768799 -905.993530 2485.862305
-260.923462 715.962952 2573.575928
-272.110626 492.425415 2525.673340
-95.251724 481.672485 2548.238525
0.411705 341.598236 2311.858643
-120.329796 569.287170 2146.447510
-448.969543 503.178406 2503.108154
-448.969360 188.954498 2503.108154
-448.974731 -125.269073 2503.108154
-280.138733 257.349335 2476.574707
-178.362717 15.597183 2441.485840
-192.601379 -454.996094 2537.722656
-197.269547 -915.354858 2499.535645
-397.970947 28.949295 2413.466309
-394.968475 -443.483154 2501.440674
-397.467651 -905.168457 2483.167969
-258.472687 718.629639 2573.983398
-270.721161 494.398651 2526.282227
-94.303619 482.007690 2551.303955
1.214417 323.797913 2324.930664
-116.626633 564.908325 2175.559326
-447.138702 506.789612 2501.260498
-447.138519 192.565704 2501.260498
-447.143890 -121.657867 2501.260498
-280.148102 259.533813 2476.440186
-180.062927 16.977219 2442.130371
-193.769287 -454.487671 2534.065186
-198.188751 -915.394287 2503.002441
-399.087158 32.360748 2411.065918
-393.324219 -438.522583 2506.549561
-399.102509 -899.896606 2482.665771
-258.590485 715.799438 2573.200684
-271.081940 492.566162 2525.515869
-95.226883 479.196472 2553.727295
1.106216 307.896423 2336.968750
-115.296890 556.135620 2200.428223
-446.937012 505.935852 2497.304443
-446.936829 191.711945 2497.304443
-446.942200 -122.511627 2497.304443
-280.946014 257.709625 2475.702148
-181.643692 14.553513 2443.401367
-192.702011 -457.179016 2534.369141
-199.487686 -918.380005 2508.007812
-399.976471 31.152634 2408.375488
-395.266052 -439.769653 2503.911621
-397.760376 -901.460999 2487.550537
-257.910095 717.386230 2573.304199
-270.271912 493.349426 2525.677734
-94.924026 479.022095 2556.490723
2.553261 293.944885 2348.989502
-114.924431 549.738892 2228.862549
-445.619812 507.676697 2494.864746
-445.619629 193.452789 2494.864746
-445.625000 -120.770782 2494.864746
-280.698120 258.524536 2475.822266
-182.281494 14.806351 2445.093262
-191.608521 -457.412781 2533.723389
-197.821350 -918.596436 2506.185303
-399.967163 32.592972 2406.840332
-393.568207 -439.087585 2498.457275
-398.462158 -900.944153 2488.441650
-257.026245 716.177979 2572.350098
-269.510925 492.684814 2525.249512
-94.535591 477.806458 2557.942627
1.274719 276.467957 2365.506348
-107.850510 536.944458 2247.238281
-444.486267 507.563141 2492.556396
-444.486084 193.339233 2492.556396
-444.491455 -120.884338 2492.556396
-280.179962 257.851349 2475.479736
-182.242493 13.782959 2446.002441
-191.040573 -459.335144 2529.669189
-195.719864 -920.832275 2507.965820
-399.455475 32.252808 2405.417480
-390.829315 -439.293915 2497.612793
-399.329987 -901.112793 2486.641113
-256.336792 713.920837 2572.396973
-268.678864 490.698364 2524.871826
-93.712120 476.626709 2558.050049
2.604973 267.252747 2381.275879
-106.220169 528.778931 2263.980957
-443.645599 504.770020 2491.693604
-443.645416 190.546112 2491.693604
-443.650787 -123.677460 2491.693604
-278.037781 255.909119 2474.646484
-178.796631 12.385712 2445.014404
-186.961182 -460.391541 2530.728271
-194.408981 -921.744019 2506.519287
-395.996765 29.853989 2403.827881
-388.619263 -441.373596 2497.786377
-395.401489 -903.310181 2490.654541
-254.072906 716.827087 2571.892578
-266.287292 492.949036 2525.448242
-91.753960 478.455505 2560.653320
4.295830 257.621368 2390.643555
-106.670731 526.260498 2288.833984
-440.820648 507.442566 2490.243164
-440.820465 193.218658 2490.243164
-440.825836 -121.004913 2490.243164
-275.823456 258.001282 2475.999268
-177.017670 14.056625 2448.404053
-189.501083 -458.441345 2535.084717
-193.728302 -919.715942 2508.598389
-393.701569 32.050400 2404.696533
-390.477081 -438.420166 2502.477295
-395.348724 -900.080688 2486.198975
-253.769180 714.340942 2562.691162
-263.837769 489.718719 2520.994141
-90.757301 476.776978 2562.749756
6.067368 246.258621 2403.381348
-104.370010 513.912048 2299.512695
-436.918213 502.660431 2479.238525
-436.918030 188.436523 2479.238525
-436.923401 -125.787048 2479.238525
-270.489258 253.927521 2475.483887
-169.628784 10.097336 2455.910889
-184.272827 -463.191101 2537.727295
-187.041977 -924.505859 2511.440674
-384.652710 26.175293 2404.036377
-382.255127 -445.113831 2497.834229
-389.121368 -906.915649 2485.791504
-252.914581 714.132751 2558.047119
-262.115631 489.029175 2519.061523
-89.597237 476.872894 2563.504150
4.010246 237.619629 2413.201904
-105.336250 506.255188 2313.378662
-434.634033 501.185425 2474.618896
-434.633850 186.961517 2474.618896
-434.639221 -127.262054 2474.618896
-267.639954 252.759079 2475.879395
-166.104126 8.945160 2460.277100
-188.211792 -465.683441 2530.909912
-191.067673 -927.338379 2522.312500
-380.224426 24.032837 2405.117432
-387.664978 -446.762024 2500.682861
-393.883179 -908.610046 2488.468262
-253.750183 711.663208 2556.230957
-261.510101 486.752441 2517.593750
-89.335190 475.814575 2563.789307
5.486832 232.815430 2424.615234
-105.445267 502.696289 2324.019775
-433.685028 497.690369 2471.398193
-433.684845 183.466461 2471.398193
-433.690216 -130.757111 2471.398193
-265.158447 250.290955 2475.203369
-161.950882 7.041122 2461.482910
-185.951218 -467.783569 2530.856934
-193.586655 -929.457336 2519.201172
-375.662689 20.617783 2404.143066
-386.138000 -449.568726 2502.593018
-395.743408 -911.243225 2486.752441
-253.799850 710.875488 2554.805420
-261.578400 485.817017 2517.116455
-89.049522 475.719299 2562.267822
6.242706 224.422562 2436.780518
-102.240288 491.394043 2329.707764
-434.107269 495.914734 2471.965088
-434.107086 181.690826 2471.965088
-434.112457 -132.532745 2471.965088
-264.608704 249.150879 2475.767090
-160.557739 6.217514 2462.441162
-190.091766 -468.549988 2530.200928
-193.195526 -930.283813 2516.079346
-374.720276 18.751938 2406.394287
-391.338776 -451.166443 2505.281738
-397.809326 -912.950256 2490.758545
-253.955994 711.982300 2554.090576
-261.988739 486.373352 2516.822998
-89.723419 475.955292 2562.955078
6.121841 216.706177 2446.888672
-104.999420 482.931458 2343.065918
-434.254059 496.791382 2470.690918
-434.253876 182.567474 2470.690918
-434.259247 -131.656097 2470.690918
-265.492249 249.543335 2476.422119
-162.071808 6.246918 2464.655029
-193.324158 -467.986450 2535.537842
-196.453461 -929.028809 2508.489746
-375.919708 19.179733 2407.387451
-393.538788 -450.721130 2506.373779
-399.020142 -912.476318 2490.178711
-252.845154 713.246155 2554.747803
-260.618500 487.689636 2518.004150
-87.916199 477.379639 2562.507812
3.064522 210.852051 2454.932129
-102.892303 477.943207 2344.308594
-433.320801 497.999664 2473.500488
-433.320618 183.775757 2473.500488
-433.325989 -130.447815 2473.500488
-264.249573 250.917953 2477.242920
-160.678268 7.746460 2464.106689
-191.757828 -467.117310 2530.793213
-192.554672 -928.576233 2510.209717
-375.083038 20.546051 2408.856689
-390.192230 -449.440674 2507.917725
-398.841278 -910.919189 2486.741699
-252.713181 712.942322 2553.960938
-260.795105 486.975555 2517.275879
-88.110268 476.553162 2561.857422
1.598022 202.908508 2460.374512
-98.284134 471.542725 2354.526855
-433.479919 497.397949 2472.694336
-433.479736 183.174042 2472.694336
-433.485107 -131.049530 2472.694336
-264.659546 250.142609 2476.876953
-161.336288 6.840347 2464.150391
-193.672318 -467.966675 2530.805176
-193.308838 -929.500488 2509.954590
-375.711670 19.778992 2408.805664
-392.476807 -451.100220 2503.188477
-398.457001 -912.771484 2485.505859
-252.770386 712.216919 2553.684326
-261.717987 485.585571 2517.005615
-88.871628 475.100708 2560.956299
1.825554 195.449280 2472.643555
-98.093048 460.994934 2357.888672
-434.564362 496.070465 2473.054932
-434.564178 181.846558 2473.054932
-434.569550 -132.377014 2473.054932
-265.812531 248.754593 2476.609863
-162.615799 5.415298 2463.495850
-194.115433 -469.863159 2527.140869
-193.138321 -931.482544 2507.272217
-377.198334 18.431900 2408.932373
-393.365997 -451.963440 2505.862549
-399.611816 -913.534546 2485.476807
-254.588776 716.342896 2562.056641
-263.013580 490.283356 2521.970215
-89.959946 478.947021 2564.870850
0.905418 189.711609 2484.337402
-96.730133 453.975739 2358.320557
-436.067230 501.619720 2479.069580
-436.067047 187.395813 2479.069580
-436.072418 -126.827759 2479.069580
-267.661438 254.067291 2478.299561
-164.885681 10.814148 2461.259766
-194.735229 -464.330200 2526.716064
-195.016846 -925.721130 2502.138428
-379.732880 24.888306 2407.998047
-394.941895 -444.853180 2508.204346
-401.635223 -906.399536 2487.083984
-251.669785 716.760315 2558.222656
-262.098083 490.005035 2520.441650
-88.796608 477.794312 2562.071777
0.474159 185.850677 2492.651611
-102.471252 449.143982 2366.875000
-435.399536 502.215759 2478.811523
-435.399353 187.991852 2478.811523
-435.404724 -126.231720 2478.811523
-268.480530 253.657883 2477.687012
-167.285446 9.730881 2460.774414
-194.208572 -465.261292 2528.523438
-195.201126 -926.719849 2504.816895
-382.440521 24.890579 2409.090332
-392.093719 -445.162659 2508.424805
-402.529480 -906.701782 2488.946289
-250.681671 714.558899 2555.809082
-261.513306 487.996948 2519.281006
-87.634239 475.978577 2558.429443
-2.251801 187.930939 2494.315918
-99.565102 451.653687 2366.114990
-435.392395 500.015320 2480.132568
-435.392212 185.791412 2480.132568
-435.397583 -128.432159 2480.132568
-268.444519 251.490601 2477.459961
-167.433517 7.523361 2459.941895
-190.600739 -466.112732 2537.203613
-195.854584 -924.352295 2485.360840
-383.317932 22.445114 2411.335938
-390.929382 -448.836853 2504.757080
-399.626007 -910.595764 2491.207275
-251.748322 715.804932 2563.110352
-262.104156 489.754395 2522.597656
-88.861786 476.785522 2564.155762
-5.607635 182.974487 2499.176758
-105.703384 448.842072 2376.751709
-435.346527 502.723297 2481.039551
-435.346344 188.499390 2481.039551
-435.351715 -125.724182 2481.039551
-269.081055 253.760361 2478.036133
-168.514008 9.715591 2459.272705
-191.436386 -464.887024 2530.593262
-198.032898 -924.840576 2495.577637
-383.601898 25.817017 2407.676514
-389.992310 -446.089600 2498.097412
-399.384552 -907.948853 2488.958984
-251.230133 715.748230 2566.781006
-261.516235 489.690369 2524.008057
-88.531311 476.569031 2566.630615
-12.308296 178.484589 2497.620361
-108.387405 447.012878 2382.677490
-434.501160 502.811676 2481.385498
-434.500977 188.587769 2481.385498
-434.506348 -125.635803 2481.385498
-268.078186 253.942429 2478.064941
-167.268173 10.050095 2458.577637
-189.818481 -464.782776 2528.799316
-194.135666 -925.607300 2501.752930
-382.012085 26.338928 2405.666016
-389.396057 -444.915375 2499.400635
-396.943390 -906.751221 2487.288574
-251.493515 719.086426 2568.598389
-261.750580 492.286743 2526.310547
-88.488792 479.691467 2567.982666
-11.662659 178.749359 2503.300049
-109.256027 445.886597 2385.318359
-435.012360 504.882019 2484.638428
-435.012177 190.658112 2484.638428
-435.017548 -123.565460 2484.638428
-267.696838 256.626190 2479.805664
-166.095551 13.147461 2459.167480
-190.518768 -462.058746 2526.245605
-192.440369 -923.500366 2509.887939
-381.190643 28.783813 2407.434082
-391.107941 -441.873199 2503.909180
-397.009155 -903.722168 2490.850830
-251.217346 717.581238 2570.517334
-261.137634 491.091034 2526.814941
-88.252708 478.503113 2570.024414
-12.016136 166.183197 2506.716309
-106.961929 437.823547 2388.644043
-434.022583 503.678955 2483.605469
-434.022400 189.455048 2483.605469
-434.027771 -124.768524 2483.605469
-266.350952 255.657654 2479.086426
-164.246719 12.410385 2458.179932
-189.324997 -462.809265 2525.058838
-192.816299 -924.260254 2505.052490
-378.881805 28.038177 2404.535889
-389.444733 -443.250763 2497.828613
-395.961945 -905.178467 2488.554443
-250.233749 718.057251 2571.455078
-260.078705 492.102386 2527.833984
-87.453026 478.974182 2571.925293
-16.501907 170.077698 2508.876221
-110.665779 439.272217 2393.359863
-432.704376 505.230591 2483.742676
-432.704193 191.006683 2483.742676
-432.709564 -123.216888 2483.742676
-265.821075 256.655884 2480.211914
-164.409241 13.060287 2459.958740
-190.710449 -461.912903 2528.154053
-197.210999 -923.492310 2509.992432
-378.717651 29.358459 2405.220947
-391.152649 -441.730408 2499.338135
-396.221191 -903.719238 2492.088135
-249.657333 715.631958 2572.465820
-260.226807 489.821045 2527.461182
-87.716888 476.096313 2571.837646
-15.631851 161.282410 2513.325195
-108.004211 433.295105 2394.330078
-432.736725 503.545715 2483.084717
-432.736542 189.321808 2483.084717
-432.741913 -124.901764 2483.084717
-266.491699 254.548004 2479.050293
-165.674255 10.755615 2458.185303
-192.999786 -463.830994 2528.633301
-196.422089 -925.318848 2506.864258
-379.838928 27.794327 2403.093506
-392.416138 -444.093018 2493.050537
-399.330200 -906.061584 2493.227783
-248.654358 714.154480 2571.945801
-260.873505 488.352966 2526.965820
-88.409790 473.900238 2571.297363
-14.578003 157.776337 2515.243896
-106.718895 430.312256 2393.040527
-433.337219 502.805695 2482.634277
-433.337036 188.581787 2482.634277
-433.342407 -125.641785 2482.634277
-268.104675 253.136505 2478.413086
-168.280975 8.948685 2457.378662
-194.423309 -465.700500 2527.889648
-196.731018 -926.969666 2501.498047
-382.390717 26.891418 2402.342041
-393.551453 -444.866302 2493.219727
-400.203674 -906.875000 2492.825684
-249.575195 711.890991 2572.184570
-261.599579 486.755585 2526.308838
-88.797310 472.560944 2569.377197
-23.785835 162.390594 2512.604980
-106.805801 435.451630 2388.958740
-434.401825 500.950226 2483.240479
-434.401642 186.726318 2483.240479
-434.407013 -127.497253 2483.240479
-268.757874 251.583618 2477.520996
-168.648682 7.600296 2455.468018
-191.399353 -467.241882 2525.801270
-193.623474 -928.573364 2499.938965
-383.183655 25.223022 2401.998291
-392.831177 -445.294128 2499.080566
-397.734833 -907.141541 2489.308350
-249.739243 712.879272 2571.795166
-261.968445 488.057312 2526.589844
-88.882202 473.540283 2568.385498
-29.376060 164.689636 2512.784424
-107.822021 439.756042 2390.086182
-435.054688 502.574280 2484.794189
-435.054504 188.350372 2484.794189
-435.059875 -125.873199 2484.794189
-269.922974 252.900543 2477.853516
-170.434326 8.732376 2455.061768
-192.620911 -465.284363 2530.778564
-195.224640 -926.293823 2499.895752
-385.320679 26.755203 2403.172607
-394.163208 -443.832703 2500.114502
-397.350586 -905.787354 2492.603760
-250.084991 712.771301 2571.586182
-262.930145 488.511658 2526.496582
-89.990425 473.395050 2568.696045
-30.664230 166.324768 2510.387695
-108.324409 441.794678 2390.255615
-435.869873 503.628296 2484.297119
-435.869690 189.404388 2484.297119
-435.875061 -124.819183 2484.297119
-271.712036 253.289139 2478.225098
-173.144318 8.683197 2456.148193
-193.539932 -465.396149 2532.079834
-197.662643 -926.334656 2500.055420
-387.843536 27.450012 2403.759033
-396.225281 -442.839081 2502.233398
-398.445251 -904.689819 2489.546631
-248.889648 713.447510 2572.498779
-264.000061 488.748383 2526.329834
-91.334671 471.466614 2568.775391
-31.816074 168.147522 2508.696289
-108.553345 442.740417 2388.232422
-436.665436 506.030151 2483.884277
-436.665253 191.806244 2483.884277
-436.670624 -122.417328 2483.884277
-275.444916 253.825577 2477.237305
-179.702316 8.174576 2454.494141
-198.178940 -465.713318 2532.122070
-200.692795 -926.368408 2496.185303
-394.077240 29.630966 2401.795410
-398.098877 -440.351440 2501.923340
-404.112213 -902.164551 2488.545410
-250.713257 712.195129 2573.536865
-269.511566 489.256287 2526.079834
-95.449219 470.349121 2560.643799
-31.444138 169.543060 2512.430176
-108.506531 442.971222 2386.694580
-443.573914 508.163452 2491.515869
-443.573730 193.939545 2491.515869
-443.579102 -120.284027 2491.515869
-284.877106 254.949799 2475.289551
-192.086349 8.895050 2445.976074
-203.381348 -465.152008 2523.733887
-207.056854 -926.106689 2492.055664
-408.398956 32.391571 2403.022461
-405.185272 -436.359955 2508.471680
-413.463531 -898.009033 2491.160645
-251.805038 708.990662 2563.485840
-269.431885 484.694519 2520.019287
-96.248329 466.613403 2559.283447
-30.779961 169.236755 2511.737305
-108.868744 443.310760 2388.321777
-442.615448 502.775635 2480.755127
-442.615265 188.551727 2480.755127
-442.620636 -125.671844 2480.755127
-283.362610 249.495636 2473.154785
-189.809662 3.074997 2450.658936
-188.222931 -470.126770 2533.197998
-193.468323 -931.477417 2509.075439
-404.776978 25.518539 2401.921631
-387.425537 -444.312622 2499.940674
-396.071869 -906.139282 2491.908936
-252.409454 712.293945 2568.956543
-269.926544 487.644714 2523.104004
-96.201843 469.769958 2560.334717
-31.902275 168.108856 2509.866943
-108.204155 442.969452 2385.196289
-443.651245 505.519470 2485.873291
-443.651062 191.295563 2485.873291
-443.656433 -122.928009 2485.873291
-283.604675 252.826813 2474.190430
-189.486053 6.917587 2448.378662
-190.262726 -467.429871 2524.474365
-193.283325 -928.775757 2499.235596
-405.079559 29.100266 2402.175049
-391.256927 -441.261536 2498.905518
-398.682831 -903.189209 2492.561279
-252.702805 713.233032 2569.683838
-269.596069 487.762695 2524.125000
-95.592720 470.030792 2560.318604
-32.447914 168.054474 2510.419678
-111.490997 443.312866 2388.581787
-443.599426 505.494629 2487.931396
-443.599243 191.270721 2487.931396
-443.604614 -122.952850 2487.931396
-283.252808 253.015167 2474.773193
-188.924484 7.263351 2447.882812
-190.023026 -466.322205 2528.915039
-193.064087 -927.563721 2501.514160
-404.894592 29.271896 2402.959961
-393.887329 -440.620422 2502.633301
-395.687378 -902.430054 2490.014160
-253.733368 715.200317 2570.052002
-268.893921 489.721741 2525.045166
-95.594063 472.524414 2564.663086
-23.754463 159.007843 2513.816162
-107.029167 434.700836 2392.002197
-442.193787 506.919067 2485.427246
-442.193604 192.695160 2485.427246
-442.198975 -121.528412 2485.427246
-281.119446 254.720001 2476.513184
-185.764374 9.042542 2452.574951
-188.096817 -464.576813 2533.695312
-190.488770 -925.969482 2508.759277
-400.925568 30.393967 2403.387451
-389.999115 -439.201355 2504.693848
-391.201538 -901.066895 2492.081543
-253.634537 713.898621 2571.778320
-269.259979 489.022400 2525.831055
-95.956932 471.613281 2565.476074
-17.839203 155.082977 2513.062256
-105.439468 431.062805 2393.072510
-442.563049 506.431488 2486.186035
-442.562866 192.207581 2486.186035
-442.568237 -122.015991 2486.186035
-281.499969 254.237457 2476.236572
-186.180984 8.647720 2451.247559
-191.860626 -465.768311 2527.326172
-194.140274 -927.214661 2503.198975
-401.298950 30.257324 2402.036621
-392.616211 -439.949493 2500.761475
-397.422974 -901.799011 2487.940430
-252.877762 710.360413 2562.073975
-269.555573 484.778381 2519.792236
-96.631630 466.854523 2560.873779
-22.433601 163.032043 2506.516357
-109.087067 437.644043 2394.067627
-442.479523 502.702271 2478.710693
-442.479340 188.478363 2478.710693
-442.484711 -125.745209 2478.710693
-283.036865 249.350967 2473.821533
-189.181442 2.797897 2453.350830
-194.986908 -471.135193 2532.513916
-196.744034 -932.619995 2508.988525
-403.854858 25.049164 2402.350830
-394.598236 -445.306885 2500.403809
-400.732758 -907.233093 2491.322998
-254.286407 711.400024 2566.248291
-270.503906 486.059387 2521.635254
-96.629478 469.009186 2558.715088
-24.726723 166.510284 2504.246826
-109.911758 440.355682 2393.226562
-444.378326 503.109589 2484.555420
-444.378143 188.885681 2484.555420
-444.383514 -125.337891 2484.555420
-283.590942 250.762360 2474.807617
-188.723282 4.879242 2451.001953
-191.367569 -469.629028 2526.812744
-193.349197 -931.028320 2501.675293
-404.632690 26.051422 2404.958008
-390.615234 -444.019684 2503.741943
-401.564392 -905.873779 2496.053711
-252.759109 712.583130 2568.331787
-267.960968 487.075623 2523.607422
-94.758987 469.972961 2563.704590
-24.359352 170.759399 2507.641602
-109.703583 440.929016 2389.660400
-441.162964 504.178284 2483.509766
-441.162781 189.954376 2483.509766
-441.168152 -124.269196 2483.509766
-280.126831 251.909042 2475.852539
-184.780701 6.126282 2452.987305
-187.586182 -468.184906 2530.142090
-189.892166 -929.518494 2503.827637
-399.804657 27.358627 2403.208008
-386.068726 -443.458740 2498.430176
-395.628937 -905.396606 2494.401611
-253.095291 708.590576 2560.851074
-268.869324 483.329498 2519.105957
-95.596954 466.509430 2559.144043
-26.676941 173.384857 2504.804443
-111.601562 442.015106 2383.644043
-442.141663 500.149567 2479.067871
-442.141479 185.925659 2479.067871
-442.146851 -128.297913 2479.067871
-281.356689 247.641693 2474.134277
-186.303192 1.514572 2454.011963
-193.436203 -472.537109 2532.415527
-195.045181 -933.476807 2500.366699
-401.384949 22.393188 2404.313232
-393.697144 -448.378357 2500.322510
-399.682068 -910.343018 2493.594971
-253.140869 709.330811 2558.617920
-269.317352 483.970947 2517.969482
-96.633049 466.532959 2560.217041
-23.344955 175.186096 2507.403320
-113.526894 442.940948 2385.774170
-442.001648 501.408936 2475.721924
-442.001465 187.185028 2475.721924
-442.006836 -127.038544 2475.721924
-282.348633 248.134445 2473.890625
-188.186340 1.473343 2456.036865
-192.841034 -473.172607 2530.934814
-196.383102 -934.238403 2500.742432
-402.573486 23.122559 2403.586670
-392.489227 -447.797668 2498.742920
-400.102753 -909.718018 2489.999756
-254.692154 708.580444 2557.502930
-270.613037 483.185547 2517.440918
-98.023903 465.890930 2560.193604
-26.215431 173.609985 2511.749268
-111.198860 443.079956 2384.020020
-443.202148 500.480194 2474.688232
-443.201965 186.256287 2474.688232
-443.207336 -127.967285 2474.688232
-283.339539 247.318054 2473.401855
-188.940933 0.715881 2455.899170
-192.772507 -473.012634 2536.346680
-194.577347 -933.562256 2499.456299
-403.191162 22.185242 2402.826416
-393.969513 -448.163605 2500.887695
-398.755646 -910.062805 2489.520996
-255.137680 706.948059 2555.427979
-270.557159 481.470184 2515.965332
-97.832558 465.026245 2558.530273
-27.129929 172.836395 2513.842773
-109.347534 443.554932 2385.644775
-443.281769 497.914124 2473.400391
-443.281586 183.690216 2473.400391
-443.286957 -130.533356 2473.400391
-282.398315 245.392532 2472.812500
-187.025146 -0.892273 2456.080811
-188.277924 -473.865997 2540.920410
-195.595612 -931.854309 2483.898682
-401.453796 19.522034 2403.238525
-391.967590 -450.108612 2504.664062
-395.721588 -911.963318 2491.003662
-254.683273 706.899414 2554.407227
-270.500366 481.139038 2515.252197
-97.506943 464.575134 2556.668457
-27.548485 171.918488 2513.892578
-108.583466 443.323975 2386.955566
-443.493774 497.702881 2473.835938
-443.493591 183.478973 2473.835938
-443.498962 -130.744598 2473.835938
-282.929138 244.977509 2472.716797
-187.973984 -1.465866 2455.890137
-192.673843 -475.540710 2534.004395
-196.470596 -935.228271 2492.717773
-402.741821 19.097855 2404.472656
-393.573944 -451.036133 2503.603027
-400.964325 -912.886108 2491.570312
