-366.647949 618.171204 2492.059814
-320.520111 397.055267 2476.647949
-152.807236 428.197235 2529.648438
-33.196877 166.215149 2539.702393
-105.221413 440.663940 2403.784424
-488.233002 365.913300 2423.647461
-488.232819 51.689392 2423.647461
-488.238190 -262.534180 2423.647461
-271.945068 162.282684 2460.886719
-119.255676 -53.157303 2478.027588
-192.952209 -522.416199 2550.191162
-205.322495 -975.810547 2468.021729
-327.484375 -91.822495 2412.223389
-411.810638 -549.976318 2530.054443
-372.959991 -996.843872 2419.202148
-366.807281 619.918091 2492.897949
-320.910187 398.702576 2478.072266
-153.221954 429.425110 2531.452881
-32.561142 165.566437 2541.442871
-103.555756 438.153076 2403.012939
-488.598419 367.980042 2424.691650
-488.598236 53.756134 2424.691650
-488.603607 -260.467438 2424.691650
-272.717407 163.871445 2461.835449
-120.443230 -51.890717 2478.731201
-190.738388 -521.546448 2551.996826
-204.241165 -974.349182 2463.949951
-328.606018 -90.028687 2412.466064
-409.906097 -547.916443 2533.450928
-372.223877 -995.682373 2425.828857
-364.611877 618.459412 2495.941162
-319.661621 397.202271 2479.066162
-151.222046 427.181641 2530.451416
-32.784882 166.766663 2541.230713
-104.807938 440.808075 2404.929932
-488.101196 367.222961 2427.680908
-488.101013 52.999054 2427.680908
-488.106384 -261.224518 2427.680908
-272.203186 162.401398 2460.487305
-120.184235 -53.789520 2473.806396
-189.140244 -523.406372 2548.777588
-202.670273 -974.828491 2452.769287
-329.305298 -91.009460 2410.010498
-410.078491 -549.573853 2528.840332
-371.501343 -998.390930 2426.061768
-370.736053 619.344299 2503.874512
-323.500336 398.952820 2482.903809
-154.332672 431.259094 2530.135986
-32.925682 167.342865 2540.553711
-98.983070 441.261383 2398.293701
-492.667999 366.646576 2435.671631
-492.667816 52.422668 2435.671631
-492.673187 -261.800903 2435.671631
-272.728760 165.177612 2460.959473
-116.916382 -48.537781 2468.342773
-186.628479 -516.971130 2549.607910
-198.956467 -967.856201 2450.141113
-326.997986 -88.657440 2409.687500
-407.383057 -546.552124 2531.353271
-368.310791 -994.640259 2425.569336
-366.832550 614.868286 2502.135498
-322.672668 393.835938 2481.185791
-152.159470 423.995758 2524.795898
-33.461906 168.664291 2538.805908
-99.219589 444.862305 2399.686279
-493.185852 363.676147 2437.575684
-493.185669 49.452240 2437.575684
-493.191040 -264.771332 2437.575684
-275.378174 159.411652 2458.390137
-122.228546 -56.289352 2462.667725
-196.065826 -524.960144 2538.662109
-203.730713 -980.957642 2473.933838
-333.938812 -93.735947 2408.521240
-416.465668 -550.901733 2531.506104
-379.363983 -999.499695 2427.138672
-367.198181 616.659424 2498.012695
-324.022461 395.217407 2479.414795
-153.804947 425.163208 2524.468994
-33.240143 169.320465 2536.890381
-101.182114 447.061554 2397.638672
-494.239990 365.271576 2434.360596
-494.239807 51.047668 2434.360596
-494.245178 -263.175903 2434.360596
-277.515625 160.340637 2459.823242
-125.371140 -55.951630 2468.192383
-194.848755 -525.720215 2541.543213
-198.037933 -984.652527 2501.966797
-336.646423 -93.120605 2412.270996
-410.968567 -551.647461 2535.177246
-375.359833 -1000.376831 2430.813721
-362.706451 617.685547 2500.506348
-319.465332 396.242310 2481.825195
-149.042511 425.182953 2526.853271
-33.068733 165.630676 2538.963867
-101.486328 442.401123 2399.177002
-489.888123 367.301636 2436.797119
-489.887939 53.077728 2436.797119
-489.893311 -261.145844 2436.797119
-274.220032 161.143509 2461.684570
-123.199722 -55.992905 2469.491211
-187.932587 -526.703003 2541.169922
-197.137604 -983.481201 2480.712158
-334.749756 -91.917648 2413.596680
-407.686768 -551.315857 2534.183350
-369.579956 -999.278748 2427.464111
-357.300842 617.133850 2500.925049
-316.141693 395.413330 2480.853271
-146.400726 422.095825 2529.548584
-33.023102 165.316559 2539.966553
-104.351929 443.345245 2402.071533
-485.882660 368.730835 2432.157959
-485.882477 54.506927 2432.157959
-485.887848 -259.716644 2432.157959
-273.105896 159.973022 2459.849609
-124.681564 -58.900711 2469.079834
-191.471924 -528.584900 2545.460205
-200.577682 -981.956177 2462.834229
-335.458618 -92.033890 2408.612061
-411.182800 -550.190918 2532.187744
-373.080322 -997.383911 2422.291260
-355.963928 615.199829 2500.775879
-315.984131 393.272003 2480.517578
-145.889725 418.975586 2528.612793
-32.970833 167.636032 2538.987061
-102.246475 445.689758 2397.292480
-486.078552 367.568420 2432.422363
-486.078369 53.344513 2432.422363
-486.083740 -260.879059 2432.422363
-274.251160 157.648285 2458.849121
-126.950897 -62.022766 2467.030518
-192.438629 -531.135498 2547.953369
-202.394196 -983.235962 2456.225342
-338.085480 -93.928101 2407.330811
-412.309479 -551.591919 2533.657959
-376.457550 -999.584229 2426.298584
-356.663666 620.580688 2497.499268
-316.139191 398.562927 2479.451416
-147.884583 424.879150 2533.082275
-33.015633 165.795044 2537.521729
-105.504379 445.775848 2399.622314
-484.393799 372.246704 2425.820557
-484.393616 58.022797 2425.820557
-484.398987 -256.200775 2425.820557
-272.973480 163.039490 2459.598633
-125.319695 -56.141266 2473.051270
-188.329987 -524.382568 2560.565674
-199.072983 -974.536377 2458.781982
-334.295837 -88.826630 2406.440430
-406.049500 -546.744141 2533.310059
-368.404114 -994.256775 2424.546387
-353.091858 622.995239 2494.257080
-313.524475 400.678711 2477.990967
-145.482544 427.062134 2532.434082
-33.011749 164.892853 2538.745850
-107.634445 446.098114 2405.590820
-481.566406 374.295288 2423.547852
-481.566223 60.071381 2423.547852
-481.571594 -254.152191 2423.547852
-271.077332 164.792450 2461.287598
-124.351532 -54.721527 2478.368896
-188.330872 -523.633179 2561.589355
-199.760223 -973.671997 2458.370361
-332.908844 -87.466095 2410.799561
-409.957397 -543.172302 2542.272217
-371.197266 -989.836609 2430.468994
-355.228149 622.698608 2498.671875
-314.286804 400.708496 2481.306885
-145.671188 428.266663 2533.373047
-33.517761 166.438660 2539.353516
-104.042007 447.704956 2401.429443
-482.902466 373.150360 2429.240723
-482.902283 58.926453 2429.240723
-482.907654 -255.297119 2429.240723
-270.206787 165.219925 2463.196777
-121.465042 -53.162994 2477.404785
-186.475189 -523.207031 2552.876465
-198.308105 -973.812134 2451.704834
-330.788452 -87.374329 2412.768555
-408.367432 -545.137939 2536.424072
-369.703278 -992.624146 2427.931396
-360.758972 620.703674 2499.555664
-317.540527 399.191101 2481.650391
-149.242416 428.293243 2533.965088
-33.282837 166.228485 2540.683594
-106.500961 447.572418 2403.711182
-485.838654 370.088989 2429.335693
-485.838470 55.865082 2429.335693
-485.843842 -258.358490 2429.335693
-270.976257 164.262970 2462.540039
-119.952469 -52.602036 2475.900391
-188.025391 -521.478088 2555.896973
-198.548553 -971.090393 2450.115234
-328.871490 -88.728317 2410.958984
-409.294189 -545.767090 2535.634033
-369.914642 -992.883423 2425.842773
-363.322174 617.194336 2497.739990
-320.103027 395.663757 2479.890625
-150.169098 425.615845 2525.634277
-33.139862 166.615112 2541.337402
-107.662529 446.625275 2402.615723
-490.036987 365.711639 2434.146973
-490.036804 51.487732 2434.146973
-490.042175 -262.735840 2434.146973
-273.559448 160.713318 2460.826660
-121.462723 -55.632599 2470.176025
-192.975281 -525.593994 2539.551025
-200.167923 -981.180237 2475.725830
-332.569000 -92.841614 2413.349365
-413.372772 -550.632690 2535.062500
-376.299225 -999.007690 2429.789307
-365.687225 617.325989 2494.783936
-321.680695 395.838440 2478.374756
-151.001129 426.054688 2521.270508
-32.554550 165.821411 2539.157959
-108.091568 445.674866 2401.469482
-492.360260 365.622192 2435.479004
-492.360077 51.398285 2435.479004
-492.365448 -262.825287 2435.479004
-275.670349 160.653625 2460.969727
-123.740616 -55.779739 2470.184570
-193.622208 -526.490479 2536.582275
-200.545059 -985.065552 2494.118652
-335.579376 -93.282608 2416.944824
-413.150787 -551.883118 2537.741455
-374.010162 -999.596924 2430.385498
-365.152283 617.901611 2496.861328
-321.713196 396.318573 2480.172119
-150.734863 426.654968 2521.967285
-33.279060 166.407135 2538.576660
-108.509323 445.352570 2399.746582
-492.691528 365.982178 2438.376953
-492.691345 51.758270 2438.376953
-492.696716 -262.465302 2438.376953
-275.503601 161.244873 2461.760254
-123.187057 -55.002441 2469.285889
-190.512817 -524.807556 2543.996582
-199.244339 -979.778564 2473.552002
-335.400940 -92.655212 2417.410889
-408.954559 -553.247681 2532.889404
-370.804657 -1001.523682 2427.504883
-371.033722 620.407043 2500.062988
-325.462646 399.418945 2481.499756
-154.734299 431.430359 2523.144775
-25.657349 169.708130 2533.288330
-109.002350 444.267273 2397.640381
-496.190979 367.407532 2439.854736
-496.190796 53.183624 2439.854736
-496.196167 -261.039948 2439.854736
-276.597778 165.045471 2461.330078
-121.765076 -49.459137 2467.008789
-189.263794 -519.325378 2541.591553
-200.530975 -976.369019 2481.107910
-333.700745 -89.196899 2415.312012
-408.457855 -549.036926 2533.100586
-368.118408 -996.263794 2424.177734
-373.482758 622.629822 2494.427246
-327.586945 401.546661 2477.907715
-159.097961 433.284637 2527.413818
-21.377792 174.803467 2526.656982
-111.408272 445.081116 2394.916748
-496.075928 369.808685 2428.401611
-496.075745 55.584778 2428.401611
-496.081116 -258.638794 2428.401611
-278.217407 167.079926 2460.198730
-124.159973 -47.666931 2473.249512
-191.661255 -515.575562 2558.727295
-205.685242 -969.594604 2478.854004
-333.535767 -87.106689 2411.729980
-410.381836 -545.947632 2532.075439
-370.364899 -993.166870 2422.940186
-376.182007 620.883362 2494.790283
-327.657806 400.349854 2478.491211
-159.613525 434.116882 2528.486816
-15.216019 177.411774 2520.330078
-110.633156 444.747406 2388.816895
-495.702057 366.582764 2428.495605
-495.701874 52.358856 2428.495605
-495.707245 -261.864716 2428.495605
-275.484802 166.472275 2461.089844
-119.051590 -46.455093 2474.707275
-186.583588 -517.120667 2541.222412
-193.574249 -974.852966 2489.050049
-327.572021 -88.355484 2412.669678
-404.456512 -546.382690 2536.075684
-364.780884 -993.857178 2427.839111
-375.034546 621.021545 2497.485107
-325.937805 400.738831 2479.488281
-156.776108 435.255249 2524.985107
-10.125549 188.184540 2506.151123
-108.064018 451.174591 2379.492920
-495.099487 366.222382 2433.991455
-495.099304 51.998474 2433.991455
-495.104675 -262.225098 2433.991455
-273.138794 167.124069 2460.410156
-115.330963 -45.064255 2469.574707
-187.466965 -515.662415 2533.108887
-195.251190 -974.815125 2488.790527
-325.348602 -87.917099 2413.089355
-408.318085 -544.332336 2538.389160
-368.752014 -991.508789 2428.877441
-375.091919 621.266968 2494.720215
-325.901855 400.846710 2478.846680
-156.587311 435.856567 2523.616455
-7.056656 196.602402 2487.051270
-111.628181 458.047241 2362.472412
-495.216400 365.836853 2434.076904
-495.216217 51.612946 2434.076904
-495.221588 -262.610626 2434.076904
-273.239502 166.995407 2462.555176
-115.509773 -45.130676 2474.045410
-191.162598 -515.190186 2538.360107
-199.510895 -975.281860 2501.183594
-325.644531 -88.581116 2418.481934
-410.653778 -544.854614 2543.021240
-372.073273 -992.053284 2433.240723
-385.470642 618.267273 2496.079590
-331.597504 398.992004 2480.112549
-163.555054 436.981079 2527.138916
-1.530762 205.315964 2465.545166
-116.116600 465.284119 2351.028564
-499.639984 361.002869 2433.086182
-499.639801 46.778961 2433.086182
-499.645172 -267.444611 2433.086182
-274.103149 166.417511 2462.544434
-112.289978 -42.573776 2474.169678
-187.439240 -513.271667 2534.722656
-197.232162 -973.581360 2497.977539
-320.927582 -89.740158 2415.782959
-405.523010 -547.841003 2533.582764
-367.483093 -995.226013 2424.368164
-392.974609 617.088989 2492.714844
-336.732941 398.309937 2478.019775
-169.447906 438.569763 2525.921387
-0.288589 219.162460 2441.278076
-124.653915 478.306091 2335.287109
-504.017975 358.050110 2430.118164
-504.017792 43.826202 2430.118164
-504.023163 -270.397369 2430.118164
-276.378571 166.322845 2462.225098
-112.194031 -40.675858 2476.161865
-189.347412 -511.491760 2533.410645
-203.304779 -972.410095 2508.053467
-319.854370 -90.652664 2416.698975
-408.597839 -548.504822 2532.443115
-370.668884 -997.149597 2428.625732
-399.164703 614.225647 2492.092285
-339.337463 396.376404 2477.722656
-171.995377 439.638794 2522.628906
0.358063 243.591095 2413.101318
-136.380539 496.566681 2304.665771
-506.679565 353.114075 2432.816406
-506.679382 38.890167 2432.816406
-506.684753 -275.333405 2432.816406
-275.661194 165.196808 2463.151855
-108.095032 -39.124527 2476.459961
-186.196442 -509.282166 2537.781250
-197.938049 -969.929932 2505.784180
-315.874817 -92.841080 2420.702148
-406.030640 -550.106201 2537.767090
-368.132385 -997.908752 2430.353516
-402.076233 614.806030 2489.907959
-340.976013 397.164368 2477.701904
-173.553711 441.855713 2520.983398
1.680664 265.810699 2383.529053
-139.517410 510.783325 2268.411621
-508.398315 352.473022 2434.420410
-508.398132 38.249115 2434.420410
-508.403503 -275.974457 2434.420410
-276.146240 166.155548 2465.460693
-107.405098 -37.115387 2480.082275
-189.453918 -506.807434 2539.837646
-201.135864 -967.736023 2510.785400
-315.227844 -92.591156 2426.356689
-409.355835 -549.625366 2541.152100
-370.607361 -997.850037 2435.775635
-402.307404 615.380066 2496.712158
-340.636078 398.069092 2481.828857
-172.297943 443.734131 2520.032959
3.305176 290.858673 2355.739502
-143.888245 523.082397 2227.468750
-508.974213 352.404083 2443.624756
-508.974030 38.180176 2443.624756
-508.979401 -276.043396 2443.624756
-274.617249 167.590118 2466.421387
-104.073586 -34.534454 2474.735596
-187.926544 -504.063751 2533.391357
-196.265106 -964.332336 2495.064697
-313.123260 -91.243286 2427.292236
-404.283569 -550.138428 2536.845459
-369.092712 -998.275146 2429.883545
-402.192108 615.835144 2498.590576
-340.595581 398.531677 2483.000977
-171.564789 444.490570 2517.708252
1.647308 319.920837 2329.362793
-152.091873 535.287048 2179.005127
-509.626343 352.572784 2448.293701
-509.626160 38.348877 2448.293701
-509.631531 -275.874695 2448.293701
-274.594543 168.085724 2466.718262
-103.677963 -33.834045 2471.978027
-191.693481 -501.668335 2537.265137
-196.334305 -962.318604 2502.454346
-313.509094 -90.886414 2428.893066
-407.321167 -548.041260 2543.350342
-372.845825 -995.233398 2432.305908
-393.779114 615.268372 2502.629883
-333.269318 397.641052 2487.317139
-163.552582 441.917603 2521.011719
-5.150986 349.451691 2304.679443
-155.583908 541.925476 2125.480225
-502.986053 353.364563 2453.622559
-502.985870 39.140656 2453.622559
-502.991241 -275.082916 2453.622559
-269.706848 166.523911 2470.859863
-100.812378 -37.113724 2475.314697
-188.346771 -505.267639 2539.220703
-191.559998 -966.546936 2515.330811
-311.476379 -92.072769 2433.490479
-407.005432 -549.367615 2546.062256
-369.627380 -996.232178 2434.609619
-387.787659 613.544250 2504.951416
-329.320618 395.382263 2489.286133
-159.067291 438.091125 2522.394531
-16.043549 385.712738 2286.339600
-154.027191 543.589600 2072.505859
-499.573944 352.673431 2456.177734
-499.573761 38.449524 2456.177734
-499.579132 -275.774048 2456.177734
-267.933167 163.701157 2472.475830
-100.873352 -41.471558 2476.215088
-190.422089 -508.782928 2543.445068
-198.954575 -966.546387 2489.672607
-312.218079 -94.488373 2435.115967
-409.283600 -552.631104 2542.782959
-372.893829 -999.826660 2432.290771
-382.390076 612.683777 2504.083496
-327.967499 393.475372 2488.878418
-156.954865 433.112457 2521.839355
-37.003944 422.849915 2271.656250
-148.162155 533.240662 2022.910034
-498.980133 353.838287 2455.917480
-498.979950 39.614380 2455.917480
-498.985321 -274.609192 2455.917480
-270.896301 160.678741 2472.723145
-107.664055 -47.512024 2477.029297
-198.576035 -515.227844 2539.383057
-201.231079 -973.973572 2489.201172
-319.986145 -96.723755 2436.106445
-415.287811 -556.111389 2539.998535
-378.820557 -1003.409668 2429.916992
-377.616821 613.406555 2503.683350
-326.540161 393.414673 2488.135010
-155.616165 430.364532 2524.369629
-58.496384 461.416016 2261.296875
-137.828827 521.181763 1984.596924
-497.464172 356.464813 2451.900391
-497.463989 42.240906 2451.900391
-497.469360 -271.982666 2451.900391
-272.677307 159.832306 2472.249756
-112.698410 -50.810211 2478.860352
-195.648483 -520.131470 2539.868652
-200.765640 -979.746704 2495.887939
-324.930481 -96.689911 2433.868652
-412.721954 -556.681641 2541.405273
-374.451813 -1001.501221 2422.607910
-373.273743 618.522217 2496.848145
-326.644653 397.368042 2484.748291
-156.359406 431.362976 2526.189697
-77.785461 491.149353 2251.059326
-123.546066 514.731689 1960.647949
-496.929901 363.373108 2443.306885
-496.929718 49.149200 2443.306885
-496.935089 -265.074371 2443.306885
-276.829620 162.709549 2472.549316
-121.272598 -50.839111 2486.084229
-198.026947 -520.003784 2555.343018
-205.409454 -974.763306 2480.854248
-332.756561 -93.058777 2434.616455
-415.933563 -553.494751 2544.000244
-376.599579 -997.945068 2423.998535
-373.689972 619.883057 2496.217041
-328.003296 398.467834 2484.606201
-157.349472 431.521362 2525.572510
-90.351524 507.061371 2245.505859
-120.418137 511.761566 1950.046265
-498.657104 365.414307 2443.639893
-498.656921 51.190399 2443.639893
-498.662292 -263.033173 2443.639893
-279.686462 163.426971 2472.974609
-125.476074 -51.103607 2486.763184
-191.514374 -522.560669 2550.785400
-203.308624 -975.428894 2463.821777
-337.263184 -92.124176 2435.922852
-413.340698 -553.485474 2546.489746
-373.407593 -998.083374 2427.139893
-377.357178 619.963501 2500.244629
-329.807434 399.078552 2486.279785
-158.682846 433.897095 2523.616699
-97.699753 517.005249 2243.214355
-124.618011 515.810364 1944.029907
-500.932007 364.260040 2448.942871
-500.931824 50.036133 2448.942871
-500.937195 -264.187439 2448.942871
-279.023865 164.700348 2472.095703
-122.009857 -48.063278 2481.089600
-184.040268 -519.971741 2546.509033
-196.113663 -972.035461 2453.673096
-334.470764 -91.292465 2434.733643
-404.896088 -555.193726 2537.954346
-365.797394 -1001.106812 2423.384766
-381.916626 618.742432 2503.091797
-331.859314 398.505188 2487.731445
-161.176422 435.192261 2525.446533
-101.864960 520.009827 2243.611328
-127.925911 517.957092 1942.542603
-502.542236 361.818115 2450.016357
-502.542053 47.594208 2450.016357
-502.547424 -266.629364 2450.016357
-278.113647 164.905762 2471.733398
-118.435852 -45.924332 2479.142822
-180.180405 -516.615479 2552.998779
-198.494370 -967.083374 2453.097900
-330.300110 -91.463028 2432.327881
-403.114410 -554.447693 2538.234619
-364.332550 -1000.507202 2424.047607
-385.662628 613.934143 2511.617676
-333.092834 394.582611 2492.665527
-161.749954 433.426941 2524.302002
-103.985062 518.441040 2246.239258
-129.635071 519.656006 1944.210693
-504.435669 355.738281 2461.029053
-504.435486 41.514374 2461.029053
-504.440857 -272.709198 2461.029053
-276.702972 161.913300 2472.938477
-113.898178 -46.631195 2472.859619
-181.575775 -517.640015 2538.889893
-195.834930 -973.064209 2469.727295
-326.728088 -94.880829 2433.563232
-406.026794 -555.475464 2544.922119
-364.301025 -1000.005737 2426.010986
-386.280975 610.794495 2515.599609
-332.676147 391.908691 2494.138428
-160.891815 431.758728 2522.085693
-102.517227 514.692688 2248.601074
-132.134247 522.000854 1946.458496
-504.460480 352.058716 2466.191162
-504.460297 37.834808 2466.191162
-504.465668 -276.388763 2466.191162
-275.162598 159.747375 2471.657715
-111.033051 -47.681503 2466.522217
-185.211182 -517.415222 2534.865967
-197.186264 -975.087585 2478.432861
-324.265045 -97.146408 2431.831787
-407.286713 -557.018799 2543.661865
-364.095886 -999.964722 2419.521240
-386.320953 608.830688 2511.594727
-332.357574 389.943390 2490.802490
-160.832977 429.935608 2520.406494
-90.769287 505.343719 2252.312500
-131.558258 528.385986 1952.114502
-503.882172 349.951172 2461.198486
-503.881989 35.727264 2461.198486
-503.887360 -278.496307 2461.198486
-274.476624 157.774506 2469.081055
-110.152031 -49.576279 2465.730957
-189.081665 -518.029663 2537.657471
-196.713257 -977.400818 2494.156738
-323.039307 -99.212479 2428.988281
-408.340179 -559.639648 2536.817139
-366.576996 -1004.529175 2419.420654
-370.207092 610.100403 2502.468506
-321.016388 389.740540 2487.554199
-151.342804 425.363312 2528.709717
-82.043701 499.960876 2254.412842
-132.796692 532.030396 1955.888672
-490.689972 354.117737 2446.398682
-490.689789 39.893829 2446.398682
-490.695160 -274.329742 2446.398682
-268.225220 155.987259 2472.239014
-109.870628 -55.603073 2482.528809
-189.426392 -522.846680 2561.324219
-200.269150 -978.666138 2492.704102
-320.997467 -99.928940 2431.318848
-406.593475 -559.412659 2542.936035
-366.643738 -1004.367065 2425.004639
-366.937195 611.948853 2495.745605
-318.020599 391.249329 2484.948975
-149.488647 426.876709 2531.172852
-74.071365 486.420990 2256.198730
-133.415802 533.400879 1962.712402
-486.552551 355.622009 2438.725098
-486.552368 41.398102 2438.725098
-486.557739 -272.825470 2438.725098
-265.495972 157.155975 2473.874023
-108.450073 -54.841782 2491.466553
-186.980316 -524.117126 2557.404785
-199.431610 -977.596924 2473.582520
-317.492615 -99.033005 2434.131592
-406.646545 -558.711975 2542.081787
-364.221375 -1003.970703 2426.133057
-376.637451 610.070190 2500.693359
-326.325195 389.865540 2486.329102
-156.601898 426.501526 2527.402344
-66.582756 467.653931 2259.072266
-137.239471 540.592407 1974.205444
-496.048492 353.229492 2445.255859
-496.048309 39.005585 2445.255859
-496.053680 -275.217987 2445.255859
-272.298431 156.303802 2471.409180
-112.960365 -54.525696 2481.974854
-195.009644 -525.268921 2527.687500
-200.580017 -982.796753 2474.858887
-323.582977 -99.990143 2431.003662
-415.852203 -560.046204 2534.622314
-375.980774 -1006.308899 2421.669434
-383.851562 610.003784 2505.304932
-332.197083 390.385864 2487.119385
-161.528091 428.084656 2523.191406
-56.339554 449.269196 2264.008545
-137.561066 549.853455 1991.001221
-502.866058 352.687073 2451.047363
-502.865875 38.463165 2451.047363
-502.871246 -275.760406 2451.047363
-276.723907 157.454788 2468.093262
-115.334030 -52.080536 2471.453369
-194.342346 -521.603149 2532.640869
-196.817017 -979.203857 2474.346436
-327.167450 -98.872070 2426.680908
-414.238556 -559.107605 2533.874756
-373.122864 -1004.818481 2419.153564
-386.342865 609.431824 2509.475586
-334.071655 390.048523 2489.835693
-162.482010 428.783386 2519.891357
-44.691490 431.108429 2267.988281
-138.424484 556.431030 2009.720947
-505.661285 351.313599 2459.780029
-505.661102 37.089691 2459.780029
-505.666473 -277.133881 2459.780029
-277.941925 157.367493 2469.261230
-115.292999 -51.267715 2467.344727
-191.041153 -517.887024 2549.580811
-196.849564 -970.969177 2465.121338
-328.331390 -99.359329 2430.028809
-411.032043 -559.427124 2541.313232
-372.025879 -1005.703369 2428.046387
-388.533813 610.101562 2506.517578
-335.390350 390.843689 2487.596436
-163.706039 430.470337 2516.497559
-33.356644 413.066589 2272.962158
-137.335510 563.275330 2032.893433
-507.074677 351.217041 2458.695312
-507.074493 36.993134 2458.695312
-507.079865 -277.230438 2458.695312
-278.393066 158.276566 2467.885742
-114.881088 -49.705795 2466.105469
-190.250702 -516.260315 2551.151367
-197.820801 -969.699463 2465.583984
-327.910492 -98.875320 2430.244629
-411.276306 -558.352722 2543.585449
-368.753723 -1001.774353 2421.164795
-388.234589 609.287231 2504.753662
-335.400269 389.919983 2486.115967
-163.515335 428.755127 2515.218750
-25.631546 388.515228 2281.463867
-134.176453 562.855469 2060.979736
-507.285187 351.084808 2457.013184
-507.285004 36.860901 2457.013184
-507.290375 -277.362671 2457.013184
-279.544708 157.013763 2467.019531
-117.023529 -51.792740 2465.983154
-192.967056 -517.959106 2553.646729
-202.641693 -970.934326 2464.426270
-330.354767 -99.992142 2429.863037
-413.748322 -559.835754 2541.766602
-372.380035 -1004.212524 2422.261230
-380.173523 610.418701 2501.636230
-330.487793 390.224457 2484.337158
-158.639496 426.562500 2516.600830
-20.318954 367.240387 2294.694824
-132.092682 563.850891 2091.862549
-502.336121 353.886414 2452.073486
-502.335938 39.662506 2452.073486
-502.341309 -274.561066 2452.073486
-277.750153 156.497070 2466.680664
-118.328064 -54.671448 2469.053711
-192.684097 -522.270813 2550.529541
-199.896973 -978.521973 2481.717041
-331.696899 -99.789185 2428.994629
-413.011627 -560.045166 2540.761719
-370.248230 -1004.282715 2421.097656
-382.973450 610.555115 2504.045898
-335.032257 390.033081 2485.978516
-162.579239 424.627319 2517.037598
-10.641159 346.107300 2309.855957
-132.830627 558.853577 2125.697021
-507.485260 355.438843 2454.919434
-507.485077 41.214935 2454.919434
-507.490448 -273.008636 2454.919434
-284.683167 155.859985 2467.246582
-127.298660 -56.841705 2467.791992
-200.538269 -525.721558 2542.816895
-206.507019 -983.403687 2482.315918
-341.369507 -99.784515 2429.237305
-416.788208 -561.596375 2538.534180
-382.051758 -1007.109802 2421.263672
-376.185394 615.522949 2492.741943
-331.611694 393.975525 2480.309082
-160.125641 426.907104 2517.431641
-8.402237 326.955383 2324.363525
-132.751663 557.317566 2160.089355
-503.097748 361.043945 2443.186523
-503.097565 46.820038 2443.186523
-503.102936 -267.403534 2443.186523
-283.703766 158.966461 2467.478516
-129.294357 -55.590424 2477.702881
-192.170273 -525.581299 2554.776611
-204.265686 -980.737427 2478.906006
-342.297302 -96.494781 2431.593018
-410.206635 -559.629578 2540.059814
-372.027985 -1004.908020 2422.826904
-367.006775 618.176758 2498.002441
-323.554260 396.544678 2482.841553
-152.383026 427.740051 2522.964111
-4.180878 312.493408 2339.188721
-130.655212 549.398743 2187.187256
-494.725464 365.349274 2442.718994
-494.725281 51.125366 2442.718994
-494.730652 -263.098206 2442.718994
-277.069092 161.375061 2467.371582
-124.351265 -54.433990 2476.802490
-184.562073 -524.895752 2553.633545
-197.434235 -976.171021 2458.290283
-336.816589 -93.155090 2427.000732
-404.631866 -557.108032 2532.117920
-364.868164 -1002.836975 2417.054932
-360.759613 620.726624 2499.662598
-318.697723 398.878601 2483.437744
-147.648407 428.235352 2525.555908
-0.076920 292.243408 2358.098633
-129.946671 535.099854 2216.769287
-489.747040 369.521790 2441.319580
-489.746857 55.297882 2441.319580
-489.752228 -258.925690 2441.319580
-274.208984 163.370255 2466.913086
-123.560791 -53.918182 2476.528564
-188.893402 -523.679749 2553.585205
-202.897446 -974.694641 2455.609131
-335.879700 -90.357971 2424.248291
-408.978943 -553.534790 2529.239502
-370.747253 -1001.949341 2425.090576
-356.618591 623.014893 2496.604004
-315.882965 400.855957 2481.022705
-145.516602 429.051605 2526.556641
1.457443 274.611511 2377.041016
-124.114128 525.635620 2246.610352
-486.249329 372.660309 2435.488770
-486.249146 58.436401 2435.488770
-486.254517 -255.787170 2435.488770
-272.625580 165.052307 2465.189453
-123.613327 -53.248901 2477.621338
-190.770294 -524.163574 2545.083252
-201.104645 -980.434204 2485.143311
-335.123047 -88.253784 2421.091064
-409.278809 -550.059204 2531.245850
-370.605286 -998.091064 2425.294189
-355.071167 624.324585 2494.506104
-314.925354 401.960693 2480.233643
-145.677185 429.772552 2529.923584
3.714081 258.291077 2390.521729
-124.178757 514.296997 2275.915283
-484.173523 374.148834 2430.543701
-484.173340 59.924927 2430.543701
-484.178711 -254.298645 2430.543701
-271.870636 166.029846 2465.638184
-123.747025 -52.635468 2481.890137
-190.058655 -523.706299 2549.584717
-202.667953 -978.328491 2474.547852
-333.884796 -87.166534 2420.195312
-408.124756 -549.004028 2530.289551
-369.211884 -997.837036 2427.747559
-353.998596 624.439819 2493.796143
-313.845612 402.087128 2479.251465
-145.121933 429.692535 2530.919434
1.852676 247.144806 2406.282715
-123.885735 509.067230 2298.014648
-482.569275 374.481720 2427.583496
-482.569092 60.257812 2427.583496
-482.574463 -253.965759 2427.583496
-270.654755 166.198975 2464.241699
-122.748932 -52.556427 2481.298584
-190.257355 -524.690063 2539.227295
-196.986481 -982.373779 2484.074463
-332.178864 -86.821930 2417.165283
-407.606049 -548.687988 2526.384521
-369.110779 -997.819824 2424.881104
-358.162598 620.348877 2494.385986
-316.775146 398.228699 2479.739990
-147.636841 426.986755 2529.432129
1.919769 234.576035 2423.620117
-111.933640 500.690613 2311.074219
-485.913452 369.470581 2430.047852
-485.913269 55.246674 2430.047852
-485.918640 -258.976898 2430.047852
-272.265259 162.592896 2464.609375
-122.771652 -55.192810 2480.322510
-189.522614 -527.311523 2539.773682
-199.880386 -983.220581 2470.075195
-332.739136 -90.892975 2418.635010
-409.943512 -550.753723 2534.655518
-371.290283 -998.988892 2429.330811
-363.644257 619.311401 2489.757812
-322.034546 397.157410 2476.325684
-152.847656 425.941711 2525.914062
3.971039 222.792511 2440.269043
-107.054245 489.200867 2329.098145
-491.221405 368.373047 2426.737305
-491.221222 54.149139 2426.737305
-491.226593 -260.074432 2426.737305
-277.947540 161.346649 2462.788818
-128.851364 -56.598526 2480.030029
-195.404816 -527.891602 2545.853027
-207.571411 -981.301514 2460.966553
-338.869720 -92.329666 2418.473877
-416.027527 -552.271179 2534.337646
-376.378418 -1000.160217 2427.860596
-365.244659 619.628540 2487.653320
-323.730957 397.424072 2474.696777
-154.530090 426.464417 2524.126221
2.438477 211.453659 2454.983398
-99.293327 478.831238 2337.099609
-492.931824 368.383698 2425.267334
-492.931641 54.159790 2425.267334
-492.937012 -260.063782 2425.267334
-279.442444 161.619934 2461.631592
-130.129700 -56.158615 2479.247559
-191.143021 -527.756653 2548.163818
-203.542099 -980.047913 2456.186523
-340.178162 -92.209763 2417.885254
-411.015320 -553.380249 2532.780273
-372.385864 -1001.176575 2425.510254
-365.845734 619.928467 2485.177246
-324.396698 397.682556 2472.701904
-154.795090 426.889709 2520.631836
0.228348 204.231247 2468.962891
-98.755241 471.429688 2348.282227
-493.998322 368.475403 2424.771973
-493.998138 54.251495 2424.771973
-494.003510 -259.972076 2424.771973
-280.233459 161.824951 2460.154297
-130.790207 -55.902328 2477.359131
-189.970200 -527.696777 2546.784424
-203.682632 -979.482605 2451.675781
-341.350250 -92.162949 2417.854248
-411.143158 -552.386169 2537.136475
-372.267120 -999.222900 2426.069092
-364.931641 620.146484 2487.588867
-323.390991 397.966064 2474.292969
-153.499542 427.395660 2521.053223
-1.391144 195.113327 2483.477783
-98.339035 461.634399 2357.821533
-493.282440 368.536499 2427.532715
-493.282257 54.312592 2427.532715
-493.287628 -259.910980 2427.532715
-278.815857 162.244934 2460.697021
-128.782730 -55.208176 2476.126953
-186.987213 -526.131287 2551.861084
-200.590134 -977.183044 2452.919189
-339.698730 -91.744247 2418.075195
-407.857117 -552.814026 2535.081055
-368.418030 -1000.262695 2426.697998
-367.225830 622.177429 2488.657715
-324.932251 400.132080 2475.486084
-155.453186 430.102417 2523.387451
-8.221207 188.563522 2493.269531
-97.535927 455.286133 2364.189209
-494.411316 370.161743 2427.584717
-494.411133 55.937836 2427.584717
-494.416504 -258.285736 2427.584717
-279.338989 164.627808 2461.520996
-128.542892 -52.272629 2477.290283
-189.152557 -522.561890 2555.182129
-201.155716 -973.913452 2457.147949
-338.948547 -89.480331 2417.821533
-409.875397 -549.196838 2538.427002
-368.670593 -995.368164 2425.597168
-365.924835 620.030334 2487.218506
-322.586334 398.143921 2474.825439
-153.641205 428.940674 2524.060547
-13.633423 182.786072 2502.643799
-98.726578 452.123413 2376.896240
-491.531464 367.347168 2425.590332
-491.531281 53.123260 2425.590332
-491.536652 -261.100311 2425.590332
-275.908142 162.797165 2461.864746
-124.356689 -53.432404 2479.466797
-185.736420 -525.307312 2545.464844
-197.197418 -981.461792 2481.201660
-334.103210 -91.666779 2418.341309
-405.057983 -551.639954 2538.026123
-365.682373 -998.425903 2426.945068
-364.367096 622.242432 2487.320557
-320.043121 400.493347 2475.991211
-153.554535 431.253967 2532.502197
-16.330994 179.884354 2506.346436
-99.384979 450.495178 2385.083740
-486.531708 369.732727 2419.480225
-486.531525 55.508820 2419.480225
-486.536896 -258.714752 2419.480225
-272.389832 165.309937 2463.616211
-121.297577 -50.761963 2486.351318
-182.251297 -522.572083 2553.802002
-201.366562 -975.912537 2472.071533
-328.175507 -88.984955 2416.131104
-403.586090 -549.509949 2530.710205
-364.975861 -997.975708 2426.518799
-364.293091 623.213135 2487.039307
-319.169495 401.600952 2476.177246
-153.658508 432.752228 2535.470459
-21.676666 176.440094 2510.688232
-99.870468 449.256378 2387.797119
-484.680481 370.449646 2416.884033
-484.680298 56.225739 2416.884033
-484.685669 -257.997833 2416.884033
-270.673340 166.563660 2464.288574
-119.472313 -49.143250 2489.193115
-185.472168 -521.217407 2549.394775
-201.611374 -974.837646 2465.715088
-324.882050 -87.803986 2415.606689
-407.174133 -546.147949 2533.967041
-366.758118 -993.782471 2426.837402
-361.978546 621.586426 2486.762207
-316.184296 400.126556 2475.579346
-152.033646 430.861511 2538.765137
-24.335670 173.226044 2512.856689
-90.892586 447.586395 2386.984863
-480.334961 369.391602 2412.393555
-480.334778 55.167694 2412.393555
-480.340149 -259.055878 2412.393555
-267.361053 165.190521 2463.019531
-116.646332 -50.667740 2489.680420
-185.206726 -522.147339 2552.045898
-199.006958 -973.607788 2456.520996
-320.429291 -88.823288 2411.239014
-405.349091 -547.609802 2526.094238
-365.667786 -996.542297 2424.294434
-362.821564 621.581116 2487.004150
-317.005249 400.121582 2475.868408
-152.221741 431.072571 2537.401611
-25.660477 172.115265 2516.407959
-90.629250 444.562500 2385.094971
-481.788757 369.170593 2414.335205
-481.788574 54.946686 2414.335205
-481.793945 -259.276886 2414.335205
-268.203003 165.176819 2463.354492
-117.137047 -50.559937 2489.027832
-188.729721 -522.264526 2546.039307
-201.706619 -974.560791 2453.404053
-321.664490 -88.975952 2412.653320
-406.093933 -550.025024 2518.173096
-380.926025 -1005.136719 2454.743896
-364.985077 622.078491 2489.856689
-318.584808 400.822205 2477.282715
-153.625931 432.090332 2538.267334
-25.845818 170.055664 2518.218994
-89.974510 443.635590 2387.993408
-483.543701 369.554138 2416.298096
-483.543518 55.330231 2416.298096
-483.548889 -258.893341 2416.298096
-268.944336 166.138733 2463.336426
-116.923172 -49.138412 2487.239746
-188.805145 -520.749084 2544.977783
-201.484329 -973.427917 2453.623779
-321.684540 -87.951096 2411.540527
-407.743164 -546.956482 2524.408447
-375.512512 -998.454956 2439.341797
-366.993347 621.465820 2490.650879
-320.287354 400.314026 2477.359863
-155.585236 431.348511 2539.191650
-25.933060 170.019653 2518.660400
-91.890083 444.842163 2392.727295
-484.989471 369.279572 2415.528076
-484.989288 55.055664 2415.528076
-484.994659 -259.167908 2415.528076
-270.526031 165.706299 2462.563965
-118.534546 -49.638428 2486.146729
-190.674011 -520.644409 2548.318848
-205.061218 -973.261108 2456.636475
-322.994873 -88.164459 2409.389404
-410.382690 -545.637695 2527.471191
-374.765564 -995.309692 2431.449463
-367.947205 621.504089 2497.969971
-320.970642 400.774902 2480.050537
-154.772156 431.949524 2537.506592
-28.513611 167.455475 2519.820801
-91.269676 442.630890 2387.122559
-487.169128 369.600250 2422.594482
-487.168945 55.376343 2422.594482
-487.174316 -258.847229 2422.594482
-270.431946 166.692017 2460.870850
-116.697250 -48.033890 2477.366699
-187.590454 -518.626160 2543.936035
-201.546844 -969.955994 2446.111328
-323.089294 -86.747818 2406.015625
-404.659882 -547.532654 2514.631836
-384.130005 -1002.891479 2451.305664
-365.928528 621.550659 2499.228516
-320.081696 400.599182 2480.913330
-152.952286 431.045197 2536.061768
-27.249046 168.721954 2519.410400
-90.818962 441.118591 2382.919189
-487.211090 370.153137 2425.764893
-487.210907 55.929230 2425.764893
-487.216278 -258.294342 2425.764893
-270.848022 166.274963 2461.073486
-117.878769 -49.151688 2475.463623
-190.341278 -517.675903 2553.169434
-203.419586 -968.463989 2452.633057
-325.349945 -86.946793 2407.003662
-405.123932 -547.998840 2516.218506
-390.887329 -1005.642334 2462.567627
-365.170288 620.013306 2500.169678
-319.345978 399.102356 2481.204590
-152.067352 428.673553 2536.455322
-26.583115 168.830231 2519.246338
-90.863243 440.611572 2382.201904
-486.624603 369.531158 2425.953857
-486.624420 55.307251 2425.953857
-486.629791 -258.916321 2425.953857
-271.039795 164.655823 2460.431641
-118.910492 -51.437057 2473.950439
-190.192963 -519.775208 2554.258301
-202.459198 -970.150024 2451.706543
-326.556732 -88.144363 2405.366943
-403.358337 -551.001648 2508.945801
-390.182556 -1010.337952 2467.661621
-367.637207 619.577881 2499.809326
-321.845490 398.652924 2480.872070
-154.544800 428.515442 2535.944092
-29.789673 167.430450 2522.067139
-90.703552 440.679230 2382.884033
-489.146179 368.790405 2425.800049
-489.145996 54.566498 2425.800049
-489.151367 -259.657074 2425.800049
-273.572662 164.080933 2461.421875
-121.457024 -51.955536 2476.154785
-192.184036 -520.260376 2557.395508
-204.902481 -970.561462 2454.514160
-329.142639 -89.026581 2407.788574
-404.690491 -553.151672 2506.601318
-390.574890 -1013.658569 2479.673096
-365.473907 618.318787 2499.378418
-319.976196 397.282959 2480.977539
-152.660522 426.786377 2536.219971
-30.819229 167.687378 2524.507080
-90.462273 441.520020 2385.497070
-487.291901 367.779510 2425.735107
-487.291718 53.555603 2425.735107
-487.297089 -260.667969 2425.735107
-272.286407 162.556183 2461.898193
-120.740379 -53.857193 2477.108887
-190.029358 -524.701355 2541.494629
-197.732727 -980.704712 2480.681641
-328.452850 -90.483963 2408.528809
-401.434814 -553.799866 2512.898926
-388.484375 -1013.293945 2471.208496
-368.586182 617.695251 2498.008789
-323.541779 396.520599 2480.145020
-156.030273 425.969910 2534.829346
-30.875099 166.848206 2525.682373
-90.116913 441.072388 2384.480957
-491.053314 367.071289 2425.460693
-491.053131 52.847382 2425.460693
-491.058502 -261.376190 2425.460693
-276.237244 161.661560 2461.719238
-124.952599 -54.917297 2477.238037
-196.309662 -526.157104 2537.375488
-198.372818 -984.267456 2486.244141
-332.912811 -91.477661 2409.348877
-407.010162 -555.523071 2509.706299
-395.087555 -1015.716797 2473.132812
-366.515564 618.669556 2499.986572
-321.436432 397.521118 2481.861084
-153.779297 427.165466 2535.996094
-31.445671 166.438660 2525.297852
-90.540146 441.150116 2384.719971
-489.093597 367.876831 2427.726074
-489.093414 53.652924 2427.726074
-489.098785 -260.570648 2427.726074
-273.917725 162.715759 2463.274414
-122.327660 -53.688232 2478.291504
-189.130981 -526.186646 2534.022949
-192.001678 -985.840332 2494.187744
-330.470367 -90.490997 2411.083984
-399.451111 -554.907593 2513.340576
-390.014069 -1015.033020 2473.664551
-358.882904 618.855103 2503.515625
-320.899353 396.628876 2483.816650
-153.331741 420.221558 2540.731445
-29.197044 168.219101 2524.071533
-90.669449 441.444702 2385.262695
-488.466980 373.036194 2426.901855
-488.466797 58.812286 2426.901855
-488.472168 -255.411285 2426.901855
-280.812500 160.699738 2463.592773
-136.638092 -60.574387 2478.722656
-205.922028 -533.020752 2532.319824
-209.202423 -993.431885 2497.905273
-344.813202 -89.884415 2408.015137
-416.828217 -552.640503 2515.520020
-405.455902 -1011.478271 2464.052246
-360.397064 621.870056 2498.167480
-321.681519 399.517456 2480.988037
-153.831894 424.437653 2536.658691
-30.094360 167.124756 2525.015137
-94.456558 444.660034 2392.270264
-489.531128 374.597290 2425.317383
-489.530945 60.373383 2425.317383
-489.536316 -253.850189 2425.317383
-280.820251 163.459396 2463.457520
-135.798187 -57.134216 2480.473877
-191.087845 -531.351990 2533.175049
-193.898178 -992.251709 2503.256836
-344.119781 -88.063141 2411.380127
-404.975861 -549.883789 2528.515869
-381.145142 -1003.739502 2450.997803
-362.126648 621.737976 2498.715088
-323.574524 399.287964 2481.965820
-155.756073 424.281525 2537.812500
-31.081276 167.057068 2526.583984
-93.044350 443.292938 2389.657227
-491.392975 374.294373 2426.119141
-491.392792 60.070465 2426.119141
-491.398163 -254.153107 2426.119141
-282.307281 163.328735 2463.559570
-136.888672 -57.118973 2479.812988
-192.244965 -531.017578 2536.187744
-200.126007 -990.350098 2490.349854
-345.191406 -88.141983 2410.493652
-407.979095 -550.839050 2523.527100
-376.877380 -1002.861084 2436.320557
-361.243744 621.016602 2502.203369
-321.272736 398.953979 2483.641602
-153.191956 424.948822 2538.263672
-32.055618 165.525360 2525.785156
-92.124237 442.731537 2389.119385
-489.353546 372.959106 2429.019531
-489.353363 58.735199 2429.019531
-489.358734 -255.488373 2429.019531
-278.298401 163.434982 2463.487305
-130.995224 -55.948822 2477.237305
-185.590988 -530.028687 2533.411621
-190.764999 -989.587158 2487.454102
-339.652893 -88.219177 2409.428711
-401.265289 -550.832397 2523.757568
-368.421600 -1001.427795 2428.719971
-367.564270 622.233765 2499.860107
-324.298798 400.664337 2483.037354
-157.957504 428.903076 2541.560303
-31.554657 165.253082 2524.935791
-91.652451 441.725800 2386.571533
-490.640076 372.425598 2424.514404
-490.639893 58.201691 2424.514404
-490.645264 -256.021881 2424.514404
-277.930084 165.660706 2464.637451
-128.275787 -51.808777 2482.575928
-188.497955 -524.557373 2543.770752
-194.861221 -984.143433 2497.185303
-334.846954 -86.877075 2409.899170
-403.011139 -548.312378 2525.234863
-368.184692 -999.304199 2431.823242
-368.361237 621.024414 2504.938477
-322.903961 400.067993 2485.964600
-156.768738 429.436188 2544.623535
-31.791069 166.129303 2523.476318
-91.231186 441.254547 2385.407227
-489.039185 370.699829 2427.305664
-489.039001 56.475922 2427.305664
-489.044373 -257.747650 2427.305664
-274.178711 165.731079 2465.287109
-122.346161 -50.379288 2481.014648
-185.003235 -522.812744 2542.523926
-192.553436 -978.555664 2471.166016
-328.560760 -86.832413 2408.204590
-401.145386 -546.930664 2526.211670
-366.997559 -996.661743 2426.390625
-370.687714 621.680969 2503.039062
-324.684540 400.769470 2484.636719
-158.190994 431.156494 2541.776611
-32.396912 165.577209 2522.208984
-90.996620 441.036011 2384.791504
-491.178070 370.382385 2427.496826
-491.177887 56.158478 2427.496826
-491.183258 -258.065094 2427.496826
-275.168335 166.492462 2464.946045
-122.308929 -48.923172 2480.722412
-192.497437 -520.088440 2543.536621
-196.378662 -976.644287 2474.901611
-328.995331 -86.645889 2409.788330
-410.718170 -543.669861 2533.268311
-373.711212 -993.261475 2433.522217
-372.780670 623.078674 2501.620117
-326.526123 402.179932 2483.578613
-159.425812 433.051147 2538.656250
-33.688057 165.298615 2521.584229
-91.449905 441.191498 2385.468506
-493.626465 371.308716 2428.500977
-493.626282 57.084808 2428.500977
-493.631653 -257.138763 2428.500977
-277.127106 167.769241 2465.094971
-124.002563 -47.478500 2480.800049
-192.666092 -519.550537 2538.371338
-202.754684 -977.939087 2484.937744
-331.453552 -85.804398 2412.422607
-407.228333 -547.623047 2519.854736
-385.879272 -1003.238159 2460.129639
-371.634125 618.606262 2501.634521
-325.362457 397.655945 2484.196777
-157.742249 428.355530 2537.795654
-33.835358 167.143585 2523.283203
-91.035934 441.163177 2384.371582
-492.982666 366.956360 2430.597900
-492.982483 52.732452 2430.597900
-492.987854 -261.491119 2430.597900
-276.274200 163.234192 2464.951660
-123.141090 -52.131775 2478.976318
-189.600403 -524.668030 2535.585938
-201.748749 -984.078003 2490.621338
-331.230804 -90.243347 2412.436768
-407.709320 -550.473816 2526.661133
-377.526642 -1002.432739 2444.279541
-367.219818 616.821472 2503.621826
-322.508240 395.629364 2485.287109
-154.527481 424.598694 2538.726807
-32.885727 166.055664 2523.644775
-91.358368 441.802368 2387.040771
-490.488983 366.660034 2431.847412
-490.488800 52.436127 2431.847412
-490.494171 -261.787445 2431.847412
-275.733551 160.781586 2465.566895
-124.686996 -56.083847 2479.018555
-191.916199 -528.205322 2538.241699
-204.328049 -987.492249 2490.567139
-333.230743 -92.048538 2412.674805
-410.113892 -552.241882 2527.314697
-375.976868 -1003.744629 2439.656982
-375.682434 622.178528 2502.901367
-326.189392 401.980469 2485.655518
-159.802399 434.810608 2541.602051
-31.955803 166.534424 2523.853027
-91.171623 441.694427 2385.638672
-492.576385 369.150330 2429.708984
-492.576202 54.926422 2429.708984
-492.581573 -259.297150 2429.708984
-273.689636 168.354767 2466.614258
-117.873619 -44.885391 2482.312500
-182.515839 -516.090271 2550.437012
-197.153534 -970.422180 2473.432373
-324.506165 -85.656448 2412.833496
-396.104492 -548.245667 2521.011963
-375.413879 -1004.068359 2456.284424
-376.142181 621.805725 2499.673828
-327.509796 401.315552 2483.330078
-160.466888 433.631134 2537.691162
-29.456604 170.771759 2520.907959
-95.495300 444.842682 2391.036377
-494.552704 368.999939 2428.968994
-494.552521 54.776031 2428.968994
-494.557892 -259.447540 2428.968994
-276.416748 167.251251 2465.471924
-121.649498 -46.756546 2481.352783
-192.654510 -517.356262 2547.329834
-206.046219 -970.707581 2462.072754
-328.997894 -86.869522 2413.874756
-413.051025 -544.724670 2531.843262
-382.342346 -995.953064 2443.823730
-370.321472 618.891296 2502.457520
-323.667847 398.086670 2484.554932
-156.345535 428.461121 2539.216553
-31.204605 168.871063 2520.971436
-93.551788 443.198212 2386.266357
-490.990173 367.712219 2429.893311
-490.989990 53.488312 2429.893311
-490.995361 -260.735260 2429.893311
-274.776062 163.666336 2465.157715
-122.027206 -51.900543 2479.688965
-190.084656 -524.187317 2535.395508
-204.185883 -981.543091 2482.064453
-329.741333 -89.607422 2411.832031
-408.536499 -550.008606 2523.795410
-375.471771 -1002.099854 2437.629395
-369.626038 617.661255 2501.305176
-323.818298 396.643280 2483.665283
-156.225540 426.617004 2537.767578
-31.064026 167.432312 2522.940186
-92.341461 442.090729 2385.029297
-491.411072 366.669556 2429.562988
-491.410889 52.445648 2429.562988
-491.416260 -261.777924 2429.562988
-275.877625 161.935883 2465.191895
-123.913742 -54.167130 2480.299316
-191.878418 -526.849548 2533.379150
-204.476791 -985.887634 2489.798340
-331.960144 -91.375900 2413.137695
-405.937500 -552.713257 2524.965332
-386.929626 -1008.482666 2457.315186
-366.306091 618.787720 2498.789307
-322.125793 397.334778 2482.507080
-154.635544 426.403687 2537.431152
-31.519402 166.706665 2523.954102
-91.511185 441.576721 2384.143311
-489.616058 368.265869 2427.583008
-489.615875 54.041962 2427.583008
-489.621246 -260.181610 2427.583008
-275.799652 162.178894 2465.693848
-125.507889 -54.933167 2482.973389
-191.933228 -527.833618 2536.455322
-202.698151 -987.154175 2491.127197
-333.439117 -91.020813 2414.787842
-411.593445 -550.894897 2529.938232
-378.756653 -1002.775024 2444.496094
-370.653015 620.736084 2503.272461
-324.059814 399.947388 2485.016602
-156.881180 430.801605 2539.908447
-26.775330 166.858673 2523.975342
-91.102654 441.020142 2382.308350
-491.238464 369.093140 2430.124756
-491.238281 54.869232 2430.124756
-491.243652 -259.354340 2430.124756
-274.682983 165.566864 2466.377930
-121.529587 -49.660812 2481.813477
-185.077576 -523.370850 2531.495850
-200.664032 -983.240723 2492.035645
-329.082703 -87.966476 2413.665039
-405.632019 -549.060425 2525.101562
-370.058197 -1000.572998 2436.198242
-371.440796 622.689209 2498.020508
-324.906006 401.649902 2482.895508
-158.783829 433.234680 2540.460693
-25.913162 168.912201 2522.496582
-91.206894 441.311554 2383.250732
-491.028137 370.065186 2425.330322
-491.027954 55.841278 2425.330322
-491.033325 -258.382294 2425.330322
-274.845490 167.205917 2467.064941
-121.656052 -47.630219 2486.970947
-190.809326 -519.680054 2543.826172
-202.864868 -978.533447 2493.097900
-327.913940 -86.845947 2415.497803
-403.872162 -549.924988 2518.623779
-383.798309 -1006.317017 2460.584229
