-226.579041 692.491638 2967.381104
-221.164841 370.481567 2906.088867
-73.091888 362.454651 2970.386475
-90.610046 112.966675 3095.196045
-101.161224 -154.281372 3169.213623
-369.237823 378.508514 2841.791260
-429.000702 120.897461 2905.743652
-404.535309 -166.930054 3085.628662
-239.062592 94.979599 2912.912109
-155.612869 -186.016357 2963.743408
-139.337479 -599.587280 3000.120605
-240.677887 -860.423950 2946.763672
-358.307800 -175.028412 2875.727295
-328.929871 -588.587524 2836.577393
-337.635193 -961.539917 2894.133057
-225.939529 692.034058 2967.287842
-220.866989 369.112640 2905.474854
-73.820221 361.312103 2970.651123
-90.426880 115.575531 3097.393555
-93.928528 -90.022369 3136.474609
-367.913757 376.913147 2840.298584
-432.056274 124.717331 2912.065430
-405.510010 -162.167374 3096.942627
-239.429398 85.752373 2913.440430
-151.185364 -203.273743 2968.746338
-173.947739 -454.603943 2937.100098
-233.749207 -841.991638 2951.037354
-364.798248 -191.942017 2874.065674
-335.492432 -606.777710 2834.046387
-344.573700 -983.688110 2891.344238
-225.127625 691.360962 2966.636230
-222.109024 367.874207 2905.950684
-74.715599 360.913574 2972.049561
-96.628891 114.173416 3098.072021
-98.583435 -99.109940 3131.318359
-369.502472 374.834778 2839.851807
-437.048248 119.010590 2918.987305
-407.527191 -156.693542 3104.395752
-239.081345 85.517410 2914.063232
-147.266357 -201.976807 2970.961670
-178.777161 -460.262177 2932.878418
-234.723160 -874.640991 2967.414551
-364.840973 -191.701935 2873.389893
-335.182983 -606.900513 2834.086426
-344.753387 -961.493042 2902.129150
-224.552551 690.913330 2966.353027
-229.565186 370.559814 2913.508301
-76.016899 362.758667 2977.857910
-98.717239 115.732574 3100.738525
-114.523384 -203.692749 2956.383057
-383.113495 378.360962 2849.158691
-436.139771 115.922729 2922.323975
-408.750183 -156.142761 3105.802979
-245.203354 94.302124 2917.332275
-159.514435 -187.103577 2963.620850
-185.123459 -476.542419 2923.945801
-238.988251 -897.719604 2968.342773
-362.168610 -176.807556 2878.691650
-325.842896 -596.576050 2841.239746
-341.254211 -959.200928 2907.312256
-224.297318 690.690796 2965.916992
-226.713440 369.137695 2910.148438
-76.021179 360.358826 2975.972900
-98.148849 137.010468 3097.010010
-3.220528 400.292603 2902.282471
-377.405701 377.916595 2844.323975
-436.857666 116.625488 2927.357910
-413.352814 -149.003937 3120.495117
-244.308502 98.049454 2914.274170
-163.765503 -178.756042 2961.268066
-190.241714 -519.162964 2937.112305
-248.276245 -914.482544 2975.882812
-360.041626 -167.321564 2875.531738
-324.424164 -585.438782 2837.865967
-337.519623 -958.638184 2910.058838
-224.296051 690.141113 2966.189941
-225.202301 367.495728 2908.560303
-75.350563 357.941101 2973.924072
-86.384880 132.104218 3099.531982
-28.101681 395.505524 2965.279053
-375.054047 377.050354 2843.196533
-419.382751 106.211365 2944.298340
-414.606110 -149.318542 3125.421143
-244.170532 97.232483 2912.540283
-166.043747 -179.221603 2958.872070
-189.161270 -542.028931 2936.741211
-249.661499 -917.418091 2979.358887
-360.233795 -166.839920 2874.168457
-326.622223 -583.393433 2835.126221
-336.247650 -959.493286 2905.461426
-225.246033 689.479126 2966.876465
-224.634552 365.733612 2908.762939
-75.847435 356.738861 2974.077881
-87.637184 98.731812 3112.358398
-88.969734 -208.653351 3049.313477
-373.421631 374.728394 2843.447998
-412.343597 97.405182 2954.411865
-419.154022 -155.710922 3134.609375
-242.927811 93.166481 2912.898438
-160.525299 -185.488098 2961.237793
-185.931152 -545.878418 2941.315430
-246.623108 -906.123291 2979.399170
-361.916870 -173.313202 2872.830078
-328.539703 -590.567444 2834.708008
-337.474304 -968.266968 2904.730713
-224.409561 688.376221 2966.608643
-224.068527 365.278473 2908.315430
-76.524590 356.606201 2973.579102
-88.215233 96.180359 3112.946045
-85.054916 -223.662170 3101.161865
-371.612457 373.950775 2843.051758
-416.698364 101.013702 2954.510254
-419.652313 -156.611908 3143.333252
-242.090439 91.397346 2912.664551
-158.414459 -188.461365 2961.998047
-196.468323 -585.479919 2952.942139
-238.957306 -869.165283 2959.768799
-361.810242 -176.506226 2872.029297
-328.978699 -593.220947 2834.095215
-330.352997 -957.660400 2971.882080
-222.824234 687.697083 2966.603027
-223.584961 364.851990 2908.592285
-76.962402 356.202789 2973.864990
-89.296722 95.141724 3114.530029
-91.681664 -248.084930 3197.198486
-370.207520 373.501160 2843.319580
-419.315399 105.355957 2952.863770
-416.647552 -149.619125 3148.486328
-241.699554 92.126846 2913.144775
-157.354553 -186.642319 2963.309814
-198.271057 -596.625916 2957.582275
-233.482361 -859.440735 2954.930908
-362.273743 -174.554245 2872.084717
-331.575592 -592.458252 2835.120117
-330.965881 -963.297363 2965.325928
-222.602097 687.777466 2966.285889
-223.776550 365.287140 2909.812744
-77.877487 356.936707 2975.243408
-80.350586 109.821167 3098.705322
-100.366158 -245.358643 3200.155273
-369.675598 373.637604 2844.382080
-429.161835 113.275726 2931.425293
-414.305054 -146.297546 3158.539795
-241.401184 92.352150 2914.279785
-156.905243 -186.427673 2964.544434
-165.211563 -593.078857 2985.101562
-234.266327 -856.938171 2952.889648
-361.146393 -174.738037 2872.949219
-330.222900 -592.154785 2835.075928
-335.995117 -974.766785 2918.691895
-221.695786 687.427246 2966.575928
-223.543610 365.692139 2908.677246
-78.150261 357.587524 2974.453369
-81.446510 106.020889 3106.176514
-99.091545 -238.530869 3192.927979
-368.936981 373.796753 2842.901123
-428.160217 113.364227 2917.052734
-418.024719 -139.424408 3157.187744
-241.000305 92.455620 2913.596924
-157.693817 -186.397705 2964.102051
-160.841644 -611.738159 3003.419922
-234.951721 -851.625549 2954.768799
-359.220184 -175.164093 2872.931152
-330.238190 -593.456299 2835.995361
-331.212860 -1007.438232 2899.223877
-221.651566 687.521240 2967.346191
-220.723022 366.339508 2905.541748
-76.770508 357.953522 2972.263916
-77.609108 109.910950 3096.004883
-100.668404 -236.011108 3189.599365
-364.675537 374.725494 2838.819580
-429.031982 109.375092 2910.114014
-419.680664 -136.947952 3161.159180
-239.504837 92.889107 2911.694580
-158.118637 -186.396606 2964.275391
-167.573959 -620.912720 3009.921631
-237.863403 -833.795349 2967.820557
-358.454651 -174.725983 2871.419434
-330.917999 -595.374451 2835.395020
-339.479034 -976.020142 2900.131104
-222.128220 688.170227 2967.534180
-221.114960 365.022186 2905.572266
-76.761154 357.417053 2973.627686
-78.555573 109.770218 3096.669678
-104.327072 -233.414719 3190.089111
-365.468781 372.627319 2837.516846
-429.566498 107.207123 2899.019775
-418.720428 -135.338303 3164.559326
-238.548950 92.209679 2912.065186
-155.602722 -185.891251 2965.882080
-184.728561 -630.750366 3025.576660
-234.929214 -830.013977 2965.749756
-356.363159 -175.314392 2871.234131
-332.146790 -597.943176 2836.590820
-358.621216 -956.083862 2915.808838
-222.965027 687.776550 2967.667480
-220.760010 363.854156 2905.479248
-75.240425 355.956482 2973.315430
-80.892418 105.148697 3100.641357
-106.184990 -230.361526 3188.436768
-366.279602 371.751831 2837.643066
-430.017395 107.838470 2897.111816
-409.355438 -126.306305 3169.638184
-238.695709 91.227867 2912.214111
-155.857971 -186.867615 2965.926025
-181.329529 -632.933594 3018.410400
-235.477844 -834.996216 2962.945557
-357.404846 -175.929214 2871.971924
-331.907959 -596.893860 2837.356934
-354.167847 -970.481201 2907.669922
-223.251190 687.076233 2967.473389
-221.079422 363.947723 2906.540283
-75.290771 355.278656 2975.059814
-71.923416 104.596710 3091.039307
-106.173340 -185.588989 3149.926758
-366.868073 372.616791 2838.020752
-430.839142 110.549103 2893.079590
-401.526489 -117.889771 3171.978516
-240.297241 90.450531 2912.826904
-159.941772 -188.967621 2965.912109
-197.640991 -648.637329 2987.635498
-233.207260 -836.153992 2958.649902
-359.088348 -177.125702 2872.314941
-329.051971 -590.002075 2835.684570
-358.438782 -967.116882 2902.728027
-223.494919 687.564819 2967.137695
-220.402557 364.068787 2906.819824
-74.614456 355.680542 2975.947510
-54.935669 112.082886 3074.720703
-111.797005 -174.245117 3145.482178
-366.190643 372.457031 2837.692139
-430.358551 114.858276 2881.732422
-395.244110 -113.325546 3177.698486
-239.731125 92.031792 2914.572754
-159.631622 -185.726013 2969.470947
-191.289124 -622.767334 2964.812256
-231.729202 -839.386414 2955.427979
-358.487762 -174.284363 2875.180420
-332.038635 -593.809448 2836.307861
-356.972198 -963.082031 2904.167236
-223.982407 687.915405 2967.735352
-219.816544 363.913269 2906.366211
-73.483826 355.327179 2974.966309
-60.007797 112.489120 3074.562988
-112.869171 -172.828140 3145.285645
-366.149261 372.499329 2837.766113
-431.871857 119.890503 2873.575195
-397.273895 -117.220276 3167.796875
-239.481583 91.650040 2914.237305
-158.659698 -186.509247 2969.216064
-163.653976 -608.902588 2977.011475
-233.585373 -842.997620 2952.122314
-359.633545 -174.717102 2875.000732
-331.819794 -593.310791 2838.722168
-347.583282 -980.498535 2913.517822
-224.219284 688.052002 2968.612061
-219.576889 364.095551 2906.489258
-72.899086 355.212219 2974.921143
-65.113831 112.981537 3078.093994
-118.790215 -172.454803 3158.210938
-366.254700 372.978882 2838.057373
-432.756012 125.857727 2872.727051
-400.231110 -119.387070 3159.474609
-239.710983 91.628365 2914.275146
-159.542343 -186.913513 2968.856934
-170.698318 -607.007080 2968.077881
-234.453247 -846.252991 2949.879639
-360.147827 -174.764145 2875.265137
-334.057922 -591.627319 2838.713135
-347.639069 -971.735718 2909.046631
-224.598404 688.656677 2967.934814
-220.361557 368.697144 2908.844971
-73.834686 360.093811 2978.465332
-67.634705 110.698212 3079.002686
-121.548302 -173.674225 3159.944824
-366.888428 377.300537 2839.224609
-433.302551 135.499527 2886.765869
-396.063354 -118.195938 3159.708252
-239.643112 94.036240 2915.484619
-159.307098 -186.473755 2969.456299
-174.517715 -616.129028 2971.923340
-235.273727 -847.796387 2948.875000
-358.542236 -174.775604 2874.792236
-336.607666 -593.269775 2840.977051
-343.533997 -964.165161 2904.905762
-224.397858 689.513306 2967.935547
-227.535126 393.204346 2919.811523
-81.886604 385.810303 2985.670898
-26.577969 154.419342 3072.493896
-124.949921 -113.629608 3128.858154
-373.183655 400.598389 2853.952148
-436.558533 139.456757 2894.200439
-392.486877 -117.932434 3152.356689
-242.745758 106.437225 2921.254395
-157.471466 -185.431137 2968.134521
-158.575256 -620.704468 2990.729736
-235.125427 -847.349915 2947.792236
-358.441315 -175.228653 2877.260010
-337.604858 -595.343933 2841.150391
-345.833435 -963.273071 2904.121094
-224.790482 690.891113 2967.949463
-225.786194 389.796417 2906.753662
-80.559967 383.243774 2965.613037
-5.094009 168.403412 3064.822266
-226.783493 144.611038 2818.666992
-371.012390 396.349060 2847.894287
-436.113739 150.628372 2897.424561
-384.791870 -109.426804 3152.918457
-241.767990 104.708679 2914.447998
-155.829468 -184.977737 2963.450195
-161.369308 -616.186096 2979.347656
-233.839233 -847.663940 2946.395752
-359.670105 -175.780380 2880.834473
-341.023407 -596.449036 2844.929443
-343.456421 -966.225952 2899.544189
-225.523605 691.982666 2968.463379
-227.738571 392.477966 2910.178711
-82.227310 385.729645 2969.834473
-2.281364 179.672852 3033.644531
-26.661873 439.329651 2877.746094
-373.249817 399.226257 2850.522949
-439.783173 160.274612 2907.375488
-391.886414 -53.752731 3105.294189
-242.386765 112.876457 2914.279297
-161.311005 -171.164398 2957.624023
-182.398590 -605.393494 2975.255371
-238.943222 -860.361389 2949.302246
-352.758911 -162.285690 2879.135742
-337.081299 -584.666992 2844.899902
-336.320831 -956.783386 2893.721680
-227.944077 693.860229 2969.675049
-226.844330 386.867249 2912.369629
-77.584831 378.329834 2970.369873
36.519188 213.321655 3018.649658
0.284138 444.922180 2841.218262
-376.103851 395.404694 2854.369385
-441.909851 152.158844 2903.363281
-305.711914 307.150635 2747.202637
-242.566101 117.822708 2913.225830
-159.557281 -156.869110 2952.447510
-178.386612 -596.945801 3001.514404
-236.834656 -854.567139 2950.439697
-357.018463 -145.574585 2875.716553
-315.485321 -591.355835 2847.700928
-331.608215 -980.546509 2905.406982
-229.332565 694.134644 2970.092285
-229.526871 394.657379 2917.200195
-79.130821 387.209808 2972.112793
32.147087 227.331772 3006.311279
32.299564 470.727295 2796.087402
-379.922943 402.104950 2862.287598
-445.167755 152.927933 2903.499512
-305.802887 85.816002 2782.769043
-242.361969 121.722038 2915.335938
-157.413284 -156.055511 2949.174561
-180.138824 -598.684082 3012.210205
-238.295303 -859.023926 2950.231445
-352.980835 -146.371063 2877.768799
-326.625732 -586.144775 2850.856934
-332.577301 -969.632324 2903.756104
-229.350937 694.329163 2970.333496
-232.613007 397.865875 2920.576904
-82.137932 390.826538 2976.239746
53.038368 261.447449 2967.953125
54.635483 496.409363 2738.129883
-383.088104 404.905212 2864.914062
-444.222290 152.848373 2897.595215
-253.049133 124.026901 2803.175781
-244.165787 123.197876 2917.072266
-160.201462 -155.938477 2948.900635
-185.413467 -601.466309 3013.780762
-244.985352 -890.536987 2948.627686
-351.235657 -147.001770 2878.234619
-329.045959 -583.005371 2848.555176
-307.514618 -962.554443 2919.197266
-228.916702 694.417480 2971.284424
-233.595474 398.700897 2921.562500
-83.637146 391.932678 2975.293457
77.229935 312.623016 2880.303467
85.415359 499.693176 2694.382324
-383.553802 405.469116 2867.831543
-445.040649 156.659836 2902.170898
-291.647217 66.653481 2784.579590
-245.737717 118.575783 2920.164307
-165.507599 -165.718475 2951.863770
-191.455826 -613.441345 3008.093506
-243.833893 -920.331909 2946.489014
-350.252319 -157.380203 2885.668457
-318.134277 -573.763245 2852.770996
-304.206329 -931.214844 2903.386230
-230.928741 697.016846 2974.486816
-229.909531 392.255219 2917.425293
-84.986519 384.717285 2970.510742
97.899300 356.059296 2845.612549
119.696259 497.584869 2637.854980
-374.832520 399.793152 2864.339844
-445.319000 163.398132 2906.695312
-294.869141 59.644440 2789.794189
-246.071411 117.848450 2922.582275
-167.618790 -161.479538 2962.396729
-192.732681 -611.202393 3009.762207
-243.479584 -899.989990 2953.471191
-356.847809 -151.637100 2893.081787
-320.526672 -577.508057 2844.245605
-327.304504 -929.163574 2887.343750
-231.089523 697.234863 2975.897461
-236.113052 400.477905 2921.031250
-94.323860 395.386200 2976.560303
92.165550 385.725708 2837.487793
154.306915 497.354858 2612.697021
-377.902252 405.569580 2865.502197
-448.025635 170.402481 2936.628418
-308.999481 50.178299 2790.399170
-247.534119 122.782669 2924.730957
-166.960983 -158.216095 2964.458496
-191.056030 -606.929810 3011.566162
-243.181412 -893.303589 2948.272461
-350.949371 -151.609009 2892.402832
-317.488647 -581.959717 2837.731689
-324.772308 -939.481934 2889.659424
-230.983429 697.329773 2976.750977
-241.192490 410.341003 2914.151367
-102.605431 407.529907 2960.729248
114.263268 437.486877 2837.084473
160.659882 486.047028 2606.014160
-379.779510 413.152100 2867.573486
-445.326813 175.831680 2947.423828
-300.769836 75.455246 2798.876709
-250.102844 130.228729 2923.757568
-164.920334 -151.792114 2964.987549
-186.463989 -600.399658 3010.268555
-241.966690 -884.958862 2944.842041
-353.106079 -147.974976 2901.739990
-323.574219 -587.585388 2840.544434
-335.326874 -970.565002 2890.838623
-231.896286 697.839600 2978.404297
-243.345779 414.160156 2910.111084
-108.182610 415.445190 2958.031250
103.825615 431.690735 2804.790527
154.255875 480.627960 2621.382812
-378.508911 412.875092 2862.190918
-440.233826 174.695648 2949.879150
-271.044739 118.026535 2796.249023
-244.586060 141.501755 2920.921143
-152.604630 -130.270325 2964.781738
-184.175079 -597.847595 2996.519287
-241.881943 -891.309204 2935.872559
-339.048065 -132.042938 2898.680664
-326.179901 -583.728882 2849.003906
-340.303864 -976.356201 2905.745361
-232.190231 697.899048 2978.905029
-243.637222 415.588501 2909.136719
-109.221405 416.966888 2955.669922
104.518326 426.235779 2796.850098
62.178131 464.608948 2710.221680
-378.053040 414.210083 2862.603516
-437.440155 174.109543 2974.624268
-320.618195 89.057327 2773.370850
-245.962479 147.563034 2923.792969
-154.090607 -119.496445 2971.059082
-189.889740 -585.212402 2979.402100
-240.781464 -887.552490 2938.237793
-342.484863 -121.428391 2905.839355
-334.971222 -565.537476 2851.165771
-335.841431 -965.700012 2905.235840
-232.104080 697.372803 2979.896484
-244.372452 415.483337 2909.787842
-108.956833 413.929413 2954.818848
102.918594 419.411163 2790.659912
141.080643 482.931580 2615.170166
-379.788086 417.037262 2864.756836
-457.104309 118.016022 2946.914307
-284.052338 -126.030441 2834.505859
-251.232819 146.179016 2921.125000
-172.056747 -124.112595 2961.072754
-187.044647 -591.447510 2982.835449
-233.949005 -915.364807 2914.663574
-344.129608 -122.138016 2903.851562
-306.095856 -584.549377 2865.018311
-296.123322 -846.297974 2878.188232
-231.625687 697.084351 2979.770020
-241.974167 410.865967 2914.001465
-104.688911 409.004211 2962.864990
102.189552 420.857300 2787.418213
150.095947 487.688171 2565.645020
-379.259430 412.727692 2865.137939
-455.523590 113.815491 2947.595703
-264.989563 -92.991516 2796.295898
-248.904877 141.460648 2923.209229
-168.183548 -129.133316 2963.614746
-183.480194 -585.660278 2985.094482
-239.784409 -906.397705 2921.946289
-343.487610 -126.755997 2901.219238
-325.865265 -575.501648 2859.583252
-321.422577 -866.798157 2886.244385
-231.130249 696.608826 2980.041016
-242.009644 411.135315 2914.885498
-104.092239 408.565979 2965.944580
101.411804 416.542114 2789.420166
130.275589 474.645691 2624.293213
-379.927063 413.704712 2863.826416
-448.818481 112.321960 2944.166016
-274.207428 -68.411469 2746.989746
-250.229492 137.202499 2923.303711
-167.748169 -138.420074 2965.300781
-183.092606 -595.730469 2984.840576
-241.457153 -910.660400 2928.441895
-349.150513 -135.040588 2898.143066
-312.033386 -566.036438 2846.283936
-322.214478 -893.424927 2894.625244
-231.574127 695.749268 2980.188477
-242.410767 411.583710 2915.504639
-104.542175 409.373413 2969.405273
100.783112 414.484314 2793.871338
130.112640 468.989563 2633.318115
-380.279358 413.794006 2861.604004
-441.421021 107.104858 2926.658447
-279.908752 -55.302948 2704.023926
-250.932953 134.496185 2925.940430
-162.979645 -144.138031 2974.093994
-185.992035 -603.603882 2959.445312
-239.452133 -905.790161 2929.386963
-355.930634 -141.044647 2898.658447
-320.699493 -562.123657 2858.598877
-332.483673 -898.244263 2898.996826
-230.718536 696.453979 2979.459961
-247.829483 422.166840 2922.698730
-104.064529 419.819824 2972.253906
92.276382 388.253571 2805.219971
135.381973 481.002686 2633.282959
-391.594452 424.513855 2873.143555
-437.210175 110.853546 2911.369385
-268.674377 -15.657738 2671.545898
-254.075714 140.332794 2927.471680
-164.903061 -143.058990 2965.135254
-184.493805 -590.861206 2961.933838
-238.244553 -897.868652 2930.431152
-355.740814 -139.943512 2899.354004
-324.286041 -569.451843 2859.555908
-335.028534 -937.744324 2934.675049
-230.832184 696.126465 2978.398193
-244.828598 415.203125 2921.299072
-99.938705 410.512726 2968.617920
87.322571 367.485901 2803.022217
129.666382 474.731537 2623.396240
-389.718506 419.893555 2873.980225
-442.312561 107.819641 2914.399170
-268.820862 -90.307007 2734.298096
-254.484283 134.582260 2923.048340
-173.874802 -148.960709 2954.276855
-183.183899 -589.540283 2970.881348
-238.313141 -892.140869 2936.243896
-354.405121 -143.116531 2895.318359
-325.354248 -575.289001 2856.245850
-327.168976 -964.643372 2940.347168
-231.129364 694.064941 2975.593018
-242.529541 411.453735 2920.211670
-97.113770 406.818604 2967.712402
102.982971 346.967529 2810.853760
129.989517 474.046234 2632.289307
-387.945312 416.088867 2872.710938
-445.861938 104.910675 2910.163574
-249.147324 -94.133423 2757.606445
-252.447876 130.771957 2923.186035
-169.668137 -152.864563 2956.440674
-166.019928 -602.399780 2992.325928
-234.031815 -882.342896 2912.893799
-355.064270 -146.955048 2895.880127
-326.456512 -582.658936 2859.243408
-330.914154 -1009.495483 2934.894531
-232.421570 694.060486 2974.539062
-242.640091 409.384277 2919.199463
-97.630058 404.975800 2967.660889
90.578651 324.107300 2826.644531
121.467934 472.404419 2648.465088
-387.650116 413.792725 2870.738037
-425.619080 98.551117 2895.944824
-280.272400 -184.864929 2897.944580
-252.131210 129.173447 2922.109131
-167.765594 -153.890717 2956.385010
-172.199890 -598.661499 2985.091797
-236.403397 -890.020691 2923.453613
-355.479065 -148.184021 2893.652588
-326.655151 -582.453125 2860.155518
-330.559753 -977.109741 2910.041504
-232.588684 693.911682 2973.402344
-243.550156 407.512756 2917.468018
-97.514816 403.536102 2966.032227
82.446091 308.089783 2855.900146
111.645027 481.829102 2677.274414
-389.585510 411.489380 2868.903809
-409.748444 93.974884 2882.830811
-353.762268 -180.681213 3033.978271
-252.528961 127.395279 2921.530518
-167.372467 -155.285553 2956.897949
-175.909210 -601.383850 2981.240234
-235.299133 -894.150269 2928.525146
-355.643036 -150.158813 2894.288086
-331.785309 -583.861694 2860.533203
-328.707916 -978.120850 2919.921875
-231.487198 694.770508 2972.330322
-247.432068 403.198181 2928.734863
-103.675552 398.509705 2983.218750
80.753113 306.693695 2869.744385
97.580948 486.111176 2692.267334
-391.188599 407.886658 2874.250977
-435.490784 92.895905 2864.270264
-346.380554 -133.741974 3069.150879
-255.516342 122.589211 2925.917969
-171.532639 -161.022491 2957.994873
-178.289169 -605.150818 2994.922607
-236.860107 -888.758118 2938.835449
-355.668579 -155.017059 2888.207275
-335.275543 -591.007812 2852.087402
-344.183075 -968.338989 2942.604980
-230.554749 695.224243 2972.468018
-249.577393 402.790283 2933.825195
-106.601082 398.202179 2992.809082
75.241768 285.333069 2887.687256
86.162872 485.982361 2751.348877
-392.553711 407.378357 2874.841309
-428.835327 91.372284 2866.354736
-350.076996 -112.339203 3097.756836
-256.538452 122.278488 2928.878906
-171.617981 -161.181763 2961.837891
-183.456238 -599.322388 2994.927734
-238.788574 -888.181213 2944.778809
-355.381042 -155.284821 2886.027344
-341.731628 -593.036011 2851.368408
-341.223846 -956.616943 2989.354004
-230.282715 696.064453 2972.544922
-248.805328 403.228363 2937.688232
-104.266487 397.489563 2999.140381
66.970787 261.068390 2914.297607
70.460777 468.403992 2769.804688
-393.344147 408.967163 2876.236084
-430.893951 93.177429 2865.509033
-352.618073 -95.740967 3109.293701
-256.910461 121.061218 2930.401123
-174.138107 -164.714157 2961.751465
-190.446701 -596.634155 2993.273193
-239.986908 -889.724854 2946.821045
-355.893097 -157.497696 2884.476562
-337.338257 -595.970032 2851.675537
-306.984650 -961.884766 2983.939453
-230.311386 696.812012 2972.477295
-248.690125 403.419739 2940.417725
-103.889893 397.427124 3003.413818
61.342209 246.913910 2934.219482
50.788868 458.870270 2788.749512
-393.490356 409.412415 2877.421631
-438.265259 95.446075 2852.241699
-360.254150 -81.708008 3104.718262
-256.874603 121.484726 2932.410400
-173.791061 -164.227478 2964.109619
-191.704163 -596.669922 2988.727539
-241.832474 -892.354736 2948.198242
-356.327118 -156.673126 2884.696533
-339.024750 -596.373474 2847.299561
-315.396423 -942.714172 2945.302490
-230.696548 697.538635 2971.482910
-241.346909 413.153137 2939.801758
-101.909912 407.505035 3004.560303
44.542816 238.024384 2974.516357
40.866795 460.131226 2828.927246
-380.783905 418.801208 2875.043213
-434.690765 105.642853 2864.832764
-362.667450 -84.620117 3109.150146
-249.863739 131.941574 2933.613281
-173.951294 -152.689896 2966.636230
-184.185791 -578.390137 2988.661621
-240.908005 -876.929626 2954.836670
-342.809845 -145.850052 2888.213379
-301.522064 -575.481689 2841.956787
-321.886841 -959.791687 2939.308594
-231.061615 697.906982 2970.646973
-243.380356 410.644104 2936.363525
-100.156242 405.892914 2996.362305
32.095924 219.324387 2998.785156
26.531273 453.398682 2867.502930
-386.604462 415.395294 2876.364746
-433.631805 101.157227 2865.353760
-366.957336 -88.784821 3111.432861
-250.822632 132.526733 2932.105469
-171.434830 -148.471054 2964.221924
-183.320877 -576.633240 2987.407471
-238.488113 -870.190186 2953.358643
-345.095001 -142.710220 2891.472900
-308.858002 -574.572937 2842.361328
-327.464600 -970.245972 2923.168945
-230.600067 697.561157 2969.630371
-243.380142 408.254578 2935.078857
-99.322525 403.198364 2995.201172
23.067909 199.815521 3018.015137
11.278274 433.315125 2876.032227
-387.437775 413.310791 2874.956543
-427.584747 98.240814 2864.996826
-374.990540 -104.502686 3103.971680
-251.044098 130.614853 2930.093018
-170.215347 -150.130829 2962.039551
-182.633301 -577.243652 2985.135986
-239.439362 -860.512512 2958.236816
-347.200745 -143.918900 2888.174805
-316.245361 -577.989136 2843.048096
-334.149231 -964.462097 2915.154785
-230.808624 696.628479 2967.695557
-240.132919 405.046387 2932.353027
-94.100677 399.039978 2994.150146
15.405273 185.622421 3036.528076
3.658942 421.926941 2900.896484
-386.165161 411.052795 2870.555908
-431.104797 96.637909 2862.399658
-354.978058 -112.901566 3088.763916
-249.801651 128.074234 2928.280518
-169.243195 -152.609009 2962.389893
-188.895981 -593.379639 2980.351807
-242.387283 -873.528687 2931.680176
-349.697571 -145.186798 2886.026123
-324.856232 -575.979614 2841.101807
-354.152496 -925.603271 2913.520508
-231.324310 696.441772 2966.610107
-239.157578 401.895966 2931.360596
-92.179436 394.949158 2992.597656
13.739441 177.309082 3049.460693
-14.387995 414.722260 2941.379395
-386.135742 408.842773 2870.123535
-424.578430 160.076920 2870.441895
-309.103516 299.426025 2760.195312
-250.697144 123.176270 2927.438721
-171.039047 -159.853821 2961.513428
-194.419922 -610.093750 2976.031738
-242.753799 -873.954468 2938.263428
-353.434357 -151.233032 2885.520264
-321.682404 -570.299072 2842.918457
-344.449371 -945.709351 2911.957764
-232.188660 696.339600 2965.940918
-237.219193 403.617065 2932.123779
-93.700287 395.290405 2996.801514
11.621536 176.533005 3048.190674
-19.948862 408.908569 2942.943848
-380.738098 411.943756 2867.446045
-430.332184 161.015991 2877.748535
-350.050903 158.582153 2757.250244
-251.145157 121.970108 2926.765625
-172.002197 -165.076538 2963.349609
-174.774719 -616.869507 2986.707764
-243.471680 -872.072815 2939.987549
-358.140045 -154.277191 2879.465332
-322.328674 -564.179321 2839.992920
-345.129059 -946.974365 2898.085449
-232.256256 696.230774 2964.500977
-237.423843 397.327332 2929.598877
-92.433304 389.112305 2992.419189
4.548706 175.437759 3055.117188
-30.148106 413.997345 2966.830566
-382.414368 405.542358 2866.778564
-434.420349 156.772263 2881.371094
-341.336517 135.256454 2756.059082
-251.719543 116.629089 2925.886719
-171.081589 -169.447998 2963.306641
-165.833847 -620.443298 2996.125000
-241.594818 -869.784241 2940.364014
-360.948914 -158.690308 2881.042480
-323.486359 -560.288757 2834.841553
-334.520264 -942.715820 2889.579590
-232.291718 695.857971 2963.601074
-231.092056 381.362396 2916.733398
-80.128616 372.832733 2974.291260
-81.110672 108.934509 3059.168945
-53.562866 438.632843 3006.683594
-382.055481 389.892059 2859.175537
-444.057739 143.037277 2875.979004
-331.372803 104.181900 2751.716309
-248.257401 105.231880 2920.834229
-167.340393 -176.440445 2962.330811
-172.150848 -626.757263 2985.788818
-236.929260 -865.449951 2935.237793
-363.505096 -165.356842 2887.539307
-326.804749 -569.499268 2841.069824
-323.285919 -947.136719 2897.071777
-232.551651 695.685059 2963.384277
-226.149750 372.009918 2909.167725
-74.150787 362.711243 2966.019287
-83.676895 109.448441 3064.375977
-10.797035 406.474915 2949.920166
-378.148712 381.308624 2852.316162
-427.099579 131.301392 2857.437988
-251.551773 13.654480 2773.398926
-245.356384 98.846443 2915.839844
-165.778442 -180.360291 2959.459961
-179.948898 -640.526489 2989.077393
-235.865143 -867.139465 2936.996094
-363.347595 -168.273788 2885.563965
-329.984619 -572.420837 2840.674805
-321.537476 -941.791016 2897.488525
-232.494339 695.794312 2963.231445
-224.233917 369.690399 2909.471436
-71.892822 359.707428 2968.801758
-93.604576 111.587906 3087.775635
-32.534069 411.025696 2988.081299
-376.575012 379.673401 2850.141113
-422.985687 129.208939 2851.038086
-201.526901 9.602806 2807.995605
-244.268723 97.466713 2915.109619
-166.559372 -181.162201 2958.814941
-189.238174 -621.323242 2976.279297
-235.001755 -867.985657 2937.360352
-362.047668 -168.351761 2882.680664
-332.711517 -573.788757 2842.302002
-334.737640 -948.351685 2899.335693
-232.279022 694.912720 2962.881348
-222.379745 368.512482 2910.619629
-70.149826 358.186371 2973.028320
-94.299316 113.449783 3092.762695
-146.906311 388.991821 3005.189697
-374.609680 378.838562 2848.210938
-431.486511 66.614075 2846.952881
-242.623734 -161.764984 2733.398682
-242.715027 95.877586 2915.112305
-165.026154 -183.406494 2959.791260
-189.469086 -632.476013 2977.172119
-234.032913 -865.676453 2938.816650
-361.074463 -170.108093 2879.418701
-338.572845 -585.048950 2846.387207
-351.072754 -969.991333 2905.093994
-232.206161 694.210449 2962.619385
-217.490265 355.388428 2909.413330
-59.424774 343.262207 2974.770996
-92.557373 122.885635 3095.532715
-13.925606 245.495636 3007.695801
-375.555756 367.514648 2844.055664
-431.557129 55.239746 2842.545898
-287.787262 -226.556671 2818.565430
-240.283997 86.692467 2914.686279
-161.959106 -189.760941 2961.770264
-185.608139 -636.550171 2978.042969
-230.358154 -857.347046 2940.531494
-364.196350 -174.246033 2878.148193
-342.172821 -591.491821 2847.107910
-348.588257 -968.602722 2889.653809
-232.382217 693.235962 2963.086670
-220.300766 360.388428 2908.560059
-68.674118 350.453979 2976.289062
-95.566956 117.285706 3097.658936
-25.042618 190.239960 3039.218506
-371.927429 370.322876 2840.831055
-416.443756 120.576950 2838.767090
-371.467865 -8.504456 2864.776123
-240.013000 87.522102 2912.666260
-156.845016 -192.084869 2962.727295
-179.860062 -629.056519 3023.441162
-226.417053 -849.546387 2940.441162
-362.605438 -178.603607 2870.817627
-342.785797 -623.774902 2862.833496
-352.010223 -970.253235 2895.189209
-232.761703 692.850830 2964.002197
-220.688416 361.355927 2906.619385
-70.746773 352.752869 2975.392090
-90.118690 104.865768 3086.904541
-44.245686 144.556534 3068.495361
-370.630066 369.959015 2837.846680
-418.060059 119.353134 2841.348389
-379.575714 -24.175980 2899.203369
-238.548401 88.799507 2911.463135
-151.490936 -189.776672 2964.428467
-158.490479 -609.284058 3037.874756
-222.435287 -841.638672 2941.163330
-361.325836 -177.737152 2868.185303
-350.070709 -620.806580 2857.117676
-358.637604 -980.179077 2896.533203
-232.610443 692.335938 2964.458496
-222.995117 355.513000 2904.299316
-72.791313 347.886475 2971.503662
-94.621231 104.281708 3091.725830
-39.511395 197.969391 3165.133545
-373.198944 363.139526 2837.094971
-418.641235 122.256866 2846.391357
-387.434235 -31.924271 2942.461182
-239.756638 87.797791 2911.380615
-153.179230 -185.164413 2964.697998
-175.984604 -594.256470 3019.566162
-225.483643 -844.149170 2943.152588
-359.857086 -174.670425 2872.225830
-347.359283 -609.291443 2853.006592
-365.667999 -948.383850 2891.384277
-231.621078 687.887451 2965.830322
-224.403198 355.428955 2905.977539
-75.360031 349.287231 2974.975342
-107.294899 110.509995 3118.010010
-111.550453 -215.000107 3213.218262
-373.446381 361.570648 2836.979736
-417.942474 104.943298 2840.901367
-393.858093 -46.151001 2968.054443
-239.349640 84.922958 2914.184814
-148.147552 -189.957153 2971.532471
-178.173096 -609.204712 3013.164307
-223.721146 -836.442505 2944.234131
-360.444611 -181.208893 2873.251709
-349.275238 -611.296997 2851.885986
-360.140472 -996.633240 2890.226318
-231.175781 687.276733 2965.320557
-224.560318 354.115234 2907.740967
-75.230667 347.087891 2977.104980
-107.929413 107.046143 3121.979980
-109.615318 -214.626617 3210.482422
-373.889984 361.142517 2838.376953
-418.694763 93.785400 2842.560547
-398.785950 -55.314957 2993.025391
-240.909225 86.743484 2915.849854
-154.376282 -185.469772 2971.747559
-179.343689 -602.839661 2987.232666
-225.342270 -841.109314 2945.288574
-360.139984 -175.786728 2876.169922
-349.679810 -606.974854 2851.213867
-362.590881 -988.575134 2895.123535
-231.393921 686.427734 2965.286377
-225.428558 353.931519 2909.097168
-77.033958 347.254639 2980.968750
-120.084930 109.931198 3129.152100
-106.875931 -214.552475 3209.670898
-373.823151 360.608429 2837.225586
-417.499390 90.692017 2847.730957
-396.740753 -70.900024 3012.053711
-241.182480 97.130043 2917.767578
-160.711975 -164.000977 2973.042236
-194.766129 -525.249146 2939.055664
-233.758499 -862.610046 2944.514160
-353.160858 -155.341904 2879.833740
-342.561493 -584.627319 2854.069580
-357.283020 -966.739136 2902.444092
-231.284653 686.870483 2966.439941
-225.837357 353.778656 2909.290039
-76.996475 346.835632 2981.410889
-124.776672 106.464844 3124.495361
-104.947510 -213.002380 3209.986084
-374.678253 360.721680 2837.169189
-415.653534 90.734497 2853.828369
-398.455688 -82.163589 3032.042480
-241.718018 94.459557 2917.099609
-160.076157 -169.408691 2972.163574
-171.729904 -550.802856 2958.872559
-234.322678 -861.794312 2952.449707
-355.121185 -160.310379 2877.654785
-343.219818 -589.185364 2851.979004
-358.384216 -974.103455 2900.250732
-230.768143 687.346191 2967.190674
-225.125336 353.642059 2908.700439
-75.764137 346.424896 2980.076416
-127.223206 102.124420 3121.413818
-104.968643 -210.409485 3211.749023
-374.486542 360.859253 2837.324463
-415.695129 89.933838 2855.419922
-405.891998 -89.385132 3054.387451
-241.619461 93.856667 2916.947754
-160.975021 -170.622498 2971.615234
-181.845810 -576.057617 2984.112793
-233.657501 -867.627563 2970.771973
-355.252136 -161.234970 2878.774902
-342.052765 -588.937561 2852.662354
-342.975220 -954.217285 2891.512939
-229.640640 686.897705 2968.448486
-224.618698 353.632080 2908.369629
-74.632446 346.114624 2978.580322
-127.168335 97.481598 3119.861816
-106.231186 -209.510101 3212.725586
-374.604950 361.149567 2838.158936
-415.398804 91.868805 2860.390625
-407.934875 -94.718109 3069.124756
-241.482559 93.040604 2916.492920
-161.403717 -172.409760 2969.996338
-181.842438 -578.364197 2979.164795
-233.445282 -863.795654 2963.222656
-355.289124 -162.692017 2879.236084
-340.644836 -587.530518 2851.899658
-356.680054 -932.594971 2889.423584
-229.436844 686.367920 2969.537354
-223.904343 352.980408 2907.844482
-72.022995 345.780121 2974.093018
-126.736435 95.390701 3114.729248
-101.553581 -190.713394 3215.988037
-375.785675 360.180725 2841.595947
-419.217743 93.266602 2876.289551
-411.354279 -101.429703 3083.206055
-239.463455 85.142258 2914.404785
-150.220947 -187.664276 2966.677979
-154.361893 -605.291687 3003.721191
-228.978882 -844.591309 2966.262939
-359.824188 -177.727539 2875.252197
-344.060150 -602.446960 2845.965088
-356.475494 -962.267517 2887.115234
-228.858963 685.526733 2969.990234
-222.885269 352.754883 2907.075928
-70.955673 344.399963 2972.160156
-123.479904 90.625763 3100.448242
-101.287361 -173.987335 3215.368408
-374.814880 361.109772 2841.991699
-420.246216 96.783875 2886.639160
-412.758301 -103.790024 3093.839111
-240.521439 81.173203 2913.381836
-152.489700 -196.219345 2964.954102
-161.260803 -588.692993 2999.665039
-224.794037 -835.460510 2965.370605
-363.825500 -184.597580 2874.421387
-349.071014 -609.403931 2843.815186
-358.636780 -978.537170 2890.955811
-228.827148 685.204041 2970.478027
-222.590012 353.176788 2906.568115
-71.068283 345.130829 2971.708496
-119.022758 94.920029 3099.117920
-103.040184 -169.132370 3212.233398
-374.111725 361.222748 2841.427734
-420.337738 97.872070 2889.286621
-412.048431 -107.109009 3108.992432
-240.299698 79.593658 2913.969971
-149.704834 -199.740540 2967.932861
-178.710449 -615.931030 2993.157959
-221.167130 -830.315857 2965.892822
-366.313934 -188.238403 2874.810791
-354.916290 -615.106445 2844.161377
-360.132568 -988.262451 2894.375488
-228.995514 684.676758 2970.031738
-222.555725 353.755066 2906.887695
-71.129845 345.598724 2972.598389
-105.430054 108.140930 3095.650635
-104.845299 -170.751007 3212.651611
-373.981628 361.911377 2841.177002
-416.642303 105.927673 2865.781494
-415.443481 -112.775726 3123.153564
-240.939621 79.727684 2915.238525
-150.977997 -200.135559 2970.605469
-186.890594 -623.434326 2982.187012
-222.240051 -845.717834 2944.379639
-367.669006 -188.463821 2876.573242
-354.877258 -613.745483 2844.251953
-354.409668 -982.519165 2906.758545
-228.403397 684.780640 2969.845703
-221.382507 354.239288 2906.853760
-70.265488 345.696167 2972.488037
-105.641022 103.534256 3088.272461
-104.956596 -168.613510 3201.238281
-372.499512 362.782410 2841.219482
-418.640869 103.046417 2874.971191
-416.507874 -117.680191 3129.604004
-240.857117 80.137062 2916.014404
-152.128082 -200.082260 2972.170898
-197.114975 -622.432373 2968.381348
-220.819992 -838.568604 2951.312256
-368.535370 -187.848083 2878.179199
-354.303619 -612.916626 2844.772461
-352.481354 -980.931335 2904.607178
-228.716293 685.042053 2970.110840
-219.610291 355.053833 2906.339111
-69.161194 345.945740 2969.500244
-104.027298 107.657516 3089.909912
-95.910919 -96.829086 3161.249756
-370.059387 364.161926 2843.177979
-419.313812 101.690033 2875.062256
-419.595093 -123.522491 3135.179688
-240.280319 80.480415 2915.980225
-152.720764 -200.645142 2971.057861
-200.070236 -623.391296 2967.696289
-219.607117 -836.464172 2952.804932
-369.179932 -187.540863 2880.184814
-350.780029 -610.596313 2846.733643
-353.782074 -985.661621 2903.589844
-229.037659 685.223145 2970.434814
-220.449814 358.114288 2910.081055
-68.825363 348.400177 2971.263184
-97.600517 117.782242 3097.937012
-94.663208 -100.442245 3143.940430
-372.074249 367.828400 2848.898926
-423.222656 99.638672 2882.024170
-422.217987 -129.754349 3139.411377
-241.387711 82.104797 2918.147217
-154.235840 -200.829666 2969.828613
-200.938522 -618.018250 2964.779297
-219.728958 -838.041016 2953.202148
-370.415375 -186.979721 2882.598145
-350.004303 -610.184875 2848.398438
-353.380127 -1016.621948 2907.344238
-229.591827 686.625366 2970.158203
-221.332657 355.640686 2909.720459
-69.509918 344.153839 2972.130371
-98.756027 114.080872 3104.342041
-101.215225 -109.267776 3152.359863
-373.155396 367.127502 2847.310547
-423.730988 104.986694 2887.260010
-421.713318 -127.581726 3143.308838
-244.153839 89.671043 2916.283691
-171.518570 -183.520782 2962.086182
-193.638580 -598.429199 2967.829834
-227.747787 -856.059143 2950.144287
-362.431458 -169.076401 2883.607666
-342.263672 -592.403564 2850.503418
-343.328888 -1005.065186 2919.246094
-229.981308 686.644714 2970.149902
-224.226395 361.308380 2921.806885
-72.593033 347.844604 2987.776855
-99.412193 108.516693 3101.858887
-107.386276 -120.645218 3147.408936
-375.859772 374.772186 2855.836914
-426.272522 116.087158 2891.686768
-413.364197 -113.042206 3133.854980
-247.301804 95.371803 2920.571045
-182.542053 -178.363831 2957.549072
-202.388077 -618.635498 2972.539551
-231.938217 -869.236694 2948.728760
-358.212372 -162.765747 2881.121338
-337.425720 -584.691406 2845.657227
-341.980804 -1004.043762 2913.423096
-230.976593 687.107422 2970.527832
-224.726715 364.820068 2918.910156
-72.602982 352.605591 2983.260986
-99.250496 114.734467 3114.680908
-105.038277 -125.372604 3151.184082
-376.850464 377.034576 2854.559326
-428.059235 121.251419 2874.052002
-391.846893 -116.505920 3082.954590
-247.013535 96.126289 2920.594482
-178.089508 -179.891113 2960.862549
-207.430573 -599.920776 2952.828857
-230.518234 -866.011902 2949.796875
-360.511169 -165.243896 2883.695068
-339.249298 -587.161377 2846.853516
-345.346832 -1009.902832 2914.893066
-232.119858 687.301025 2969.919678
-224.304062 360.270081 2914.023438
-73.217072 350.107330 2980.355225
-95.718239 123.434372 3126.651367
-114.962952 -121.880112 3145.768799
-375.391052 370.432800 2847.691650
-427.427429 121.736267 2849.160400
-374.890686 -119.830658 3038.745605
-246.528061 91.737473 2923.501953
-172.390991 -183.276764 2975.285889
-203.530075 -607.439575 2952.906738
-227.956863 -862.829956 2945.535400
-365.113129 -170.313477 2890.675049
-342.568359 -589.602661 2850.027832
-346.739807 -999.705688 2916.908936
-232.930908 686.975708 2970.236816
-223.876373 357.710938 2912.579834
-72.363495 348.489899 2978.890869
-95.997276 122.780548 3125.058838
-115.162193 -121.590271 3112.912354
-375.389221 366.931946 2846.268799
-426.568604 120.001343 2838.525391
-359.694244 -121.929398 3001.007080
-245.657425 88.257950 2924.877441
-168.310272 -187.227936 2980.559326
-201.752243 -611.350220 2958.083984
-229.732010 -864.955139 2943.235107
-366.566711 -175.162109 2893.790771
-341.618256 -586.744141 2851.293945
-345.759399 -973.127808 2899.080322
-232.697754 686.259277 2969.953369
-224.237671 356.712952 2911.446533
-71.569893 346.323639 2974.282959
-98.538200 72.164642 3132.899902
-127.692520 -241.861572 3093.058350
-376.905457 367.102264 2848.610107
-428.284698 121.493301 2843.211670
-362.821289 -118.526413 3004.951416
-247.289276 86.597527 2922.791992
-174.502930 -190.039825 2973.583252
-202.266449 -619.274109 2967.346436
-234.674301 -871.869385 2945.364258
-366.178802 -176.995941 2894.691650
-337.481506 -583.342529 2846.719238
-340.295929 -962.610962 2892.557129
-233.080444 685.550415 2971.183838
-224.169617 356.401672 2910.688477
-71.611176 345.513489 2972.790527
-104.991058 67.894043 3124.089844
-122.667809 -248.060699 3093.456543
-376.728088 367.289856 2848.586426
-429.344727 121.551392 2845.339844
-371.398071 -114.427856 3026.588379
-247.059219 87.551758 2919.781738
-175.867691 -188.012787 2967.172607
-202.674149 -620.254883 2970.715088
-235.502594 -871.733948 2944.041016
-364.029968 -174.583527 2890.577393
-341.911865 -591.743896 2841.699219
-341.826721 -976.914246 2897.359619
-236.638031 684.378479 2976.904541
-223.644073 356.487732 2910.165527
-71.450310 345.884491 2972.856689
-107.714447 52.996521 3090.952393
-122.491364 -264.307037 3078.905029
-375.837830 367.090973 2847.474365
-430.191101 120.992477 2847.102539
-369.378204 -83.988220 3002.503662
-246.033585 87.013115 2918.942383
-172.819214 -189.122162 2967.100098
-199.970749 -618.772827 2972.493164
-235.348892 -869.485168 2940.888916
-364.027008 -175.800827 2888.338379
-318.531952 -599.822998 2840.249268
-311.973480 -955.386475 2899.933350
-235.757767 685.377563 2977.326416
-224.898514 360.703064 2911.285156
-73.261467 350.538666 2973.446777
-108.278412 55.589020 3086.526123
-123.640869 -258.839172 3042.853271
-376.535553 370.867493 2849.123535
-446.326141 61.085327 2862.263916
-361.731506 -194.507217 3031.156250
-246.436264 85.098526 2918.758545
-167.714310 -197.226562 2967.332275
-184.677902 -640.656494 2986.445068
-233.963852 -861.940796 2944.146729
-368.233734 -183.785492 2885.131592
-327.071320 -611.074463 2838.754150
-334.089996 -943.341248 2902.252930
-235.051865 686.258789 2977.747070
-224.927597 361.026001 2910.663574
-72.122238 349.761322 2971.069336
-107.696671 55.086365 3084.834229
-126.784241 -254.476105 3015.206299
-377.732971 372.290649 2850.257812
-450.547729 64.301361 2879.955078
-335.545410 -207.990234 2996.886963
-247.359711 85.681877 2916.061768
-170.383530 -196.990524 2960.757324
-199.576599 -637.879456 3003.265381
-236.705658 -845.473267 2965.226318
-369.200104 -182.333954 2882.162598
-331.970978 -607.870728 2838.662109
-337.069977 -955.523560 2895.951904
-235.276672 686.414185 2977.746826
-224.650208 359.890869 2909.820068
-72.018669 348.903992 2970.311279
-108.616211 56.563141 3090.073975
-129.049896 -245.931641 2994.026855
-377.281769 370.877747 2849.328857
-451.693420 64.276245 2889.380127
-314.302368 -216.536835 2947.804199
-246.948517 83.710686 2915.921143
-167.839478 -199.769089 2962.212158
-184.293015 -615.289612 3022.100098
-233.658600 -849.065918 2958.262207
-370.654175 -185.169891 2881.832275
-335.574951 -593.793823 2836.335449
-341.054443 -964.545044 2893.941162
-236.159790 686.691895 2978.411621
-224.300262 359.614227 2910.111572
-71.774864 348.332214 2972.223145
-110.327194 55.532318 3090.081787
-131.043839 -242.930115 2982.379639
-376.825623 370.896271 2848.000000
-450.724670 64.506927 2890.109863
-292.177124 -211.082794 2894.771973
-246.860123 83.604561 2915.376221
-164.891495 -200.136902 2963.207031
-188.029602 -644.429077 3030.760986
-229.804993 -847.503418 2953.544922
-373.948486 -184.673325 2878.074707
-336.925568 -601.934021 2838.698486
-352.768188 -962.357056 2895.494385
-237.500732 687.193970 2978.657471
-227.427811 362.689514 2910.928711
-76.078720 352.783142 2971.938477
-107.511261 58.877686 3089.595215
-130.177887 -244.688263 2997.153809
-378.776886 372.595917 2849.918945
-451.428741 65.967133 2893.645020
-279.897980 -198.487671 2850.606201
-247.981262 84.224930 2916.700928
-163.591599 -201.108612 2964.776367
-185.589478 -642.290894 3024.310791
-228.185547 -846.828979 2950.953613
-373.477844 -187.370728 2880.169922
-340.119110 -606.630371 2840.401855
-354.712646 -953.205933 2872.777344
-237.826996 686.875977 2978.799561
-227.734802 363.459930 2912.162598
-77.107910 354.757385 2976.420654
-106.692604 61.552734 3096.284180
-128.586319 -245.618530 3016.421875
-378.361725 372.162476 2847.904541
-450.000061 65.489227 2892.970703
-267.232788 -185.978729 2825.357910
-246.750412 82.180489 2918.642822
-155.998047 -205.440857 2971.950439
-158.267212 -660.488892 3035.984375
-223.608353 -840.104980 2947.416748
-375.533966 -192.757065 2878.295654
-344.624023 -616.507263 2842.795654
-360.589722 -997.865540 2889.197021
-239.126465 687.404541 2980.359619
-228.911438 365.241608 2912.782471
-80.252159 356.923737 2977.688721
-105.596191 63.985840 3099.165283
-127.510941 -247.224152 3036.878906
-377.570740 373.559448 2847.876221
-447.874420 66.359619 2891.432373
-253.672638 -167.665329 2798.000732
-246.937180 83.617821 2917.977295
-155.160583 -204.149658 2971.112793
-164.031845 -662.201355 3033.605957
-225.478317 -834.836670 2929.892334
-374.765228 -191.862244 2875.231445
-345.043396 -617.245483 2843.528076
-359.248291 -1012.522461 2900.449219
-239.424225 688.246704 2980.399658
-229.830109 366.206848 2913.866455
-79.063652 356.802429 2975.497070
-103.815018 64.954193 3099.688232
-129.506943 -241.076263 3016.641357
-380.596588 375.611298 2852.235840
-448.569763 67.498657 2892.951172
-249.031860 -155.567307 2785.072998
-247.676880 89.143074 2915.246582
-163.530151 -194.282806 2958.319824
-160.256042 -634.987183 3034.876953
-233.107040 -848.360229 2936.742676
-367.517151 -181.558609 2874.933594
-337.179565 -604.138733 2841.443359
-348.512970 -1005.853210 2905.857910
-240.479202 688.795654 2980.601807
-229.892548 366.676727 2913.657715
-79.884331 357.798340 2976.582031
-85.847351 84.327850 3139.453857
-140.277451 -222.109772 3072.504395
-379.900726 375.555115 2850.733398
-431.696777 62.541687 2876.975342
-238.242096 -175.194748 2790.919678
-247.783737 86.313927 2916.750977
-161.283203 -200.227386 2963.633789
-173.005615 -607.357422 3008.892334
-230.189972 -845.993652 2938.750488
-370.066681 -187.870331 2876.054688
-339.530914 -608.995422 2841.394043
-346.966064 -1014.164185 2918.099609
-241.011932 688.884033 2981.761475
-231.036942 366.093658 2915.285889
-80.020248 357.569458 2979.070312
-89.703087 91.836182 3154.210693
-142.543732 -203.796295 3048.421143
-382.053650 374.617859 2851.501465
-433.066467 60.767853 2868.174561
-235.647156 -166.581909 2764.637939
-247.782562 85.921265 2917.490234
-157.688187 -200.281769 2964.820312
-169.905975 -594.704895 2993.671387
-227.853958 -843.311096 2939.188477
-371.368164 -188.220490 2874.568848
-341.649353 -607.754517 2841.168701
-341.676880 -998.849121 2930.388916
