-264.205811 719.400146 2526.895508
-277.799011 436.422150 2483.509766
-121.990730 431.203979 2501.708740
-44.264938 141.871002 2513.396240
-150.834061 337.859406 2388.162354
-433.607300 441.640320 2465.310791
-491.653442 138.079712 2524.351562
-332.811066 -126.970154 2465.006592
-283.233307 216.352905 2466.934570
-184.962067 -7.189545 2462.472412
-175.959641 -480.012634 2465.038086
-206.798294 -921.042114 2544.491943
-392.373138 -0.243134 2438.246338
-394.211761 -456.697021 2419.707764
-361.286713 -879.614624 2505.406738
-263.064636 719.165955 2525.984619
-278.697540 436.155029 2483.213379
-122.398468 431.489807 2502.881592
-41.713539 142.643372 2510.204346
-137.232788 313.884338 2366.380859
-434.996613 440.820251 2463.545166
-502.548065 141.339478 2532.282715
-310.706604 -108.006439 2532.786133
-283.222473 215.408310 2466.812012
-184.437881 -8.421997 2463.410889
-175.808746 -482.122833 2466.283203
-206.806992 -923.901428 2547.500488
-391.056915 -2.254822 2437.410400
-393.977966 -453.836884 2416.380615
-360.891174 -875.553040 2504.283447
-262.206146 718.230530 2525.235107
-279.740784 436.812500 2485.452881
-123.027176 432.227600 2505.251709
-20.339622 157.049133 2505.621338
-142.180801 321.503113 2367.217773
-436.454376 441.397400 2465.654053
-484.910278 140.768707 2544.718506
-365.900116 -142.330475 2476.394287
-283.944794 215.806946 2467.549805
-185.019409 -8.215836 2462.675781
-175.991333 -481.550293 2465.548096
-207.134384 -924.565186 2548.412354
-391.278198 -2.181412 2436.617676
-394.090485 -454.355896 2416.648193
-360.652985 -873.876648 2504.700439
-262.400909 718.313232 2524.772705
-281.665283 436.822418 2485.701660
-123.766212 433.142090 2505.488281
-30.116974 149.700134 2507.729980
-122.299759 290.965515 2389.951904
-439.564362 440.502747 2465.915039
-490.315918 138.331604 2537.101562
-349.002441 -138.286591 2487.467285
-284.543732 214.695908 2467.356445
-183.901672 -9.843475 2461.983643
-176.015305 -483.176483 2465.748047
-205.899704 -928.252380 2550.919678
-390.942688 -5.017731 2436.038818
-394.183533 -453.162476 2416.742432
-360.539398 -871.118896 2504.631592
-262.631226 718.192505 2523.935059
-279.922302 435.028168 2484.556152
-120.977638 430.544220 2503.737305
-43.076302 116.564178 2501.250977
-121.720558 299.776917 2388.325439
-438.866974 439.512115 2465.375000
-509.537628 138.594696 2523.728027
-324.424438 -102.901810 2603.497803
-283.905792 214.413773 2465.992676
-184.055542 -9.129852 2459.959717
-176.903534 -483.743805 2466.336670
-205.471252 -928.796753 2551.192627
-391.722992 -3.271393 2434.898682
-393.836060 -454.327209 2416.391602
-359.882507 -871.429382 2504.420410
-263.009552 718.123047 2522.917725
-275.104095 445.021667 2484.375000
-121.658470 439.067505 2503.186768
-47.424339 125.874786 2476.067871
-37.870525 317.771973 2585.932861
-428.549713 450.975800 2465.563232
-516.287842 150.674896 2499.153076
-326.584351 -56.660568 2640.685547
-281.516663 220.117355 2465.496582
-183.542358 -8.837463 2459.415527
-177.824661 -483.714661 2466.803223
-205.470535 -929.389587 2550.966309
-392.316101 -0.736420 2433.820801
-393.075958 -459.282806 2416.190674
-363.058075 -924.484375 2518.548584
-262.630096 717.622620 2522.325684
-277.250763 451.222473 2482.430664
-121.837517 446.247681 2500.741211
-44.907005 143.897217 2481.473145
-238.928680 328.202209 2405.488037
-432.664001 456.197266 2464.120117
-517.976929 154.387329 2490.954834
-326.147217 -41.182190 2646.008301
-282.370270 223.347153 2463.971924
-182.337311 -7.894089 2457.902100
-178.832932 -480.818237 2466.994873
-209.074020 -925.140381 2538.831299
-392.642242 -1.162216 2433.124268
-392.380859 -460.052063 2414.435059
-361.111755 -900.535889 2510.166992
-262.628845 716.332642 2521.800781
-285.872009 445.009644 2490.905518
-121.714584 443.391052 2503.044922
-45.946960 148.229980 2487.433105
-140.068207 339.129822 2372.989502
-450.029449 446.628235 2478.766113
-532.558777 143.725647 2503.454590
-330.282166 -78.003784 2598.800293
-286.370575 219.392151 2467.565430
-179.655640 -7.282440 2452.153809
-179.230026 -477.993042 2465.045410
-207.031921 -917.835327 2541.401123
-394.082642 -5.168213 2436.296875
-391.779205 -463.598053 2415.697754
-360.499268 -893.602295 2509.920410
-261.304169 715.771667 2522.083740
-284.580231 444.402832 2487.611572
-122.824287 442.171814 2500.885010
-37.097954 152.331451 2500.765381
-112.146080 309.161469 2418.648682
-446.336182 446.633911 2474.338135
-499.649780 138.379150 2509.682373
-407.135162 -145.275909 2610.148193
-285.878937 218.551575 2465.476074
-180.036942 -8.777466 2452.132324
-179.268036 -477.148712 2465.481934
-206.353928 -907.576355 2533.714600
-394.318329 -5.821930 2434.548828
-391.378937 -461.910278 2413.416016
-360.273865 -888.754333 2507.392822
-260.100403 715.350159 2521.865234
-284.168945 443.532043 2485.861328
-122.953545 440.952423 2500.907715
-28.900414 160.257904 2511.162842
-135.386017 335.696716 2368.742432
-445.384338 446.111633 2470.814941
-502.213135 139.043732 2511.381836
-397.076416 -141.133698 2609.426514
-285.788391 217.873306 2464.525391
-181.113998 -9.486221 2453.109863
-179.527847 -478.339661 2465.963379
-205.464050 -913.233643 2539.883789
-393.701660 -6.084610 2433.269043
-391.321625 -460.063660 2412.033936
-359.468445 -886.531250 2505.580811
-259.109436 714.978638 2521.070557
-286.228607 446.501892 2482.211670
-129.559937 444.530243 2497.315186
-35.908592 170.882355 2500.188965
-145.670593 334.389648 2373.745361
-442.897278 448.473572 2467.108154
-511.381470 143.643982 2506.538330
-441.332184 -140.309387 2623.283691
-287.131622 219.541763 2461.950684
-181.975357 -8.753128 2451.914307
-178.771896 -479.050598 2465.333984
-205.430267 -912.448486 2541.563477
-394.093933 -6.083633 2431.465088
-390.913361 -459.991760 2412.620361
-360.292664 -886.803040 2505.398682
-259.092468 714.640625 2521.475586
-271.705688 445.933838 2480.617920
-127.428856 439.287872 2496.665039
-38.028969 160.761749 2496.021973
-140.621368 335.358215 2378.541748
-415.982544 452.579803 2464.570801
-518.659241 158.372375 2509.731201
-410.603516 -117.786713 2615.561768
-279.877380 218.617447 2459.944336
-182.329987 -13.568787 2451.029297
-179.187180 -485.502197 2467.293945
-206.113953 -916.624695 2544.243896
-393.768158 -3.829102 2427.512207
-390.336945 -455.631927 2409.475830
-361.026123 -883.234192 2502.923828
-259.543457 713.684204 2521.912109
-268.687683 437.305176 2470.909668
-123.910385 429.489380 2493.341309
-32.924538 151.496826 2494.265869
-137.423523 319.977417 2349.387451
-413.464996 445.121033 2448.478027
-527.259094 162.165894 2526.930176
-379.806702 -97.657776 2626.513672
-278.284088 214.527618 2455.224609
-182.719070 -13.927109 2455.833252
-179.364777 -486.472961 2472.045654
-207.127975 -917.961975 2547.846680
-393.041901 -2.572800 2423.245850
-389.623627 -455.106873 2404.823975
-360.300568 -885.507812 2499.786865
-259.554596 712.812134 2523.210938
-272.531769 438.668884 2471.700195
-123.951622 432.889252 2494.187988
-33.614532 152.822571 2493.781006
-135.907776 252.031021 2337.036133
-421.111908 444.448547 2449.212402
-528.394043 160.877472 2534.153809
-380.116486 -103.419922 2619.580322
-278.762115 217.992828 2456.148438
-176.127075 -6.918015 2457.073486
-179.302460 -489.947144 2471.874512
-207.225922 -922.640137 2546.875000
-393.857849 1.551529 2424.119873
-390.763062 -450.942505 2405.194336
-361.058899 -879.791748 2500.944092
-259.702484 713.320007 2523.668213
-269.876465 443.587036 2473.279053
-122.603203 436.735718 2495.418701
-32.194054 153.363434 2493.860107
-156.900345 234.322784 2356.699219
-417.149750 450.438354 2451.139404
-501.240540 227.162598 2523.837158
-457.425476 66.991074 2568.229492
-277.699066 220.387589 2456.244141
-176.695419 -7.874573 2455.569092
-178.894150 -489.240997 2473.422363
-207.505417 -923.190125 2548.463867
-394.347900 2.250854 2422.849365
-389.884857 -445.609192 2400.979736
-363.391937 -876.627075 2500.716553
-259.757355 713.567444 2523.925781
-270.270538 445.813538 2474.492432
-122.082848 438.563110 2496.894531
-33.251511 155.361176 2497.281982
-157.430008 242.782272 2357.339111
-418.458221 453.063965 2452.090332
-503.449951 217.574738 2525.139160
-465.920776 71.296951 2558.717529
-278.453247 222.417938 2456.318604
-178.854645 -6.251099 2454.438477
-178.392273 -484.649170 2471.467285
-207.763123 -918.973694 2548.359619
-394.417267 4.295776 2421.851074
-389.859711 -450.117218 2403.696045
-363.106262 -881.683960 2502.656982
-258.739105 713.250610 2523.897705
-278.401093 453.925964 2478.564941
-122.543343 448.687988 2499.183105
-31.681808 174.161713 2521.046631
-140.886475 363.560181 2386.751465
-434.258850 459.163940 2457.946777
-501.156250 203.095703 2523.841797
-471.386139 80.154388 2549.049072
-283.331085 229.523697 2458.823486
-179.687561 1.472565 2453.445068
-177.562500 -474.933228 2470.965576
-207.523834 -908.248718 2550.130371
-396.834595 8.770325 2424.718994
-390.642426 -457.293304 2403.460205
-364.384857 -889.699768 2501.030029
-258.403839 713.131958 2524.089844
-284.002747 456.175934 2480.652832
-122.862930 452.662018 2500.475342
-34.275101 175.738251 2514.412842
-129.944977 352.580444 2346.779297
-445.142578 459.689850 2460.830322
-516.802185 155.361511 2498.182617
-449.288910 -114.725708 2645.291016
-286.381653 229.017593 2459.723145
-180.557632 -0.500290 2452.104004
-178.406464 -477.661377 2469.920410
-208.360931 -912.795654 2551.535645
-396.963501 4.218796 2425.482910
-390.515442 -455.533691 2404.674072
-363.533966 -887.784180 2500.253906
-258.343048 712.697388 2523.942627
-282.981079 453.966431 2480.410156
-123.427010 449.881714 2500.671143
-35.025902 171.706970 2510.831055
-131.451462 366.533936 2372.368408
-442.535126 458.051147 2460.149170
-517.856567 156.178864 2507.978516
-440.713379 -127.717957 2619.957764
-286.149445 227.155197 2459.634521
-180.891846 -2.431839 2452.627197
-179.096802 -480.131592 2469.262207
-208.776550 -918.157593 2552.651611
-397.743774 3.119766 2425.090576
-391.252869 -455.216980 2405.505615
-362.896088 -888.130981 2500.258301
-258.855835 713.097107 2522.988525
-288.382629 448.295288 2481.168701
-124.779373 445.954498 2500.771973
-34.122108 168.488678 2510.114502
-111.458778 370.139282 2358.568848
-451.985870 450.636078 2461.565430
-541.087830 195.421066 2623.033691
-417.704468 -57.829147 2482.368408
-289.070099 223.454895 2460.058594
-181.182480 -2.938965 2451.958252
-178.793137 -479.586426 2467.634277
-207.954803 -917.653259 2549.848145
-398.332672 0.167969 2425.938721
-391.324921 -468.542419 2412.619873
-362.102539 -889.208618 2500.894531
-259.923218 712.746155 2522.012939
-289.350220 435.206573 2468.354492
-126.289680 434.991150 2479.750244
-40.957756 160.985474 2486.766602
-119.714714 386.454498 2345.083984
-452.410767 435.421997 2456.958740
-523.895996 157.162262 2585.827881
-381.470947 -109.541504 2497.907227
-288.700012 211.664841 2454.825195
-180.416672 -12.019089 2448.818115
-177.617722 -488.240051 2463.358643
-206.723602 -926.474976 2545.937744
-395.682953 -11.734695 2433.773682
-393.232330 -453.965454 2415.723389
-363.393982 -878.884521 2502.795166
-261.375000 713.351990 2522.472900
-285.679657 439.838379 2466.000977
-121.371269 438.328979 2473.759033
-44.751961 164.603912 2476.880127
-122.678337 406.742096 2336.813965
-449.988037 441.347778 2458.242920
-509.762787 145.024963 2546.209961
-402.666046 -150.739471 2559.328613
-287.180328 214.390076 2453.920654
-180.400223 -12.052948 2446.953125
-176.986038 -486.915527 2461.009033
-206.641632 -924.498901 2543.004639
-396.961761 -10.063507 2436.727539
-394.681213 -453.153778 2421.209961
-363.823730 -877.900146 2504.135986
-262.684113 713.325378 2523.383301
-284.219177 439.272278 2465.362305
-119.583107 437.621429 2472.536621
-40.823082 177.654877 2465.690674
-126.876160 432.266174 2324.729492
-448.855255 440.923096 2458.187988
-505.024414 138.698456 2525.983887
-404.247437 -159.294891 2537.601318
-286.165375 203.471542 2455.765625
-183.250137 -33.380646 2450.738525
-180.004395 -492.684387 2473.989502
-205.967545 -909.792114 2543.154785
-392.973022 -31.277710 2441.599365
-395.952759 -474.010193 2431.940430
-365.328918 -893.034790 2504.618164
-264.108795 712.682373 2523.228516
-283.013245 433.049957 2466.775635
-119.176476 431.584900 2473.124023
-30.395363 183.790619 2448.237061
-115.671623 446.452179 2301.562012
-446.850006 434.515015 2460.427246
-486.330872 124.321991 2496.656738
-456.791138 -128.252243 2682.195557
-284.696503 200.942780 2456.652100
-183.372299 -32.085510 2450.519775
-178.922546 -487.108856 2466.510254
-206.588058 -913.081970 2542.924072
-389.387238 -30.243286 2442.537354
-395.169952 -469.344727 2429.383545
-364.316010 -890.365723 2505.700195
-265.419800 712.749756 2524.228027
-283.743835 435.676117 2469.251465
-119.530128 434.478699 2475.682861
-16.237953 231.532288 2435.798584
-118.004311 468.430664 2289.793701
-447.957520 436.873535 2462.820068
-493.157867 128.245911 2504.520996
-369.622528 -159.760040 2475.804443
-284.923340 207.067596 2456.805908
-180.958694 -22.307617 2448.478271
-177.765274 -484.140778 2463.438477
-207.493408 -912.788025 2544.766113
-391.247009 -20.774231 2440.242432
-394.473755 -468.888397 2427.674561
-362.267914 -889.179138 2502.758789
-265.694824 712.971252 2525.554688
-286.124146 437.096069 2482.016602
-114.776802 437.190308 2481.763184
-13.014259 242.727814 2394.513184
-120.809952 487.482849 2255.703369
-457.471497 437.001831 2482.270020
-491.176941 124.617889 2498.240967
-372.544556 -147.496307 2602.428711
-286.027802 209.916367 2462.694824
-179.151184 -17.204620 2443.215088
-177.539642 -482.224548 2458.351318
-206.903824 -913.728821 2539.307617
-392.711700 -17.322052 2443.531006
-393.988708 -465.084137 2427.269287
-361.127380 -881.491211 2505.919434
-264.538483 709.899170 2525.991943
-279.955139 443.680542 2480.979980
-110.310730 441.322693 2483.045166
-12.649544 258.253204 2366.026855
-135.168182 517.456970 2203.916260
-449.599548 446.038391 2478.914795
-495.974792 135.538300 2499.259277
-408.773560 -149.972565 2598.528320
-282.919373 214.016083 2462.269287
-178.235092 -17.144547 2444.869141
-177.946289 -482.187317 2459.133057
-207.343384 -915.764648 2538.951660
-393.532104 -14.152206 2442.248047
-394.107849 -463.727112 2425.611572
-360.045990 -878.096802 2504.700928
-264.046570 709.227539 2524.062744
-274.818634 448.112305 2481.782959
-106.087624 444.603088 2482.663330
-14.413239 273.220825 2353.194580
-131.036285 529.741821 2149.587891
-443.549652 451.621521 2480.902588
-499.567474 142.938354 2503.796875
-415.452759 -146.303101 2594.414551
-279.568665 215.235489 2463.912354
-176.801422 -19.877426 2446.602783
-177.740036 -484.711182 2459.994873
-208.580353 -916.251770 2540.033691
-391.835968 -15.405197 2445.480713
-393.432220 -456.381653 2422.166504
-361.472137 -874.069946 2504.283203
-263.414062 707.389221 2522.814209
-267.004120 452.403107 2491.483154
-103.422745 446.933105 2487.131836
-13.334045 307.617676 2335.991699
-128.145935 542.468567 2096.443604
-430.585480 457.873108 2495.834473
-501.620117 151.724487 2509.047119
-384.478821 -140.128723 2515.907715
-275.449341 216.971970 2469.955566
-175.281784 -22.091080 2445.538818
-177.653366 -486.123413 2457.325439
-208.559097 -920.054688 2538.937500
-392.507355 -14.827255 2451.317139
-392.192047 -442.807495 2414.114258
-361.383087 -868.461914 2505.811035
-261.559296 706.251953 2521.770264
-266.953094 452.497009 2489.874512
-101.074051 447.376648 2486.959961
-40.890095 390.868439 2311.385742
-112.673325 526.146240 2081.654785
-432.832123 457.617371 2492.789062
-499.108276 150.560242 2509.246582
-395.394379 -146.295258 2501.019287
-274.580872 216.717819 2469.968262
-172.971054 -22.433304 2448.142578
-177.343567 -484.329834 2457.500000
-207.532593 -921.021729 2540.204102
-391.446259 -15.689407 2451.981445
-392.135162 -444.033020 2415.600342
-362.652313 -867.393738 2505.439697
-260.873749 706.689636 2522.097168
-265.845520 452.368469 2489.925293
-98.126007 446.872009 2487.313232
-57.790905 414.793365 2288.007812
-126.374512 514.102295 2142.434570
-433.565063 457.864929 2492.537354
-498.392578 150.632965 2512.702881
-396.489990 -144.750916 2475.757568
-273.879272 216.496658 2470.415039
-172.685654 -22.954712 2449.203857
-177.279541 -486.171509 2458.588379
-206.785751 -923.627686 2542.162354
-391.140381 -15.795593 2452.605713
-394.454071 -468.410278 2426.382812
-350.021912 -896.243408 2506.132812
-258.472595 704.604492 2523.211914
-264.854767 453.766785 2493.106934
-96.184784 448.230896 2488.545898
-69.694138 441.216461 2285.113770
-113.067604 504.910889 2089.446289
-433.524750 459.302734 2497.667969
-497.730530 151.815460 2515.746338
-424.843384 -150.002319 2464.843262
-273.188873 216.666428 2472.684570
-172.356262 -24.016907 2449.310303
-176.604691 -487.332489 2457.219727
-206.403244 -925.544556 2541.262939
-390.689697 -16.850983 2455.214111
-395.003265 -474.312317 2430.052490
-356.192688 -879.646362 2505.768311
-257.954742 705.034302 2523.755615
-269.253296 442.895020 2488.611572
-104.601234 439.479156 2482.985840
-78.269402 422.478088 2250.189453
-120.691315 507.619049 2122.080566
-433.905365 446.310913 2494.237305
-525.513672 149.190826 2542.457764
-348.861542 -52.946426 2378.347412
-274.688080 210.701187 2470.532959
-170.768631 -23.761337 2448.718018
-175.953735 -486.211670 2455.994385
-205.427994 -927.559021 2543.866699
-389.477112 -19.223984 2456.190674
-392.050781 -478.862488 2430.895752
-356.644104 -874.595764 2508.129883
-253.568848 701.566895 2525.750977
-274.252899 430.182648 2480.739990
-114.592155 428.710693 2474.350098
-74.722534 431.783203 2261.887451
-126.512283 539.348206 2123.335693
-433.913635 431.654602 2487.129883
-517.031799 132.759430 2539.576904
-368.527527 -82.346680 2364.438477
-276.906982 204.208939 2466.477295
-170.662262 -22.768723 2447.856445
-175.377701 -485.348877 2455.556152
-206.050934 -924.470825 2544.195557
-388.459869 -20.760818 2456.572754
-392.370392 -480.541321 2433.834473
-357.219452 -871.814514 2508.604492
-252.757324 700.701660 2524.877197
-274.294495 434.297211 2480.485596
-115.768913 432.508484 2475.062744
-74.571655 433.123383 2264.851318
-135.658691 542.085693 1979.635132
-432.820099 436.085938 2485.908447
-537.092834 142.292297 2529.093506
-298.963196 -13.401657 2394.534424
-277.359222 206.623291 2465.993164
-171.473343 -22.279984 2447.773926
-175.457809 -485.312500 2456.579590
-205.455765 -923.927490 2548.241455
-389.374542 -19.821274 2455.227539
-393.442169 -478.259094 2436.116943
-358.275116 -870.331909 2508.685059
-249.655869 697.763428 2522.045166
-276.125305 429.566284 2474.823730
-117.656723 428.429199 2471.799316
-79.100807 423.368591 2253.909912
-146.931305 575.455566 2098.117432
-434.593903 430.703369 2477.848145
-527.518860 136.016968 2537.659180
-290.538330 89.824440 2335.770508
-277.975494 202.885452 2463.104492
-172.066681 -24.568619 2449.328613
-175.577820 -486.483337 2459.772705
-204.256836 -926.979004 2556.536865
-387.584686 -23.022171 2453.441895
-392.830963 -476.440918 2436.925049
-359.168701 -871.635864 2507.416992
-251.828369 697.218506 2521.469482
-277.263824 427.039856 2474.598877
-118.234749 426.184998 2470.501953
-81.912842 419.011292 2248.182129
-157.777588 563.865906 2073.316895
-436.292908 427.894684 2478.695801
-524.372620 129.410828 2525.261719
-277.430298 146.595444 2330.985596
-278.777924 201.298737 2462.927979
-172.539093 -25.021576 2448.480957
-175.481155 -488.291840 2459.772217
-203.191208 -926.870667 2559.963867
-388.044983 -23.863159 2454.033203
-393.375488 -476.154236 2439.609375
-360.817291 -874.912354 2509.195801
-253.975601 698.226440 2521.082275
-278.579590 432.858734 2483.962891
-117.915558 432.438538 2475.592285
-83.012939 420.138763 2249.086670
-134.575134 519.281433 1974.174805
-439.243622 433.278931 2492.333496
-516.496521 129.773224 2524.166748
-302.828186 200.250198 2303.994385
-280.018402 204.985428 2467.785645
-173.793564 -23.169449 2445.999023
-175.434113 -489.543762 2456.970947
-203.819733 -926.593262 2552.084229
-389.120850 -22.606308 2457.217773
-395.367767 -474.922668 2444.347900
-362.159088 -872.494507 2512.138428
-254.965836 699.391418 2521.049316
-276.237183 437.640137 2493.158203
-113.915276 436.543701 2481.616699
-81.542618 417.616241 2250.625977
-125.857407 523.564880 1988.825928
-438.559113 438.736633 2504.699707
-504.385101 184.100998 2521.941406
-408.256592 363.914307 2394.213379
-279.298309 207.486908 2471.970703
-175.579544 -23.387619 2443.190918
-175.634918 -489.754395 2454.441650
-204.041077 -925.935974 2547.176025
-389.139313 -21.945053 2458.375488
-395.534576 -475.505981 2449.006348
-361.236908 -876.361084 2514.441650
-255.897919 700.211548 2521.164062
-278.000793 437.978088 2495.375732
-114.430206 437.160339 2483.785645
-79.207718 416.235901 2255.605957
-125.501083 525.727539 1995.017944
-441.571381 438.795837 2506.965820
-503.457520 183.761368 2522.628662
-433.686768 196.046982 2451.048828
-280.718903 209.030853 2473.168213
-177.079956 -20.448090 2443.424561
-175.507446 -487.595154 2454.049316
-204.180481 -924.439758 2545.747803
-389.794098 -19.384644 2458.496826
-396.204742 -476.097809 2451.401367
-368.835693 -898.817749 2499.451660
-255.581390 699.899231 2521.289551
-277.107544 434.733398 2492.900391
-114.546219 432.728699 2481.189453
-72.673843 404.777679 2261.139160
-123.137428 528.809204 2020.109619
-439.668854 436.738098 2504.611328
-503.160980 185.669754 2520.378418
-452.490997 338.006592 2377.275391
-281.444305 206.696655 2471.736572
-183.083069 -22.606537 2443.174561
-176.190918 -485.038940 2453.578369
-204.991943 -922.666992 2544.007812
-388.479065 -20.073608 2457.970947
-396.454956 -477.576447 2454.651123
-364.942261 -893.315369 2506.864502
-254.282074 699.312256 2521.905029
-283.515198 415.681793 2483.515137
-114.918793 415.936096 2473.508789
-53.876923 378.877716 2260.989746
-115.899506 525.577393 2036.260986
-452.111572 415.427490 2493.521484
-507.380554 197.961288 2520.074707
-442.432465 203.925247 2452.744873
-284.170654 197.081360 2466.915283
-180.611496 -21.361862 2444.130127
-176.562103 -484.080566 2456.329102
-207.300095 -920.775024 2542.405518
-389.040741 -21.676285 2456.500732
-397.155304 -476.875183 2452.623291
-364.206116 -888.315063 2507.655273
-252.262573 698.320312 2523.902100
-276.834473 416.839569 2480.425537
-115.021324 414.415619 2472.619873
-23.446106 353.619537 2279.803955
-118.296890 533.038025 2051.989990
-438.647614 419.263519 2488.231201
-507.175110 200.295853 2521.637451
-449.578308 193.151352 2463.409180
-280.856750 197.893738 2465.033203
-179.636780 -22.628616 2444.564209
-176.815460 -485.901855 2458.210938
-207.342484 -921.009766 2541.354248
-390.121277 -19.475571 2454.717529
-398.114014 -472.687988 2450.825439
-365.537140 -883.800781 2506.520020
-252.525467 701.576904 2528.191406
-276.400391 420.890137 2483.503418
-113.808083 418.272491 2473.694092
-10.795555 340.662231 2288.240967
-120.768051 541.822571 2084.413330
-438.992706 423.507782 2493.312744
-509.625916 201.245209 2519.332031
-449.528564 166.420715 2475.937744
-280.977020 200.279205 2466.514893
-180.118652 -22.029175 2443.165283
-177.221191 -485.826324 2459.093506
-205.591827 -922.063721 2543.006836
-390.988678 -18.634277 2455.887451
-399.522919 -470.175690 2450.259766
-365.600922 -880.320740 2508.500000
-254.171402 703.665527 2531.618896
-272.282654 441.945190 2469.326904
-102.405304 436.753662 2457.819336
-6.756065 332.752075 2300.135986
-117.492615 546.245728 2132.201904
-442.160004 447.136749 2480.834473
-509.118561 195.097855 2516.601807
-446.321991 151.368835 2476.918213
-280.003937 212.372223 2458.913086
-182.834183 -20.406281 2441.393799
-178.158875 -484.316681 2459.234619
-204.727814 -921.916016 2542.806885
-392.616272 -13.995239 2455.604736
-400.097809 -467.390472 2451.819092
-365.233032 -878.859009 2511.140869
-254.874008 702.978149 2531.407471
-275.353760 442.853821 2468.809082
-106.544365 438.562347 2459.438721
-4.711365 321.483612 2314.964844
-118.077164 548.236389 2170.666992
-444.163147 447.145294 2478.179443
-504.075867 199.396500 2552.607910
-451.898163 146.621048 2472.621338
-281.760193 212.924133 2458.699463
-183.013123 -19.678757 2442.752930
-178.376648 -483.745300 2461.000000
-203.800919 -923.012695 2544.646973
-393.320129 -14.332352 2454.426758
-399.517303 -467.681946 2451.155762
-367.645569 -880.993164 2512.832520
-258.087219 703.652832 2532.638428
-276.160583 443.244324 2468.479004
-107.890152 440.480255 2460.197510
-4.400146 300.473694 2348.036377
-118.373543 543.161499 2209.008301
-444.431030 446.008423 2476.760498
-503.966217 206.121628 2554.611816
-456.026245 143.732513 2474.043701
-279.973999 217.380356 2466.380127
-177.649765 -10.227081 2459.057617
-179.048004 -473.328064 2462.348389
-204.489899 -912.383911 2543.793213
-389.925049 -6.740173 2469.504883
-399.773132 -475.125793 2451.910156
-366.985992 -891.788391 2514.012695
-258.333618 703.228088 2531.641357
-277.078064 442.203461 2467.100586
-108.694427 438.908813 2458.513672
-6.859566 286.032501 2359.081543
-120.676544 537.226257 2244.344482
-445.461700 445.498108 2475.687500
-503.911987 214.361465 2556.435059
-453.674072 174.229691 2452.439209
-281.665283 217.714966 2463.280029
-179.463165 -8.863007 2454.013672
-179.785095 -473.809021 2464.751709
-204.824402 -912.604614 2545.349609
-393.041840 -4.684052 2464.905273
-400.880432 -470.579254 2449.843994
-368.984009 -888.796326 2518.431641
-260.314880 705.419800 2533.171143
-275.867737 440.158569 2467.253174
-109.870163 436.201019 2458.308838
-10.301613 260.955933 2393.900879
-117.737358 516.981567 2274.758789
-441.865295 444.116150 2476.197510
-502.971405 230.661713 2558.206787
-454.945526 148.116028 2467.339600
-281.513000 215.508850 2461.882568
-180.079514 -11.693771 2450.742188
-180.401291 -478.105774 2463.951172
-205.867981 -917.019409 2542.193359
-394.237030 -6.587997 2462.281738
-400.933350 -466.683655 2451.479492
-367.857544 -886.273926 2518.696289
-260.354919 705.711365 2532.350586
-274.486938 439.466309 2467.954834
-110.300163 434.640930 2458.085205
-6.237144 247.243607 2401.345459
-112.979706 501.935669 2308.249268
-438.673706 444.291687 2477.824463
-499.556641 215.086853 2528.812744
-456.703125 154.810425 2473.204834
-281.378204 216.447937 2462.351074
-181.294418 -9.714401 2450.316895
-181.035858 -476.145508 2464.032959
-206.506592 -915.425781 2542.657959
-395.244537 -3.426468 2463.177734
-400.732880 -468.056091 2453.270020
-369.492981 -889.443237 2522.303955
-260.905548 706.520264 2532.246094
-274.573456 428.210938 2480.823975
-111.835617 424.326050 2463.552246
9.117508 222.849289 2420.907959
-119.906616 484.313721 2336.492432
-437.311279 432.095886 2498.095703
-509.050537 201.249451 2529.636719
-435.398224 342.333679 2380.647217
-281.094086 208.842911 2468.727539
-181.792725 -13.051346 2445.399902
-181.447983 -478.879150 2458.981445
-206.740585 -917.976074 2537.224365
-393.436707 -7.998917 2467.862305
-399.612427 -465.648438 2457.803467
-369.770905 -888.998047 2526.673584
-263.138184 707.438477 2533.028076
-276.442657 422.707672 2495.565918
-118.137733 420.332581 2480.260254
11.479836 218.702011 2433.316895
-119.758904 477.164490 2363.007080
-434.747589 425.082764 2510.871582
-532.541687 126.732269 2535.699219
-373.332825 -34.801208 2317.175537
-281.441681 204.897812 2477.661133
-179.878128 -14.510849 2449.453369
-181.566879 -476.366333 2456.692871
-207.388992 -914.655151 2535.208740
-393.003296 -11.313248 2470.059326
-399.180603 -465.329712 2459.796631
-371.618866 -890.108276 2534.507568
-265.436951 708.584229 2535.244385
-278.770660 423.826477 2493.432129
-122.511749 421.742737 2483.331543
2.074219 218.259644 2443.836182
-123.497902 469.844849 2365.495117
-435.029572 425.910187 2503.532715
-524.127747 124.527924 2523.955811
-359.999512 -45.661255 2315.906738
-282.821503 205.149094 2475.876709
-181.012909 -14.939911 2451.478516
-180.819626 -478.469696 2461.372314
-206.960861 -916.002014 2540.370850
-392.731781 -12.116638 2465.164062
-398.897522 -465.272675 2454.060303
-371.544006 -889.697510 2529.264648
-266.648743 708.466064 2535.109131
-282.278503 421.652832 2502.073975
-125.442551 420.597534 2494.003174
0.653702 215.218475 2453.167969
-120.682800 462.091553 2383.994629
-439.114441 422.708130 2510.144775
-525.592407 120.578857 2490.252197
-320.675171 -87.327621 2372.184082
-284.863953 203.674347 2480.334473
-181.569550 -15.016586 2453.146240
-180.990067 -482.303284 2463.921387
-206.537689 -916.779907 2541.873535
-393.329254 -13.591690 2464.043701
-398.910004 -465.392334 2453.145752
-372.473816 -888.934082 2532.937012
-267.339050 708.724976 2535.761475
-282.614624 421.144043 2501.324951
-125.334702 420.054688 2497.139648
9.336960 209.388306 2486.606445
-105.997581 439.827881 2364.671387
-439.894562 422.233398 2505.510254
-548.333252 126.627106 2494.375977
-332.056641 -82.125595 2399.968750
-284.671967 202.585709 2480.897949
-179.671448 -16.714127 2457.622070
-180.768127 -479.468750 2466.956055
-206.343536 -914.666931 2544.510254
-393.787170 -15.231125 2463.319824
-399.481506 -467.296814 2451.653564
-373.502380 -887.864746 2536.424805
-267.866852 709.181763 2536.405762
-281.826233 419.007843 2501.813721
-122.993187 417.849609 2497.373291
12.281258 204.451981 2504.936035
-122.923546 444.974182 2398.952881
-440.659302 420.166077 2506.254150
-562.100586 130.088654 2486.939453
-302.072357 -23.997314 2398.008057
-283.993591 198.308807 2481.854736
-177.749008 -23.180786 2458.864746
-179.824539 -479.799713 2470.376709
-205.531113 -912.526245 2544.531738
-394.572876 -21.599670 2464.926758
-399.423950 -471.512390 2451.288330
-373.632538 -890.706665 2536.802246
-268.327118 709.928223 2537.257568
-280.368774 421.142212 2497.299316
-120.064178 419.388916 2489.645020
9.568192 198.016541 2502.602539
-124.838547 437.664001 2394.086426
-440.673370 422.895538 2504.953613
-547.142883 127.205017 2483.994385
-276.140472 21.170639 2363.485596
-283.635345 199.571548 2479.640381
-178.197418 -23.188065 2456.791016
-179.582260 -479.690613 2468.503174
-205.173279 -913.619568 2541.943604
-395.606415 -20.810196 2467.171875
-399.411011 -472.351379 2454.709229
-375.471893 -890.509521 2550.893311
-269.293793 711.023926 2539.922607
-279.634735 421.777588 2487.616699
-117.590401 419.662109 2477.044922
2.069557 185.350052 2488.802246
-108.347832 420.078613 2427.085938
-441.679047 423.893066 2498.188477
-534.445862 123.430084 2479.435791
-293.275330 -63.854431 2401.997559
-283.363770 199.693039 2474.898193
-178.325836 -23.811447 2455.083740
-176.887558 -487.060852 2473.577393
-204.551270 -915.820068 2541.536377
-395.859772 -20.971542 2469.275635
-398.855164 -472.965942 2457.861572
-374.858643 -892.135559 2549.708252
-268.730377 711.809082 2540.973145
-278.648590 425.517578 2482.147217
-118.420654 422.829224 2476.434082
-18.056564 171.705124 2491.924561
-102.463081 407.075623 2421.820557
-438.876556 428.205872 2487.860352
-505.091766 121.377777 2515.470459
-385.825409 -127.177338 2362.872314
-282.756348 201.129532 2472.529053
-177.896500 -25.086777 2459.025635
-177.037674 -487.194336 2475.422607
-204.258469 -917.287842 2544.771973
-395.831696 -21.430222 2466.796143
-398.670044 -472.384216 2455.119873
-374.872284 -890.260132 2547.413818
-267.421417 712.227539 2541.809082
-272.988770 424.236237 2480.288818
-119.445473 419.719727 2478.218750
-11.096230 177.681625 2494.065918
-130.846741 430.279358 2418.566406
-426.532074 428.752747 2482.358887
-486.490997 180.435532 2524.372559
-468.051727 112.019691 2477.588135
-279.716278 199.297318 2472.061035
-177.879700 -28.835037 2462.369629
-177.451050 -490.588440 2477.716309
-203.711838 -920.733398 2547.627197
-395.007904 -22.448166 2465.296875
-397.576904 -469.383118 2451.195068
-371.441650 -881.893799 2538.428223
-267.709961 712.689331 2543.316650
-275.218719 422.874542 2485.495605
-118.715912 419.040680 2482.904785
-19.842682 179.385986 2500.513672
-113.495415 410.043671 2403.480957
-431.721558 426.708405 2488.086426
-486.137970 177.726593 2516.430420
-469.178619 107.190834 2489.767822
-280.898956 198.350647 2474.619141
-178.520248 -28.820389 2461.953857
-177.644760 -491.327026 2476.589355
-203.220398 -922.197266 2547.935059
-394.638123 -23.526108 2465.531494
-396.750092 -469.817932 2450.178711
-372.160126 -879.776917 2540.842285
-267.447388 712.746094 2544.953613
-275.617310 422.058655 2488.792236
-118.122162 418.434296 2485.521729
-27.967155 169.142288 2520.220947
-124.368576 404.968903 2411.651123
-433.112457 425.683044 2492.062744
-487.402588 177.364685 2522.836914
-464.795258 107.441101 2499.841553
-281.040070 197.830872 2476.142090
-178.587616 -28.879410 2461.251709
-178.481552 -490.304260 2474.718994
-203.339691 -922.078491 2548.338135
-394.338043 -23.914444 2465.732178
-395.860107 -470.869324 2451.226074
-372.822235 -881.911804 2540.078125
-267.809692 713.201416 2546.625732
-285.586731 418.194153 2491.404785
-119.813736 418.166809 2487.665771
-35.361137 165.763657 2532.963379
-142.134430 406.120544 2427.536133
-451.359711 418.221466 2495.143799
-488.155396 174.630173 2515.624512
-460.012115 103.010139 2501.867188
-285.937714 196.176468 2477.466064
-178.616638 -25.858963 2461.098877
-178.753708 -486.752563 2473.150391
-203.350769 -920.006470 2547.727783
-393.960754 -25.823441 2465.955811
-395.827545 -472.787598 2452.577148
-373.999634 -882.072388 2542.582275
-268.251862 714.021240 2547.049072
-282.457977 422.113892 2494.669678
-120.459518 421.269043 2490.187256
-42.609833 168.148911 2540.117676
-128.090851 382.659241 2391.434082
-444.456451 422.958740 2499.152100
-488.328583 173.761063 2508.430908
-457.605194 86.858414 2514.254639
-284.059753 198.283279 2478.968750
-178.294983 -26.107285 2460.297119
-178.541702 -487.129944 2471.581787
-203.647217 -920.194458 2546.989258
-393.028076 -24.987381 2466.238525
-394.609955 -475.586182 2454.605713
-377.385773 -883.899231 2548.101562
-269.419098 713.758057 2547.427979
-283.127533 425.590668 2497.404297
-123.199295 425.122772 2492.174072
-38.627716 190.803726 2544.946289
-134.519928 379.711365 2397.492920
-443.055756 426.058563 2502.634521
-487.663849 173.679108 2513.996338
-457.752625 65.718803 2525.754395
-284.354675 200.017029 2480.060547
-178.866791 -25.868820 2459.226807
-178.447876 -487.925659 2470.841553
-203.205780 -923.014160 2548.919434
-392.296844 -25.244400 2466.206787
-394.719360 -483.927429 2461.573975
-375.671356 -905.401733 2555.729004
-270.088593 712.860596 2547.353516
-283.300598 411.155273 2493.931396
-126.040176 410.585205 2492.325195
-42.489891 171.232956 2542.464111
-132.561493 350.386658 2385.049805
-440.561005 411.725281 2495.537598
-481.554749 161.357483 2539.210205
-464.391937 71.304825 2532.262207
-284.256805 192.039993 2478.072998
-178.980270 -27.460342 2461.129639
-178.256668 -489.138550 2473.822021
-203.952927 -923.065186 2552.759277
-391.445770 -26.690201 2463.299561
-393.046875 -482.779846 2458.247803
-374.509735 -896.023315 2547.178223
-270.793060 713.791687 2547.899414
-284.007294 420.929016 2496.458252
-128.679672 420.528809 2494.562988
-44.385338 175.812836 2545.345947
-142.791901 358.967896 2398.470947
-439.334900 421.329224 2498.353516
-475.468414 151.387024 2552.217285
-470.350250 49.781822 2537.911621
-284.797028 197.011322 2479.017578
-178.808502 -27.181473 2460.273926
-178.252792 -488.777893 2474.042480
-204.323120 -921.945496 2553.743408
-392.365021 -26.631241 2462.879883
-393.853058 -480.775452 2457.344482
-374.907227 -892.429321 2545.297363
-271.636841 713.924683 2548.697510
-283.470459 426.969910 2492.075195
-127.021324 426.225891 2491.318604
-39.275536 189.371216 2550.745361
-142.309906 340.646332 2403.844238
-439.919586 427.713989 2492.831787
-473.275299 142.466644 2554.197266
-471.059540 33.426445 2547.622314
-284.624847 200.061722 2476.511475
-178.472839 -27.356827 2460.428955
-178.653610 -489.822083 2474.960205
-204.503540 -922.414551 2555.338379
-393.085663 -26.336136 2461.466553
-394.236145 -485.230347 2460.986084
-376.282104 -895.232544 2544.072266
-271.745087 714.117798 2549.833496
-280.884430 427.992554 2489.051025
-125.672096 425.823425 2494.398193
-40.321724 185.249344 2556.970215
-151.094727 380.142761 2417.044678
-436.096771 430.161682 2483.703857
-475.475342 153.726196 2542.804199
-472.286835 22.276321 2552.471924
-283.746368 199.888367 2479.592041
-180.755798 -29.695145 2473.779785
-178.857788 -490.147461 2471.214844
-204.605591 -922.355103 2552.196045
-392.460815 -26.736526 2466.486328
-393.920868 -481.464661 2462.543457
-378.244232 -881.273682 2527.415527
-271.220856 714.097168 2549.896973
-283.623260 429.691528 2493.427490
-128.483856 428.794098 2495.097168
-42.571526 180.283951 2556.223877
-129.973511 360.040771 2399.357178
-438.762665 430.588989 2491.757812
-477.322754 158.678589 2547.884033
-471.602753 19.897812 2562.247070
-284.805847 200.893372 2480.332275
-179.841156 -28.518845 2468.379395
-178.968521 -489.120422 2473.359619
-204.353729 -920.690308 2555.412109
-392.135712 -27.290756 2466.094727
-389.251190 -471.623596 2456.154053
-378.090118 -879.832642 2527.845947
-270.943481 713.367188 2550.394775
-291.764618 437.225739 2486.213867
-143.538559 438.926117 2480.481934
-42.999413 180.488770 2558.827637
-125.746536 349.061157 2408.856689
-439.990662 435.525360 2491.945801
-488.088776 170.447845 2532.735596
-465.842041 19.472549 2555.927246
-289.487823 204.770752 2476.133301
-179.437698 -26.447922 2461.885010
-179.435150 -487.093384 2470.047363
-204.507019 -919.154907 2553.464600
-394.984375 -28.920547 2470.220459
-391.795868 -475.190674 2460.112793
-376.645081 -884.572266 2537.314453
-271.389191 712.574219 2550.571289
-288.490448 438.421631 2491.683105
-137.346939 439.186371 2487.662109
-43.711716 182.961609 2557.553955
-132.926605 349.218201 2394.516602
-439.633972 437.656860 2495.704102
-485.390045 176.707581 2530.762939
-466.899963 12.434174 2563.278320
-287.666473 205.741302 2478.401367
-179.050995 -26.393600 2462.251953
-179.689560 -486.901978 2470.796631
-204.652557 -919.509583 2555.684570
-394.633972 -27.484421 2467.987305
-392.989075 -476.722107 2458.245361
-375.684296 -886.905151 2538.328369
-271.529724 712.321289 2550.841309
-285.510376 438.243896 2493.258301
-133.921585 437.921997 2492.090332
-45.254623 183.487091 2556.250732
-136.382751 332.181946 2390.468018
-437.099152 438.565796 2494.426270
-483.193878 177.285004 2535.479492
-462.666779 16.250244 2570.294189
-286.113373 206.038223 2478.994873
-178.733398 -26.396759 2463.899414
-180.509476 -486.692963 2472.821533
-205.443130 -920.389954 2557.964355
-394.699341 -25.938141 2465.563477
-393.248810 -476.726135 2455.591797
-375.234650 -885.617615 2537.431885
-271.254547 711.550293 2550.722900
-278.588654 429.525818 2496.078857
-122.266365 426.750549 2498.307861
-53.560425 189.387161 2552.842041
-137.959167 361.196075 2375.703369
-434.910950 432.301056 2493.849854
-481.220947 167.038971 2540.954102
-459.536285 9.581543 2576.336426
-282.406769 202.024597 2480.596680
-178.362579 -27.391525 2466.652588
-180.895920 -487.669495 2475.706299
-205.882950 -921.634155 2559.323975
-394.087219 -23.561691 2463.576416
-392.846252 -475.120300 2452.250000
-373.793152 -883.268921 2533.741211
-271.409729 710.705933 2550.651855
-274.826904 426.806915 2497.493896
-116.596428 422.632874 2501.162354
-62.612679 172.314728 2543.167725
-129.137512 370.803741 2406.097412
-433.057404 430.980957 2493.825439
-480.520447 166.634949 2538.801270
-449.275970 23.214737 2574.096924
-280.399872 201.172958 2481.142090
-178.394531 -27.298859 2467.284424
-181.111160 -487.914612 2477.553711
-206.222977 -922.223999 2559.507324
-393.551147 -21.623138 2462.296143
-392.876923 -473.418945 2450.545410
-373.175995 -882.173645 2532.510010
-271.678833 711.051270 2549.905518
-274.749237 430.315430 2498.272705
-121.867165 426.174194 2500.939453
-57.018692 156.668671 2534.578613
-146.097778 359.725952 2385.666748
-427.631317 434.456604 2495.605957
-481.254547 172.962769 2535.948730
-451.765442 32.734100 2580.751709
-280.609558 203.015594 2481.265137
-179.081268 -27.193130 2466.130615
-181.160828 -487.203918 2477.235352
-206.106506 -921.568604 2557.386963
-393.858490 -21.375320 2462.384521
-392.161041 -472.497864 2451.444580
-373.089264 -882.840820 2534.244385
-271.152466 711.486206 2549.401611
-277.191589 434.727844 2500.224121
-124.624809 431.161438 2503.646729
-54.499832 165.609039 2541.027588
-138.110107 339.492950 2398.899170
-429.758362 438.294250 2496.801514
-480.787598 172.993469 2533.842529
-454.875793 30.004059 2583.478760
-282.149414 205.247223 2482.104004
-180.064285 -26.735641 2466.385254
-181.449371 -486.496765 2478.238281
-206.018738 -921.258606 2557.725830
-394.150208 -21.731155 2461.582520
-391.005127 -471.690369 2451.885010
-372.993073 -882.425903 2534.254883
-270.403870 711.587891 2548.872314
-278.390198 434.589325 2499.482666
-126.418022 431.241516 2503.565186
-55.449463 165.482941 2543.823486
-133.387161 350.876007 2394.643799
-430.362396 437.937134 2495.400146
-480.993835 175.571167 2531.723633
-457.946442 21.952988 2582.237549
-282.962494 205.115753 2481.511230
-181.179535 -26.700729 2466.396973
-182.038544 -486.898254 2479.089600
-206.182770 -920.702698 2558.258301
-393.890045 -22.014908 2460.682617
-390.797943 -470.704346 2453.761719
-373.575043 -882.839111 2534.767578
-270.207947 711.145996 2547.507324
-283.998291 431.824219 2494.975830
-127.826416 430.014771 2505.632324
-55.641228 160.756531 2540.950928
-138.628357 349.512146 2385.047852
-440.170166 433.633667 2484.319336
-481.829712 177.780930 2532.837158
-462.723297 8.639679 2590.323730
-285.585571 203.539078 2479.474854
-181.315918 -25.972565 2471.197021
-182.550232 -486.573944 2483.945801
-206.014999 -920.276184 2562.378174
-393.029785 -23.519562 2456.750732
-390.887543 -471.370117 2449.473877
-374.411865 -884.174011 2530.587402
-270.053375 710.651489 2547.454834
-285.833435 432.004822 2498.908691
-129.673874 431.188538 2507.027588
-54.244278 165.788879 2544.281494
-131.465057 336.936401 2388.166992
-441.993011 432.821075 2490.789795
-483.335907 177.195160 2530.808838
-469.394836 7.368759 2589.693115
-286.130951 203.748688 2481.682373
-180.990540 -25.058578 2469.937988
-182.211258 -486.859680 2482.881836
-205.609375 -919.928406 2561.135010
-391.866364 -23.956284 2458.974121
-390.822479 -467.683533 2449.564941
-374.769714 -884.155762 2533.170410
-269.901978 710.903503 2547.426270
-286.653046 434.705444 2501.268311
-130.814163 434.095093 2507.875488
-52.662888 168.471313 2550.045166
-132.109924 338.651733 2393.649658
-442.491943 435.315796 2494.661133
-480.831940 171.572388 2547.661621
-481.290955 14.966293 2573.774902
-286.775909 205.316864 2482.976318
-181.456436 -24.484680 2469.154785
-182.424820 -488.185669 2481.938965
-205.779282 -920.787720 2559.905762
-392.341095 -23.658752 2460.213867
-390.821472 -449.893646 2446.845215
-373.273804 -852.456543 2534.379150
-269.468689 711.493713 2548.078125
-289.289581 437.600647 2502.901611
-133.416550 437.669983 2511.041260
-49.933449 174.534058 2552.928711
-127.949593 346.276428 2381.261230
-445.162598 437.531311 2494.761963
-480.572937 172.197571 2540.922119
-484.177521 6.570877 2562.746582
-288.186737 207.531158 2483.742676
-181.728653 -22.491486 2470.085449
-182.198074 -487.978210 2482.057129
-206.082291 -919.529846 2560.623779
-392.439148 -22.585205 2459.082031
-390.801239 -451.773438 2446.075684
-372.650970 -841.492676 2534.404541
-270.013336 712.157959 2548.046387
-289.592438 441.567627 2504.933838
-132.267151 441.414124 2515.097900
-50.359711 177.161743 2551.019287
-130.190414 349.422546 2378.027832
-446.917725 441.721130 2494.769775
-481.144501 173.151581 2537.626709
-488.651398 17.124893 2540.979492
-288.488739 211.251266 2484.372070
-182.523834 -19.167389 2470.584961
-182.057846 -487.758728 2481.807617
-205.733444 -918.563477 2561.035645
-392.246216 -18.962769 2457.035645
-391.500000 -449.934967 2445.132080
-371.507996 -839.152832 2532.614502
-271.012482 713.269958 2548.087402
-289.223389 444.489807 2504.055176
-131.291763 444.283875 2514.326172
-50.065971 181.072723 2552.593018
-129.997513 350.539612 2377.968262
-447.155029 444.695740 2493.784180
-505.393188 141.577576 2558.099609
-481.468231 -169.068115 2509.771240
-288.211639 214.000381 2483.876709
-181.783401 -16.626511 2470.553955
-182.080688 -487.307861 2482.449951
-205.435562 -918.163208 2561.745605
-392.616364 -16.351608 2456.842529
-392.269379 -440.393494 2440.280762
-370.757172 -837.790588 2531.041260
-271.344482 713.999390 2548.344482
-288.989105 446.947021 2504.077637
-131.544464 447.108887 2512.604248
-35.845467 198.185364 2538.795166
-123.376106 341.577026 2383.136963
-446.433746 446.785095 2495.551025
-497.175476 140.156952 2548.070801
-481.764862 -173.866486 2525.584473
-287.659149 215.552322 2483.913574
-180.354324 -15.733383 2469.488770
-181.667007 -486.071777 2482.721924
-204.941833 -916.733093 2561.214844
-392.304077 -15.951340 2458.010254
-392.624847 -447.765686 2442.087158
-377.321167 -870.996338 2540.918457
-271.119598 713.714600 2548.934082
-287.079651 445.220886 2503.023193
-130.780472 445.027039 2509.929932
-42.978012 189.045151 2545.157471
-129.098846 354.931580 2391.762451
-443.378845 445.414734 2496.116455
-487.895386 178.938232 2534.415283
-478.941895 14.516693 2540.384766
-286.490784 214.721832 2483.227539
-179.475922 -15.909225 2468.134766
-181.078171 -486.617065 2481.838379
-204.283585 -916.201294 2559.593018
-392.327911 -15.645218 2458.729004
-392.518585 -451.156799 2442.560547
-378.161865 -878.600037 2546.936035
-271.359863 713.792114 2549.573486
-286.541718 446.374023 2503.564453
-130.482758 446.121918 2511.477783
-45.897461 186.912506 2548.456787
-129.545166 355.480164 2388.142578
-442.600677 446.626129 2495.651123
-486.805115 135.324860 2518.427490
-489.789246 -177.620392 2556.343750
-285.879272 215.314087 2483.138916
-179.245728 -15.917038 2468.086914
-180.796402 -486.825500 2481.894043
-203.795090 -916.788574 2557.772949
-391.187927 -15.574661 2457.339844
-392.190155 -452.444458 2442.701416
-376.259155 -869.284912 2542.231934
-272.070587 713.653076 2548.387939
-286.822968 444.891724 2503.532227
-130.819061 444.743591 2511.470215
-44.670723 184.373383 2550.246338
-130.841064 364.703735 2386.959229
-442.826843 445.039886 2495.594238
-478.048065 167.512604 2508.190430
-486.899231 -4.752594 2532.537109
-285.983612 214.294724 2482.733154
-179.187668 -16.402908 2467.325439
-180.783173 -487.849182 2480.822266
-204.204865 -917.308594 2557.663818
-391.100861 -16.201675 2456.542725
-391.102661 -456.330017 2444.823730
-376.411713 -864.914429 2537.677734
-272.245453 714.500366 2548.279053
-288.909973 446.425659 2503.325684
-133.731827 446.983032 2510.947021
-59.766724 189.264832 2569.367188
-128.242249 357.714355 2387.435547
-444.088104 445.868317 2495.704346
-482.247955 173.327545 2509.632812
-490.189850 7.013382 2527.649658
-287.068634 214.621338 2482.786377
-179.056732 -16.801666 2467.461426
-180.664444 -487.346924 2480.139160
-204.911072 -916.969788 2558.190674
-391.397858 -17.564331 2457.032715
-390.164490 -460.470581 2448.224609
-376.534027 -872.748901 2537.809570
-272.940430 714.597900 2548.701904
-286.035492 445.604645 2500.565430
-134.561295 445.096039 2507.554932
-52.578743 187.285797 2565.974609
-128.507736 358.842133 2378.168945
-437.509705 446.113251 2493.575928
-486.841309 183.865509 2512.500244
-493.830261 13.520676 2525.875977
-285.917694 213.968719 2481.157227
-179.066284 -18.025589 2466.674072
-180.777725 -489.089722 2479.771729
-205.116653 -917.904907 2558.091309
-392.533508 -17.308823 2456.823975
-391.031586 -463.362671 2449.962891
-375.496429 -878.443481 2536.912354
