270.402496 689.509216 2988.954102
259.016907 457.892456 2960.703125
356.083496 466.959473 2828.078857
450.795807 184.522339 2713.101562
255.616943 424.258698 2697.505371
161.950348 448.825470 3093.327393
161.950531 129.440247 3093.327393
161.945084 -189.944641 3093.327393
246.463760 215.352448 2934.933838
300.074463 -21.007202 2818.763184
300.074463 -509.478668 2818.763184
300.074432 -979.162781 2818.763184
167.746735 -33.367950 2999.565918
167.746735 -521.839417 2999.565918
167.746719 -991.523560 2999.565918
269.938354 690.753479 2988.423584
260.913605 459.288788 2961.588867
353.561707 469.152832 2825.991455
450.421814 183.800781 2713.505127
255.588806 424.103088 2696.381348
168.265503 449.424744 3097.186279
168.265686 130.039520 3097.186279
168.260239 -189.345367 3097.186279
251.290314 216.476410 2937.350098
304.849060 -19.609100 2820.639648
304.849060 -508.080566 2820.639648
304.849030 -977.764648 2820.639648
178.484970 -33.062836 3005.583008
178.484970 -521.534302 3005.583008
178.484955 -991.218384 3005.583008
271.859772 696.494263 2998.692871
261.527893 465.960205 2967.021240
356.597839 477.495728 2833.228760
450.741638 183.925018 2712.737549
255.632751 423.990570 2695.321289
166.457962 454.424622 3100.813721
166.458145 135.039398 3100.813721
166.452698 -184.345490 3100.813721
250.307144 223.758362 2938.165283
303.914948 -10.577332 2818.075684
303.914948 -499.048798 2818.075684
303.914917 -968.732910 2818.075684
174.257828 -26.309601 3000.542969
174.257828 -514.781067 3000.542969
174.257812 -984.465210 3000.542969
276.482971 697.738647 3005.349121
263.068939 468.320923 2971.160645
356.808167 480.410034 2836.439697
450.858643 183.450714 2711.880615
255.107407 423.107422 2690.579346
169.329712 456.231812 3105.881592
169.329895 136.846588 3105.881592
169.324448 -182.538300 3105.881592
249.549713 226.505707 2940.054443
299.938477 -7.067612 2817.100586
299.938477 -495.539062 2817.100586
299.938446 -965.223145 2817.100586
172.122482 -23.551437 3000.795898
172.122482 -512.022888 3000.795898
172.122467 -981.707031 3000.795898
275.584320 698.144775 2996.659424
262.261017 468.888123 2966.339844
356.465973 479.338806 2831.786133
450.413269 183.219574 2711.428955
254.888168 422.689331 2688.441162
168.056061 458.437439 3100.893555
168.056244 139.052216 3100.893555
168.050797 -180.332672 3100.893555
249.732727 226.594681 2938.749512
301.423126 -8.574600 2819.435059
301.423126 -497.046082 2819.435059
301.423096 -966.730225 2819.435059
172.985718 -22.822891 3002.883301
172.985718 -511.294373 3002.883301
172.985703 -980.978516 3002.883301
276.448395 702.685913 3003.832275
263.876617 473.365295 2970.218750
360.086243 485.665222 2837.265137
450.728180 183.118073 2709.722412
254.842789 422.503479 2687.406250
167.666962 461.065430 3103.172363
167.667145 141.680206 3103.172363
167.661697 -177.704681 3103.172363
251.854141 231.467651 2939.140137
305.422058 -2.044617 2817.421143
305.422058 -490.516083 2817.421143
305.422028 -960.200195 2817.421143
174.241272 -18.815399 2998.701904
174.241272 -507.286865 2998.701904
174.241257 -976.970947 2998.701904
276.217468 703.069580 2996.345215
263.192963 473.136719 2966.680176
353.092712 484.828552 2829.510742
449.942505 183.118408 2707.315430
255.534775 423.638550 2694.015625
173.293228 461.444885 3103.849609
173.293411 142.059662 3103.849609
173.287964 -177.325226 3103.849609
253.090912 230.705322 2939.395020
304.334290 -3.747833 2818.508789
304.334290 -492.219299 2818.508789
304.334259 -961.903442 2818.508789
181.643417 -19.704315 3005.710938
181.643417 -508.175781 3005.710938
181.643417 -977.859863 3005.710938
273.342865 698.744873 2992.235596
263.881165 466.788788 2961.332520
361.927185 478.735382 2830.149414
449.990509 183.523926 2709.218750
255.709396 424.046967 2694.635742
165.835114 454.842194 3092.515625
165.835297 135.456970 3092.515625
165.829849 -183.927917 3092.515625
255.897446 224.343124 2933.286133
314.903900 -9.940002 2815.608643
314.903900 -498.411469 2815.608643
314.903900 -968.095581 2815.608643
180.923584 -26.265076 2994.870850
180.923584 -514.736572 2994.870850
180.923584 -984.420654 2994.870850
274.093781 692.198853 2990.134521
266.179291 460.670288 2956.955811
370.466919 473.303833 2830.730957
449.533234 183.261230 2709.631348
255.304230 423.337097 2690.647705
161.891663 448.036774 3083.180664
161.891846 128.651550 3083.180664
161.886398 -190.733337 3083.180664
259.291779 218.406189 2927.017578
323.654236 -15.226608 2810.841797
323.654236 -503.698059 2810.841797
323.654236 -973.382202 2810.841797
181.154282 -32.489243 2983.316895
181.154282 -520.960693 2983.316895
181.154282 -990.644775 2983.316895
272.466309 691.103271 3000.568604
263.866882 460.174377 2963.593750
365.317017 474.727478 2835.090088
448.717865 181.605621 2708.821777
255.370422 423.522675 2692.948486
162.416733 445.621338 3092.097412
162.416916 126.236115 3092.097412
162.411469 -193.148773 3092.097412
256.027466 218.429993 2930.026855
317.436646 -13.380661 2808.745117
317.436646 -501.852112 2808.745117
317.436646 -971.536255 2808.745117
178.939468 -33.248154 2984.174805
178.939468 -521.719604 2984.174805
178.939468 -991.403687 2984.174805
270.372009 689.405396 2994.258057
262.520752 457.508850 2959.855225
362.074066 470.445251 2829.583008
448.877655 181.817200 2708.896484
255.450333 423.619232 2693.108887
162.967407 444.572449 3090.127441
162.967590 125.187225 3090.127441
162.962143 -194.197662 3090.127441
255.246170 215.241470 2930.238037
315.885223 -18.200928 2811.751221
315.885223 -506.672394 2811.751221
315.885223 -976.356506 2811.751221
180.057999 -35.850891 2989.490479
180.057999 -524.322388 2989.490479
180.057999 -994.006470 2989.490479
272.530609 689.118652 2990.604004
264.105194 457.294403 2958.120850
363.102020 469.258179 2827.241455
447.941498 181.900421 2707.928467
255.436554 423.599701 2693.149170
165.108368 445.330627 3089.000244
165.108551 125.945404 3089.000244
165.103104 -193.439484 3089.000244
256.222229 214.845749 2929.995605
315.843384 -19.445007 2812.625977
315.843384 -507.916473 2812.625977
315.843384 -977.600586 2812.625977
180.835159 -35.760803 2991.114746
180.835159 -524.232300 2991.114746
180.835159 -993.916382 2991.114746
273.018646 694.236938 3001.304443
264.734497 462.206940 2964.574707
365.684601 477.070618 2835.504395
447.496063 181.966125 2707.962646
255.811325 424.112244 2696.343506
163.784393 447.343262 3093.645020
163.784576 127.958038 3093.645020
163.779129 -191.426849 3093.645020
257.269409 220.501434 2930.901123
318.642670 -11.068451 2809.213867
318.642670 -499.539917 2809.213867
318.642670 -969.223999 2809.213867
180.965973 -31.339691 2985.241211
180.965973 -519.811157 2985.241211
180.965973 -989.495239 2985.241211
272.394409 697.878784 3006.638184
263.810120 465.200623 2967.788330
361.639221 481.882019 2836.567627
446.714844 182.976959 2706.474609
255.949600 424.265411 2697.172363
165.981018 448.519196 3099.009033
165.981201 129.133972 3099.009033
165.975754 -190.250916 3099.009033
256.758423 223.780762 2931.840332
316.420837 -6.263260 2806.406982
316.420837 -494.734741 2806.406982
316.420837 -964.418823 2806.406982
182.992599 -29.014908 2985.377686
182.992599 -517.486389 2985.377686
182.992599 -987.170532 2985.377686
271.667419 695.358276 3009.813721
263.755219 464.773865 2968.151123
364.257050 482.606506 2839.108154
445.380280 182.492462 2702.248779
255.332306 423.013000 2689.399902
163.253387 446.941223 3097.194092
163.253571 127.556000 3097.194092
163.248123 -191.828888 3097.194092
257.455383 223.669373 2929.925781
319.688354 -5.274948 2803.705322
319.688354 -493.746399 2803.705322
319.688354 -963.430542 2803.705322
182.622742 -29.595291 2979.695557
182.622742 -518.066772 2979.695557
182.622742 -987.750854 2979.695557
271.067566 693.794434 3010.395508
263.561584 463.463074 2967.920654
366.045410 481.427917 2840.431885
439.697906 184.245575 2696.632324
249.968582 426.918335 2687.638184
161.077759 445.498260 3095.409424
161.077942 126.113037 3095.409424
161.072495 -193.271851 3095.409424
257.619446 222.414032 2929.176758
321.550812 -6.386597 2803.510986
321.550812 -494.858063 2803.510986
321.550812 -964.542175 2803.510986
181.803802 -30.883453 2977.354736
181.803802 -519.354919 2977.354736
181.803802 -989.039062 2977.354736
271.047668 692.499756 3011.202637
262.600891 461.836578 2969.294189
362.664673 479.948700 2839.913818
438.343018 187.612823 2690.324463
246.324448 429.427551 2684.809326
162.537125 443.724457 3098.674561
162.537308 124.339233 3098.674561
162.531860 -195.045654 3098.674561
255.474304 220.893784 2930.052246
316.569794 -7.700424 2802.600586
316.569794 -496.171875 2802.600586
316.569794 -965.855957 2802.600586
180.125641 -32.397598 2979.020020
180.125641 -520.869080 2979.020020
180.125641 -990.553223 2979.020020
270.220184 689.905334 2999.076172
262.893860 458.138672 2961.822510
362.638000 474.114929 2831.896240
438.158081 188.810425 2683.142090
244.405319 430.878845 2683.985107
163.149704 442.162415 3091.748779
163.149887 122.777191 3091.748779
163.144440 -196.607697 3091.748779
257.512207 216.395874 2927.965088
320.128418 -14.455551 2805.533936
320.128418 -502.927002 2805.533936
320.128418 -972.611084 2805.533936
184.132690 -36.238327 2982.681396
184.132690 -524.709778 2982.681396
184.132690 -994.393921 2982.681396
270.676025 693.008545 3006.062744
264.599548 462.068665 2969.155762
361.407166 478.945679 2837.162842
426.559723 192.895660 2671.074463
228.994614 430.782227 2669.140625
167.791916 445.191620 3101.148682
167.792099 125.806396 3101.148682
167.786652 -193.578491 3101.148682
258.674377 220.502838 2933.922363
318.752747 -9.556198 2808.696045
318.752747 -498.027649 2808.696045
318.752747 -967.711792 2808.696045
186.745682 -32.569748 2988.681885
186.745682 -521.041199 2988.681885
186.745682 -990.725342 2988.681885
269.300842 691.142517 3008.527832
263.383331 460.409058 2968.228516
363.742859 478.468536 2839.120605
418.805573 199.441223 2654.562744
218.618210 429.678955 2651.126465
163.023788 442.349579 3097.336914
163.023972 122.964355 3097.336914
163.018524 -196.420532 3097.336914
259.162201 219.069916 2931.188965
323.380859 -9.953644 2806.104492
323.380859 -498.425110 2806.104492
323.380859 -968.109253 2806.104492
186.501297 -34.584808 2982.194336
186.501297 -523.056274 2982.194336
186.501297 -992.740356 2982.194336
270.230072 687.216125 3011.248535
264.005707 457.750977 2967.840820
367.534668 476.429993 2841.353271
403.922668 212.723389 2632.791504
195.220261 439.749725 2633.980957
160.476746 439.071960 3094.328369
160.476929 119.686737 3094.328369
160.471481 -199.698151 3094.328369
260.342834 216.637085 2929.236084
327.282166 -11.738525 2804.372314
327.282166 -500.209991 2804.372314
327.282166 -969.894104 2804.372314
186.077759 -37.215057 2976.890381
186.077759 -525.686523 2976.890381
186.077759 -995.370605 2976.890381
271.240906 690.943604 3023.605957
262.099854 462.871521 2975.952148
364.692261 484.050842 2849.058594
381.429840 231.856384 2612.892090
170.155945 458.117828 2620.252441
159.507446 441.692200 3102.845703
159.507629 122.306976 3102.845703
159.502182 -197.077911 3102.845703
258.153076 222.596039 2932.657471
324.157410 -3.238647 2802.842285
324.157410 -491.710114 2802.842285
324.157410 -961.394226 2802.842285
184.255188 -32.120239 2975.883301
184.255188 -520.591675 2975.883301
184.255188 -990.275757 2975.883301
273.636322 694.840881 3029.780273
262.970184 467.304810 2979.148438
366.924347 489.272156 2853.470703
362.730438 253.437057 2598.450684
151.672516 472.463837 2601.200195
159.016037 445.337433 3104.826172
159.016220 125.952209 3104.826172
159.010773 -193.432678 3104.826172
258.230896 227.501160 2933.312500
324.360443 2.673370 2801.798096
324.360443 -485.798096 2801.798096
324.360443 -955.482178 2801.798096
182.622772 -27.278320 2973.155029
182.622772 -515.749756 2973.155029
182.622772 -985.433838 2973.155029
274.370361 694.039673 3032.871582
264.263855 467.826477 2980.884766
369.627106 490.004211 2856.405029
340.376343 273.220245 2590.735352
118.746414 484.419739 2573.204102
158.900589 445.648743 3105.364502
158.900772 126.263519 3105.364502
158.895325 -193.121368 3105.364502
259.494873 228.176178 2934.150879
326.549164 3.643845 2802.562500
326.549164 -484.827637 2802.562500
326.549164 -954.511719 2802.562500
182.902634 -26.592087 2972.271484
182.902634 -515.063538 2972.271484
182.902634 -984.747681 2972.271484
274.283661 695.618835 3034.419189
263.679993 470.564880 2979.467529
371.583435 493.237122 2857.299561
316.201630 298.608490 2584.381348
84.733231 498.942810 2553.525635
155.776550 447.892578 3101.635498
155.776733 128.507355 3101.635498
155.771286 -190.877533 3101.635498
259.799438 231.114319 2931.601807
329.482178 7.120621 2800.447998
329.482178 -481.350830 2800.447998
329.482178 -951.034912 2800.447998
182.355606 -23.793076 2967.024170
182.355606 -512.264526 2967.024170
182.355606 -981.948608 2967.024170
273.198242 696.397949 3022.696533
263.891449 470.009949 2970.314941
378.541351 489.828613 2854.288086
292.490936 328.251587 2581.186035
52.711731 515.341553 2527.219971
149.241562 450.191254 3086.341797
149.241745 130.806030 3086.341797
149.236298 -188.578857 3086.341797
260.508484 229.895874 2925.957520
335.407501 3.313843 2802.377930
335.407501 -485.157623 2802.377930
335.407501 -954.841736 2802.377930
178.843536 -23.750214 2960.822266
178.843536 -512.221680 2960.822266
178.843536 -981.905762 2960.822266
274.558594 696.083740 3029.317627
264.391785 469.963440 2971.901611
381.086060 490.365112 2857.850586
263.769836 361.143463 2576.587646
12.218170 526.825073 2494.595947
147.697510 449.561768 3085.952637
147.697693 130.176544 3085.952637
147.692245 -189.208344 3085.952637
259.899292 230.462860 2924.462402
335.022919 4.881561 2799.210449
335.022919 -483.589905 2799.210449
335.022919 -953.274048 2799.210449
175.790680 -22.957001 2954.835938
175.790680 -511.428467 2954.835938
175.790680 -981.112549 2954.835938
277.515076 699.127136 3032.644775
266.103638 474.479523 2973.019531
381.622986 495.907837 2857.854004
234.367538 398.061951 2570.798828
-26.223801 530.538696 2464.066162
150.584290 453.051208 3088.185059
150.584473 133.665985 3088.185059
150.579025 -185.718903 3088.185059
260.486023 235.541382 2922.926270
333.645569 11.216049 2794.297119
333.645569 -477.255432 2794.297119
333.645569 -946.939575 2794.297119
176.091248 -18.009567 2951.368896
176.091248 -506.481018 2951.368896
176.091248 -976.165161 2951.368896
281.213043 693.567078 3021.814209
270.607635 468.426758 2966.723877
381.864960 488.431763 2847.281494
209.744263 430.049072 2568.911865
-52.378113 530.434692 2435.080322
159.350327 448.421753 3086.166260
159.350510 129.036530 3086.166260
159.345062 -190.348358 3086.166260
263.969788 228.768799 2920.401123
333.233490 2.758591 2792.592773
333.233490 -485.712891 2792.592773
333.233490 -955.396973 2792.592773
181.430374 -24.536880 2955.563965
181.430374 -513.008362 2955.563965
181.430374 -982.692505 2955.563965
280.564972 698.675049 3028.922607
270.007812 473.723846 2972.119629
372.887146 495.733490 2846.080566
191.312912 451.973114 2573.986816
-67.827286 529.370972 2414.979736
167.128464 451.714203 3098.158691
167.128647 132.328979 3098.158691
167.123199 -187.055908 3098.158691
262.256470 234.436188 2924.006592
324.808655 10.189026 2789.763672
324.808655 -478.282440 2789.763672
324.808655 -947.966553 2789.763672
184.201599 -19.891968 2962.023438
184.201599 -508.363434 2962.023438
184.201599 -978.047546 2962.023438
278.713745 699.399109 3019.957520
268.430817 473.270020 2966.671387
367.604309 494.261414 2837.344482
181.691788 462.986267 2576.012207
-75.615768 535.596680 2405.874023
169.257324 452.278625 3095.998291
169.257507 132.893402 3095.998291
169.252060 -186.491486 3095.998291
259.364258 233.582382 2920.813965
318.009674 8.226898 2786.656982
318.009674 -480.244568 2786.656982
318.009674 -949.928711 2786.656982
182.585709 -20.437408 2963.256104
182.585709 -508.908875 2963.256104
182.585709 -978.593018 2963.256104
282.544830 701.836487 3028.009521
269.956268 477.319946 2969.240479
364.285553 500.569702 2836.677246
175.251709 462.425354 2575.541992
-84.050415 543.860046 2410.896973
175.626999 454.070129 3101.803711
175.627182 134.684906 3101.803711
175.621735 -184.699982 3101.803711
258.099030 238.689575 2918.950195
310.634094 15.930298 2778.167725
310.634094 -472.541168 2778.167725
310.634094 -942.225281 2778.167725
181.849472 -15.811859 2959.152100
181.849472 -504.283325 2959.152100
181.849472 -973.967407 2959.152100
281.554352 696.783142 3019.474121
270.153992 472.550293 2965.644287
364.247986 494.465576 2832.529297
174.616486 467.716217 2576.256348
-87.649719 548.609497 2415.020020
176.060013 450.635010 3098.759277
176.060196 131.249786 3098.759277
176.054749 -188.135101 3098.759277
260.113281 233.073517 2919.120361
314.254303 8.545197 2781.798340
314.254303 -479.926270 2781.798340
314.254303 -949.610352 2781.798340
185.890839 -21.351715 2963.394531
185.890839 -509.823181 2963.394531
185.890839 -979.507324 2963.394531
284.161835 698.865967 3028.226318
269.999512 475.235962 2969.441895
361.639282 499.376251 2834.967773
173.258331 465.338348 2574.631592
-84.470032 551.711548 2411.504883
178.359756 451.095703 3103.916016
178.359940 131.710480 3103.916016
178.354492 -187.674408 3103.916016
258.714661 236.627335 2918.917236
309.925476 14.481659 2776.685059
309.925476 -473.989807 2776.685059
309.925476 -943.673950 2776.685059
184.934113 -18.444275 2960.100098
184.934113 -506.915741 2960.100098
184.934113 -976.599854 2960.100098
278.963501 703.057373 3032.111816
265.355011 479.070923 2973.016602
357.433380 503.658600 2838.858154
173.130600 462.178802 2574.349854
-83.614700 551.169678 2414.223877
173.276672 454.483246 3107.175049
173.276855 135.098022 3107.175049
173.271408 -184.286865 3107.175049
254.456665 240.550201 2921.821777
306.332611 18.792084 2779.164551
306.332611 -469.679382 2779.164551
306.332611 -939.363525 2779.164551
180.784027 -14.733124 2962.089355
180.784027 -503.204590 2962.089355
180.784027 -972.888672 2962.089355
277.036072 701.332092 3034.042969
264.077271 477.093079 2973.529785
358.696716 502.375122 2841.287109
178.080612 459.587036 2569.688232
-81.691360 554.493469 2418.037598
169.457840 451.811096 3105.772461
169.458023 132.425873 3105.772461
169.452576 -186.959015 3105.772461
254.141876 238.836258 2920.870850
308.714630 17.815796 2778.053711
308.714630 -470.655670 2778.053711
308.714630 -940.339783 2778.053711
179.698318 -16.656952 2958.370117
179.698318 -505.128418 2958.370117
179.698318 -974.812500 2958.370117
274.675598 698.621277 3035.014893
263.909576 473.718933 2973.921631
361.403381 499.643921 2843.924805
187.555740 452.287323 2569.861816
-75.143295 554.608398 2428.141602
166.415726 447.793884 3103.918457
166.415909 128.408661 3103.918457
166.410461 -190.976227 3103.918457
255.300613 235.688171 2919.994629
313.163971 15.333359 2777.434570
313.163971 -473.138123 2777.434570
313.163971 -942.822266 2777.434570
180.219360 -20.018509 2954.700684
180.219360 -508.489990 2954.700684
180.219360 -978.174072 2954.700684
274.698853 696.890381 3035.991455
264.197784 471.833801 2974.890137
364.615417 497.441315 2847.080811
194.780396 443.638031 2564.938965
-70.973389 556.219116 2442.632080
163.780151 446.226318 3102.699463
163.780334 126.841095 3102.699463
163.774887 -192.543793 3102.699463
256.192841 233.785477 2920.905762
316.655701 13.197098 2779.777100
316.655701 -475.274353 2779.777100
316.655701 -944.958496 2779.777100
179.720108 -21.722824 2954.065674
179.720108 -510.194275 2954.065674
179.720108 -979.878418 2954.065674
275.765930 694.362488 3035.970703
264.747589 469.267334 2975.433350
366.452179 494.501282 2848.531494
207.891953 431.314941 2564.473145
-60.431320 550.854919 2454.594482
163.042999 444.033356 3102.335205
163.043182 124.648132 3102.335205
163.037735 -194.736755 3102.335205
257.123047 231.086304 2921.960938
318.830841 10.107361 2781.979004
318.830841 -478.364105 2781.979004
318.830841 -948.048218 2781.979004
180.166168 -24.296783 2954.998047
180.166168 -512.768250 2954.998047
180.166168 -982.452393 2954.998047
270.816315 697.911255 3035.970215
261.002960 471.658386 2977.707764
365.078064 495.279480 2852.440918
218.409027 419.135956 2560.238770
-50.203400 552.610962 2466.824219
156.927887 448.037323 3102.974609
156.928070 128.652100 3102.974609
156.922623 -190.732788 3102.974609
254.773651 232.754974 2927.482910
319.496887 9.955063 2791.858154
319.496887 -478.516418 2791.858154
319.496887 -948.200562 2791.858154
177.591782 -22.251968 2962.657959
177.591782 -510.723450 2962.657959
177.591782 -980.407593 2962.657959
269.577179 697.764465 3036.462402
259.015717 471.214630 2979.141846
364.984924 494.172729 2855.335938
233.197662 403.059937 2562.123047
-34.967285 549.066772 2488.961426
153.046509 448.256531 3102.947754
153.046692 128.871307 3102.947754
153.041245 -190.513580 3102.947754
253.435608 232.055115 2930.016602
320.095123 8.546219 2796.492432
320.095123 -479.925232 2796.492432
320.095123 -949.609375 2796.492432
175.615906 -22.755020 2965.290283
175.615906 -511.226501 2965.290283
175.615906 -980.910645 2965.290283
269.762115 695.679993 3036.211182
259.662170 469.428528 2980.242920
367.450043 492.037292 2857.943604
251.097260 386.023682 2563.567871
-10.744720 547.077026 2498.347656
151.874268 446.819824 3102.542236
151.874451 127.434601 3102.542236
151.869003 -191.950287 3102.542236
254.760666 230.130707 2931.685059
323.335754 6.244736 2799.758545
323.335754 -482.226746 2799.758545
323.335754 -951.910889 2799.758545
176.382599 -24.578995 2966.495850
176.382599 -513.050476 2966.495850
176.382599 -982.734619 2966.495850
268.371735 697.160034 3036.070557
259.243896 470.661743 2981.970215
362.719025 493.818024 2856.196533
269.063293 367.026917 2565.772461
18.853378 548.229614 2511.772705
155.768784 447.505493 3107.743896
155.768967 128.120270 3107.743896
155.763519 -191.264618 3107.743896
255.029755 231.149002 2934.406006
321.383698 7.428375 2801.066406
321.383698 -481.043091 2801.066406
321.383698 -950.727173 2801.066406
180.247528 -24.155884 2972.617188
180.247528 -512.627319 2972.617188
180.247528 -982.311401 2972.617188
265.088928 698.635803 3036.503418
258.023071 470.767090 2983.298828
360.758789 494.316589 2856.922852
289.018829 349.021118 2568.373535
47.274857 544.843079 2525.592773
155.287354 447.217590 3109.674805
155.287537 127.832367 3109.674805
155.282089 -191.552521 3109.674805
255.506271 231.066254 2936.585449
323.030212 7.420441 2803.714355
323.030212 -481.051025 2803.714355
323.030212 -950.735107 2803.714355
182.948746 -24.689606 2976.029785
182.948746 -513.161072 2976.029785
182.948746 -982.845215 2976.029785
261.960205 696.134216 3036.234619
254.974915 469.700287 2983.178955
359.982880 493.486572 2858.725342
308.518707 328.009399 2572.196045
73.682480 531.966370 2554.823730
149.966934 445.914001 3107.632568
149.967117 126.528778 3107.632568
149.961670 -192.856110 3107.632568
253.005157 230.134857 2935.729492
322.623810 6.785553 2803.434814
322.623810 -481.685913 2803.434814
322.623810 -951.369995 2803.434814
179.446991 -25.646698 2973.125244
179.446991 -514.118164 2973.125244
179.446991 -983.802246 2973.125244
259.476868 698.308105 3036.094482
253.441040 471.293274 2982.841064
360.007111 494.563568 2859.599121
326.761658 309.501221 2576.600098
102.730423 525.009033 2575.979492
146.874969 448.023010 3106.083008
146.875153 128.637787 3106.083008
146.869705 -190.747101 3106.083008
251.497559 231.622971 2935.906250
322.197540 7.815430 2804.960449
322.197540 -480.656036 2804.960449
322.197540 -950.340149 2804.960449
176.910614 -23.910126 2972.982422
176.910614 -512.381592 2972.982422
176.910614 -982.065674 2972.982422
262.123047 698.596436 3037.013916
254.992905 472.356934 2982.616455
364.339264 495.150055 2861.772461
346.395538 292.762054 2580.294189
129.820786 511.487061 2601.359131
145.646561 449.563812 3103.460449
145.646744 130.178589 3103.460449
145.641296 -189.206299 3103.460449
252.001053 232.885590 2934.740723
323.557312 8.953705 2804.478271
323.557312 -479.517761 2804.478271
323.557312 -949.201904 2804.478271
174.461090 -22.125214 2969.251709
174.461090 -510.596680 2969.251709
174.461090 -980.280762 2969.251709
260.930908 697.770264 3036.503418
253.917084 471.824890 2982.816650
363.371185 494.451355 2861.996582
363.776886 274.352966 2588.170166
151.372223 497.808990 2624.110596
144.462982 449.198364 3103.636719
144.463165 129.813141 3103.636719
144.457718 -189.571747 3103.636719
250.431335 232.382202 2934.816895
321.552887 8.362457 2804.462402
321.552887 -480.109009 2804.462402
321.552887 -949.793091 2804.462402
172.338287 -22.483398 2969.171875
172.338287 -510.954865 2969.171875
172.338287 -980.638977 2969.171875
259.598480 694.918030 3036.235352
252.629059 468.803284 2983.065918
363.139313 491.320190 2863.177246
381.400513 255.176102 2599.594727
173.280930 481.837952 2637.084961
142.118805 446.286316 3102.954590
142.118988 126.901093 3102.954590
142.113541 -192.483795 3102.954590
248.826843 229.456696 2934.607666
320.347290 5.457443 2804.434570
320.347290 -483.014038 2804.434570
320.347290 -952.698120 2804.434570
169.701965 -25.237198 2967.864258
169.701965 -513.708679 2967.864258
169.701965 -983.392822 2967.864258
256.092499 693.682983 3036.062744
249.715286 466.761780 2983.417725
360.184631 489.060181 2863.436035
397.179901 237.585632 2619.758057
192.647247 469.067017 2649.487793
139.245941 444.463440 3103.399414
139.246124 125.078217 3103.399414
139.240677 -194.306671 3103.399414
246.336380 227.242310 2935.791992
318.247223 2.920151 2806.393311
318.247223 -485.551331 2806.393311
318.247223 -955.235474 2806.393311
167.667725 -27.474503 2969.939209
167.667725 -515.945984 2969.939209
167.667725 -985.630127 2969.939209
256.581421 692.785095 3036.510986
249.617401 465.639343 2982.730469
361.392578 487.859924 2863.955566
406.600800 227.793762 2636.886963
204.549805 463.791443 2663.072021
137.842224 443.418793 3101.505371
137.842407 124.033569 3101.505371
137.836960 -195.351318 3101.505371
245.950989 226.245880 2934.493652
318.466125 1.997070 2805.304443
318.466125 -486.474396 2805.304443
318.466125 -956.158508 2805.304443
166.103027 -28.292267 2967.209229
166.103027 -516.763733 2967.209229
166.103027 -986.447876 2967.209229
255.681000 693.446899 3036.241211
249.226639 467.291199 2982.734619
358.871948 490.145691 2862.132812
421.290283 215.393311 2655.442383
220.645157 449.983429 2676.924316
139.581329 444.436768 3103.336426
139.581512 125.051544 3103.336426
139.576065 -194.333344 3103.336426
245.290604 228.040115 2933.816895
316.092194 4.367325 2802.693115
316.092194 -484.104126 2802.693115
316.092194 -953.788208 2802.693115
166.616943 -26.789291 2967.105225
166.616943 -515.260742 2967.105225
166.616943 -984.944824 2967.105225
252.386795 696.258179 3036.054199
250.750580 469.194763 2980.256104
357.883301 496.059204 2858.308105
428.624207 204.219788 2670.684570
231.450745 442.577393 2686.535400
143.617844 442.330322 3102.204102
143.618027 122.945099 3102.204102
143.612579 -196.439789 3102.204102
251.887421 230.541016 2928.680420
326.074554 10.205261 2793.952393
326.074554 -478.266205 2793.952393
326.074554 -947.950317 2793.952393
179.973969 -26.430725 2960.257080
179.973969 -514.902222 2960.257080
179.973969 -984.586304 2960.257080
253.004517 694.273193 3036.991211
252.630112 468.669006 2979.496094
356.802277 497.776611 2855.527344
437.784241 192.613770 2688.323975
236.526031 424.568542 2689.433838
148.457947 439.561401 3103.464844
148.458130 120.176178 3103.464844
148.452682 -199.208710 3103.464844
255.399460 230.455505 2925.890625
329.204376 12.090652 2787.750244
329.204376 -476.380798 2787.750244
329.204376 -946.064941 2787.750244
187.133240 -27.606644 2956.820068
187.133240 -516.078125 2956.820068
187.133240 -985.762207 2956.820068
254.092133 697.386841 3036.481445
253.954666 472.391418 2978.483154
361.931030 501.500366 2857.852539
446.910461 186.812164 2701.667725
240.853149 414.033295 2689.755371
145.978302 443.282471 3099.113770
145.978485 123.897247 3099.113770
145.973038 -195.487640 3099.113770
256.911804 234.424744 2923.706787
333.511230 16.311020 2786.657715
333.511230 -472.160461 2786.657715
333.511230 -941.844604 2786.657715
186.226669 -23.394882 2951.203125
186.226669 -511.866333 2951.203125
186.226669 -981.550415 2951.203125
254.549545 698.770813 3036.228271
255.662918 473.658752 2977.816895
366.342529 502.600281 2859.587158
452.960175 184.403381 2714.840576
241.409088 405.892456 2694.640381
144.983322 444.717194 3096.046631
144.983505 125.331970 3096.046631
144.978058 -194.052917 3096.046631
259.055298 235.750427 2922.754395
337.922485 17.577988 2787.068604
337.922485 -470.893494 2787.068604
337.922485 -940.577637 2787.068604
186.972855 -21.893753 2948.315186
186.972855 -510.365234 2948.315186
186.972855 -980.049316 2948.315186
254.235825 698.034668 3024.147705
253.210587 471.534393 2974.597656
357.048920 496.614258 2849.829590
456.173187 183.267181 2720.456543
241.796036 401.274658 2694.709961
149.372269 446.454529 3099.365723
149.372452 127.069305 3099.365723
149.367004 -192.315582 3099.365723
254.586166 232.025055 2927.597900
326.885803 9.645859 2795.378662
326.885803 -478.825623 2795.378662
326.885803 -948.509766 2795.378662
185.037689 -24.614426 2965.817627
185.037689 -513.085876 2965.817627
185.037689 -982.770020 2965.817627
255.447952 697.565308 3018.077881
252.512680 470.375549 2973.197998
354.511963 492.257538 2846.162842
456.618652 179.136383 2723.239990
241.819443 398.939087 2694.785400
150.513412 448.493591 3100.233154
150.513596 129.108368 3100.233154
150.508148 -190.276520 3100.233154
251.384766 229.975952 2930.882812
319.870239 4.510544 2801.867432
319.870239 -483.960938 2801.867432
319.870239 -953.645020 2801.867432
180.643448 -25.357864 2975.267822
180.643448 -513.829346 2975.267822
180.643448 -983.513428 2975.267822
255.541458 696.330688 3014.512939
252.164749 468.256653 2969.447266
361.863098 488.706482 2849.016602
456.801971 177.074677 2723.604980
241.861938 397.804535 2694.770752
142.466431 447.806885 3089.877930
142.466614 128.421661 3089.877930
142.461166 -190.963226 3089.877930
250.665985 227.770065 2927.245850
324.125397 1.257065 2802.752686
324.125397 -487.214417 2802.752686
324.125397 -956.898560 2802.752686
174.209030 -26.690140 2967.336182
174.209030 -515.161621 2967.336182
174.209030 -984.845703 2967.336182
255.929657 695.549927 3012.737549
252.832932 467.103699 2968.247070
363.823730 486.949341 2848.613037
456.899963 178.032837 2723.800537
242.386505 397.911469 2699.216309
141.842163 447.258057 3087.881104
141.842346 127.872833 3087.881104
141.836899 -191.512054 3087.881104
251.455688 226.410889 2927.041504
325.821899 -0.738663 2804.194092
325.821899 -489.210144 2804.194092
325.821899 -958.894287 2804.194092
174.334961 -27.825180 2967.477783
174.334961 -516.296631 2967.477783
174.334961 -985.980713 2967.477783
254.850616 696.124512 3012.364258
253.216583 467.497375 2967.945801
365.296661 487.973114 2849.291992
455.948975 177.515472 2722.414062
242.785660 398.313751 2704.198242
141.136490 447.021667 3086.599609
141.136673 127.636444 3086.599609
141.131226 -191.748444 3086.599609
253.252197 226.836395 2926.448975
329.725281 0.139633 2804.031494
329.725281 -488.331848 2804.031494
329.725281 -958.015991 2804.031494
176.850342 -27.788834 2965.872803
176.850342 -516.260315 2965.872803
176.850342 -985.944458 2965.872803
255.759949 695.922791 3012.160400
254.589615 468.069366 2968.093506
363.057190 488.885376 2846.200928
456.483826 178.265930 2722.701172
243.136353 398.822418 2709.515625
146.122055 447.253357 3089.986084
146.122238 127.868134 3089.986084
146.116791 -191.516754 3089.986084
254.990692 227.273712 2927.328613
329.370361 0.675308 2803.428711
329.370361 -487.796143 2803.428711
329.370361 -957.480225 2803.428711
181.413162 -27.719193 2969.698730
181.413162 -516.190674 2969.698730
181.413162 -985.874756 2969.698730
255.515869 697.136719 3011.097168
252.959122 468.922791 2969.351074
358.187103 488.286316 2844.417480
456.268738 179.124023 2719.375732
244.765259 400.587585 2699.782715
147.731125 449.559265 3094.284668
147.731308 130.174042 3094.284668
147.725861 -189.210846 3094.284668
251.197205 227.828369 2930.499512
321.204437 -0.059464 2806.438965
321.204437 -488.530945 2806.438965
321.204437 -958.215088 2806.438965
177.666153 -26.472641 2976.856934
177.666153 -514.944092 2976.856934
177.666153 -984.628174 2976.856934
257.142853 693.413757 2999.529785
254.757996 463.810760 2962.385742
362.355713 480.104767 2839.025146
456.076904 179.046326 2719.666748
244.970016 400.813843 2689.881592
147.160278 447.516754 3085.746338
147.160461 128.131531 3085.746338
147.155014 -191.253357 3085.746338
252.429596 222.023376 2928.418213
323.480499 -8.651855 2810.321533
323.480499 -497.123322 2810.321533
323.480499 -966.807434 2810.321533
176.721909 -30.876160 2978.579834
176.721909 -519.347656 2978.579834
176.721909 -989.031738 2978.579834
256.355499 697.135376 3006.258057
253.303986 467.781525 2966.421631
359.097168 486.115570 2841.750977
456.006378 179.516022 2717.328613
245.541199 401.675171 2689.936035
147.510803 449.447479 3091.092285
147.510986 130.062256 3091.092285
147.505539 -189.322632 3091.092285
251.266724 226.461578 2929.204102
321.363953 -2.357407 2806.980469
321.363953 -490.828857 2806.980469
321.363953 -960.512939 2806.980469
177.094971 -27.359329 2976.992676
177.094971 -515.830811 2976.992676
177.094971 -985.514893 2976.992676
255.225891 694.856323 2998.131348
253.227310 465.388367 2961.344971
362.644958 482.050171 2839.644531
456.953522 177.730133 2722.167725
243.663651 399.376282 2692.921631
143.809662 448.726562 3083.045410
143.809845 129.341339 3083.045410
143.804398 -190.043549 3083.045410
252.052811 223.605133 2927.186523
325.498138 -6.815201 2810.031738
325.498138 -495.286682 2810.031738
325.498138 -964.970825 2810.031738
176.258484 -29.541000 2976.024414
176.258484 -518.012451 2976.024414
176.258484 -987.696533 2976.024414
254.865295 695.297485 2993.053711
253.586914 465.932678 2958.589355
361.959503 481.932892 2835.800781
456.976562 176.868073 2723.567627
243.011459 398.419800 2696.182617
145.214325 449.932465 3081.377930
145.214508 130.547241 3081.377930
145.209061 -188.837646 3081.377930
252.857544 223.861954 2926.401855
326.012268 -7.300476 2810.502197
326.012268 -495.771942 2810.502197
326.012268 -965.456055 2810.502197
178.244080 -29.117065 2977.926514
178.244080 -517.588501 2977.926514
178.244080 -987.272583 2977.926514
256.293091 694.118042 2992.016113
254.361557 464.280273 2955.999023
362.874298 479.704529 2833.216797
457.508453 176.428375 2724.790039
242.377045 397.270996 2693.869141
145.848801 448.855957 3078.781250
145.848984 129.470734 3078.781250
145.843536 -189.914154 3078.781250
251.613708 222.302490 2923.172363
322.830719 -9.161713 2806.654297
322.830719 -497.633179 2806.654297
322.830719 -967.317261 2806.654297
174.901016 -30.188843 2974.037109
174.901016 -518.660278 2974.037109
174.901016 -988.344360 2974.037109
255.472870 694.031006 2990.520264
254.395538 464.452942 2956.254150
365.270111 479.762390 2835.603760
456.749084 175.203400 2722.907471
242.427795 397.298157 2696.581787
143.520950 449.143494 3076.904541
143.521133 129.758270 3076.904541
143.515686 -189.626617 3076.904541
252.864624 222.361816 2924.127930
326.914337 -9.293228 2809.757080
326.914337 -497.764709 2809.757080
326.914337 -967.448853 2809.757080
175.753067 -30.165390 2974.246338
175.753067 -518.636841 2974.246338
175.753067 -988.320923 2974.246338
256.976074 692.545166 2989.747070
254.260895 462.738586 2955.469482
363.131500 477.558502 2832.946777
457.379211 177.101105 2722.952393
242.433502 397.277008 2698.030273
145.390274 447.918640 3077.992188
145.390457 128.533417 3077.992188
145.385010 -190.851471 3077.992188
252.164078 220.519867 2924.308105
324.281555 -11.596466 2809.626221
324.281555 -500.067932 2809.626221
324.281555 -969.752075 2809.626221
175.852982 -31.801208 2976.667236
175.852982 -520.272705 2976.667236
175.852982 -989.956787 2976.667236
259.429443 702.055603 3001.875244
256.905060 472.469360 2963.083984
366.501984 489.707703 2841.526611
457.191345 176.560822 2723.970459
242.256912 397.033203 2697.047607
147.308136 455.231018 3084.641357
147.308319 135.845795 3084.641357
147.302872 -183.539093 3084.641357
254.474030 231.043365 2926.654785
326.751526 1.368149 2807.364014
326.751526 -487.103333 2807.364014
326.751526 -956.787476 2807.364014
177.334473 -22.133438 2973.087158
177.334473 -510.604919 2973.087158
177.334473 -980.289062 2973.087158
258.148468 700.978577 2994.939697
256.542938 470.217010 2956.750977
370.563660 486.689880 2839.350098
457.082977 176.267273 2723.993896
242.352081 397.149384 2698.215332
142.522202 453.744141 3074.151855
142.522385 134.358917 3074.151855
142.516937 -185.025970 3074.151855
254.666626 228.649231 2921.033447
330.557007 -1.683395 2805.243652
330.557007 -490.154846 2805.243652
330.557007 -959.838989 2805.243652
175.023636 -24.153702 2965.387695
175.023636 -512.625183 2965.387695
175.023636 -982.309326 2965.387695
258.039551 703.201172 2990.979492
258.100739 471.603455 2955.491211
371.431915 488.157837 2837.345459
457.034851 175.639435 2723.482666
242.030563 396.632751 2694.883545
144.769577 455.049103 3073.636963
144.769760 135.663879 3073.636963
144.764313 -183.721008 3073.636963
257.694580 229.810913 2921.221924
334.554199 -0.695374 2806.404297
334.554199 -489.166840 2806.404297
334.554199 -958.850952 2806.404297
180.022644 -23.267914 2967.500977
180.022644 -511.739380 2967.500977
180.022644 -981.423462 2967.500977
257.741150 702.474976 2990.495605
256.244354 470.951569 2956.785645
366.962677 486.914856 2836.115723
457.031830 177.325745 2723.239014
242.106140 396.782776 2695.203125
145.526001 454.988281 3077.455566
145.526184 135.603058 3077.455566
145.520737 -183.781830 3077.455566
255.611374 228.921753 2924.186768
330.465332 -2.224426 2809.316162
330.465332 -490.695892 2809.316162
330.465332 -960.380005 2809.316162
179.491486 -23.991699 2973.859619
179.491486 -512.463135 2973.859619
179.491486 -982.147217 2973.859619
260.040619 703.513733 2990.283691
256.252014 472.882996 2958.455078
365.740631 487.356964 2836.452881
457.527374 178.653595 2725.127441
241.887222 396.456207 2693.357910
146.763382 458.408997 3080.457275
146.763565 139.023773 3080.457275
146.758118 -180.361115 3080.457275
253.193329 230.728180 2926.981445
324.773193 -1.559677 2812.338867
324.773193 -490.031128 2812.338867
324.773193 -959.715210 2812.338867
175.496109 -21.293564 2978.676758
175.496109 -509.765015 2978.676758
175.496109 -979.449097 2978.676758
260.381317 701.703674 3000.620117
256.177704 471.378174 2963.476318
366.550446 487.318604 2842.435791
457.772217 177.834900 2724.068359
242.409637 397.279236 2698.406494
145.804947 455.437744 3084.516846
145.805130 136.052521 3084.516846
145.799683 -183.332367 3084.516846
252.828979 229.706970 2928.595703
324.714111 -1.098679 2811.209717
324.714111 -489.570129 2811.209717
324.714111 -959.254272 2811.209717
174.246414 -22.829788 2976.220459
174.246414 -511.301270 2976.220459
174.246414 -980.985352 2976.220459
260.342621 703.717468 3005.808594
257.398254 473.446899 2966.704590
366.799774 490.742188 2844.957275
457.370453 178.420715 2722.034424
242.136353 396.892029 2696.558350
147.996735 456.151642 3088.451904
147.996918 136.766418 3088.451904
147.991470 -182.618469 3088.451904
254.838074 232.009369 2930.105469
326.845245 2.360168 2810.524170
326.845245 -486.111298 2810.524170
326.845245 -955.795410 2810.524170
177.710541 -21.216522 2976.488525
177.710541 -509.687988 2976.488525
177.710541 -979.372070 2976.488525
259.800903 701.577209 2996.907471
257.812561 470.414429 2961.740723
367.814117 486.600128 2840.369141
456.671875 178.203644 2721.007568
241.866989 396.497681 2694.059570
147.811005 454.228699 3083.112305
147.811188 134.843475 3083.112305
147.805740 -184.541412 3083.112305
256.337524 228.539581 2928.147949
329.834351 -2.303833 2811.833984
329.834351 -490.775299 2811.833984
329.834351 -960.459412 2811.833984
179.890625 -24.366669 2977.276367
179.890625 -512.838135 2977.276367
179.890625 -982.522217 2977.276367
259.289703 702.270142 2992.956543
257.089752 471.047180 2960.173584
366.784454 486.427002 2838.410156
456.333984 176.595795 2722.980957
242.095886 396.950226 2696.777832
147.395081 455.667358 3081.937012
147.395264 136.282135 3081.937012
147.389816 -183.102753 3081.937012
255.534653 228.942780 2928.192383
328.738861 -2.679932 2813.226807
328.738861 -491.151398 2813.226807
328.738861 -960.835510 2813.226807
179.220215 -23.643280 2979.195557
179.220215 -512.114746 2979.195557
179.220215 -981.798828 2979.195557
260.832642 703.908325 3003.019775
256.110779 474.088867 2966.237549
361.391937 490.780182 2840.932617
456.096100 175.241852 2723.024902
241.586700 396.161804 2691.905762
150.829605 457.397552 3091.542480
150.829788 138.012329 3091.542480
150.824341 -181.372559 3091.542480
251.979950 232.557678 2930.593262
319.642487 2.408630 2809.500977
319.642487 -486.062836 2809.500977
319.642487 -955.746948 2809.500977
176.055771 -20.355652 2980.396973
176.055771 -508.827118 2980.396973
176.055771 -978.511230 2980.396973
260.057098 701.870728 2995.004395
255.480103 470.562561 2961.314697
363.466949 484.650452 2838.009277
455.513214 174.616913 2722.991211
241.749802 396.382690 2693.242188
147.493256 456.474670 3084.620117
147.493439 137.089447 3084.620117
147.487991 -182.295441 3084.620117
249.849579 228.625732 2928.741699
317.857697 -3.704269 2812.083984
317.857697 -492.175720 2812.083984
317.857697 -961.859863 2812.083984
170.580414 -22.917953 2980.253418
170.580414 -511.389404 2980.253418
170.580414 -981.073486 2980.253418
261.924072 698.832642 2991.474121
256.634583 467.727356 2958.464600
364.500000 480.989380 2834.891602
455.753052 173.802948 2721.475098
242.126160 396.844147 2696.269043
148.769165 454.465332 3082.037598
148.769348 135.080109 3082.037598
148.763901 -184.304779 3082.037598
251.136444 225.535736 2927.672852
319.170654 -7.615112 2812.640869
319.170654 -496.086578 2812.640869
319.170654 -965.770691 2812.640869
172.105957 -25.696686 2981.121338
172.105957 -514.168152 2981.121338
172.105957 -983.852295 2981.121338
263.538239 695.228882 2990.217773
256.851349 464.258484 2956.034668
363.831451 477.741333 2831.686279
455.864594 173.403351 2721.229980
242.026825 396.724792 2695.537598
149.871246 450.775635 3080.383057
149.871429 131.390411 3080.383057
149.865982 -187.994476 3080.383057
251.436707 222.065247 2925.115723
318.940125 -10.938034 2809.440430
318.940125 -499.409485 2809.440430
318.940125 -969.093628 2809.440430
173.104004 -29.317947 2978.953125
173.104004 -517.789429 2978.953125
173.104004 -987.473511 2978.953125
262.169373 694.779480 2990.103516
258.414337 462.011719 2956.302002
362.549957 476.417969 2829.697510
455.924774 173.207123 2721.103516
241.979523 396.688232 2695.155518
154.278717 447.605499 3082.906494
154.278900 128.220276 3082.906494
154.273453 -191.164612 3082.906494
253.925690 219.835938 2925.052734
320.427582 -12.518951 2807.495605
320.427582 -500.990417 2807.495605
320.427582 -970.674561 2807.495605
178.446503 -32.160767 2980.111328
178.446503 -520.632202 2980.111328
178.446503 -990.316284 2980.111328
260.409790 693.345520 2989.046143
256.425110 460.778503 2954.937988
366.702637 474.183838 2833.772217
456.443787 174.089264 2722.558838
242.177246 397.029083 2697.352783
146.147614 447.373169 3076.103760
146.147797 127.987946 3076.103760
146.142349 -191.396942 3076.103760
252.330841 218.500580 2924.406738
323.495300 -14.628906 2811.186035
323.495300 -503.100372 2811.186035
323.495300 -972.784485 2811.186035
172.977783 -32.925812 2976.564941
172.977783 -521.397278 2976.564941
172.977783 -991.081421 2976.564941
261.007050 700.201294 3000.467285
258.877502 466.395020 2962.572510
364.852722 484.545227 2838.274658
456.623108 174.541046 2723.717529
241.950729 396.815674 2696.023193
152.902283 448.244843 3086.870361
152.902466 128.859619 3086.870361
152.897018 -190.525269 3086.870361
258.253479 224.885681 2926.774658
329.967834 -4.234406 2806.131348
329.967834 -492.705872 2806.131348
329.967834 -962.390015 2806.131348
185.291077 -29.012939 2975.822266
185.291077 -517.484375 2975.822266
185.291077 -987.168457 2975.822266
260.169525 696.888733 2982.228027
258.793701 463.656677 2952.600342
369.368286 476.785889 2831.780762
457.122894 175.219360 2724.301514
241.749954 396.678711 2695.349854
148.219116 450.527466 3073.419922
148.219299 131.142242 3073.419922
148.213852 -188.242645 3073.419922
257.323364 221.184387 2924.905518
331.349976 -12.323669 2814.718750
331.349976 -500.795135 2814.718750
331.349976 -970.479248 2814.718750
180.356079 -30.252136 2979.702637
180.356079 -518.723633 2979.702637
180.356079 -988.407715 2979.702637
260.353973 699.602295 2987.105957
257.502136 467.197937 2955.744385
370.124786 480.120850 2836.621094
456.581329 174.628723 2722.636719
241.839661 396.676025 2695.062012
144.879501 454.275085 3074.867676
144.879684 134.889862 3074.867676
144.874237 -184.495026 3074.867676
253.780579 224.926636 2925.943359
326.890625 -8.528641 2814.875977
326.890625 -497.000122 2814.875977
326.890625 -966.684204 2814.875977
173.227402 -26.160721 2977.408691
173.227402 -514.632202 2977.408691
173.227402 -984.316284 2977.408691
261.232239 699.455811 2988.061279
256.998138 467.220764 2957.179199
371.041748 479.305389 2839.219238
456.298492 174.816223 2722.814941
241.525040 396.092377 2691.001953
142.954529 455.136139 3075.139160
142.954712 135.750916 3075.139160
142.949265 -183.633972 3075.139160
251.931702 224.912659 2927.457031
324.629730 -9.155136 2817.299805
324.629730 -497.626587 2817.299805
324.629730 -967.310669 2817.299805
169.100784 -25.635757 2978.169922
169.100784 -514.107239 2978.169922
169.100784 -983.791382 2978.169922
261.726044 692.775330 2976.042725
258.862274 460.411163 2947.125732
375.553253 471.600433 2831.682617
456.121338 174.387573 2722.416016
241.929459 396.797791 2695.186523
142.171310 449.221893 3062.568848
142.171494 129.836670 3062.568848
142.166046 -189.548218 3062.568848
254.989624 217.795868 2919.695801
330.682831 -17.190018 2813.550781
330.682831 -505.661499 2813.550781
330.682831 -975.345581 2813.550781
171.551086 -32.448837 2970.980957
171.551086 -520.920288 2970.980957
171.551086 -990.604370 2970.980957
