-258.684692 713.001648 2570.712891
-271.747345 488.398010 2526.393066
-95.908020 475.411377 2555.097168
-95.870934 161.187378 2555.026123
-93.979568 -152.514069 2537.011719
-447.586670 501.384583 2497.688965
-447.591553 187.160706 2497.710449
-445.390076 -127.053741 2496.640625
-281.554138 252.855774 2479.902344
-182.203796 9.251755 2451.230469
-193.538910 -463.937500 2534.312500
-193.808105 -925.422974 2512.535156
-400.518066 25.375351 2415.592773
-391.643005 -446.880249 2503.751465
-401.869110 -908.427979 2490.789307
-258.559875 713.435242 2571.071533
-271.932892 488.544922 2526.506836
-96.272705 475.547943 2556.325195
-96.243240 161.323944 2556.268311
-94.531654 -152.476715 2540.054443
-447.593048 501.541870 2496.688477
-447.596924 187.317993 2496.705566
-445.616577 -126.898285 2495.740234
-281.404968 253.058304 2479.665039
-181.841309 9.504227 2451.332031
-191.670883 -464.439636 2530.112061
-193.894028 -926.020020 2509.614990
-399.912811 25.639191 2414.314453
-392.591492 -446.937561 2501.081787
-397.756714 -908.757935 2494.143799
-257.821533 710.258789 2561.729736
-271.159576 485.563171 2521.399902
-95.517441 472.671570 2551.410156
-95.494064 158.447571 2551.364746
-93.946114 -155.433563 2536.771973
-446.801697 498.454712 2491.389648
-446.804810 184.230835 2491.403320
-445.023224 -129.986908 2490.532471
-281.153381 249.391968 2478.438477
-182.122498 5.218719 2454.104980
-191.637314 -469.026794 2531.162109
-195.844559 -930.662964 2511.790527
-400.171906 21.222855 2416.849121
-392.025787 -449.906738 2510.910156
-398.486267 -911.540405 2495.851074
-257.751526 712.436218 2566.095947
-271.576172 487.478699 2523.999756
-95.914185 474.525787 2553.887939
-95.895683 160.301788 2553.851562
-94.496521 -153.644501 2540.717773
-447.238159 500.431580 2494.111572
-447.240662 186.207672 2494.122559
-445.637817 -128.011230 2493.336914
-281.355499 251.618958 2479.259033
-182.095795 7.718948 2453.070801
-191.071854 -466.606384 2529.755127
-196.543503 -928.004089 2505.771240
-400.173859 23.799515 2415.965820
-393.534149 -448.163696 2505.983643
-398.294769 -909.952759 2492.776123
-256.925385 713.533569 2568.265381
-271.437561 488.901245 2525.469238
-95.620163 475.353882 2554.135254
-95.605537 161.129883 2554.106201
-94.341522 -152.869141 2542.285645
-447.254944 502.448608 2496.803223
-447.256897 188.224701 2496.812012
-445.814819 -125.995178 2496.103760
-282.213257 253.184113 2480.161621
-183.849289 9.057388 2452.648682
-192.145554 -464.520325 2533.794434
-197.132980 -925.440735 2502.420654
-402.128601 25.876602 2417.059326
-393.391907 -445.652832 2509.255127
-401.059631 -907.295898 2492.173096
-257.781921 714.790161 2569.363281
-271.377197 489.991943 2525.947266
-95.496368 476.988037 2554.492188
-95.484871 162.764038 2554.468994
-94.343437 -151.277740 2543.830322
-447.258057 502.995789 2497.402344
-447.259552 188.771881 2497.409424
-445.962067 -125.448730 2496.770752
-281.373352 254.323853 2480.177979
-182.194107 10.583817 2452.127441
-188.516983 -461.955750 2539.128906
-197.367676 -921.995361 2498.230957
-400.544861 26.727737 2416.689941
-390.384705 -445.576538 2504.671387
-397.080383 -907.398682 2492.496582
-257.850739 715.275696 2570.435303
-270.916595 490.638641 2526.532471
-95.006378 477.442383 2554.818359
-94.997368 163.218384 2554.799805
-93.967018 -150.858002 2545.225098
-446.826813 503.834900 2498.246582
-446.827942 189.610992 2498.252197
-445.660553 -124.610260 2497.676514
-281.118073 255.107132 2480.092529
-182.125427 11.384201 2451.210693
-190.128494 -461.140015 2538.290039
-197.054886 -921.884766 2505.907471
-400.513672 27.767044 2416.094482
-392.005188 -444.125793 2506.488525
-398.538147 -905.940491 2492.909912
-258.032623 714.431091 2570.917480
-270.866455 490.817261 2527.240234
-95.430969 476.883850 2557.914551
-95.423965 162.659851 2557.899658
-94.494171 -151.444550 2549.282471
-446.301941 504.750671 2496.565918
-446.302734 190.526764 2496.570312
-445.252319 -123.695007 2496.051514
-281.429321 255.322601 2480.682129
-183.081421 11.178070 2453.166748
-192.061798 -462.136932 2535.691406
-196.763565 -923.479797 2513.685791
-400.902954 28.477829 2415.081299
-392.519470 -443.555786 2504.826416
-398.453278 -905.474060 2494.954590
-258.823669 714.041016 2571.669922
-271.674866 490.487915 2526.759033
-95.612068 477.706085 2553.980225
-95.606659 163.482086 2553.968262
-94.767853 -150.645050 2546.212646
-447.737671 503.269775 2499.537842
-447.738281 189.045868 2499.541504
-446.793091 -125.176331 2499.073975
-281.510620 255.037689 2479.818359
-182.038925 11.651932 2449.777832
-190.592850 -461.818298 2531.561035
-193.658264 -922.957275 2504.221191
-400.653809 27.522964 2415.977539
-389.551239 -443.266541 2511.572021
-400.543427 -904.687317 2492.293213
-259.178040 715.285767 2570.531250
-272.308716 490.638092 2526.304199
-96.359596 477.966431 2554.437988
-96.355453 163.742432 2554.428467
-95.599037 -150.403107 2547.448486
-448.257843 503.309784 2498.170410
-448.258270 189.085876 2498.173340
-447.407715 -125.136658 2497.752197
-281.829834 255.095459 2479.758789
-182.144745 11.687912 2450.675049
-191.067978 -461.626160 2533.370361
-197.554504 -922.895874 2508.054688
-400.557159 27.417755 2415.751709
-391.260529 -444.128479 2507.788574
-399.335602 -905.765686 2491.157471
-258.718506 711.328857 2571.021484
-268.914734 486.615540 2526.966553
-94.233856 474.689026 2561.783936
-94.230728 160.465027 2561.776367
-93.548668 -153.695343 2555.494385
-443.595642 498.542053 2492.149170
-443.595978 184.318146 2492.151367
-442.830475 -129.904663 2491.771973
-275.762207 250.959518 2480.597656
-174.105667 7.895279 2455.855713
-183.537125 -465.175415 2539.895264
-187.531815 -926.255493 2510.589355
-391.113678 22.711716 2412.601807
-382.562531 -448.801392 2504.989990
-390.835419 -910.556152 2490.908691
-259.537018 711.865234 2570.723633
-268.525513 486.814575 2526.768799
-94.053261 475.555481 2563.147949
-94.050919 161.331482 2563.141846
-93.436058 -152.841003 2557.488037
-442.997772 498.073700 2490.389648
-442.997986 183.849792 2490.391602
-442.309021 -130.373199 2490.049805
-274.230957 250.979095 2481.142090
-171.672607 8.157089 2458.089355
-189.123230 -464.749207 2541.404541
-192.730270 -925.174805 2503.670898
-388.200195 22.130127 2412.941406
-387.718811 -448.998474 2507.347168
-393.791260 -910.714722 2490.697754
-260.512604 712.432190 2570.582275
-270.113068 487.055145 2525.962646
-94.891296 476.317444 2558.724609
-94.889648 162.093445 2558.719727
-94.335510 -152.088806 2553.631348
-445.334839 497.792877 2493.200684
-445.334961 183.568970 2493.202148
-444.714905 -130.654205 2492.894287
-276.089966 251.166504 2480.616699
-173.299866 8.612549 2455.607422
-192.800003 -465.068665 2533.945801
-198.429260 -925.816040 2500.182617
-390.833862 21.943176 2414.934082
-395.160522 -448.367279 2513.245850
-399.796387 -909.732605 2489.218506
-258.848602 714.456055 2574.031738
-269.978394 488.977264 2527.526855
-94.133583 477.341766 2556.374023
-94.132462 163.117767 2556.370117
-93.633179 -151.072449 2551.790771
-445.823212 500.612762 2498.679688
-445.823242 186.388855 2498.680908
-445.265198 -127.834473 2498.403564
-277.857147 253.471741 2480.562500
-176.577179 10.743286 2451.505615
-190.555069 -462.903870 2531.215088
-202.373917 -923.775024 2501.197998
-394.894623 25.189148 2415.690674
-396.085144 -444.927979 2515.152344
-401.420258 -905.934021 2485.118164
-259.046997 713.217041 2572.234375
-271.549408 488.458130 2526.149902
-95.599091 476.090088 2554.287354
-95.598396 161.866089 2554.284180
-95.148689 -152.330597 2550.162842
-447.499756 500.826172 2498.012451
-447.499725 186.602264 2498.013428
-446.997437 -127.621124 2497.763672
-280.535187 253.050827 2478.864746
-180.325211 9.967850 2449.041992
-192.576309 -463.022888 2532.897461
-202.791916 -924.033447 2503.769043
-398.716705 25.319199 2414.117188
-394.587555 -446.053528 2507.115234
-404.370728 -907.480225 2489.583008
-259.009857 714.030334 2571.319824
-272.899078 488.786987 2525.600586
-97.075287 475.565491 2554.263184
-97.074913 161.341492 2554.260742
-96.669930 -152.860352 2550.551514
-448.722900 502.008484 2496.937988
-448.722778 187.784576 2496.938721
-448.270691 -126.438965 2496.713867
-282.941132 253.361603 2478.603516
-183.853790 9.729950 2449.396484
-193.200241 -463.191650 2534.114258
-202.318390 -924.038269 2501.957764
-402.112549 26.142441 2413.816406
-396.975739 -445.169312 2507.325684
-401.611877 -906.842102 2492.207764
-260.083313 712.172485 2571.375977
-273.782349 487.414795 2524.631836
-97.530472 474.692871 2550.736084
-97.530357 160.468872 2550.734131
-97.165627 -153.737152 2547.395752
-450.034210 500.136658 2498.527588
-450.034058 185.912750 2498.528076
-449.627075 -128.310913 2498.325684
-283.692963 252.132645 2476.882324
-184.192215 8.953171 2445.337402
-190.197189 -464.916809 2524.761230
-199.358276 -926.185364 2500.198975
-403.014954 24.747833 2412.928223
-394.979065 -446.411713 2507.083496
-398.741760 -908.050781 2489.000244
-261.139648 710.698914 2571.393311
-273.377258 486.572205 2524.529053
-97.017464 474.636414 2550.371826
-97.017578 160.412415 2550.370117
-96.689087 -153.796997 2547.365723
-449.737030 498.508026 2498.686279
-449.736847 184.284119 2498.686768
-449.370392 -129.939575 2498.504395
-282.395416 251.141739 2477.335205
-181.947968 8.302765 2446.181885
-188.043488 -465.527405 2526.016357
-195.372696 -927.105591 2507.406250
-400.879181 23.119751 2414.100830
-391.764923 -448.364319 2506.587158
-396.010498 -910.218445 2497.139893
-260.211090 711.572327 2572.414307
-271.825409 486.895905 2526.694336
-96.077309 474.997192 2556.245361
-96.077568 160.773193 2556.244141
-95.781738 -153.438965 2553.540039
-447.573486 498.794617 2497.143311
-447.573303 184.570709 2497.143799
-447.243347 -129.653046 2496.979736
-279.854156 251.404800 2479.623047
-178.769760 8.526382 2450.898438
-187.661163 -464.452087 2535.297852
-195.500137 -925.730591 2510.502686
-396.996063 23.301010 2414.205078
-386.350677 -447.778076 2508.594971
-396.230865 -909.426147 2494.365479
-260.909851 711.686401 2572.419434
-273.400024 487.287384 2527.819092
-97.235237 475.377380 2554.805420
-97.235649 161.153381 2554.804443
-96.969299 -153.060974 2552.370850
-449.564819 499.197388 2500.832764
-449.564636 184.973480 2500.833008
-449.267487 -129.250336 2500.685303
-282.234680 251.674789 2481.507324
-181.719360 8.669357 2451.946777
-193.522949 -464.624878 2534.246094
-202.184708 -925.950562 2509.848633
-400.419312 23.455032 2418.444336
-395.847351 -447.285950 2514.817139
-402.637878 -908.811768 2495.214355
-259.777435 712.971313 2573.418457
-272.796143 488.243469 2529.966797
-96.631889 475.926422 2556.913574
-96.632416 161.702423 2556.912842
-96.392586 -152.513763 2554.722656
-448.960388 500.560486 2503.020020
-448.960205 186.336578 2503.020264
-448.692566 -127.887268 2502.887207
-282.175598 252.660355 2483.602539
-182.215012 9.432434 2453.963379
-191.119064 -464.065063 2535.505859
-199.543076 -925.286926 2508.867676
-400.895081 24.722076 2420.513184
-393.358795 -447.569824 2508.441895
-398.584290 -909.313232 2493.408691
-261.886505 713.411499 2574.413086
-272.884064 488.567841 2531.140869
-96.625534 477.987305 2558.227051
-96.626167 163.763306 2558.226318
-96.410278 -150.454346 2556.255127
-449.142609 499.148407 2504.054688
-449.142426 184.924500 2504.054932
-448.901367 -129.299347 2503.935059
-279.912415 252.903992 2484.820312
-177.531006 10.672424 2455.313232
-185.936432 -463.753357 2531.195068
-193.333282 -925.215454 2508.916016
-396.350525 23.807861 2421.686279
-389.100830 -448.660889 2508.987793
-393.509308 -910.276611 2489.780273
-261.044159 715.648560 2574.400879
-271.328949 490.304138 2532.618164
-95.329239 479.757629 2561.361816
-48.219578 288.093353 2489.064453
-52.519428 179.284622 2375.811035
-447.328644 500.850647 2503.874512
-447.328461 186.626740 2503.874756
-447.111389 -127.597107 2503.766846
-278.029602 254.467010 2487.114502
-175.480576 12.083282 2459.453125
-187.743942 -462.293976 2535.166992
-198.117584 -923.657959 2511.921143
-393.979950 25.176498 2423.768555
-391.728302 -447.144775 2512.138916
-395.582703 -908.595398 2488.973389
-260.056549 710.022949 2573.402832
-270.783936 485.276855 2531.322754
-95.068512 474.087830 2561.532959
-20.377815 281.094910 2430.344238
-61.229332 221.913788 2210.697266
-446.499359 496.465942 2501.112549
-446.499176 182.242035 2501.112793
-446.303680 -131.981842 2501.015625
-278.161316 249.267914 2486.821289
-176.465149 6.313461 2461.072510
-191.414246 -467.913147 2537.322021
-200.176163 -928.947266 2508.153320
-394.612244 20.204453 2423.567139
-395.028564 -452.273560 2511.231689
-399.081726 -913.802979 2489.272217
-256.982361 705.724792 2571.906006
-268.960297 481.954681 2529.934814
-93.420891 469.512451 2560.689453
-6.185837 294.122314 2382.552734
-81.539421 305.724060 2126.710693
-444.499695 494.396912 2499.180176
-444.499512 180.173004 2499.180176
-444.323425 -134.050903 2499.092773
-277.884796 246.003845 2485.416016
-177.845917 2.329681 2459.987793
-192.823013 -471.972931 2535.843750
-197.837143 -932.950317 2504.817383
-395.772705 17.776337 2421.806641
-395.970398 -454.537445 2510.443359
-397.148743 -916.041809 2487.581543
-253.666504 705.295044 2571.664551
-267.481476 481.670105 2530.006592
-91.744629 468.213318 2559.143066
-5.816299 320.717438 2343.143311
-97.951096 376.431030 2083.555176
-443.218323 495.126831 2500.870117
-443.218140 180.902924 2500.870117
-443.059540 -133.320923 2500.791504
-278.183716 245.773132 2485.607666
-179.796143 1.522812 2459.295410
-193.650909 -472.448120 2537.406250
-197.946564 -933.027344 2500.967285
-397.975769 18.229538 2423.122070
-395.228790 -453.271912 2515.850830
-401.276917 -914.419312 2487.958740
-251.286438 701.968872 2574.071533
-266.528168 480.526550 2529.806152
-90.371368 466.484467 2555.844238
-13.485001 359.385925 2311.205566
-104.140457 426.004913 2050.143799
-442.684967 494.568665 2503.768066
-442.684784 180.344757 2503.768066
-442.542053 -133.879028 2503.697266
-278.626038 244.858673 2484.559082
-181.363510 0.473267 2455.476807
-192.895432 -472.787170 2538.025635
-196.858139 -933.182251 2499.048340
-400.084320 17.908295 2423.147217
-394.378754 -453.260223 2517.453125
-398.860138 -914.256409 2486.593262
-251.199661 703.296509 2581.243408
-265.766418 482.290100 2533.481934
-88.599388 470.225311 2550.700439
-25.685989 398.235718 2276.653809
-105.800674 460.974030 2006.206299
-442.933472 494.354919 2516.263428
-442.933289 180.131012 2516.263428
-442.804962 -134.092743 2516.199707
-277.197754 246.987137 2486.228516
-178.522156 4.186050 2449.676025
-188.267014 -467.917908 2538.647461
-191.901382 -927.939087 2495.471924
-398.736023 19.182266 2428.274170
-391.710266 -451.288513 2525.921143
-393.996948 -911.860718 2489.311035
-250.080643 704.805054 2584.845947
-265.653900 483.599304 2535.018555
-87.885223 472.649750 2544.912842
-94.552368 511.333099 2250.681885
-129.811188 547.756226 1958.662842
-443.422577 494.548828 2525.124268
-443.422394 180.324921 2525.124268
-443.307098 -133.898804 2525.066895
-277.400085 248.659058 2486.062256
-178.778870 6.920822 2443.248779
-189.457443 -464.169373 2537.353760
-194.993713 -924.558228 2498.597168
-399.513672 20.516830 2430.963135
-395.659302 -450.537964 2525.915039
-394.031799 -910.688843 2484.433105
-250.484970 703.270996 2587.647461
-266.536530 483.005615 2535.542480
-88.466461 472.546417 2541.456055
-98.793922 517.153320 2243.343018
-133.052994 556.718201 1946.753906
-444.606598 493.464844 2529.628906
-444.606415 179.240936 2529.628906
-444.502869 -134.982758 2529.577148
-278.639709 248.404816 2485.060547
-180.265625 7.314957 2438.247559
-189.203003 -462.731934 2537.594238
-195.285660 -922.999390 2497.284668
-401.220154 20.293045 2430.909668
-392.057068 -450.974182 2524.354004
-396.884735 -911.194580 2484.011719
-251.364700 704.540161 2588.553955
-267.092712 484.121338 2536.511475
-88.878586 474.360687 2536.934082
-101.907639 519.567261 2240.179199
-135.579544 561.570557 1942.054688
-445.306854 493.882019 2536.088867
-445.306671 179.658112 2536.088867
-445.213806 -134.565582 2536.042480
-279.810852 249.693344 2485.361328
-181.907791 9.206711 2434.473633
-190.233017 -459.629456 2539.422852
-195.629517 -919.598267 2495.753418
-403.150177 21.323990 2433.948730
-393.185272 -450.497742 2524.544922
-395.365662 -911.188477 2489.703125
-251.805405 705.421997 2588.502930
-268.087585 484.371155 2536.985352
-89.841263 475.067352 2533.388672
-99.957123 520.779724 2237.591797
-136.560532 564.615601 1940.535645
-446.333923 493.674927 2540.582031
-446.333740 179.451019 2540.582031
-446.250519 -134.772644 2540.540283
-281.357361 250.040176 2485.517090
-184.008728 9.935333 2431.816650
-189.376083 -458.900970 2537.067627
-197.360001 -919.130310 2496.738037
-405.245544 21.483063 2436.281006
-394.505249 -451.321808 2521.413818
-396.844635 -912.097412 2487.169678
-254.432175 702.925415 2589.974854
-270.694733 482.680573 2537.566650
-92.423409 473.790466 2531.957275
-99.483467 516.387451 2237.789795
-136.298370 567.900269 1944.141235
-448.966064 491.570648 2543.176025
-448.965881 177.346741 2543.176025
-448.891388 -136.876923 2543.138428
-284.015839 248.524841 2485.315186
-186.710602 8.852356 2429.582764
-190.210663 -459.820862 2535.711670
-197.775269 -920.126343 2495.998535
-407.963257 19.885864 2436.544678
-395.292358 -453.457825 2518.407959
-396.591156 -914.479858 2487.482666
-257.970825 704.513306 2589.196533
-272.882080 482.845490 2537.632812
-94.536308 475.440277 2531.266602
-93.256294 509.209198 2240.881836
-137.442902 570.829590 1950.638916
-451.227875 490.250702 2543.999023
-451.227692 176.026794 2543.999023
-451.161041 -138.196869 2543.965088
-284.466278 248.541962 2485.651367
-185.363190 9.642517 2429.718750
-187.823944 -459.876495 2532.052490
-192.010345 -920.849731 2501.977783
-406.737762 18.834351 2437.621094
-392.723511 -454.739075 2518.016602
-391.260315 -916.058716 2492.278076
-260.403625 704.293518 2579.795898
-274.067230 481.194336 2533.912354
-95.662804 473.736328 2528.856201
-82.644081 498.595306 2246.436279
-138.618195 574.093140 1959.411377
-452.471649 488.652344 2538.968506
-452.471466 174.428436 2538.968506
-452.411896 -139.795197 2538.937988
-285.257874 246.059814 2485.886475
-185.716705 6.296280 2434.722412
-188.261932 -463.736511 2534.709961
-196.623810 -925.177185 2517.758789
-407.180328 15.554306 2440.998779
-393.746765 -458.520752 2518.501221
-393.406891 -920.101929 2498.024658
-259.991669 703.580994 2576.145996
-272.227020 479.726807 2532.936523
-93.955147 472.374756 2536.185303
-72.860489 480.261749 2248.771729
-143.875641 576.365967 1976.084961
-450.498871 487.078918 2529.687744
-450.498688 172.855011 2529.687744
-450.445526 -141.368622 2529.660156
-281.093079 244.187759 2486.417969
-179.187027 4.080353 2441.918213
-180.863251 -467.142822 2536.013184
-191.041611 -928.720032 2520.336670
-400.731262 13.217041 2437.880615
-386.522614 -462.017731 2507.367188
-388.654785 -923.775513 2491.514404
-259.325256 700.937012 2575.792236
-271.133789 477.033752 2531.751221
-93.054359 469.008606 2540.446777
-63.928810 458.630524 2253.895264
-146.278992 582.472656 1993.832642
-449.213226 485.058899 2523.055664
-449.213043 170.834991 2523.055664
-449.165710 -143.388611 2523.031006
-279.469910 241.487274 2485.083984
-177.276123 0.959778 2443.813965
-187.469574 -471.472504 2530.449219
-193.935410 -933.089600 2512.664307
-398.335938 10.921814 2433.019531
-390.690643 -464.442749 2502.615479
-394.977631 -926.259155 2488.347900
-261.275726 702.074280 2573.616943
-271.523621 477.411987 2530.772949
-93.640244 469.900146 2543.748779
-51.477062 435.305725 2266.470215
-150.330627 581.157288 2022.506836
-449.407013 484.923767 2517.797119
-449.406830 170.699860 2517.797119
-449.364716 -143.523743 2517.774902
-278.133911 241.651459 2484.908691
-174.350082 1.229126 2447.097168
-187.011215 -471.632385 2531.408203
-191.992783 -933.131287 2509.801514
-395.138306 10.552765 2430.991699
-391.482117 -463.429108 2509.392822
-391.668945 -925.061096 2490.201416
-261.457794 700.658569 2573.513184
-272.575806 476.112183 2530.204834
-95.199440 467.377502 2548.285156
-37.235813 413.154480 2276.733643
-152.366516 584.013672 2057.346924
-449.952179 484.846863 2512.124512
-449.951996 170.622955 2512.124512
-449.914612 -143.600647 2512.104492
-279.488678 240.390274 2484.144531
-176.293198 -0.753784 2449.307617
-193.337875 -474.059845 2530.373535
-194.859879 -935.614624 2509.050781
-396.509888 10.090515 2426.860840
-396.260895 -463.005219 2510.679199
-397.799713 -924.219238 2483.839844
-262.170197 698.510498 2572.955811
-274.009369 474.958252 2528.739258
-97.094193 464.755676 2550.500488
-28.102699 390.585693 2292.367676
-151.186783 580.101379 2090.510254
-450.924530 485.160797 2506.978027
-450.924347 170.936890 2506.978027
-450.891235 -143.286713 2506.959961
-281.759705 239.523499 2481.366455
-179.710052 -2.243317 2447.499512
-195.252075 -475.002075 2532.118164
-196.435669 -935.724548 2498.923584
-399.310028 10.420837 2420.487793
-396.718597 -462.189911 2507.195801
-401.663269 -923.373535 2479.644043
-265.186554 699.863647 2573.696045
-275.519165 476.201172 2529.239990
-98.981743 466.232574 2554.196045
-20.557617 369.290527 2307.698730
-149.075317 578.038818 2123.580322
-452.056580 486.169769 2504.283936
-452.056396 171.945862 2504.283936
-452.027191 -142.277740 2504.267822
-282.160828 240.675110 2482.142578
-179.236877 -1.037827 2450.533936
-189.915909 -470.975891 2549.239990
-196.203369 -927.775146 2487.078857
-398.368103 11.335922 2419.556396
-392.939728 -459.414307 2515.420166
-398.903961 -920.299988 2483.336182
-267.044708 704.619202 2572.053467
-276.785065 481.133850 2529.334717
-100.623573 471.428528 2557.058838
-15.286972 345.643066 2326.363281
-147.123291 569.574890 2159.757568
-452.946564 490.839172 2501.610596
-452.946381 176.615265 2501.610596
-452.920685 -137.608307 2501.595947
-282.422363 245.495239 2482.665039
-178.722229 3.832855 2453.202881
-188.807297 -468.181671 2541.614990
-197.967468 -926.933411 2493.669189
-397.397095 15.880371 2418.787842
-393.170807 -455.652466 2511.059326
-399.647278 -917.017456 2488.278320
-267.153229 708.703430 2572.218750
-277.242126 484.534149 2530.101807
-101.348282 473.833252 2559.278564
-9.639099 325.813507 2344.186035
-146.715714 559.186035 2191.350586
-453.135986 495.235077 2500.925049
-453.135803 181.011169 2500.925049
-453.113251 -133.212402 2500.911865
-283.869812 248.881409 2483.628906
-181.327362 6.587051 2455.264893
-192.247025 -467.302612 2532.879883
-198.085983 -927.620483 2502.057129
-399.667633 19.870285 2419.047119
-396.355072 -451.527283 2512.249268
-401.446442 -912.823242 2486.834717
-267.651886 711.161926 2571.286133
-277.574249 486.191162 2530.400635
-101.808907 475.350342 2560.405029
-7.321953 309.905823 2361.585693
-141.936096 553.423279 2221.767822
-453.339569 497.032043 2500.396240
-453.339386 182.808136 2500.396240
-453.319641 -131.415497 2500.384521
-284.407532 250.297943 2485.199707
-182.147110 7.676041 2458.621826
-192.924805 -466.229614 2536.926270
-195.575424 -926.831055 2504.814941
-400.334503 21.133377 2421.375732
-395.063629 -449.813721 2516.802002
-399.172516 -910.940918 2487.983887
-267.630493 710.869751 2571.873779
-276.892090 486.259705 2530.560059
-101.137131 475.778717 2560.817627
-4.704994 290.971985 2380.341309
-136.810455 539.630859 2248.136719
-452.647064 496.740692 2500.302490
-452.646881 182.516785 2500.302490
-452.629608 -131.706848 2500.291748
-283.092194 250.437897 2484.887207
-180.200119 8.110474 2457.995361
-190.124496 -466.890167 2529.572754
-192.263870 -927.994080 2502.937988
-398.384460 21.121704 2420.433350
-391.733704 -450.754028 2511.001953
-398.094574 -912.123962 2486.969971
-266.270416 713.400513 2573.168457
-275.777191 488.059723 2532.182861
-99.930473 477.657410 2561.962891
-1.854469 276.982544 2394.679932
-129.675232 530.936218 2273.873047
-451.623932 498.462006 2502.402832
-451.623749 184.238098 2502.402832
-451.608643 -129.985535 2502.393311
-281.871582 252.364777 2485.839844
-178.813416 10.212860 2457.981934
-189.727112 -464.343811 2532.598145
-195.120270 -925.199341 2501.273682
-397.118530 23.126801 2421.011719
-390.677643 -449.148682 2509.580811
-400.675781 -910.728760 2492.703125
-265.611847 713.069702 2572.272705
-276.136292 487.804321 2531.498779
-100.450081 477.280762 2562.176514
0.568573 263.490082 2410.843994
-128.154388 518.291321 2293.924072
-451.822510 498.327820 2500.821045
-451.822327 184.103912 2500.821045
-451.809204 -130.119720 2500.812500
-282.293091 251.973145 2485.859375
-179.394348 9.609604 2459.262939
-191.026978 -464.832764 2534.699463
-198.686188 -925.472046 2500.043457
-397.505432 22.674362 2421.177002
-394.345551 -449.930298 2508.147705
-400.021057 -911.627625 2491.704590
-265.491028 713.416504 2571.334717
-275.396851 487.976135 2530.417725
-100.114983 477.118622 2563.164062
1.779297 252.241577 2426.930176
-126.415359 512.776733 2314.910645
-450.678711 498.833679 2497.671387
-450.678528 184.609772 2497.671387
-450.667206 -129.613861 2497.663574
-281.563660 252.062042 2485.206055
-178.919220 9.407822 2460.322754
-192.851028 -464.861023 2536.528564
-192.898834 -925.325439 2499.156494
-396.541718 22.888046 2419.666016
-393.114319 -449.959167 2505.363281
-399.156342 -911.707397 2489.540039
-263.850891 712.176758 2574.885742
-274.726929 487.926147 2531.712402
-99.301575 476.224396 2563.396973
0.890549 240.607895 2440.477051
-123.339928 504.919006 2333.657471
-450.152283 499.627869 2500.027832
-450.152100 185.403961 2500.027832
-450.142395 -128.819672 2500.020752
-281.892700 252.458618 2484.423584
-180.165802 9.727417 2456.802490
-193.726212 -465.280029 2528.246826
-194.939102 -926.223999 2497.177979
-397.951141 24.254776 2417.467041
-392.937469 -447.193604 2510.227295
-401.683258 -908.258057 2483.278809
-264.114838 710.312256 2572.647949
-275.130646 486.213440 2528.867432
-100.448357 473.716431 2563.996826
2.439453 231.799438 2452.739990
-124.924591 493.808472 2348.289795
-449.812927 498.710480 2493.738037
-449.812744 184.486572 2493.738037
-449.804504 -129.737061 2493.731689
-282.563873 250.657928 2482.032227
-181.545822 7.343643 2457.007080
-192.450775 -467.770447 2528.268555
-198.620209 -928.929565 2501.106201
-398.448395 22.861176 2413.386963
-392.065765 -449.454193 2501.580078
-400.678894 -910.959961 2484.112549
-264.205811 709.057922 2571.521484
-275.687927 485.759033 2528.173828
-101.252388 472.390961 2564.279053
2.725960 224.890198 2464.367188
-117.875160 483.979523 2350.937744
-450.123474 499.127075 2492.068604
-450.123291 184.903168 2492.068604
-450.116364 -129.320465 2492.062988
-284.209473 250.092880 2482.087891
-184.461182 6.129364 2458.412109
-193.905594 -468.566101 2532.619385
-199.820312 -929.670166 2503.769775
-401.000854 22.724121 2413.591797
-395.051178 -448.449799 2507.673340
-400.759613 -910.019165 2488.718018
-264.113647 708.505066 2570.969238
-275.658752 485.252411 2527.250244
-101.328682 471.807892 2563.894043
1.351814 216.939743 2474.721191
-113.524078 478.658630 2355.330566
-449.988831 498.696930 2490.606445
-449.988647 184.473022 2490.606445
-449.982880 -129.750610 2490.601318
-284.158508 249.571747 2481.216309
-184.451385 5.546051 2457.927246
-191.495026 -469.774750 2528.229492
-195.168503 -931.069092 2501.966309
-400.865112 22.236115 2412.437500
-393.238129 -448.607361 2508.175537
-397.334686 -910.201660 2488.301758
-264.118805 711.197388 2570.630127
-276.054169 486.865417 2527.987549
-101.678345 473.764465 2564.570801
1.114090 211.044800 2485.293701
-110.081573 473.557617 2364.050293
-450.429993 499.966400 2491.404297
-450.429810 185.742493 2491.404297
-450.425079 -128.481110 2491.399658
-284.173462 251.110092 2482.261230
-184.054047 7.222717 2459.242920
-192.673599 -468.215332 2528.665527
-193.178680 -929.733643 2506.620850
-400.531464 23.486786 2413.826904
-391.946930 -446.638824 2512.979980
-397.427185 -908.079468 2489.833252
-263.344788 710.207642 2572.031982
-275.082153 486.023956 2528.205078
-101.054466 472.926514 2566.393555
1.549522 207.022034 2492.662598
-108.427284 466.774597 2365.852295
-449.109833 499.121399 2490.016602
-449.109650 184.897491 2490.016602
-449.105927 -129.326080 2490.012451
-282.808472 250.241302 2482.548340
-182.505798 6.328323 2460.597412
-190.681946 -469.318115 2528.689697
-192.369125 -930.971436 2509.391113
-398.563782 22.588989 2413.185791
-391.395935 -448.009949 2510.229980
-397.009979 -909.492432 2487.554443
-263.373627 710.007019 2571.727783
-275.257751 486.127014 2527.750244
-101.477165 472.156921 2566.752930
-0.712524 198.494629 2505.843994
-110.691216 457.983215 2376.595215
-449.038330 500.097107 2488.747559
-449.038147 185.873199 2488.747559
-449.035309 -128.350464 2488.743896
-283.948669 250.390106 2482.036377
-184.767197 5.981430 2460.532959
-194.428833 -469.553650 2529.230713
-196.039536 -931.000977 2505.571777
-400.511963 23.324997 2412.112061
-394.494995 -447.903503 2506.134766
-399.442535 -909.630981 2489.947266
-262.777344 711.234985 2571.072021
-275.071289 486.461884 2527.522949
-100.780807 472.703705 2564.207275
-3.352165 196.248169 2512.913330
-117.624237 454.453400 2382.807373
-449.361786 500.220062 2490.838623
-449.361603 185.996155 2490.838623
-449.359436 -128.227509 2490.835205
-284.075256 250.720367 2481.888428
-184.882828 6.438019 2459.026855
-192.544571 -469.486053 2525.189941
-192.563507 -931.129639 2505.741699
-401.275604 23.519684 2413.480957
-393.599396 -446.680786 2512.321533
-399.979462 -908.114502 2489.911621
-262.735229 713.982788 2571.226318
-275.585236 488.221191 2528.289795
-101.173286 474.518127 2564.460205
-8.658585 194.131104 2512.397949
-123.879456 453.158936 2384.037842
-449.997192 501.924316 2492.119385
-449.997009 187.700409 2492.119385
-449.995483 -126.523254 2492.116455
-284.675568 252.453674 2482.802734
-185.506470 8.180481 2459.767090
-193.221603 -467.328064 2528.839355
-193.197281 -928.865234 2506.741455
-402.025330 25.191788 2414.864258
-391.111969 -445.967834 2508.608643
-401.509186 -907.373535 2486.754150
-261.817902 713.537231 2572.820801
-274.595581 488.025757 2529.545410
-99.805061 474.878052 2564.036865
-16.333885 192.066162 2515.688721
-127.349472 453.704132 2388.495117
-449.386108 501.173401 2495.053955
-449.385925 186.949493 2495.053955
-449.384979 -127.274139 2495.051270
-283.210022 252.374664 2483.373047
-183.321930 8.562057 2458.611572
-189.597916 -466.752991 2529.172119
-192.690964 -928.223633 2505.890625
-400.326965 24.885117 2415.789795
-388.616486 -445.800476 2511.904785
-397.053986 -907.168213 2488.095459
-259.293091 713.650757 2572.607178
-272.887115 488.518738 2529.897949
-98.646385 474.247986 2566.600342
-23.167236 189.027557 2517.343262
-128.848175 452.520538 2389.970215
-447.127838 502.789429 2493.195557
-447.127655 188.565521 2493.195557
-447.127289 -125.658112 2493.193115
-282.533142 252.844757 2484.055664
-184.014008 8.311813 2460.997559
-192.592865 -466.947693 2531.695801
-194.695007 -928.336731 2506.592285
-400.344330 26.029770 2415.429199
-389.788025 -445.237305 2508.833984
-398.189911 -906.871521 2491.716309
-259.381317 714.210388 2572.492432
-272.475769 488.621582 2529.562012
-98.150337 474.397949 2565.938965
-22.559097 186.527618 2524.578369
-122.787888 449.986420 2392.217773
-446.801208 502.845215 2493.185059
-446.801025 188.621307 2493.185059
-446.801147 -125.602325 2493.182861
-282.153564 252.934570 2483.784668
-183.627350 8.418961 2460.586426
-191.509918 -466.921082 2530.858154
-193.739532 -928.231750 2504.253662
-400.035400 26.076187 2415.428223
-393.085358 -445.382385 2508.201416
-395.984863 -907.072021 2490.759033
-258.622681 715.537048 2571.950684
-270.817352 489.457123 2530.696533
-97.762001 474.918884 2572.281982
-20.788605 184.257507 2524.803955
-123.440208 446.836029 2396.896240
-443.872681 503.995361 2489.111084
-443.872498 189.771454 2489.111084
-443.873047 -124.452179 2489.109131
-279.752594 253.641434 2485.438965
-181.220825 8.797531 2466.005859
-187.291245 -466.731567 2535.160156
-192.410080 -928.004761 2508.363770
-396.154846 26.853958 2414.356934
-388.084534 -445.035889 2504.854492
-393.699768 -906.688965 2486.492188
-256.749756 711.379822 2571.681396
-269.646912 486.030640 2529.755859
-96.638718 471.092590 2571.577148
-24.348892 182.580994 2527.426758
-120.509834 445.401703 2396.091553
-442.655090 500.968750 2487.934570
-442.654907 186.744843 2487.934570
-442.655853 -127.478760 2487.932861
-279.068359 250.231445 2484.505859
-181.121475 5.161713 2465.209961
-190.538315 -470.925537 2529.792236
-194.855377 -931.972168 2499.340088
-395.858154 23.702774 2413.301758
-391.459686 -448.675293 2501.422363
-397.395721 -910.517578 2490.078125
-256.738617 710.872437 2571.544434
-269.786713 485.157227 2529.235107
-96.084312 470.996887 2568.355713
-23.674316 180.792053 2532.202393
-118.596802 444.518036 2399.960693
-443.489105 499.317566 2490.114502
-443.488922 185.093658 2490.114502
-443.490417 -129.129913 2490.112793
-278.803711 249.354340 2483.919434
-179.995041 4.761414 2462.887939
-189.809891 -471.035187 2529.620117
-194.574554 -931.965088 2497.402344
-395.646393 22.341446 2414.319580
-389.988251 -449.613464 2504.653076
-399.776733 -911.272583 2489.174072
-256.366638 709.737793 2571.980713
-270.397888 484.813965 2528.851318
-96.976440 469.299866 2568.766846
-23.825104 179.883362 2531.114746
-120.979965 444.660217 2402.945068
-443.819336 500.328064 2488.935791
-443.819153 186.104156 2488.935791
-443.821075 -128.119415 2488.934326
-280.815735 249.263824 2482.561523
-183.592438 4.084213 2461.046875
-195.166687 -471.330383 2530.193848
-198.371704 -932.506592 2501.663086
-398.874725 23.343124 2411.496582
-395.102386 -448.216553 2503.979736
-402.188141 -909.725098 2483.391602
-255.235092 709.886169 2572.197510
-270.592316 484.685608 2528.707275
-97.066254 468.395447 2567.905029
-19.089134 166.632294 2531.576660
-108.594055 434.301270 2398.875000
-444.118378 500.975769 2489.509521
-444.118195 186.751862 2489.509521
-444.120483 -127.471710 2489.508301
-282.263550 249.177795 2482.500488
-186.226517 3.558624 2460.623779
-192.824875 -470.911743 2536.201416
-197.531860 -931.379517 2498.948975
-401.643036 23.781342 2411.963623
-395.591492 -446.327087 2511.229248
-399.946228 -907.467773 2483.496094
-254.602417 710.725647 2571.313232
-270.199982 485.672791 2527.653564
-96.035515 469.531250 2563.893311
-20.038933 171.317719 2532.785156
-107.058189 432.958282 2392.982910
-444.364471 501.814392 2491.413818
-444.364288 187.590485 2491.413818
-444.366882 -126.633087 2491.412598
-282.476196 250.135956 2481.740723
-186.630676 4.578369 2458.325684
-191.649551 -470.094879 2532.978271
-195.447968 -930.693848 2496.671631
-402.874146 24.619827 2413.330078
-391.341705 -445.566406 2511.741211
-399.045685 -906.824707 2486.244629
-254.076477 709.839233 2571.911133
-269.773468 484.887848 2527.944336
-95.673416 468.624237 2564.521240
-23.030289 171.137146 2531.974365
-108.158180 432.142548 2391.633057
-443.873535 501.151428 2491.367432
-443.873352 186.927521 2491.367432
-443.876282 -127.296051 2491.366455
-282.023773 249.439560 2481.563477
-186.212769 3.896698 2457.885254
-190.970001 -470.911469 2531.830078
-193.284210 -931.835938 2499.723633
-402.335388 24.085861 2412.479980
-388.803101 -447.341797 2504.398193
-397.976532 -908.919800 2487.528809
-253.279419 708.993347 2562.135010
-268.971802 482.507019 2523.320312
-95.219101 466.253143 2561.521729
-21.532669 174.559265 2531.980225
-107.400063 433.302887 2389.298828
-442.724518 498.760925 2485.118896
-442.724335 184.537018 2485.118896
-442.727509 -129.686554 2485.117920
-281.634155 246.438095 2480.470459
-186.441086 0.279709 2461.333740
-191.959885 -474.643005 2534.552246
-193.980698 -935.844238 2506.603027
-402.151917 20.458618 2413.907471
-389.799591 -451.273529 2504.619873
-398.549652 -912.926270 2487.982178
-252.382980 708.136475 2557.763184
-268.260529 481.078430 2521.259277
-95.144356 464.730896 2562.154053
-21.282585 175.770874 2535.992188
-108.620789 432.454163 2388.968994
-441.376709 497.425964 2480.364502
-441.376526 183.202057 2480.364502
-441.379944 -131.021515 2480.363770
-280.868011 244.692139 2480.134766
-186.006729 -1.842560 2464.397217
-189.931778 -477.126068 2535.328125
-193.620895 -938.184875 2505.089600
-400.944275 18.454224 2413.623291
-390.048401 -452.959076 2506.244385
-396.688293 -914.472290 2485.229492
-253.076645 710.877686 2564.102539
-268.364288 484.423157 2524.301758
-95.010231 468.626801 2564.453125
-21.152031 174.385040 2535.500000
-109.231750 431.925140 2393.309570
-441.718353 500.219482 2484.150391
-441.718170 185.995575 2484.150391
-441.721832 -128.227997 2484.149658
-279.957947 248.288712 2481.457520
-183.950653 2.349487 2463.535156
-187.302917 -473.509460 2530.454590
-193.281326 -934.688110 2502.431641
-399.152557 21.959076 2413.691406
-384.327728 -448.138397 2512.075684
-399.988800 -909.277832 2489.151855
-253.657837 712.895386 2567.252441
-267.971680 486.881958 2526.624023
-94.154449 471.162537 2564.736084
-23.579102 173.187805 2533.245117
-109.363983 430.490479 2389.793457
-441.788879 502.601410 2488.511963
-441.788696 188.377502 2488.511963
-441.792572 -125.846069 2488.511230
-279.704773 250.924515 2482.813477
-183.539810 5.209106 2462.661133
-190.583878 -469.679169 2535.623047
-194.194397 -930.591431 2503.346680
-399.335938 24.725006 2415.344727
-386.780182 -445.809052 2512.064941
-400.336639 -907.073853 2489.214355
-253.866776 712.107666 2569.853027
-268.157776 486.430603 2527.274902
-94.151382 470.361938 2564.399170
-28.283394 172.082397 2536.126465
-107.999512 432.181915 2388.322021
-442.164185 502.499207 2490.150635
-442.164001 188.275299 2490.150635
-442.168091 -125.948273 2490.149902
-280.335815 250.707306 2482.325928
-184.504822 5.009918 2460.420654
-192.269897 -470.104645 2532.022705
-195.217041 -931.113892 2500.829346
-400.522888 24.958115 2414.333252
-389.998779 -445.964417 2509.460693
-401.588684 -907.446289 2489.785645
-254.015411 713.875793 2569.584473
-268.530396 488.161804 2528.058105
-94.613037 471.810883 2565.505371
-26.120621 169.026367 2535.051270
-110.238358 424.839813 2387.890137
-442.447754 504.512756 2490.610840
-442.447571 190.288849 2490.610840
-442.451813 -123.934723 2490.610352
-281.125549 252.364471 2483.595703
-185.766357 6.417740 2462.377686
-192.748779 -468.890808 2532.869873
-195.666840 -930.108887 2504.948242
-401.675049 26.716507 2415.888916
-392.045319 -444.370605 2510.357666
-398.470215 -905.865234 2488.899414
-253.182983 713.256348 2572.034180
-270.034760 488.406799 2529.034668
-94.976028 471.949585 2559.994385
-21.953773 160.855499 2537.157227
-102.315582 418.838623 2384.221680
-445.093475 504.864014 2498.074951
-445.093292 190.640106 2498.074951
-445.097687 -123.583466 2498.074463
-284.125488 252.899521 2483.520996
-189.478027 7.169800 2457.238037
-190.902023 -468.526093 2525.204346
-200.855896 -929.750977 2499.978760
-406.954407 27.614670 2418.776611
-398.051758 -444.178833 2509.691895
-403.152039 -905.816895 2490.682373
-252.590424 712.148926 2571.213623
-270.762146 487.263672 2528.481689
-96.479111 469.590454 2563.052734
-24.475143 162.927368 2539.075928
-106.444000 415.653320 2380.520264
-445.045197 504.936859 2493.910645
-445.045013 190.712952 2493.910645
-445.049591 -123.510620 2493.910156
-285.575470 251.829056 2482.802246
-192.215790 5.425140 2458.580078
-191.745255 -469.121521 2533.927979
-197.037781 -930.131958 2504.012451
-408.561798 27.363770 2415.665527
-393.653137 -444.844421 2503.387207
-400.368317 -906.507996 2485.155762
-252.439285 712.024414 2570.805176
-270.459747 487.231995 2528.691895
-96.486160 469.187134 2564.826416
-26.739708 165.460114 2542.552490
-107.336601 416.344604 2378.173828
-444.433319 505.276855 2492.557373
-444.433136 191.052948 2492.557373
-444.437805 -123.170624 2492.556885
-285.369385 251.819275 2482.915527
-192.313156 5.208130 2459.563965
-191.337585 -469.345398 2535.136230
-193.017212 -930.599548 2508.486328
-408.244904 27.604980 2414.714355
-392.110504 -443.839050 2506.308838
-397.900665 -905.620789 2490.958008
-251.881973 713.327454 2571.600830
-269.200958 489.148743 2529.504639
-95.883774 470.643188 2568.476318
-29.870110 164.729797 2543.285645
-109.883286 415.507080 2377.942139
-442.518158 507.654297 2490.532959
-442.517975 193.430389 2490.532959
-442.522736 -120.793182 2490.532715
-283.979919 253.777756 2483.465332
-191.176575 6.919907 2461.616699
-190.901031 -467.262268 2539.583740
-192.075058 -928.026062 2505.772217
-406.341187 29.893631 2413.235352
-390.312500 -441.605225 2504.690186
-397.713867 -903.338501 2488.404053
-250.748138 713.046326 2572.002197
-267.258514 488.326477 2529.124268
-93.449417 470.950745 2566.462646
-28.938698 164.871765 2541.627197
-108.505348 416.686310 2381.187744
-441.067596 505.702209 2491.785889
-441.067413 191.478302 2491.785889
-441.072296 -122.745270 2491.785645
-280.917297 252.879242 2483.138184
-186.694519 6.647079 2460.327637
-188.350418 -467.755432 2536.977539
-187.344528 -928.263123 2499.522461
-402.457642 28.216965 2413.976562
-387.570953 -442.937866 2507.409424
-396.489014 -904.565918 2489.035156
-250.633545 711.099365 2572.208252
-267.497101 486.688568 2529.234863
-93.253601 469.738037 2564.742188
-28.964798 164.440369 2542.298828
-110.310051 414.804626 2379.652832
-441.740601 503.639099 2493.727539
-441.740417 189.415192 2493.727539
-441.745361 -124.808380 2493.727295
-281.122070 251.158386 2483.658203
-186.591858 5.106781 2460.121338
-192.554977 -469.016235 2538.201416
-192.499557 -929.550110 2500.668701
-402.902222 26.149628 2416.041748
-391.793945 -445.920380 2505.143799
-401.478790 -907.674683 2491.263672
-251.029022 713.517639 2571.287598
-267.106964 488.364197 2528.754639
-92.710999 471.624481 2563.677979
-26.479126 166.737305 2540.595215
-108.879532 415.019409 2374.983643
-441.502930 505.103882 2493.831299
-441.502747 190.879974 2493.831299
-441.507782 -123.343597 2493.831055
-280.642700 252.780121 2483.425781
-185.931503 6.805801 2459.773682
-191.950638 -468.108154 2532.809326
-191.276428 -929.187134 2503.645996
-402.425385 27.586319 2416.420166
-388.999634 -444.092590 2507.325195
-399.531189 -905.677368 2489.235352
-250.883316 713.751953 2571.374756
-266.681305 489.069336 2528.419922
-92.395683 472.217346 2563.873047
-23.251709 169.856140 2537.860840
-108.018997 416.417053 2376.433105
-440.966949 505.921356 2492.966797
-440.966766 191.697449 2492.966797
-440.971863 -122.526123 2492.966553
-280.139282 253.568405 2482.637207
-185.414825 7.607101 2458.860840
-191.284576 -467.407654 2531.390625
-193.648209 -928.551514 2502.771729
-401.779694 28.527802 2414.848145
-389.664062 -442.660309 2508.472900
-400.403076 -904.083374 2486.691895
-250.509888 714.366272 2571.389648
-266.514648 489.168762 2528.459229
-92.625778 472.031006 2565.656494
-24.128410 168.426056 2535.447266
-109.500900 415.729919 2378.656738
-440.403503 506.306519 2491.261963
-440.403320 192.082611 2491.261963
-440.408478 -122.140961 2491.261719
-279.854004 253.725922 2482.343018
-185.249954 7.644623 2459.317383
-190.887314 -466.679871 2536.191162
-194.174393 -927.575439 2503.735840
-401.136780 28.921524 2413.136230
-390.367554 -442.013855 2508.228760
-400.073975 -903.611572 2489.892334
-249.514191 714.908691 2571.430664
-266.507904 489.310608 2528.488037
-92.586525 471.736908 2565.357422
-26.516457 167.667755 2537.732178
-110.425522 415.124817 2378.278076
-440.429291 506.884308 2491.618652
-440.429108 192.660400 2491.618652
-440.434357 -121.563171 2491.618408
-280.419067 253.985779 2481.943115
-186.373169 7.752548 2458.283936
-192.939713 -466.617310 2534.894775
-195.321518 -927.781128 2506.326416
-402.287292 29.569366 2412.512451
-392.343994 -440.959473 2509.699707
-401.210663 -902.410767 2487.645996
-249.594254 713.710571 2571.425293
-266.453339 488.792725 2527.772217
-91.976219 471.558289 2561.999023
-27.753143 168.336365 2541.857422
-108.659447 415.330475 2374.031494
-440.930450 506.027100 2493.545410
-440.930267 191.803192 2493.545410
-440.935577 -122.420380 2493.545166
-280.630432 253.424500 2481.525879
-186.491577 7.357117 2456.527588
-191.674866 -466.845367 2534.301758
-195.565033 -927.872437 2503.574219
-403.123474 28.755478 2414.031494
-390.376892 -441.679199 2511.340576
-398.127319 -903.316284 2493.129883
-249.425598 714.535889 2571.412598
-267.009644 489.840698 2527.845215
-92.803055 471.727020 2563.021484
-19.366760 172.154205 2534.937500
-108.398300 422.544067 2379.260254
-441.216248 507.954407 2492.668945
-441.216064 193.730499 2492.668945
-441.221436 -120.493073 2492.668701
-282.163330 254.512756 2481.711914
-189.183762 7.941299 2457.413086
-194.420990 -466.005981 2536.743652
-197.384018 -926.933228 2504.314941
-405.450256 30.428299 2413.744141
-394.159088 -440.814270 2507.194580
-399.763550 -902.638306 2494.064209
-249.253525 715.287354 2570.882568
-266.774170 490.451416 2527.940674
-92.442741 472.662720 2562.701660
-19.197220 174.111237 2534.408691
-108.500793 426.435181 2383.858887
-441.105591 508.240112 2493.179688
-441.105408 194.016205 2493.179688
-441.110779 -120.207367 2493.179443
-281.650024 255.051270 2482.080566
-188.315369 8.609375 2457.797119
-191.155579 -466.455078 2529.888672
-192.101959 -927.848511 2506.336914
-404.736389 30.692871 2414.643799
-390.694855 -440.390289 2508.548584
-396.112396 -902.214783 2494.551514
-250.315811 712.847595 2572.208008
-267.347961 488.528687 2527.617920
-93.053574 470.438171 2562.431152
-23.089058 173.026672 2532.759033
-108.506371 427.809570 2383.819580
-441.642365 506.619141 2492.804688
-441.642181 192.395233 2492.804688
-441.647552 -121.828339 2492.804443
-282.428070 253.313263 2480.888672
-189.318542 6.868546 2455.769043
-192.411102 -468.389587 2526.776123
-195.495193 -929.824341 2503.345215
-405.697815 29.327164 2412.549805
-391.576813 -441.860474 2505.969971
-399.020569 -903.654053 2491.617188
-250.644424 713.853149 2571.310791
-267.058655 489.303589 2526.852051
-93.329323 471.151581 2564.271240
-21.548355 175.013062 2530.393311
-108.075577 428.343994 2380.469971
-440.787994 507.455566 2489.432861
-440.787811 193.231659 2489.432861
-440.793182 -120.991913 2489.432861
-281.554382 254.067551 2480.040039
-188.198166 7.562698 2456.458008
-189.024689 -467.797852 2526.918213
-193.205536 -929.459229 2508.829590
-403.902039 30.100372 2409.998047
-389.121307 -439.667145 2510.016602
-395.537567 -901.071777 2487.295898
-249.992508 714.436401 2571.345459
-265.817505 489.790070 2527.562988
-92.408539 471.701599 2566.490234
-27.783241 171.007111 2529.714111
-108.280502 429.494263 2381.770996
-439.226471 507.878540 2488.635742
-439.226288 193.654633 2488.635742
-439.231659 -120.568939 2488.635742
-279.864868 254.514023 2480.812988
-186.272278 8.009933 2458.226318
-186.817062 -467.495239 2527.778564
-193.042816 -929.181824 2510.297607
-401.552185 30.466019 2409.899658
-387.216766 -439.557861 2508.895264
-396.950745 -901.089172 2489.911621
-250.416092 713.028809 2571.893311
-267.129791 488.375183 2526.893311
-93.184738 470.573212 2563.453857
-31.392776 169.501495 2528.349365
-107.020226 431.628937 2381.541260
-441.074860 506.177155 2490.332764
-441.074677 191.953247 2490.332764
-441.080048 -122.270325 2490.332764
-281.263062 253.207245 2479.627930
-187.416290 6.988358 2455.058350
-191.398712 -468.504211 2524.542725
-195.762268 -930.209595 2506.647217
-403.376373 29.090240 2409.666748
-389.230499 -441.823822 2504.333252
-399.876678 -903.535339 2491.190674
