-240.443863 680.464050 2978.237793
-234.661835 368.294067 2912.201172
-99.819542 363.521820 2969.539795
-97.252197 121.393951 3094.011719
-121.000969 -81.914383 3172.981934
-369.504120 373.066315 2854.862549
-400.075470 152.770874 2910.972656
-250.820404 -0.528214 2791.509521
-249.061646 112.838326 2924.803467
-173.810486 -145.790283 2975.527832
-186.294800 -549.211182 2966.212646
-239.478149 -907.231445 2917.421387
-353.112396 -139.444550 2899.283691
-314.247803 -541.744934 2826.741455
-335.109589 -928.369202 2926.709473
-240.766525 680.418640 2976.613281
-232.599045 366.282776 2910.615234
-96.441559 360.102234 2963.635254
-92.111847 126.087234 3095.332275
-121.654488 -38.975372 3137.590820
-368.756531 372.463318 2857.595215
-401.739380 155.426834 2920.317871
-209.078445 4.324493 2813.453613
-250.038315 109.778603 2925.499268
-178.582123 -150.760773 2974.999268
-190.973526 -569.408569 2962.914795
-240.944687 -912.359314 2919.466309
-356.373047 -142.690384 2905.767334
-306.105652 -538.572998 2826.410645
-330.054138 -926.852661 2918.687012
-240.718307 681.305481 2977.473389
-236.991730 373.844666 2915.493896
-93.323975 367.576721 2974.662598
-92.660194 134.770081 3102.872070
-120.413147 -43.268982 3130.098145
-380.659485 380.112579 2856.325195
-408.156097 69.113129 2922.050293
-308.668945 -186.402954 2758.923584
-250.406311 109.276909 2920.039307
-174.132126 -159.203766 2961.522461
-190.448914 -572.694397 2953.630371
-238.716766 -921.710205 2946.973877
-353.509674 -151.377899 2887.646973
-332.018311 -553.105164 2831.266602
-333.805878 -936.755432 2911.072510
-241.623001 682.022705 2977.819092
-234.188416 372.083099 2915.220459
-95.002373 366.317017 2972.006104
-95.766968 128.138870 3104.089355
-116.967239 -63.617294 3114.501709
-373.374481 377.849213 2858.434814
-412.496063 68.972992 2928.378174
-335.018677 -220.536438 2818.794189
-247.823578 101.088387 2921.124023
-175.616302 -173.462555 2962.049805
-187.971313 -586.095703 2958.666992
-240.120819 -925.140564 2935.020020
-347.301178 -166.350113 2892.005371
-315.080719 -537.613953 2830.094482
-327.837463 -930.588806 2905.133789
-241.672256 683.384644 2977.822021
-232.046829 372.031250 2914.296143
-95.484940 365.884033 2969.980957
-98.288483 123.868134 3106.540283
-112.197792 -51.457474 3109.179688
-368.608734 378.178467 2858.611328
-411.135437 69.000977 2924.874268
-361.161682 -243.368225 2883.424072
-246.665314 101.064423 2920.233643
-175.380569 -173.769257 2961.199219
-187.085358 -586.676758 2963.901123
-238.483688 -915.260986 2928.025635
-347.187012 -166.035553 2891.143066
-311.040405 -536.599060 2828.748047
-325.836517 -932.816040 2908.049072
-241.885361 684.515015 2977.949463
-230.033890 374.807007 2913.317139
-96.973877 369.661377 2971.269775
-101.141808 123.607620 3114.167236
-114.272896 -62.318527 3128.886963
-363.093933 379.952637 2855.364502
-411.264526 71.854187 2922.788086
-367.690247 -243.500671 2901.726318
-244.719452 107.041901 2923.260254
-173.351974 -164.051025 2970.682861
-171.851166 -594.878906 2968.931641
-242.984222 -893.446228 2923.978027
-345.458038 -157.395386 2895.723877
-308.174713 -528.779236 2834.035400
-321.720398 -899.681519 2914.034424
-242.490555 685.536133 2977.658691
-230.637405 373.952881 2911.655518
-96.306808 370.603912 2967.774170
-97.438789 120.217941 3117.286621
-120.367256 -74.108322 3136.541992
-364.968018 377.301849 2855.536865
-415.556061 65.648926 2901.420166
-354.858765 -247.405060 2891.173828
-242.214661 110.247894 2923.630859
-174.319992 -155.438385 2968.806641
-194.968521 -537.156555 2945.450439
-240.691284 -893.628052 2921.351562
-333.263855 -151.475800 2902.405762
-307.230011 -537.162292 2833.098389
-321.917450 -920.086792 2910.640381
-242.217300 686.276855 2976.875244
-228.767792 375.838531 2910.299316
-94.791359 372.284973 2965.079834
-92.820854 120.852539 3118.709229
-126.532608 -83.468414 3144.147949
-362.744202 379.392090 2855.518799
-423.193665 70.288361 2906.773438
-358.103668 -240.605438 2876.201416
-241.119003 111.025116 2923.328369
-172.938309 -155.924316 2969.285400
-202.456802 -536.679810 2927.221191
-240.778122 -898.128662 2921.778809
-334.002136 -151.652283 2903.429443
-305.389618 -536.284668 2833.112061
-321.804138 -925.014282 2907.530273
-241.439972 686.144775 2976.707275
-228.296417 376.631470 2911.132080
-94.470573 372.694183 2964.931885
-86.010857 120.494858 3116.397705
-135.397644 -92.387650 3149.947754
-362.122284 380.568726 2857.332275
-413.025024 69.168152 2904.933594
-374.450897 -245.054993 2864.894043
-240.975021 110.376633 2923.184326
-173.292694 -158.242477 2967.542725
-185.434143 -532.634277 2932.983887
-239.880554 -897.279053 2921.304688
-334.014526 -153.513901 2902.930420
-299.446167 -509.955261 2826.177979
-320.172760 -926.666260 2905.242188
-241.094147 686.575806 2975.358643
-228.805527 376.209167 2911.222168
-94.759644 373.978760 2964.464600
-78.704803 124.464371 3108.073730
-140.129318 -99.299973 3160.315674
-362.851440 378.439545 2857.979736
-400.992157 66.352325 2911.910400
-417.363007 -252.110535 2920.571777
-238.544678 111.707565 2924.661621
-172.727066 -154.051208 2968.111816
-189.415878 -539.018799 2955.932617
-239.121170 -895.444153 2922.313721
-323.840576 -151.536835 2908.090332
-300.818085 -515.805664 2829.249512
-318.222107 -929.483643 2906.074707
-240.682632 687.334595 2975.461670
-229.031586 375.699249 2911.637695
-96.356705 377.466858 2968.332031
-83.064957 130.296021 3110.885010
-143.512100 -102.834274 3172.577881
-361.706451 373.931671 2854.943359
-394.714508 61.384979 2909.578125
-410.797791 -257.205688 2910.696777
-231.375626 112.028175 2925.343994
-168.009811 -150.767471 2967.129150
-174.543808 -517.406860 2968.616943
-236.523712 -894.365356 2918.328857
-299.429535 -152.518341 2910.971436
-305.893494 -519.851257 2834.547852
-290.615143 -930.124268 2929.523926
-239.708878 687.315430 2975.155029
-231.704437 376.042236 2911.748535
-96.664803 376.516876 2966.896973
-85.915436 129.033569 3108.300781
-137.327957 -114.843460 3177.884521
-366.744049 375.567596 2856.600098
-402.941193 63.194427 2909.895264
-366.835815 -250.854828 2867.503418
-235.850723 111.739235 2924.176270
-169.128220 -152.314682 2965.545898
-177.139130 -523.047607 2977.319092
-238.430893 -898.514709 2918.157227
-310.865814 -152.812866 2907.662109
-319.673553 -519.642212 2837.293457
-284.039978 -928.322388 2930.306641
-238.844513 686.290649 2975.080078
-233.252182 375.373596 2909.653076
-98.708595 376.394684 2963.271484
-84.442429 129.838776 3104.559082
-139.566711 -123.507095 3184.806641
-367.795807 374.352509 2856.034668
-399.135803 60.506378 2903.437256
-355.764130 -252.016693 2856.780518
-236.750519 111.830406 2923.450195
-168.543564 -151.168579 2965.823242
-181.694794 -555.695801 2994.474121
-236.921249 -897.579468 2914.513672
-311.954132 -152.256958 2908.671387
-324.369568 -516.660645 2835.454590
-347.199127 -919.585693 2888.876221
-238.797348 685.847229 2974.955322
-234.096390 372.717316 2908.942139
-99.485039 372.185089 2962.335205
-87.823349 127.800598 3096.663086
-150.129898 -130.458435 3177.209473
-368.707733 373.249542 2855.549072
-394.575714 57.755859 2894.589844
-347.064606 -254.413391 2849.615967
-240.274857 107.631409 2921.876465
-158.900482 -157.800659 2969.538330
-174.511719 -554.914917 3002.010254
-231.656891 -880.011963 2915.369873
-334.006165 -157.108337 2900.083252
-322.297058 -538.646484 2833.198975
-310.556763 -930.897217 2878.028809
-238.365005 684.411133 2974.202393
-234.776550 371.681152 2908.674561
-99.649353 371.468750 2961.845215
-89.491501 132.445755 3091.178955
-152.480774 -133.283768 3175.067383
-369.903748 371.893555 2855.503906
-396.477600 56.118195 2891.702637
-334.231628 -252.312073 2839.483887
-240.434341 109.837341 2922.007324
-162.574722 -152.137741 2968.202881
-173.273315 -567.748596 3000.036377
-233.224213 -886.046936 2914.378662
-329.609528 -151.875198 2902.477295
-315.251617 -533.401855 2834.179688
-319.462708 -906.231689 2908.437500
-238.043320 684.772156 2973.606934
-235.496094 371.200623 2908.804688
-100.958862 371.431793 2963.750244
-87.531212 131.359344 3092.080566
-157.987991 -141.850708 3179.717529
-370.033325 370.969421 2853.859131
-400.053253 55.563110 2890.135010
-325.838806 -249.014801 2831.630127
-240.130280 111.487083 2921.244629
-163.212952 -148.086304 2966.990479
-175.305527 -560.498596 2992.685303
-234.679565 -889.029785 2912.556396
-326.315979 -148.366577 2900.378662
-312.701874 -531.592651 2836.236816
-336.340485 -922.899780 2921.416748
-238.736374 685.243896 2973.004395
-230.653290 368.399933 2917.958984
-92.165619 364.966278 2981.503662
-81.491913 160.730423 3117.702637
-152.600922 -154.453812 3174.975830
-369.140961 371.833618 2854.414307
-403.207397 56.634277 2888.342285
-319.435394 -244.280365 2824.351074
-239.407669 112.191902 2923.193604
-163.925842 -146.104691 2967.079834
-188.062317 -560.037903 2978.661621
-234.345886 -892.346436 2912.541260
-332.398224 -141.927582 2889.776611
-313.540161 -533.459351 2837.179932
-347.880615 -952.493103 2934.051514
-238.271149 685.622375 2972.296387
-234.402237 369.360748 2914.428467
-96.443176 366.379669 2974.381348
-85.736893 151.090759 3106.706055
-146.179932 -160.452942 3180.393311
-372.361328 372.341827 2854.475586
-432.561371 62.675659 2900.790527
-292.357910 -207.892731 2806.993164
-242.637421 113.231750 2920.642822
-163.987564 -144.774704 2964.614746
-186.746277 -565.197083 2972.523682
-233.516754 -894.932983 2911.102295
-337.757629 -141.019791 2889.099609
-312.976074 -535.429565 2837.822510
-344.603271 -939.937012 2924.006836
-238.227844 686.552979 2971.316650
-232.924271 371.380768 2914.009521
-91.788094 365.466125 2969.895020
-79.144821 149.722290 3099.915283
-139.298447 -170.177551 3178.505371
-374.060425 377.295410 2858.124023
-438.386047 68.211456 2901.602539
-271.833984 -178.661652 2788.133789
-243.862549 120.131203 2915.042480
-174.257248 -134.493729 2947.968262
-193.441284 -575.544434 2971.608887
-239.100876 -908.078857 2917.204102
-335.344421 -127.742981 2884.182617
-306.893036 -524.674072 2832.870361
-341.828186 -922.606995 2907.237549
-238.762100 686.859863 2970.534180
-233.930893 371.699219 2911.536377
-93.414520 367.219177 2968.295410
-52.137257 160.023499 3090.460693
-124.601929 -115.862274 3150.962891
-374.447266 376.179230 2854.777344
-422.938263 149.709076 2881.694336
-208.257584 13.057297 2803.406250
-243.585037 119.066719 2915.496338
-166.555191 -136.329483 2954.470703
-185.494629 -563.660583 2975.311768
-236.348022 -899.440918 2916.270508
-339.923187 -130.802063 2884.441895
-310.980927 -523.591064 2829.531006
-335.651550 -931.251465 2897.303467
-241.077164 689.541504 2991.222900
-235.681976 374.220062 2910.919189
-91.435249 370.829712 2969.592041
-19.753502 184.971680 3077.138672
-12.597151 412.935913 2941.980225
-379.928680 377.610413 2852.246338
-438.637146 66.238403 2886.327148
-243.233429 -73.140991 2676.681152
-244.078003 119.718712 2916.854736
-162.741241 -136.891693 2959.289551
-187.233917 -560.039429 2971.898926
-234.390961 -898.243408 2917.047119
-342.206818 -132.673569 2886.291016
-318.063293 -531.273865 2826.101318
-341.106628 -929.563843 2896.739014
-240.470047 689.156921 2982.239990
-241.149216 383.483643 2913.343750
-99.395538 383.477356 2977.743896
13.433128 206.394241 3085.070068
-9.688679 425.732758 2905.377441
-382.902863 383.489899 2848.943604
-435.792908 71.139801 2884.092041
-239.251251 -110.458984 2710.919922
-246.491516 115.209122 2925.076904
-150.318680 -153.069870 2982.929443
-195.845093 -566.822510 2970.266357
-222.323105 -920.877563 2949.465332
-353.348969 -153.060898 2890.690674
-336.362793 -558.037231 2813.121582
-351.853149 -949.703003 2891.839355
-239.908600 689.689575 2979.054199
-247.570938 386.131653 2920.367432
-103.588150 386.173492 2987.572021
60.935760 244.492737 3026.169922
15.036465 454.316071 2837.959961
-391.553741 386.089813 2853.162842
-435.795074 72.650360 2889.550293
-229.716675 -76.143448 2697.410400
-250.504425 120.529510 2926.817627
-157.438538 -145.044739 2978.075928
-195.540878 -566.738953 2976.368408
-234.379562 -926.384399 2977.785400
-349.437256 -145.100525 2888.459717
-339.872650 -555.431641 2810.045898
-356.552490 -944.069336 2873.135498
-239.477997 690.965454 2978.516846
-252.254837 384.494080 2926.728516
-108.082703 384.316010 2995.260498
55.842758 273.187592 3007.602783
44.001472 483.365967 2762.471680
-396.426971 384.672180 2858.196533
-428.242493 149.685272 2889.462402
-298.226227 79.774620 2754.937012
-254.158066 116.734138 2930.036621
-164.445099 -151.138977 2976.894287
-201.862000 -572.324219 2978.048584
-239.437332 -920.796509 2977.564209
-347.677490 -150.912643 2889.795166
-335.321655 -548.304016 2806.777344
-351.879089 -930.924561 2862.463379
-239.921646 690.508301 2977.974365
-251.631271 386.818298 2926.572266
-103.542931 386.743378 2987.333252
60.921333 300.777527 2963.130127
84.986420 487.146545 2728.911133
-399.719635 386.893188 2865.811279
-429.068878 144.732361 2892.865479
-175.026520 120.147522 2896.902832
-254.201248 119.536026 2932.506348
-159.624695 -147.795380 2978.300049
-202.841232 -565.864075 2971.564453
-234.284943 -915.102173 2960.371582
-353.917755 -147.697083 2898.580811
-327.049042 -567.624390 2830.518799
-338.189301 -962.908813 2885.571289
-240.825363 690.238831 2979.477783
-249.145493 384.899963 2923.452148
-100.820938 383.657837 2981.691895
100.953293 379.142792 2861.357666
114.654739 487.673462 2682.290771
-397.470062 386.142090 2865.212402
-428.652618 145.880432 2905.596191
-279.157288 22.704353 2805.759033
-254.368378 116.515648 2931.029785
-162.693069 -152.680115 2976.654541
-209.784058 -578.230103 2967.285889
-232.137085 -929.840027 2943.952881
-356.489441 -151.057205 2900.560303
-345.954376 -577.530212 2839.260010
-336.349457 -981.603882 2915.081543
-242.731079 690.508057 2983.010742
-249.573654 386.546295 2928.189453
-104.014069 385.113953 2983.521729
121.310913 397.869446 2852.553955
154.863892 483.300201 2657.390625
-395.133240 387.978668 2872.857178
-426.773834 151.998901 2901.051758
-272.212708 51.393547 2801.171387
-254.046249 117.506020 2932.990723
-162.466202 -152.479462 2974.304932
-208.759811 -573.889343 2959.309570
-236.795776 -938.995911 2938.945068
-354.571472 -150.589066 2901.279053
-340.669800 -566.080933 2833.206543
-327.457001 -980.326904 2917.539795
-242.952148 689.777405 2984.137207
-254.584641 402.244202 2923.899414
-128.479813 402.963104 2974.396484
100.611053 400.655243 2854.159180
166.037964 458.386993 2662.089600
-380.689453 401.525330 2873.402344
-424.578400 172.842300 2897.300781
-184.312576 112.031372 2884.855713
-255.903717 129.051956 2931.082764
-163.374283 -143.605301 2975.846680
-205.217361 -566.258057 2959.152100
-237.051331 -939.900879 2939.788818
-351.071320 -144.675308 2900.685547
-333.400604 -569.144836 2838.491211
-321.452759 -979.039490 2915.576660
-245.017029 691.792236 2990.820068
-256.125458 420.537933 2931.074219
-134.539978 421.414001 2978.084473
86.847641 410.427246 2860.965088
176.467560 467.852753 2633.358887
-377.710968 419.661865 2884.063965
-427.765900 105.429779 2891.316650
-263.206238 -109.141846 2723.450439
-256.180176 142.851135 2936.390869
-161.786728 -134.155121 2978.225342
-203.503006 -568.950928 2956.345459
-240.389603 -927.336060 2947.904053
-350.683044 -135.516205 2905.189697
-336.040802 -563.854370 2873.848877
-314.361725 -951.563232 2913.036865
-244.372208 691.983643 2988.975342
-244.962830 429.048676 2930.496094
-124.294540 427.504089 2979.494385
77.661026 422.697021 2858.474365
174.036560 488.552612 2628.247559
-365.631104 430.593262 2881.497803
-419.031281 117.005005 2879.546875
-285.613770 -143.376007 2754.668945
-250.897903 147.768524 2936.245605
-162.428177 -134.720032 2980.328857
-203.853302 -562.776001 2959.214844
-241.996231 -922.637085 2962.555908
-351.237793 -132.303223 2903.661377
-332.847656 -558.180481 2863.890625
-319.814423 -910.527344 2915.272461
-248.042358 689.131226 2992.703613
-234.076782 412.182312 2929.316650
-106.381500 408.176453 2978.711914
78.686081 429.810699 2859.032715
162.900421 509.141052 2612.853027
-361.772064 416.188110 2879.921387
-415.818115 102.928772 2873.984863
-298.873077 -170.317169 2761.077393
-245.086945 147.428604 2936.308838
-155.405304 -120.483810 2982.250732
-190.794189 -532.748657 2967.115723
-241.535034 -896.808655 2963.404541
-356.788910 -114.166367 2904.351318
-338.490906 -570.173767 2856.499512
-329.117645 -931.123413 2912.391846
-247.563583 690.822266 2992.487793
-235.084869 416.182251 2929.629639
-112.320511 413.817444 2987.166504
76.529007 427.834625 2868.642090
142.534973 501.237274 2630.677734
-357.849213 418.547028 2872.092773
-414.957794 105.935669 2866.625977
-310.571411 -177.283936 2767.090820
-241.045212 150.088455 2931.410400
-152.012756 -117.835159 2977.712158
-183.071213 -527.756775 2966.955322
-241.008911 -894.905823 2960.951660
-341.998383 -114.175491 2888.670166
-341.586060 -568.210327 2855.874512
-343.474030 -956.012451 2884.522949
-247.072571 691.045288 2990.523926
-236.037094 413.602783 2928.118896
-110.539131 410.315247 2980.586182
82.332680 420.393677 2864.962158
142.498932 494.844818 2627.264893
-361.535065 416.890320 2875.651611
-423.830078 105.396301 2874.030273
-293.001465 -159.154297 2756.520020
-241.538956 157.215576 2925.214111
-155.407135 -101.572052 2960.618896
-185.710373 -528.628967 2969.353760
-250.276810 -903.569458 2970.371826
-338.674500 -96.771210 2883.999756
-336.484467 -523.684326 2828.957275
-332.798157 -939.734253 2890.749023
-247.722275 691.207153 2988.626221
-235.312286 411.067932 2926.031982
-110.871048 408.978027 2982.684326
115.698853 422.098511 2895.399902
135.972168 488.375061 2644.045410
-359.753540 413.157837 2869.379639
-252.135437 121.935913 2802.656738
-348.346100 -180.007355 2782.221924
-239.614914 153.625275 2925.985840
-152.672577 -105.349792 2967.479248
-188.157608 -513.668579 2927.871582
-233.249969 -895.248230 2944.564209
-335.162476 -102.284973 2884.400146
-337.976135 -536.011047 2834.192627
-308.296448 -952.134155 2942.867920
-247.640503 691.083252 2987.897705
-232.002899 406.400787 2922.344238
-105.914200 405.696899 2980.428223
94.592514 401.723816 2907.937744
128.441360 494.202362 2662.062256
-358.091614 407.104675 2864.260254
-262.652649 110.688568 2802.822998
-344.656799 -194.970978 2778.467041
-234.776642 153.821899 2925.304688
-149.053131 -99.251007 2969.032227
-206.087479 -512.788696 2912.573730
-247.908371 -904.439758 2929.837646
-326.047638 -98.262970 2887.498047
-326.073883 -548.156250 2848.070801
-327.512390 -977.477661 2950.385498
-246.641251 690.170166 2982.803223
-230.799942 395.250488 2918.242676
-102.634598 395.981018 2977.519531
103.200027 372.092773 2899.490479
113.233284 492.037964 2680.496094
-358.965271 394.519897 2858.965820
-277.396729 92.411835 2806.188965
-336.574097 -217.574615 2772.804443
-232.392944 139.022629 2924.844971
-155.018631 -116.755096 2967.969971
-200.799515 -559.348145 2948.397217
-241.844696 -915.375732 2917.908936
-312.953278 -117.655334 2894.924561
-322.142273 -541.688110 2846.871338
-315.508148 -987.848755 2895.962158
-245.791946 691.470459 2983.161621
-232.132431 398.450989 2919.674805
-102.273766 396.983215 2972.670654
98.946144 362.489655 2901.204346
104.339630 482.730194 2705.097412
-361.991119 399.918762 2866.678955
-295.655121 94.074158 2814.089355
-334.412964 -218.157043 2772.657471
-238.711731 135.750916 2928.520752
-161.995895 -127.890625 2971.359863
-182.178925 -584.351318 2976.874268
-242.573257 -920.215942 2916.156006
-328.586151 -126.007690 2903.373535
-306.864929 -538.911987 2846.777588
-295.368439 -978.385254 2907.878418
-244.959488 691.909546 2983.520264
-234.075195 395.067078 2924.268799
-102.640274 391.968140 2979.881348
100.665100 351.885468 2900.080078
96.786140 487.357239 2733.253174
-365.510132 398.165985 2868.656250
-315.210144 89.497711 2814.486572
-316.957642 -224.126648 2765.729248
-242.739319 130.776688 2930.018311
-165.983765 -135.527679 2971.910400
-190.663528 -573.363220 2982.799561
-243.021011 -927.878235 2975.261475
-336.823120 -131.499695 2899.625244
-308.052582 -542.590942 2845.929199
-292.483307 -969.284058 2908.059570
-245.334442 693.069580 2983.272461
-234.976181 393.718689 2928.047363
-100.148521 390.783386 2979.344727
83.448036 321.131042 2908.684814
89.786194 491.078064 2751.263428
-369.803802 396.653931 2876.750000
-393.431305 86.112305 2815.822998
-263.724243 -199.657654 2768.727051
-243.811951 134.864731 2936.458984
-168.336594 -125.824707 2976.948242
-189.456879 -555.491333 2997.900146
-248.368805 -913.548828 2972.225098
-336.958862 -122.153717 2912.792969
-311.833282 -546.415771 2838.373535
-290.201752 -976.269043 2901.934570
-245.244370 692.951294 2983.680420
-236.036545 383.920288 2933.126465
-94.944008 380.118164 2989.039062
80.641121 313.482483 2944.442871
76.760674 501.711884 2774.819336
-377.129089 387.722473 2877.213867
-421.821320 75.034637 2846.168945
-286.081116 -209.948853 2813.095459
-244.887146 129.076721 2938.130615
-170.526840 -128.009216 2976.109863
-188.758163 -564.692139 3000.582764
-248.184174 -909.187988 2965.618896
-336.948639 -123.524506 2910.159668
-323.720367 -553.584656 2844.221436
-348.850769 -959.693359 2885.312256
-244.629608 692.428223 2984.622314
-238.466171 385.590881 2934.707031
-98.585861 382.267181 2993.082764
58.995682 280.762146 2962.733154
60.754150 495.492432 2788.706055
-378.346466 388.914612 2876.331299
-427.350098 76.346344 2851.772217
-308.000000 -217.636658 2846.030273
-246.232437 129.621292 2938.742676
-170.823212 -128.324646 2977.489502
-189.551880 -569.928345 3001.845459
-250.267670 -908.535156 2970.195557
-337.174194 -124.371979 2908.067139
-320.002747 -551.413818 2842.287598
-345.867920 -955.626587 2885.952637
-244.884323 692.498962 2984.298828
-238.953949 387.033630 2935.505127
-98.352379 383.054535 2995.408691
33.427528 243.314362 2986.377686
44.596966 478.606445 2830.309814
-379.555511 391.012756 2875.601562
-428.435333 78.352509 2853.524414
-308.735291 -215.402618 2857.114014
-247.375885 128.960159 2938.129883
-173.526627 -131.441650 2975.806396
-191.677673 -572.034912 3001.542480
-249.790161 -903.244751 2970.853760
-338.069031 -126.785004 2905.702881
-321.645813 -549.100098 2838.162354
-327.752197 -962.338257 2888.953613
-244.934937 691.639404 2983.165527
-237.745331 388.729828 2933.331299
-97.166100 386.792023 2993.761719
7.000748 218.994812 3007.618408
30.187065 470.582794 2874.572510
-378.324554 390.667633 2872.900879
-433.345001 78.981964 2894.274902
-304.255219 -204.609131 2834.743896
-244.228943 122.735748 2939.884521
-161.704285 -144.485260 2984.699463
-189.707321 -564.262329 2997.848633
-244.755386 -892.582764 2965.232178
-339.720825 -142.031403 2908.176025
-325.883881 -562.339355 2839.283203
-337.057373 -967.698730 2890.418945
-245.081345 690.749084 2982.822021
-237.190689 389.981445 2930.426270
-95.695045 387.744873 2989.174805
-4.266037 204.186981 3027.802002
12.050539 465.933136 2892.754150
-378.686310 392.217987 2871.677734
-433.246765 80.062744 2882.209473
-283.048462 -188.373627 2805.326416
-243.903427 117.994186 2936.239258
-156.318420 -155.483582 2981.204346
-189.931076 -563.120728 2997.606689
-244.395172 -882.822998 2959.982666
-344.913910 -152.502533 2902.900146
-322.399628 -576.172363 2822.967529
-330.740417 -974.814880 2891.582275
-244.684937 690.319946 2982.180908
-237.039734 391.540588 2928.020752
-93.964493 387.733032 2987.514160
1.243896 197.657303 3041.368408
-3.575940 459.709534 2904.308350
-380.114990 395.348145 2868.527344
-446.955902 87.007629 2838.770996
-259.806335 -168.148758 2821.529297
-246.085526 120.938293 2932.456299
-165.610458 -152.046356 2974.116211
-193.025497 -571.385010 2995.770020
-246.915176 -878.480774 2957.083496
-344.652161 -147.281647 2899.667480
-323.813263 -566.355774 2829.100098
-334.535645 -965.807373 2887.094238
-243.443542 689.891235 2982.353760
-230.607254 389.876556 2920.633545
-90.211121 384.242981 2981.841797
18.777267 190.808762 3037.300537
-18.519463 444.151428 2939.177979
-371.003387 395.510132 2859.425293
-451.160858 88.882477 2855.769775
-260.529480 -159.923767 2808.714355
-243.995392 110.802055 2925.656494
-162.252487 -172.089691 2972.153564
-198.056946 -598.353271 2997.753906
-243.247833 -861.686646 2963.993652
-352.514587 -164.455185 2889.205322
-330.336670 -582.120422 2825.169434
-343.053253 -983.421997 2878.054688
-242.003891 690.245972 2982.659668
-230.787094 390.418457 2922.662354
-87.825294 383.616455 2984.123047
24.887360 186.297073 3036.947754
-33.048183 438.912933 2952.814209
-373.748932 397.220459 2861.201660
-447.801880 89.151245 2859.456055
-259.766266 -157.431107 2794.392334
-245.421722 113.740845 2926.082764
-168.158722 -167.309174 2969.010742
-207.647400 -614.915466 2993.616455
-244.707840 -867.337219 2960.455811
-351.953949 -158.564362 2889.995605
-329.344452 -581.845337 2826.443359
-343.911804 -976.161499 2880.676514
-240.930099 691.718262 2982.717773
-226.035248 388.279877 2918.176514
-86.498184 380.756531 2981.881592
3.107468 169.413574 3050.849854
-141.705124 -164.180969 2963.042969
-365.572296 395.803223 2854.471436
-445.965485 90.162109 2873.066895
-267.307892 -154.261688 2780.526123
-243.298462 116.768250 2923.924561
-171.881195 -159.524719 2970.159180
-206.481155 -612.273926 2995.516602
-246.535400 -869.216370 2957.647461
-349.242157 -149.962036 2889.186035
-328.708954 -573.824158 2830.758789
-338.864349 -970.307983 2881.709229
-240.266312 692.302002 2983.178223
-224.286621 387.072693 2918.596924
-80.946671 378.950928 2979.364502
-3.298523 167.310577 3054.998047
-123.347885 -0.055466 2890.396240
-367.626556 395.194489 2857.829346
-435.860718 87.802094 2890.127686
-281.699524 -161.799271 2771.288818
-242.010422 115.768654 2924.143555
-168.651932 -160.696198 2968.303467
-201.546677 -599.335205 2994.037354
-241.815933 -881.648438 2970.007324
-350.816528 -150.374573 2891.076904
-329.299988 -573.626587 2834.330078
-339.916840 -972.101685 2883.446533
-239.995071 692.410522 2983.010010
-226.214188 386.695221 2920.086670
-82.579033 379.457642 2981.642578
-26.235756 151.483185 3068.938477
-126.032021 36.157249 2891.653076
-369.849335 393.932800 2858.530762
-435.704071 86.118683 2892.798584
-293.275269 -184.140625 2809.524170
-242.065628 113.389923 2924.939941
-163.057922 -164.695206 2970.445801
-207.381485 -594.510376 2974.980225
-239.548462 -890.336670 2970.588623
-352.776215 -155.135544 2889.140625
-329.432556 -574.175293 2835.731689
-341.019806 -979.292603 2883.401367
-239.895844 692.941650 2982.579346
-226.692307 386.662476 2920.571289
-83.799652 379.708801 2982.294189
-41.771614 144.451828 3082.859131
-121.857712 52.668938 2892.272217
-369.584961 393.616119 2858.848389
-435.614563 86.201813 2895.322754
-304.048126 -200.225098 2866.275635
-242.487350 111.974785 2926.191650
-161.715363 -167.412186 2973.524414
-203.036514 -592.551636 2977.950439
-237.219086 -892.082214 2971.292236
-354.849426 -158.013611 2890.099609
-331.183502 -576.100525 2835.742676
-343.022430 -983.340210 2885.026855
-239.728638 693.170776 2982.359863
-223.565659 380.856842 2916.365479
-81.748680 373.859680 2979.538818
-47.347504 146.646484 3088.431885
-119.504784 -46.509201 2896.526611
-365.382629 387.854004 2853.192139
-435.421204 81.636658 2891.727783
-316.538086 -210.770782 2914.622070
-241.939957 105.612953 2927.127197
-160.142548 -174.573349 2982.510986
-197.050888 -589.242432 2975.229980
-233.640381 -876.993591 2961.735596
-360.485962 -164.688538 2893.266846
-354.467804 -594.953613 2829.716797
-345.965790 -999.656494 2893.407227
-237.935410 692.419861 2982.401611
-222.257660 376.264771 2915.631836
-78.732780 368.673615 2979.216797
-56.067471 140.687531 3094.518311
-177.671509 12.554016 2836.266602
-365.782532 383.855957 2852.046875
-435.175598 77.453766 2889.448730
-316.533264 -206.615784 2962.422119
-242.265701 101.428596 2927.982666
-160.410919 -178.795197 2985.461182
-197.663300 -595.737427 2975.368896
-229.859573 -869.036560 2957.026367
-364.136597 -168.019958 2895.205811
-349.784790 -592.153320 2836.981201
-337.041992 -986.829102 2897.177734
-236.892029 692.606934 2982.275879
-221.434937 375.228912 2915.353271
-76.438507 366.977509 2979.581299
-81.154053 115.330200 3102.250732
-72.948654 -52.886581 2991.791016
-366.431396 383.480347 2851.125244
-434.857635 77.337128 2891.862061
-323.285065 -199.297211 2997.172607
-242.246048 100.341164 2927.019775
-161.391861 -180.332123 2983.720215
-196.751343 -588.718445 2971.592041
-227.756195 -856.251343 2952.889893
-364.722443 -168.761047 2893.652344
-347.196106 -590.388794 2838.979980
-329.967468 -981.525879 2897.581299
-236.206772 692.318237 2981.320557
-220.246231 373.254059 2915.164795
-73.416245 364.424744 2978.886475
-84.718719 107.894287 3107.855225
-70.924118 -42.633698 3000.992188
-367.076233 382.083344 2851.443115
-440.026886 78.696777 2903.757812
-300.117188 -196.884186 2971.451904
-241.296295 99.772209 2925.775391
-160.006485 -179.863617 2980.799805
-195.637421 -588.527466 2968.823486
-231.264786 -860.640564 2953.072754
-364.686218 -167.555649 2891.972168
-342.497131 -588.364197 2841.363525
-317.566864 -976.639893 2944.011963
-234.654526 692.502136 2981.328613
-219.452972 373.322021 2914.969482
-74.787651 364.765991 2979.889893
-89.290916 102.202148 3110.230225
-102.670845 -77.552994 3054.008545
-364.118317 381.877991 2850.049072
-437.337982 85.445831 2933.561279
-320.907990 -200.449402 3003.671143
-240.070923 95.811447 2924.339600
-162.404755 -187.511963 2977.815918
-197.420746 -601.460083 2971.752197
-235.687546 -870.779358 2951.566650
-358.972992 -175.886261 2889.603516
-334.815094 -587.672607 2850.125732
-293.176849 -965.082031 2926.840820
-234.309128 691.961670 2981.735352
-219.514313 374.533905 2914.350830
-75.218361 366.126770 2981.157471
-71.425911 106.309296 3091.232910
-109.565094 -88.982117 3050.840820
-363.810242 382.941010 2847.544189
-438.337738 86.667175 2930.901367
-303.709595 -198.287506 2961.837646
-239.488205 92.077263 2921.947266
-163.482452 -195.971436 2973.980713
-174.393738 -603.207397 2986.753662
-238.764755 -881.268799 2951.271484
-355.441772 -184.787308 2885.106689
-334.561523 -581.570801 2849.989502
-302.802307 -951.844727 2919.690430
-234.585388 692.145447 2981.293945
-214.848236 369.077454 2910.961182
-71.067787 358.984863 2980.498047
-70.699593 105.084747 3098.105469
-116.328247 -99.248840 3069.583496
-358.628693 379.170044 2841.424316
-439.832214 87.159851 2933.742676
-311.131042 -201.641479 2954.148438
-236.472244 85.058807 2914.450195
-166.232605 -205.408157 2962.367432
-177.408844 -616.920349 2982.643311
-242.140549 -896.600586 2955.308350
-349.959869 -192.511520 2873.510986
-329.804321 -576.104492 2850.140381
-324.644287 -970.366516 2915.034424
-234.407501 691.733032 2981.059082
-216.467743 371.963684 2913.251953
-71.515739 362.231781 2981.945312
-66.765190 108.720840 3093.062256
-120.298157 -110.739487 3089.614746
-361.419708 381.695557 2844.558594
-438.510193 86.947784 2931.380371
-318.711029 -197.506805 3002.731445
-237.385544 90.484245 2917.513428
-164.647675 -197.283112 2966.158691
-179.266998 -605.029419 2979.490234
-240.436584 -889.479370 2955.326416
-351.959045 -184.707260 2877.391113
-332.912384 -578.603455 2846.491943
-322.382843 -964.631104 2908.072510
-233.918106 691.271729 2981.106689
-215.079407 371.974609 2913.141602
-69.876930 362.053925 2980.483643
-70.891144 136.311340 3108.848633
-120.129837 -124.181396 3097.514893
-360.281860 381.895294 2845.799561
-438.670624 86.976471 2931.078369
-312.671356 -200.538239 2974.135010
-236.749588 93.661827 2918.866211
-163.575333 -191.131012 2968.577881
-174.907410 -594.728455 2984.899658
-239.216156 -884.238647 2955.908203
-353.264221 -178.170883 2880.603760
-334.653473 -581.518555 2844.333252
-321.429474 -964.172974 2906.976807
-234.597321 691.039978 2980.699219
-209.835114 371.041138 2912.194336
-67.881233 360.079529 2978.583252
-67.358482 132.346329 3099.481445
-123.536873 -129.132187 3106.947510
-351.789001 382.002686 2845.805420
-439.445709 88.799408 2927.532227
-303.517273 -197.077637 2938.885498
-234.317078 94.117813 2918.818604
-164.219574 -190.108856 2969.675781
-172.673508 -588.199585 2989.302490
-236.946045 -890.921204 2957.115723
-353.378510 -175.502136 2881.209961
-334.328827 -584.657959 2842.745361
-331.794800 -962.450073 2904.324219
-234.014832 690.324219 2981.115479
-207.507828 367.682068 2909.869385
-64.408752 358.021423 2975.607422
-77.420578 111.009186 3098.202881
-116.862709 -133.963028 3124.198730
-350.606903 377.342743 2844.131348
-440.424500 85.034180 2927.358154
-291.894836 -193.817291 2902.478027
-229.814346 84.974770 2916.880371
-151.322723 -204.537460 2970.196777
-182.101273 -622.707825 3002.352051
-244.822449 -909.903320 2938.189453
-352.919006 -190.927612 2877.585938
-333.474701 -598.458618 2843.510498
-330.366028 -968.525574 2907.053955
-233.227417 689.657776 2981.508301
-208.139267 366.643005 2910.261719
-63.477676 358.026306 2977.128906
-71.120621 116.027222 3120.418213
-117.804390 -138.499298 3134.597168
-352.800842 375.259705 2843.394531
-435.309235 78.481537 2918.387451
-273.393799 -188.484344 2863.419678
-229.371490 79.380592 2919.178223
-151.972275 -213.756760 2973.685303
-184.788010 -638.605652 3003.179199
-241.754395 -912.380737 2942.841064
-349.235168 -202.006897 2882.504150
-331.213959 -601.946594 2847.409912
-333.085815 -976.167786 2914.966553
-232.730850 689.475586 2981.716309
-208.555161 364.962128 2910.068359
-63.078564 357.000977 2978.798096
-83.927246 126.567719 3139.462402
-113.071243 -146.532227 3147.606689
-354.031738 372.923279 2841.338623
-432.326355 74.609558 2915.225830
-272.627441 -189.542633 2842.422363
-228.979584 77.777252 2920.034180
-147.928436 -214.960831 2977.941650
-178.796936 -636.023560 3002.454590
-237.306793 -906.620972 2942.536133
-350.879608 -203.854416 2882.058350
-331.937653 -606.501831 2850.795166
-335.402740 -981.994873 2913.763184
-231.823868 689.672852 2981.173828
-209.552277 365.402283 2910.690674
-66.208176 357.401917 2984.249023
-85.544289 129.222321 3136.827637
-113.246956 -150.451691 3172.472412
-352.896393 373.402649 2837.132324
-428.590424 74.586243 2911.919189
-263.447632 -176.618683 2810.736816
-229.083115 77.728386 2917.462646
-143.729813 -215.799332 2978.056885
-172.627136 -632.541931 2998.693115
-231.180908 -899.718750 2937.200928
-353.498077 -204.091675 2870.412354
-334.848083 -611.803589 2853.215088
-338.783600 -997.056396 2911.161377
-231.665329 690.272339 2979.604980
-208.285217 364.249451 2909.754883
-63.999626 356.448395 2979.835938
-83.594559 129.465500 3135.241699
-109.407791 -156.179276 3177.984131
-352.570801 372.050507 2839.673828
-417.266541 126.780930 3030.402344
-320.449585 -43.821671 2780.920410
-228.212814 81.444794 2919.302246
-139.600616 -207.228256 2981.568604
-173.028046 -621.186707 3003.940918
-228.181534 -886.305420 2937.647949
-356.680237 -195.491470 2876.130615
-337.866211 -623.983459 2850.075928
-340.473938 -1004.970947 2906.021973
-231.328415 690.810913 2978.571777
-208.606201 363.991791 2910.953369
-62.631588 355.179871 2980.316162
-90.287971 130.818512 3134.812744
-104.993279 -159.845245 3185.911621
-354.580811 372.803711 2841.590576
-418.848755 126.538361 3031.182373
-319.475433 -78.146072 2809.933105
-229.394028 82.594505 2918.952393
-145.845901 -205.101135 2976.528809
-176.813034 -626.802002 3006.217529
-230.206131 -890.003357 2936.426758
-354.517822 -192.504425 2877.374023
-335.640106 -615.776184 2849.513428
-336.996063 -997.066711 2904.733154
-231.093750 690.546997 2978.260498
-211.173416 362.713257 2910.502686
-63.442032 354.212158 2980.568359
-88.333656 128.906738 3137.593994
-111.588448 -162.429626 3184.485596
-358.904816 371.214355 2840.437012
-417.105255 136.214096 3022.902588
-333.568024 62.345406 2784.849121
-230.840622 82.855125 2918.014893
-148.047821 -202.898987 2974.121582
-175.808167 -626.204773 3004.665039
-230.753967 -889.060059 2936.365234
-352.967834 -191.107010 2876.932617
-334.733429 -613.597046 2847.686523
-335.889008 -999.577637 2896.292725
-230.673691 689.559875 2977.505371
-211.860733 362.540405 2910.566650
-64.796700 354.078369 2981.219238
-80.223862 138.471710 3123.919922
-115.005051 -156.396210 3160.753174
-358.924744 371.002441 2839.914062
-416.880310 133.931458 3015.293701
-353.058350 10.716156 2802.874512
-231.405670 77.867157 2917.154297
-150.096451 -212.609207 2972.194336
-174.549530 -632.191711 3002.962158
-233.507812 -895.941345 2936.190918
-351.804779 -201.002975 2875.289551
-331.583252 -603.385864 2847.550781
-336.186157 -995.897156 2895.863281
-230.583527 688.442810 2976.705322
-212.525391 363.108398 2910.407715
-65.476913 354.515656 2978.802490
-74.732544 139.300873 3119.537354
-119.631584 -152.211945 3142.542725
-359.573883 371.701141 2842.012939
-400.029907 115.751877 2846.672119
-349.159607 -66.235825 2904.204346
-231.481094 82.465942 2915.903809
-151.617157 -203.951019 2967.362793
-175.902710 -629.225708 3004.214600
-236.048050 -918.504700 2948.838379
-349.256409 -192.402008 2875.437012
-330.985504 -602.279907 2845.995117
-297.733704 -977.703552 2911.402344
-230.440353 688.097656 2976.383545
-214.140274 364.666840 2909.290527
-64.743935 354.924286 2965.900391
-50.021297 136.875854 3091.080322
-118.918396 -156.929504 3117.536377
-363.536591 374.409424 2852.680664
-429.355591 123.479599 2872.572754
-347.997559 -74.415573 2897.227051
-235.402466 92.065742 2918.487793
-163.359390 -186.620056 2963.040771
-188.574051 -627.580566 3015.790039
-244.909271 -917.742615 2960.036865
-349.969940 -174.450653 2892.329346
-328.477875 -586.226196 2832.632568
-301.112701 -941.578979 2892.963623
-230.517075 687.568848 2976.119629
-213.861801 363.854614 2909.594727
-65.510635 354.132111 2969.655273
-47.981983 138.598633 3091.990234
-124.199799 -149.382385 3118.076660
-362.212952 373.577118 2849.534180
-449.689789 71.929749 2898.174316
-294.389648 -202.289032 2857.002197
-234.669098 90.891296 2916.802246
-162.062653 -188.194092 2961.828613
-179.681244 -620.786377 3009.273438
-242.492554 -889.818542 2993.545898
-348.890137 -175.949951 2886.190918
-328.479858 -589.969543 2836.497803
-312.665314 -961.494629 2891.912354
-230.275635 686.489990 2975.769531
-214.745667 362.520477 2909.307861
-65.628067 353.280579 2971.675781
-64.741493 125.462433 3088.237549
-123.960922 -153.917297 3090.508057
-363.863281 371.760376 2846.939941
-447.991943 69.847992 2899.373291
-284.969299 -195.951660 2838.118896
-234.643616 89.548698 2916.441406
-160.046295 -189.278351 2963.097168
-176.060760 -619.344482 3007.716553
-243.289566 -870.047974 3001.903076
-349.036835 -177.567780 2884.052734
-328.652618 -596.141724 2840.432373
-318.963379 -974.585815 2893.385986
-230.541962 686.228394 2976.214355
-214.375336 362.427307 2909.183105
-66.919418 353.558990 2974.377686
-63.571526 129.976212 3092.848389
-116.661957 -97.935349 3064.182861
-361.831268 371.295624 2843.988525
-447.859314 70.207214 2899.325195
-281.331879 -187.177795 2814.833740
-233.922852 87.400269 2915.983643
-156.816040 -193.439758 2965.517822
-176.501419 -647.286072 3032.060547
-242.665588 -861.780701 2992.311279
-350.124695 -181.813782 2880.050537
-321.033112 -611.809143 2857.727051
-324.677094 -984.359436 2895.774414
-230.942841 686.418945 2976.216309
-213.737411 363.942535 2908.145752
-67.853119 355.221802 2975.438232
-63.999130 133.555298 3093.676514
-117.979858 -108.477982 3070.766846
-359.621674 372.663269 2840.853271
-447.131927 71.126434 2891.873779
-280.457001 -186.664398 2808.513184
-233.333801 88.104866 2914.881836
-157.776871 -193.420929 2965.509521
-171.569061 -633.640137 3019.294189
-241.389832 -867.395935 2980.808350
-348.083527 -182.044693 2877.726318
-324.803040 -608.129272 2850.091064
-327.602112 -985.585938 2897.287354
-231.541290 687.282837 2975.397705
-212.980225 365.118042 2905.989990
-68.550903 356.808563 2975.616455
-65.278351 134.788910 3093.959961
-117.681007 -102.352142 3040.430664
-357.409546 373.427490 2836.363525
-444.669128 72.217529 2889.052002
-284.808350 -190.059387 2806.752930
-232.571594 87.654861 2913.515625
-157.294601 -195.266388 2966.775391
-168.044571 -625.031860 3012.709473
-239.756042 -860.095276 2984.309082
-347.031311 -184.350220 2875.307129
-325.897614 -609.052734 2847.423828
-329.965851 -978.984497 2896.721191
-232.168228 687.160278 2975.642578
-213.126450 364.085754 2906.509033
-69.206879 355.834656 2976.688477
-71.624130 129.704742 3094.979736
-117.398483 -112.126984 3038.007080
-357.046021 372.336884 2836.329590
-437.029572 67.028046 2876.462646
-274.560303 -205.379486 2851.574707
-232.539932 85.763168 2913.598145
-155.788818 -198.072693 2967.580078
-176.581589 -525.352295 2984.653809
-239.274429 -857.810974 2985.844238
-348.118011 -187.046173 2873.794434
-329.121094 -610.233704 2844.235107
-332.463898 -974.787354 2898.049316
-232.643631 686.806030 2975.999268
-213.185165 361.088623 2908.012695
-68.895584 352.451019 2979.855957
-89.645950 115.602997 3109.321289
-74.266373 -41.470963 2990.183105
-357.474762 369.726196 2836.169434
-436.497162 63.698639 2874.360352
-298.636902 -223.255371 2877.170410
-232.744934 83.871048 2913.967041
-155.974548 -199.113113 2967.885254
-182.114182 -550.229492 2989.110596
-239.248489 -861.517517 2981.991211
-348.634827 -187.579910 2871.957520
-333.085846 -598.084656 2827.162354
-333.934235 -974.942261 2899.171631
-232.347183 686.366760 2976.143311
-221.055023 351.947205 2911.930176
-72.329613 344.606689 2981.479004
-92.227905 106.730774 3110.578857
-105.760559 -71.372162 3044.070312
-369.780426 359.287750 2842.381348
-435.553680 48.929382 2872.056641
-308.193970 -243.146942 2871.990967
-236.494934 79.066452 2916.145996
-154.280334 -198.634186 2966.028320
-172.369263 -561.328125 2993.361816
-238.072510 -856.939331 2974.844971
-349.589355 -188.994446 2874.695312
-329.351929 -602.847290 2834.639404
-355.239594 -984.636841 2934.693115
-232.030762 685.538208 2975.906494
-217.943237 356.542145 2909.352539
-70.288124 348.825500 2978.868896
-97.981720 105.810059 3109.789062
-99.545746 -69.862000 3052.157715
-365.598358 364.258820 2839.836182
-436.068634 57.202820 2886.119385
-318.962036 -236.430054 2924.295166
-235.163116 81.461494 2915.392822
-156.042358 -198.654053 2966.790527
-172.569946 -573.650452 2997.535156
-243.511093 -880.583252 2964.453125
-348.723633 -188.584259 2876.075684
-324.918579 -600.759399 2830.191650
-349.059784 -984.753052 2933.463379
-231.241058 684.902466 2975.838867
-216.388306 358.181335 2907.652588
-65.745117 348.035767 2968.510254
-89.589508 102.752029 3097.138428
-60.611427 -45.029266 2975.943604
-367.031494 368.326874 2846.794922
-439.374146 61.878052 2895.301025
-329.252106 -231.655853 2951.941895
-238.557755 86.280571 2917.200928
-167.450638 -191.902191 2964.431641
-188.093887 -606.559937 3003.079590
-248.292068 -908.413696 2964.374756
-354.003754 -179.338181 2889.066895
-319.298950 -590.875610 2827.481689
-335.490753 -1027.984009 2817.527100
-231.107773 684.857910 2975.746094
-215.958572 360.292145 2907.483643
-66.809311 349.409302 2968.313721
-89.215538 107.018112 3095.129639
-103.218307 -90.579010 3031.071777
-365.107849 371.174988 2846.653564
-436.739380 63.918304 2890.132812
-338.534454 -228.452515 2969.526123
-239.663788 92.941254 2917.775635
-161.144318 -181.868591 2969.759521
-177.204834 -594.339233 3007.850830
-241.888565 -899.647217 2967.798340
-365.593689 -166.950684 2886.375732
-327.062012 -602.825500 2822.970459
-335.449890 -1002.238525 2890.851562
-229.967468 684.931335 2975.194824
-215.897629 360.867218 2907.976074
-72.350067 351.958221 2981.355469
-92.243011 109.290833 3105.924805
-77.987442 -79.726288 3013.670898
-359.445190 369.776215 2834.596680
-430.765625 62.319977 2877.915527
-325.990112 -235.788757 2918.482910
-234.400528 91.303802 2911.444336
-154.043945 -184.395142 2965.448242
-169.953979 -600.619507 2997.600098
-235.924850 -871.607422 2987.990234
-351.762909 -172.124084 2864.376953
-332.994110 -607.780212 2835.759277
-341.514160 -996.383545 2899.543213
-229.078705 684.513733 2975.271973
-215.665390 360.958069 2908.228271
-72.747299 353.625885 2982.624023
-79.033775 114.642029 3127.770996
-114.090904 -112.458450 3082.950684
-358.583466 368.290222 2833.832520
-429.562256 60.939331 2878.451904
-325.208740 -239.900574 2888.407959
-233.378677 88.258682 2915.380127
-142.688065 -190.002167 2978.961426
-160.051834 -607.760620 3033.546875
-224.247421 -842.189270 2974.758057
-359.495880 -178.879211 2866.102539
-337.363037 -617.691284 2832.427979
-350.790039 -994.927917 2893.050537
-228.177338 684.265625 2975.431885
-213.891678 359.876923 2907.427002
-70.674438 351.160522 2979.796631
-78.919594 115.937912 3121.314209
-111.015472 -123.453033 3089.804688
-357.108948 368.593323 2835.057373
-428.892029 61.392426 2878.257812
-326.970123 -233.975739 2939.585449
-233.924408 90.012573 2914.567871
-147.159607 -186.351624 2975.675049
-198.722687 -626.458740 2987.822510
-226.434250 -856.767822 2971.028564
-360.754639 -173.351929 2867.742432
-337.208740 -613.467407 2831.212402
-360.259125 -1015.749268 2887.257568
-228.867065 684.412109 2974.521729
-214.765488 357.883453 2908.226807
-72.787895 348.414246 2981.730957
-70.863930 135.746979 3116.642090
-89.660965 -113.612686 3068.025391
-356.743073 367.352661 2834.722656
-429.136261 61.325104 2884.342773
-326.091766 -237.116852 2925.208984
-235.641861 83.561829 2913.210938
-153.283859 -197.645020 2971.641357
-200.584412 -574.052917 2902.265381
-231.555527 -877.400391 2964.355713
-359.752594 -183.874573 2864.748779
-331.838043 -597.874329 2833.040039
-361.113159 -998.321960 2892.717773
-229.405060 684.712952 2973.170410
-216.342834 361.421082 2908.025635
-74.790871 352.531250 2979.032471
-70.883171 132.039261 3112.562012
-112.815384 -136.466110 3098.593506
-357.894806 370.310883 2837.018799
-428.795441 64.398376 2888.443848
-331.692993 -236.944489 2920.342285
-237.153168 84.132561 2914.795410
-157.218933 -199.482971 2972.101807
-206.329285 -579.886719 2909.134033
-234.415192 -880.656921 2963.166748
-358.708069 -186.828949 2871.028564
-328.972839 -590.461182 2830.196777
-355.701935 -986.635376 2888.415527
-229.591034 685.329102 2973.143555
-217.086044 361.898712 2908.265381
-73.588531 352.786713 2975.827393
-67.890526 128.546585 3111.939209
-112.741669 -134.290237 3092.072754
-360.583557 371.010712 2840.703369
-430.931976 64.883881 2891.278320
-334.079712 -236.462524 2923.377930
-239.333435 83.182564 2917.927246
-163.633789 -201.753174 2973.704834
-214.168274 -591.471924 2927.549805
-233.241608 -887.832886 2954.521240
-359.527832 -189.314026 2881.473389
-326.859650 -586.461060 2826.960205
-347.078308 -978.657227 2883.606934
-229.341431 685.833252 2973.534912
-218.046814 362.279205 2909.161133
-74.452240 353.415344 2976.170898
-63.099667 128.367996 3105.130859
-115.336563 -142.977280 3095.388184
-361.641388 371.143066 2842.151367
-433.203186 65.045654 2890.473633
-322.448303 -232.860199 2902.187988
-238.995697 86.593414 2917.585205
-161.645081 -195.160248 2971.881592
-211.587051 -601.289185 2941.995850
-232.639236 -881.207092 2956.833252
-358.244080 -183.024506 2880.136963
-328.160889 -593.434265 2827.805420
-349.550812 -978.351562 2881.346680
-228.932693 685.479126 2974.315430
-217.927963 362.348511 2908.580566
-73.788292 352.746643 2975.932373
-63.512775 126.082764 3106.543945
-120.760727 -147.949738 3104.488525
-362.067627 371.950378 2841.228760
-434.248718 65.507538 2887.469482
-331.453613 -234.034149 2918.509521
-239.448105 92.674988 2916.190430
-158.863037 -183.800262 2971.510742
-205.027969 -598.537170 2951.719727
-227.171585 -867.935181 2955.895508
-363.073456 -170.196808 2876.089844
-333.833191 -599.840210 2827.265625
-360.162231 -967.512085 2888.165039
