-174.719238 609.482971 2781.755371
-157.934921 387.956451 2721.684082
43.183807 404.431702 2726.412598
43.183620 90.399200 2726.412598
43.202000 -223.632965 2726.263672
-359.053680 371.481201 2716.955566
-403.612762 40.032257 2684.853271
-365.134247 -288.442352 2585.651123
-137.565826 155.106659 2666.621582
-6.763746 -68.696686 2614.155518
-3.983557 -547.941528 2643.375488
5.439194 -1009.303223 2655.317627
-227.629715 -86.789581 2608.962646
-185.624832 -564.301514 2637.821533
-167.453873 -1024.679077 2667.532227
-173.202301 610.127625 2783.057617
-156.446060 388.817200 2723.311523
44.676773 404.928528 2728.970703
44.676586 90.896027 2728.970703
44.693657 -223.136139 2728.836670
-357.568909 372.705902 2717.652344
-401.072144 41.635803 2685.753418
-365.114502 -283.402527 2575.365967
-136.238739 156.050354 2667.830566
-5.595016 -67.869797 2615.457031
-2.877125 -547.449585 2639.396729
3.621150 -1008.889832 2653.406982
-226.467819 -85.563217 2609.242188
-184.242386 -563.096252 2637.937988
-170.555481 -1023.802246 2665.376709
-171.605835 609.407227 2783.205322
-155.097153 387.603455 2723.174072
46.027695 403.753571 2728.712158
46.027508 89.721069 2728.712158
46.043419 -224.311096 2728.591553
-356.221985 371.453339 2717.635986
-399.491302 43.494293 2687.161377
-364.493256 -281.094482 2574.738037
-134.879059 154.820129 2667.758789
-4.225151 -69.095322 2615.384277
-2.285018 -548.495605 2643.320801
3.502306 -1010.106323 2649.441406
-225.096786 -86.831070 2609.302734
-183.946884 -564.584961 2635.978516
-170.318954 -1025.257690 2664.678955
-171.975266 608.974854 2783.281982
-155.598572 386.703003 2723.700928
45.536793 402.862976 2728.832031
45.536606 88.830475 2728.832031
45.551468 -225.201691 2728.723633
-356.733917 370.543030 2718.569824
-397.844604 43.831757 2688.719238
-363.359802 -280.035706 2573.880859
-135.489105 153.646332 2669.415527
-4.937382 -70.536987 2617.947510
-4.524319 -550.316772 2637.377686
1.745705 -1011.411133 2656.968994
-225.821899 -88.283691 2612.312744
-186.796219 -566.299500 2637.504883
-169.119247 -1026.685547 2668.491211
-171.683044 608.253052 2783.319580
-155.007385 385.648499 2724.593506
46.129158 401.950684 2729.199219
46.128971 87.918182 2729.199219
46.142841 -226.114075 2729.101562
-356.143890 369.346375 2719.987793
-395.500061 44.122162 2689.208496
-363.477264 -280.192902 2574.822021
-134.875809 152.549896 2670.489258
-4.301016 -71.597275 2618.914062
-2.959311 -551.611694 2631.339600
3.793355 -1012.565674 2655.876465
-225.187454 -89.500168 2613.855957
-189.598007 -567.854431 2637.555908
-165.619614 -1028.088013 2666.079102
-173.119751 606.659790 2783.337891
-156.345581 383.825623 2726.273193
44.729671 401.005005 2730.218262
44.729485 86.972504 2730.218262
44.742401 -227.059723 2730.130371
-357.420837 366.646240 2722.328125
-394.461914 44.268402 2690.281738
-364.891907 -280.857330 2577.510010
-135.375031 150.744781 2672.414062
-3.993679 -72.902817 2620.721191
-2.951540 -552.968994 2620.616455
2.762719 -1013.109497 2656.695068
-224.815277 -91.769302 2616.388672
-192.995682 -570.425110 2639.269531
-165.537827 -1030.448975 2668.400879
-171.777100 602.542908 2773.846680
-155.495132 378.034424 2723.652344
45.681789 394.078125 2727.051025
45.681602 80.045624 2727.051025
45.693657 -233.986603 2726.971924
-356.672058 361.990753 2720.253662
-395.565002 41.145111 2691.758545
-366.402588 -283.950348 2578.734619
-135.987091 143.977585 2673.797119
-6.012531 -81.269669 2625.808105
-3.005014 -561.287354 2617.413086
-2.505655 -1020.540039 2663.514648
-226.945572 -98.888870 2622.075684
-202.597961 -578.184875 2637.049805
-168.580795 -1037.416260 2670.708496
-174.434845 605.414551 2778.102539
-158.202271 381.233795 2726.484863
42.994312 397.195190 2729.090088
42.994125 83.162689 2729.090088
43.005451 -230.869537 2729.018799
-359.398834 365.272400 2723.879639
-399.799927 36.877655 2692.198730
-366.230865 -289.639404 2584.843994
-138.987625 147.275711 2675.963135
-9.297535 -77.918091 2626.872070
-3.780761 -557.539429 2607.241699
-3.531082 -1016.283997 2658.972168
-230.248428 -95.446655 2624.010742
-207.553146 -574.938110 2637.225830
-170.597824 -1033.985596 2670.812500
-175.676270 603.664062 2780.230469
-159.997070 379.643066 2728.178467
41.238789 395.147705 2730.634033
41.238602 81.115204 2730.634033
41.249252 -232.917023 2730.570068
-361.232910 364.138367 2725.722900
-405.802612 41.195862 2697.565674
-365.302948 -285.977814 2594.889648
-141.350601 145.636551 2677.620117
-12.207340 -79.856476 2628.410156
-6.652996 -559.434875 2605.479980
-2.548502 -1018.573608 2653.911133
-233.200928 -96.883423 2625.713379
-206.776718 -576.072754 2642.707275
-172.172028 -1035.834717 2666.428223
-177.727448 600.615234 2782.294922
-162.301682 376.861755 2729.720947
38.929306 392.465393 2732.058350
38.929119 78.432892 2732.058350
38.939190 -235.599304 2732.000732
-363.532654 361.258118 2727.383545
-409.780396 39.951141 2700.482178
-367.664490 -288.369507 2602.068848
-143.569031 142.837860 2679.247314
-14.342079 -82.618195 2630.057129
-5.536204 -562.115967 2605.483643
-0.835279 -1021.594604 2650.969482
-235.330673 -99.753845 2627.490234
-207.948013 -578.973633 2642.871094
-172.847183 -1038.660767 2668.516602
-181.086212 600.328918 2783.825684
-165.208511 376.465027 2731.076660
36.007057 392.350128 2732.632324
36.006870 78.317627 2732.632324
36.016472 -235.714539 2732.580322
-366.424042 360.579926 2729.520996
-411.883270 36.080536 2702.987061
-368.759399 -293.183197 2608.113770
-146.342316 142.414734 2680.761963
-16.989035 -82.913086 2631.301514
-8.816902 -562.058960 2600.486328
1.877097 -1020.979004 2650.140625
-237.963211 -100.358032 2629.593018
-209.889450 -579.573242 2644.414795
-174.512451 -1039.373901 2668.174805
-182.396759 597.440430 2784.592041
-167.216431 373.953278 2732.368652
34.017639 389.650452 2732.872803
34.017452 75.617950 2732.872803
34.026623 -238.414215 2732.826172
-368.450500 358.256073 2731.864502
-413.420258 34.520905 2707.161621
-370.999542 -294.509338 2611.047119
-148.827545 139.821777 2682.251221
-19.941050 -85.690399 2632.410645
-8.815114 -563.467773 2587.380615
-0.968102 -1020.078857 2653.606445
-240.936279 -102.929047 2631.856934
-211.267883 -582.110718 2644.589111
-171.489166 -1041.251709 2673.154297
-184.071930 596.290405 2782.473389
-168.718613 372.225861 2732.685059
32.508900 388.016357 2732.373535
32.508713 73.983856 2732.373535
32.517509 -240.048309 2732.331543
-369.946106 356.435364 2732.996582
-414.631348 32.567383 2712.703857
-372.503540 -296.574432 2616.771973
-150.404694 137.872223 2683.594727
-21.597843 -87.810928 2634.333252
-7.258994 -563.995056 2576.009521
-0.943757 -1019.342163 2651.123779
-242.583725 -105.151901 2634.675537
-207.591187 -584.031189 2642.810059
-173.391220 -1043.333740 2675.424072
-185.482773 594.437805 2783.415039
-170.020172 370.199646 2734.438965
31.207901 386.002258 2733.989014
31.207714 71.969757 2733.989014
31.216194 -242.062408 2733.951172
-371.248230 354.397064 2734.888916
-415.381073 30.267731 2715.796143
-376.031647 -299.967773 2622.527588
-151.725998 135.845612 2685.335449
-22.939354 -89.831360 2635.984863
-4.145519 -562.102783 2554.925781
-0.987901 -1015.610474 2640.614258
-243.924301 -107.185478 2636.479004
-211.878860 -586.312256 2643.149902
-167.711166 -1045.043823 2669.813965
-187.008499 596.300537 2784.391602
-171.298584 371.636963 2737.350098
29.961521 387.035614 2737.002441
29.961334 73.003113 2737.002441
29.969496 -241.029053 2736.968506
-372.558685 356.238312 2737.697754
-418.822021 27.642853 2722.197754
-383.504456 -302.264008 2626.255127
-153.449768 137.244644 2688.263184
-25.090199 -88.692368 2638.985352
-2.834364 -554.195984 2528.503418
-1.952708 -1007.168213 2617.634277
-246.111694 -105.602982 2639.367188
-212.672028 -584.661194 2645.400879
-165.418945 -1043.468750 2665.106934
-188.541946 593.830078 2785.387451
-172.826111 367.513367 2740.028809
28.455917 382.294556 2742.066406
28.455730 68.262054 2742.066406
28.463629 -245.770111 2742.035645
-374.108154 352.732178 2737.991211
-424.592102 27.278809 2726.457031
-389.108124 -303.316772 2632.917969
-155.109985 132.866241 2692.138184
-26.862961 -93.664032 2645.366455
-1.190308 -543.093994 2487.619873
-2.774008 -989.902100 2601.263428
-247.924744 -109.897758 2643.128662
-211.713196 -588.730530 2650.860107
-169.418167 -1048.282227 2661.767090
-190.620880 596.072632 2794.366943
-176.989594 369.288330 2747.248047
24.398581 382.024414 2750.967041
24.398394 67.991913 2750.967041
24.406086 -246.040253 2750.939453
-378.377747 356.552246 2743.529053
-427.986328 22.956207 2729.185791
-391.089966 -307.652802 2636.190918
-161.250275 134.789124 2698.011719
-34.924385 -92.716415 2650.817627
-8.336102 -522.361877 2447.514404
-10.945071 -964.310730 2578.851318
-256.097534 -106.703743 2646.733154
-219.570557 -585.510437 2645.978027
-174.234634 -1044.386719 2667.104492
-189.863647 591.175659 2788.351318
-178.136703 364.179199 2748.221680
23.253895 374.585022 2755.536865
23.253708 60.552521 2755.536865
23.261232 -253.479645 2755.511963
-379.527283 353.773376 2740.906494
-431.002075 26.342682 2730.548096
-396.880096 -304.491333 2637.298584
-164.356598 128.631470 2703.913086
-39.975796 -101.201553 2663.621826
-6.194740 -463.139893 2393.848877
-12.223749 -900.234863 2540.679199
-261.177216 -112.630974 2655.587158
-217.936646 -590.844666 2651.448730
-167.616714 -1049.417847 2669.093262
-190.296402 591.643433 2795.859375
-178.982407 364.554321 2754.751953
22.312647 373.872070 2765.383301
22.312460 59.839569 2765.383301
22.319778 -254.192596 2765.361084
-380.277466 355.236572 2744.120605
-432.680054 24.115051 2730.344727
-401.910553 -307.180359 2637.590820
-165.717651 129.022385 2710.024902
-41.922096 -101.393204 2671.135498
-3.451481 -391.039856 2341.042969
-14.090035 -829.282837 2485.122559
-262.983673 -111.625931 2659.460205
-211.974503 -588.568787 2641.940430
-153.514496 -1045.610962 2669.099121
-190.657898 590.540405 2799.627441
-177.793549 362.796692 2758.832275
23.235611 372.540375 2773.288574
23.235424 58.507874 2773.288574
23.242630 -255.524292 2773.268555
-378.822723 353.053009 2744.375977
-433.342651 12.556854 2726.684814
-400.317169 -320.103943 2636.589111
-163.181885 127.277939 2714.384277
-38.182098 -102.890411 2677.874512
0.975330 -330.921417 2307.508057
-15.217920 -776.635864 2422.618408
-258.958344 -113.591217 2661.998047
-204.268005 -589.588623 2633.288330
-153.048462 -1046.748779 2670.496094
-192.327667 586.908325 2803.503662
-179.173309 358.999084 2763.177979
21.607071 368.804626 2780.812500
21.606884 54.772125 2780.812500
21.613941 -259.260040 2780.794434
-379.953705 349.193542 2745.543457
-434.173767 5.778870 2725.349121
-406.076691 -327.454346 2630.803223
-163.792786 123.463722 2719.028076
-38.169037 -106.687683 2684.560791
-5.363121 -274.507721 2288.058594
-18.959743 -720.364990 2331.613770
-258.655487 -117.455612 2665.195557
-208.376068 -593.921875 2634.238770
-149.020325 -1050.478882 2667.175537
-193.841995 584.135864 2803.441162
-180.353821 355.332886 2765.865479
20.182535 365.351501 2786.103271
20.182348 51.319000 2786.103271
20.189236 -262.713165 2786.086914
-380.890198 345.314270 2745.627686
-433.602448 1.400513 2723.677246
-409.032928 -331.217499 2628.968506
-164.351074 119.414169 2724.083984
-38.241318 -111.003708 2693.414307
-9.264362 -219.671310 2275.532715
-18.062674 -675.599915 2245.310303
-258.455322 -122.005386 2671.190674
-205.414520 -598.063660 2637.569092
-157.495651 -1056.425293 2660.871582
-195.672333 580.931396 2803.902344
-182.263214 351.874146 2768.757812
18.161358 361.884521 2790.258301
18.161171 47.852020 2790.258301
18.167910 -266.180145 2790.243652
-382.687775 341.863770 2747.257324
-432.807098 -4.795258 2723.339111
-404.664856 -337.149445 2629.884033
-166.177002 115.644676 2728.789795
-40.048969 -115.088654 2700.626465
-14.392792 -174.768204 2263.048340
-18.791948 -629.732483 2160.437012
-260.132599 -126.080917 2677.017090
-206.742096 -600.814331 2629.916748
-152.734253 -1057.451904 2667.608398
-196.230789 577.200806 2804.638428
-183.019684 348.145660 2770.718018
17.228754 358.724030 2793.616211
17.228567 44.691528 2793.616211
17.235193 -269.340637 2793.603027
-383.268127 337.567291 2747.819824
-433.406738 -6.396210 2725.669678
-407.866455 -336.977783 2626.488525
-166.064209 111.827560 2731.611816
-39.157486 -118.682228 2705.078369
-15.402412 -143.937866 2260.368896
-11.101990 -582.420044 2077.063232
-259.059967 -130.298859 2679.932861
-203.969345 -603.859558 2623.603271
-150.518539 -1060.145630 2667.928223
-198.618134 572.522156 2805.498535
-185.097626 343.577881 2772.507080
15.142952 354.521759 2795.384033
15.142765 40.489258 2795.384033
15.149279 -273.542908 2795.372070
-385.338226 332.633972 2749.630127
-435.204651 -10.199310 2726.331055
-412.532990 -339.206696 2620.582520
-167.792191 107.161224 2734.130371
-40.540611 -123.246452 2708.314697
-15.871958 -198.508270 2254.482422
-6.375660 -544.477966 1992.540771
-260.432892 -135.264374 2683.192627
-207.345306 -609.566528 2630.545410
-158.020370 -1067.381104 2660.318115
-200.267151 569.223755 2804.431885
-186.670105 340.067474 2773.587646
13.660633 351.669495 2795.328857
13.660446 37.636993 2795.328857
13.666866 -276.395172 2795.318115
-387.000824 328.465454 2751.846436
-434.599182 -12.601410 2729.662842
-416.497559 -340.151703 2620.622070
-168.909500 103.531097 2736.160889
-41.148548 -126.634682 2710.672119
-12.481857 -226.474792 2252.386963
2.894203 -515.844849 1902.012817
-261.149261 -139.375885 2686.796143
-209.149902 -613.604248 2631.928955
-159.182907 -1071.874023 2655.196045
-202.376251 569.229492 2804.397217
-187.668091 339.648529 2775.551270
12.744549 351.948181 2796.123047
12.744362 37.915680 2796.123047
12.750726 -276.116486 2796.113525
-388.080750 327.348877 2754.979492
-433.798340 -14.301880 2730.829834
-417.393585 -341.357086 2620.412598
-169.359375 103.072495 2738.631348
-41.004978 -126.749863 2713.007324
-9.118414 -248.272949 2255.318848
12.393835 -479.342682 1829.165527
-261.096344 -140.257217 2690.415527
-208.289917 -614.141296 2633.151855
-159.821014 -1072.603516 2658.018555
-205.132782 566.428101 2805.871094
-189.821838 337.428162 2777.053223
10.754646 351.195160 2794.664795
10.754459 37.162659 2794.664795
10.760711 -276.869507 2794.656250
-390.398346 323.661133 2759.441650
-432.411987 -7.640594 2735.910156
-416.965271 -328.224060 2614.906738
-170.238571 101.190308 2738.688477
-40.507370 -127.487289 2709.995361
-13.039474 -264.174438 2253.618896
20.121666 -445.850708 1777.905273
-260.803223 -142.607773 2690.652100
-210.276947 -616.528503 2631.564209
-157.609741 -1074.352783 2659.948975
-208.943954 563.157959 2806.101807
-189.869431 334.893341 2777.337891
10.419392 352.804993 2794.152100
10.419205 38.772491 2794.152100
10.425401 -275.259674 2794.144287
-390.158234 316.981720 2760.523682
-435.705872 -9.816711 2736.440674
-417.970123 -332.722900 2618.118896
-165.575043 99.112999 2739.114746
-31.287472 -126.830772 2710.125488
-3.211126 -276.629028 2256.487061
32.556526 -433.405273 1760.596924
-251.273849 -146.503937 2691.657715
-201.306198 -620.821655 2635.288818
-148.251663 -1079.054932 2653.414307
-210.529419 561.297180 2804.719482
-189.462448 333.378906 2776.673584
10.778799 353.584595 2791.399658
10.778612 39.552094 2791.399658
10.784808 -274.480072 2791.392578
-389.703674 313.173248 2761.947510
-435.852661 -10.906647 2741.207031
-414.923981 -334.008636 2622.596924
-162.893677 97.798355 2738.638184
-26.376730 -126.687706 2708.688477
-1.581039 -293.190704 2260.145508
30.088186 -446.890045 1752.812378
-246.273087 -148.876709 2692.517090
-204.405823 -624.251160 2639.100098
-151.465622 -1082.739868 2645.248291
-214.664963 561.250305 2815.537842
-191.772675 334.242554 2780.295898
8.520037 355.562164 2792.717529
8.519850 41.529663 2792.717529
8.526046 -272.502502 2792.711182
-392.065399 312.922913 2767.874268
-435.954407 -11.934570 2747.606201
-414.330353 -334.274811 2627.260986
-164.172791 99.501541 2738.153320
-26.598886 -123.533569 2702.831055
-6.630121 -299.341888 2257.100098
28.855185 -480.365479 1756.779785
-246.546936 -146.945343 2689.190430
-210.698227 -622.004211 2629.306396
-155.132889 -1079.938110 2645.504639
-216.021667 559.891846 2809.449951
-192.319611 332.592621 2778.013672
7.989586 354.829559 2788.610352
7.989398 40.797058 2788.610352
7.995594 -273.235107 2788.604736
-392.628784 310.355682 2767.416992
-436.965851 -13.473541 2754.796387
-413.826050 -334.797180 2630.168701
-164.106842 97.540512 2737.958496
-25.911331 -125.302078 2703.721436
-3.013783 -318.701477 2265.513428
33.748978 -537.038391 1790.710693
-245.876831 -149.721115 2692.085205
-211.955490 -625.869202 2640.380127
-152.669861 -1083.509521 2642.671143
-216.869720 559.965271 2806.907959
-193.529144 332.228333 2776.781738
6.819088 354.911011 2785.735107
6.818901 40.878510 2785.735107
6.825096 -273.153656 2785.729980
-393.877380 309.545685 2767.828369
-437.982269 -14.237000 2760.397949
-415.033875 -336.565582 2638.419189
-165.131348 97.154831 2736.867432
-26.728016 -125.464279 2701.869141
-2.667837 -334.437775 2270.859619
34.699959 -591.794800 1836.062500
-246.739075 -150.373093 2692.037109
-210.417389 -625.582458 2633.620850
-157.712524 -1083.964600 2644.099365
-218.874649 565.320374 2817.138428
-194.185028 339.039764 2780.780762
6.072105 362.469391 2790.066406
6.071918 48.436890 2790.066406
6.078114 -265.595276 2790.061768
-394.442169 315.610107 2771.495117
-437.489349 -18.621124 2766.205811
-409.159546 -343.912354 2650.898438
-164.753418 104.782906 2737.126953
-25.366920 -116.609467 2698.571533
-2.745325 -344.009888 2277.036621
40.726295 -642.566345 1905.220703
-245.276703 -142.338425 2688.374756
-210.071213 -618.307129 2635.492676
-151.517410 -1075.826416 2628.606689
-218.148209 564.742249 2810.252686
-192.658020 338.256348 2777.079102
7.546053 361.579803 2787.721436
7.545866 47.547302 2787.721436
7.552061 -266.484863 2787.717285
-392.862091 314.932861 2766.436768
-438.751984 -16.805664 2770.102783
-412.983795 -344.039612 2665.925537
-163.110016 103.643021 2735.392090
-23.631968 -118.163605 2699.548584
-5.403128 -367.458130 2290.703857
43.917328 -719.813721 1998.417480
-243.492065 -143.776978 2687.861572
-209.147598 -620.650757 2643.533203
-152.654678 -1078.656982 2635.296875
-219.699173 564.892090 2806.810303
-194.237061 338.677063 2774.046143
6.035635 361.634705 2784.276611
6.035448 47.602203 2784.276611
6.041643 -266.429962 2784.272949
-394.509735 315.719391 2763.815674
-441.010742 -8.818604 2771.494385
-413.519318 -339.484894 2683.775146
-165.205353 103.979172 2732.390625
-26.207441 -118.113060 2696.352539
-12.148744 -377.663391 2293.322266
39.641521 -776.217041 2091.227539
-246.139862 -143.324341 2685.117676
-215.521744 -620.362122 2639.347168
-155.587738 -1078.069946 2638.011719
-222.851303 570.655151 2816.586914
-195.436005 345.450409 2776.248779
4.661381 370.031860 2786.051758
4.661193 55.999359 2786.051758
4.667389 -258.032806 2786.048340
-395.533386 320.868958 2766.445801
-440.975586 -5.501617 2773.076172
-411.465088 -339.059875 2700.230469
-164.475586 111.958702 2729.778320
-23.640469 -108.035179 2688.690674
-10.137456 -386.058441 2298.365967
47.566097 -814.024231 2200.020508
-243.389862 -135.030823 2677.925049
-208.649017 -611.796387 2632.033203
-152.489380 -1069.849731 2641.329346
-223.760544 573.834412 2820.981934
-194.845352 349.977478 2775.811523
5.035305 375.843140 2786.643799
5.035118 61.810638 2786.643799
5.041313 -252.221527 2786.640869
-394.726044 324.111847 2764.979248
-438.510712 -0.933319 2774.002197
-410.451019 -336.781952 2712.541748
-162.064575 117.310333 2726.498535
-19.529316 -101.154007 2683.133545
-17.728024 -369.188293 2301.950928
44.636562 -807.862427 2294.110840
-239.038284 -129.559647 2671.237549
-211.791275 -606.755676 2625.073242
-149.100876 -1063.700928 2642.871582
-222.314529 576.549438 2813.674316
-193.514450 352.122772 2770.687012
6.345428 378.312195 2781.221924
6.345241 64.279694 2781.221924
6.351437 -249.752472 2781.219238
-393.374329 325.933350 2760.152100
-432.843872 3.873993 2775.677734
-408.585846 -332.908234 2717.184570
-160.473587 119.100922 2723.145508
-17.693520 -99.540817 2681.388428
-24.589436 -375.917847 2322.501221
38.265144 -817.245483 2373.669189
-237.171936 -128.301041 2669.819580
-211.548126 -606.627319 2639.338623
-154.684494 -1064.448975 2640.144531
-222.796997 579.812622 2819.524902
-195.046799 356.264893 2770.019531
5.040009 381.625183 2777.288330
5.039821 67.592682 2777.288330
5.046017 -246.439484 2777.285889
-395.133606 330.904602 2762.750732
-431.667542 7.372437 2776.823486
-408.226318 -329.672150 2719.003418
-163.725525 123.693146 2719.268555
-22.523819 -94.951660 2672.509277
-31.548126 -390.676483 2333.744385
28.046173 -828.612549 2432.246582
-242.284683 -122.805542 2664.525879
-215.766190 -601.340210 2635.801758
-165.753571 -1060.146362 2636.518066
-220.409622 585.174805 2823.939453
-194.262634 362.992889 2769.108398
6.077662 386.502930 2775.758545
6.077474 72.470428 2775.758545
6.083670 -241.561737 2775.756348
-394.602936 339.482849 2762.458252
-427.145966 12.029785 2781.737061
-407.747650 -324.998962 2722.248779
-165.228485 130.971359 2714.689453
-26.191698 -88.141312 2663.921875
-21.023596 -447.779785 2381.731689
30.661180 -885.608643 2501.257812
-246.196960 -113.959030 2656.619141
-215.620667 -592.702148 2637.800293
-162.250336 -1051.149780 2630.961914
-218.965500 586.577271 2825.152344
-193.304459 365.361328 2766.616211
7.148056 388.365051 2771.610107
7.147869 74.332550 2771.610107
7.154064 -239.699615 2771.608154
-393.756958 342.357605 2761.622314
-424.667358 20.117493 2780.325439
-404.560547 -317.711823 2725.832275
-165.310699 133.702454 2710.063721
-27.252258 -85.325516 2656.253174
-11.246748 -458.482788 2390.497314
29.297537 -883.669556 2552.989502
-247.381607 -110.587318 2650.769287
-210.330551 -589.113098 2641.541016
-163.009323 -1048.292603 2634.635498
-216.621262 589.969055 2814.250977
-191.513062 367.253418 2760.286377
9.054501 389.527130 2763.987061
9.054314 75.494629 2763.987061
9.060510 -238.537537 2763.985352
-392.080627 344.979736 2756.585693
-422.198822 21.903931 2776.763672
-403.921967 -315.686462 2720.033936
-164.706726 134.842529 2706.284180
-27.772121 -85.338257 2654.313965
-3.105936 -466.664459 2423.140869
26.950060 -890.930359 2596.129639
-248.028656 -109.798485 2650.250000
-209.440628 -588.317566 2640.906982
-162.046890 -1047.268188 2649.619385
-213.435043 590.466919 2809.301514
-189.178879 367.405945 2755.798340
11.484125 388.963867 2758.775879
11.483938 74.931366 2758.775879
11.490134 -239.100800 2758.774170
-389.841888 345.848022 2752.820801
-416.559235 25.694855 2773.285889
-399.735718 -311.734131 2715.054688
-163.386749 134.676971 2702.607422
-27.414286 -86.214966 2651.051514
5.555941 -477.199341 2444.272461
25.993279 -900.717773 2623.527832
-247.774948 -109.889076 2647.781494
-205.749451 -588.212097 2643.666260
-161.980560 -1047.598145 2655.497314
-210.945312 591.493408 2807.331299
-186.734955 368.955811 2752.309326
13.966225 390.295959 2754.296631
13.966038 76.263458 2754.296631
13.972234 -237.768707 2754.295166
-387.436127 347.615601 2750.322021
-411.452667 26.792511 2768.539551
-402.341064 -309.958099 2705.486084
-161.455627 136.161377 2699.108887
-25.973595 -84.915390 2646.999756
9.477901 -516.316650 2502.921631
28.533934 -951.740906 2649.237549
-246.378998 -108.350693 2644.817139
-201.994019 -586.455383 2637.438721
-163.221985 -1045.624878 2662.668701
-206.053925 594.104675 2805.341553
-181.283920 371.558960 2749.707275
19.473017 392.134735 2753.211914
19.472830 78.102234 2753.211914
19.479025 -235.929932 2753.210693
-382.040894 350.983185 2746.202637
-407.888519 27.723083 2760.275879
-397.416901 -308.763245 2695.702637
-156.490051 138.709503 2696.493652
-21.459650 -82.841705 2645.204346
17.401236 -536.563782 2549.343262
29.889496 -979.212769 2674.581543
-241.932693 -105.438210 2641.355713
-195.024506 -583.348511 2635.562988
-159.029053 -1042.457275 2667.166260
-201.893539 595.967468 2807.352295
-176.967697 373.975342 2749.196289
23.787813 394.416321 2753.635986
23.787626 80.383820 2753.635986
23.793821 -233.648346 2753.634766
-377.723206 353.534332 2744.756592
-405.651123 30.727386 2751.105713
-391.913391 -305.816132 2687.337646
-152.086075 141.535690 2694.273438
-16.972284 -79.680069 2641.788330
19.932878 -545.882507 2584.986328
26.176998 -994.250732 2689.662109
-237.436615 -102.127823 2636.912842
-191.226379 -579.989624 2642.627930
-158.765244 -1039.983032 2660.945068
-195.577576 596.458740 2811.356445
-173.177017 375.843536 2748.660889
27.698835 395.043274 2753.196533
27.698648 81.010773 2753.196533
27.704844 -233.021393 2753.195557
-374.052887 356.643799 2744.125244
-404.918640 33.111725 2740.595459
-383.384491 -302.056641 2672.395508
-149.710007 144.000381 2690.756348
-15.942945 -77.300278 2635.342285
16.984488 -550.019653 2613.421387
16.129471 -1003.678894 2691.117188
-236.543060 -98.385269 2630.361328
-192.268524 -576.217712 2645.314453
-161.545303 -1036.640015 2657.895508
-191.710648 590.753723 2797.360107
-168.183441 368.353088 2741.501709
32.517029 388.781128 2747.772461
32.516842 74.748627 2747.772461
32.523037 -239.283539 2747.771484
-368.883911 347.925110 2735.230957
-402.632446 33.944519 2730.856445
-375.179382 -298.373077 2652.339355
-142.832764 135.638382 2688.237793
-7.274275 -85.858994 2638.417236
17.848146 -560.849121 2652.931396
25.122145 -1018.257446 2701.364746
-227.689896 -108.293678 2631.530518
-182.795914 -585.905640 2652.231201
-152.912766 -1046.330444 2668.936523
-186.366867 590.323669 2790.360596
-162.065063 367.125427 2737.993408
38.534760 388.273010 2745.170166
38.534573 74.240509 2745.170166
38.540768 -239.791656 2745.169434
-362.664886 345.977844 2730.816650
-398.903351 25.907318 2719.501953
-370.111298 -304.035278 2631.908203
-135.669647 133.913300 2687.406738
0.871927 -87.687027 2640.760742
9.166009 -562.933716 2681.549316
28.218712 -1021.932739 2699.109619
-219.420380 -110.910629 2632.879395
-176.312714 -588.724976 2654.025635
-156.940872 -1049.688232 2669.594482
-182.295547 594.425476 2788.362305
-160.349045 370.942322 2737.525391
40.423752 390.691772 2743.735107
40.423565 76.659271 2743.735107
40.429760 -237.372894 2743.734375
-361.121826 351.192871 2731.315674
-396.780640 27.101410 2710.560303
-366.440704 -301.098694 2616.858154
-135.834015 137.257095 2688.117188
-1.074579 -85.583679 2642.118652
-4.912597 -560.928040 2695.578613
19.411690 -1020.839722 2701.366943
-221.563400 -107.272545 2635.299316
-187.626572 -585.552917 2660.552246
-162.613312 -1046.375610 2673.412354
-177.628403 595.346924 2788.848389
-156.597473 372.103210 2737.641846
44.258347 390.021729 2745.947266
44.258160 75.989227 2745.947266
44.264355 -238.042938 2745.946533
-357.453278 354.184723 2729.336426
-395.154846 33.437653 2703.541504
-362.054321 -291.555389 2600.295898
-133.673874 138.415588 2687.431152
-0.454218 -85.432449 2641.781250
-1.364417 -561.283325 2699.143311
20.535946 -1021.906982 2698.142578
-221.046341 -105.111649 2632.659668
-180.748581 -583.042358 2655.445801
-164.542679 -1044.245728 2668.127686
-173.834320 593.366699 2787.613281
-151.554245 370.290771 2736.381836
49.084667 389.276611 2747.098145
49.084480 75.244110 2747.098145
49.090675 -238.788055 2747.097412
-352.193176 351.304901 2725.665527
-392.581604 28.218353 2693.277100
-351.084900 -290.895264 2577.574707
-126.795990 136.660812 2686.754883
8.134693 -86.543854 2643.012207
10.714541 -562.534668 2703.062744
27.206928 -1023.669800 2699.805176
-212.210159 -107.394432 2631.243652
-171.583145 -584.438049 2666.463379
-156.632004 -1045.763794 2666.708008
-170.339447 595.005432 2785.498535
-146.879837 371.030548 2735.359131
53.469879 390.847351 2749.274170
53.469692 76.814850 2749.274170
53.475887 -237.217316 2749.273682
-347.229553 351.213745 2721.444092
-390.665710 31.455841 2685.958008
-351.001953 -285.504517 2563.890137
-120.443298 137.163116 2687.780762
16.011038 -85.822327 2647.843506
8.224873 -562.398376 2703.662109
29.853079 -1023.385132 2708.786133
-204.024551 -107.586296 2632.561279
-169.677719 -585.352112 2665.461182
-157.262131 -1046.839111 2669.260010
-166.914734 598.081055 2784.426514
-143.512085 373.308411 2735.275879
56.760921 392.654175 2751.016602
56.760735 78.621674 2751.016602
56.766930 -235.410492 2751.016113
-343.785095 353.962616 2719.535156
-389.838959 26.232819 2673.477295
-343.149261 -288.562805 2551.506592
-117.251740 139.165176 2688.926758
18.970928 -84.356018 2651.220215
7.995406 -562.241272 2693.669189
23.862587 -1022.936218 2713.536133
-200.953705 -105.600067 2633.935059
-174.512558 -584.374146 2656.280762
-160.692932 -1045.195801 2676.175293
-163.477188 598.285278 2783.890869
-140.365692 373.689087 2734.825928
59.936409 392.443665 2751.076660
59.936222 78.411163 2751.076660
59.942417 -235.621002 2751.076172
-340.667816 354.934570 2718.575195
-388.916473 23.121490 2663.732910
-338.500702 -287.128632 2541.191406
-114.699104 139.398743 2688.854004
20.945137 -84.594269 2651.804688
12.266060 -562.950745 2691.447266
21.064604 -1024.186523 2704.117676
-199.010162 -105.188965 2633.959473
-176.375488 -584.300110 2655.722168
-162.647675 -1045.246094 2676.836426
-159.400253 597.251282 2786.619873
-136.754623 373.328735 2735.118652
63.444782 390.763397 2753.791748
63.444595 76.730896 2753.791748
63.450790 -237.301270 2753.791260
-336.954010 355.894073 2716.445557
-385.450439 18.058716 2655.857422
-332.405243 -286.350739 2535.234863
-111.979713 139.137558 2688.158691
22.729618 -85.479813 2651.452637
15.645160 -564.616638 2680.257080
19.933754 -1025.332275 2705.899414
-197.139236 -104.627426 2630.944824
-176.542206 -583.934753 2651.893066
-163.121719 -1045.031250 2671.804688
-158.232285 603.210327 2784.486572
-135.436951 377.968994 2735.393311
64.790749 395.374268 2753.936523
64.790558 81.341766 2753.936523
64.796753 -232.690399 2753.936035
-335.664673 360.563690 2716.850098
-380.224243 13.529358 2650.426758
-329.140259 -285.588348 2529.748047
-110.895004 143.329987 2690.631348
23.583710 -81.752487 2656.050537
17.793478 -560.966431 2685.729248
17.324257 -1022.042969 2707.478027
-196.289795 -100.865555 2635.688232
-180.975067 -580.303406 2658.277344
-157.730804 -1040.820068 2680.836182
-155.176376 606.178101 2784.418701
-133.093063 380.368835 2735.968262
67.229912 397.221283 2754.047607
67.229721 83.188782 2754.047607
67.235916 -230.843384 2754.047363
-333.416046 363.516418 2717.888916
-375.105621 11.770294 2647.215576
-327.463928 -285.546814 2527.043945
-109.333954 145.573914 2691.572754
24.418623 -79.967682 2657.104248
19.364754 -559.487244 2682.224609
17.951023 -1020.633789 2704.767578
-195.568314 -98.474365 2637.250244
-180.412308 -578.082214 2656.636475
-161.460312 -1038.954834 2676.915771
-153.512299 606.080566 2783.387939
-132.176682 380.186188 2735.558105
68.236206 396.981628 2752.688965
68.236015 82.949127 2752.688965
68.242210 -231.083038 2752.688721
-332.589539 363.390747 2718.427246
-374.550293 10.885071 2645.110596
-327.026733 -285.911285 2527.698730
-108.738007 145.258286 2691.678467
24.745537 -80.447388 2657.205322
17.879417 -560.211670 2676.650146
18.560257 -1020.603149 2710.267334
-195.344193 -98.891846 2638.392334
-178.255142 -578.410767 2658.794678
-163.600220 -1039.650391 2673.478271
