-131.313812 603.200806 2784.255371
-120.130150 378.292603 2734.562256
80.330559 384.727539 2757.286621
80.330368 70.695038 2757.286621
80.336563 -243.337128 2757.286621
-320.590851 371.857727 2711.837891
-374.125824 15.532471 2648.697754
-321.052216 -278.656616 2497.124023
-107.568314 142.564545 2690.500488
15.064658 -89.630188 2658.916504
18.525547 -569.271362 2682.502197
21.803230 -1030.339233 2707.417480
-205.077621 -96.696869 2633.960938
-156.695969 -574.147705 2652.359131
-171.265335 -1035.442871 2660.577148
-130.722321 603.778015 2783.286377
-119.762009 378.500061 2734.530762
80.682526 384.860962 2757.430176
80.682335 70.828461 2757.430176
80.688530 -243.203705 2757.430176
-320.206543 372.139099 2711.631348
-373.550659 21.282074 2647.802002
-323.227692 -268.081055 2491.340088
-107.260818 142.744232 2690.591797
15.302835 -89.518845 2659.226807
23.132622 -568.827087 2687.659424
19.446835 -1030.203003 2698.978271
-204.822083 -96.504318 2634.078857
-159.949524 -574.361267 2650.813721
-169.359039 -1035.891968 2657.396973
-129.297806 602.077637 2784.327881
-118.774925 376.971008 2734.622314
81.740440 383.204163 2756.927490
81.740250 69.171661 2756.927490
81.746445 -244.860504 2756.927490
-319.290314 370.737854 2712.317139
-373.276184 23.641968 2647.410156
-324.992981 -262.389923 2489.571533
-106.451965 141.397583 2689.673828
15.973186 -90.753250 2656.973145
24.853472 -570.158142 2683.968750
18.278954 -1031.679199 2693.004883
-204.231186 -97.598434 2632.477539
-161.491226 -575.439209 2654.151855
-166.099319 -1037.077271 2653.512695
-129.683136 603.820435 2783.842041
-119.472290 378.484741 2734.298584
81.217682 384.701050 2754.918701
81.217491 70.668549 2754.918701
81.223686 -243.363617 2754.918701
-320.162262 372.268402 2713.678467
-373.637085 22.820282 2649.210205
-325.957245 -259.325897 2488.784912
-107.567902 142.866241 2689.467773
14.537846 -89.338776 2655.959717
24.097895 -569.010071 2677.017578
18.128593 -1029.260986 2706.926270
-205.864868 -96.165710 2633.314209
-166.252594 -574.438232 2650.947998
-167.365845 -1035.968628 2660.037354
-129.262451 606.300049 2783.102539
-119.635796 381.263885 2734.590576
81.216240 387.154358 2753.644775
81.216049 73.121857 2753.644775
81.222244 -240.910309 2753.644775
-320.487823 375.373413 2715.536377
-373.316559 23.409912 2652.111328
-326.006500 -258.296814 2493.063721
-108.486862 145.576508 2689.929688
12.950381 -86.876404 2655.731445
27.879097 -566.480835 2674.994629
16.479992 -1026.982788 2703.124268
-207.626236 -93.345337 2634.806152
-168.794479 -571.860779 2645.642090
-167.359436 -1033.148193 2663.346680
-130.592972 605.541748 2783.234619
-120.863403 380.651306 2734.446777
80.018661 386.259369 2753.320312
80.018471 72.226868 2753.320312
80.024666 -241.805298 2753.320312
-321.745453 375.043243 2715.573242
-373.155396 18.707001 2652.063965
-329.558594 -268.920471 2501.358398
-110.029556 145.073425 2689.135254
11.105102 -87.425171 2654.187012
27.659954 -567.195190 2664.937500
15.196661 -1027.690796 2695.105957
-209.496521 -93.583740 2633.460449
-170.135895 -572.150696 2640.170166
-167.304535 -1033.446045 2659.655029
-130.515442 603.924866 2783.795166
-120.774963 378.347534 2734.250732
80.199219 384.249817 2752.015869
80.199028 70.217316 2752.015869
80.205223 -243.814850 2752.015869
-321.749146 372.445251 2716.485596
-370.578217 6.851776 2651.037109
-317.120148 -290.959320 2519.381592
-109.864349 142.741577 2689.098145
11.400584 -89.623459 2653.700439
32.026127 -569.275818 2653.828369
15.118137 -1028.359497 2697.858154
-209.308044 -96.105301 2634.190674
-168.431381 -574.524963 2643.290771
-164.812073 -1035.818848 2663.763916
-133.328323 601.965332 2785.575928
-123.356735 376.793152 2735.452637
77.723663 383.271301 2751.711426
77.723473 69.238800 2751.711426
77.729668 -244.793365 2751.711426
-324.437164 370.315063 2719.193359
-371.325287 26.309967 2664.005127
-328.411926 -281.345764 2548.943359
-112.075531 141.309555 2689.758301
9.619944 -90.616882 2652.992188
33.875462 -570.145752 2648.978516
10.428679 -1028.855591 2694.969727
-211.208603 -97.731232 2635.136230
-176.920410 -576.681885 2638.726074
-165.836777 -1037.555664 2664.038574
-136.032883 604.124023 2784.963623
-126.762344 378.412292 2736.284424
74.420975 385.230042 2751.048584
74.420784 71.197540 2751.048584
74.426979 -242.834625 2751.048584
-327.945648 371.594574 2721.520264
-372.160797 22.652985 2671.504639
-335.269836 -287.293793 2562.018066
-115.463928 142.828293 2691.113770
6.303976 -89.012115 2654.050049
30.663113 -567.978638 2634.690918
6.459112 -1024.808350 2695.331055
-214.634995 -96.499329 2637.836182
-181.758194 -575.599792 2638.809570
-169.707901 -1035.988892 2671.398926
-137.916702 605.051208 2784.155273
-128.670258 379.150513 2737.404053
72.558411 386.616516 2751.236328
72.558220 72.584015 2751.236328
72.564415 -241.448151 2751.236328
-329.898926 371.684509 2723.571777
-378.135010 34.427368 2686.059570
-348.742981 -278.821991 2585.060059
-116.856430 143.496918 2692.733643
5.449993 -88.057175 2655.658447
31.737120 -565.619324 2617.910400
10.511276 -1020.723694 2691.198975
-215.535202 -96.256180 2640.468018
-183.128128 -575.413574 2642.309082
-165.421783 -1035.895752 2670.804443
-141.291565 602.485352 2784.260010
-130.514984 376.360840 2738.629395
70.591797 385.423950 2753.209473
70.591606 71.391449 2753.209473
70.597801 -242.640717 2753.209473
-331.621765 367.297729 2724.049316
-383.419128 37.437317 2698.921387
-356.069519 -277.950134 2604.319580
-116.614304 140.973633 2693.212158
7.715096 -89.436996 2655.800781
33.382591 -564.559204 2596.252197
15.735649 -1017.782349 2681.278564
-213.142349 -99.390182 2639.789062
-183.403442 -578.725708 2639.350342
-161.285797 -1038.761230 2671.935303
-144.234116 599.848877 2784.312988
-133.859726 374.110474 2740.337158
67.340706 383.604614 2753.232178
67.340515 69.572113 2753.232178
67.346710 -244.460052 2753.232178
-335.060150 364.616272 2727.442139
-389.026917 35.172913 2709.680420
-363.381714 -283.211914 2625.694580
-119.837029 138.741058 2694.835938
4.664750 -91.415100 2656.415283
24.418289 -562.966064 2573.075195
13.464703 -1013.993408 2669.908691
-216.293427 -101.841583 2642.254150
-192.242126 -581.475830 2641.621826
-166.533875 -1041.458374 2672.721436
-149.261642 591.162598 2783.827637
-139.109283 365.670837 2740.711182
62.126175 374.741333 2753.460938
62.125988 60.708832 2753.460938
62.132183 -253.323334 2753.460938
-340.344757 356.600342 2727.961426
-393.664307 35.243896 2719.162598
-371.598541 -285.881592 2645.500000
-125.658569 130.117615 2695.990723
-1.713778 -100.455185 2658.270996
15.870457 -565.164856 2544.503174
13.416094 -1010.101196 2664.768799
-222.701935 -110.416023 2644.269531
-201.152679 -590.180847 2642.274658
-171.391434 -1050.098633 2670.692627
-152.172623 586.219360 2783.097412
-141.120117 360.460358 2741.658936
60.027840 370.285706 2755.214600
60.027653 56.253204 2755.214600
60.033848 -257.778961 2755.214600
-342.268066 350.635010 2728.103271
-397.431030 30.484680 2729.033203
-379.544250 -292.602051 2663.051758
-126.641060 124.846863 2697.585205
-1.712890 -105.371582 2660.954834
20.244179 -559.087158 2511.905029
16.809746 -995.222046 2659.555176
-222.611130 -116.161682 2646.068115
-199.722778 -595.867188 2642.518799
-164.552094 -1055.630493 2666.522705
-158.557953 582.721313 2782.734619
-145.540375 356.423798 2742.980957
55.426796 368.269714 2757.440674
55.426609 54.237213 2757.440674
55.432804 -259.794952 2757.440674
-346.507568 344.577881 2728.521240
-400.584869 27.550995 2739.766846
-386.547302 -296.295105 2676.074463
-128.562225 120.777405 2700.061279
-1.229044 -108.364159 2665.081787
18.612082 -527.076660 2459.241211
12.113564 -949.088806 2641.239258
-221.939102 -121.373817 2649.201416
-202.391479 -601.232117 2647.124756
-165.411346 -1061.139160 2664.586426
-164.728851 583.444153 2793.549805
-151.641876 357.225739 2748.850098
49.256035 369.391846 2764.070801
49.255848 55.359344 2764.070801
49.262043 -258.672821 2764.070801
-352.539795 345.059631 2733.629395
-407.703369 19.852478 2747.803223
-395.349670 -305.060760 2689.190186
-133.912384 122.274063 2702.638184
-5.874056 -105.997452 2664.783691
12.929005 -491.173767 2418.760986
-0.371546 -914.301208 2600.430664
-226.491730 -119.357773 2648.068848
-210.202820 -599.337158 2645.670166
-169.573318 -1059.076172 2659.517578
-168.679245 584.315125 2799.458252
-155.873123 358.193695 2753.798584
44.787582 369.928467 2771.969727
44.787395 55.895966 2771.969727
44.793591 -258.136200 2771.969727
-356.533813 346.458923 2735.627441
-409.845428 1.421539 2755.901123
-405.599274 -326.420898 2701.852783
-137.886688 123.400894 2706.804443
-9.708857 -104.947845 2669.788818
12.941204 -456.717621 2385.029541
-1.502777 -883.822754 2558.319824
-230.091660 -117.835968 2649.831787
-211.930115 -597.758911 2648.269775
-166.791168 -1057.196289 2655.374756
-173.974747 584.960876 2805.415283
-160.219360 359.174713 2758.716309
40.110722 370.573212 2780.265137
40.110535 56.540710 2780.265137
40.116730 -257.491455 2780.265137
-360.549438 347.776215 2737.167480
-409.414368 -7.296539 2765.953125
-415.152405 -336.833679 2704.189453
-141.716522 124.605515 2710.781250
-13.204960 -103.704346 2674.679443
15.897097 -416.636871 2352.902832
-1.803429 -854.000793 2495.372314
-233.222412 -116.223030 2651.012939
-211.409698 -595.798584 2640.671875
-166.854492 -1054.962769 2657.972656
-178.104752 583.925110 2804.388428
-164.505692 357.184692 2761.025635
35.654194 368.296082 2784.354248
35.654007 54.263580 2784.354248
35.660202 -259.768585 2784.354248
-364.665588 346.073303 2737.697021
-411.215485 -12.641052 2766.472412
-424.387695 -346.489899 2707.520752
-146.086685 122.249725 2714.889160
-17.767841 -106.584427 2681.561523
17.129242 -376.315918 2321.385254
-0.987137 -823.332642 2425.712158
-237.567520 -118.786057 2655.943848
-210.753250 -598.096802 2644.134521
-168.720535 -1057.707153 2656.583252
-183.107040 580.274780 2804.916504
-166.434143 354.113892 2764.257568
32.922588 367.652344 2792.239502
32.922401 53.619843 2792.239502
32.928596 -260.412323 2792.239502
-365.790894 340.575409 2736.275635
-413.116089 -22.326965 2764.772705
-425.877869 -359.839020 2703.413086
-144.123169 119.398285 2718.865479
-12.316334 -107.881355 2688.842285
32.294491 -327.519440 2297.035156
15.075018 -781.156250 2332.110840
-231.308044 -122.753258 2658.104492
-200.000381 -601.214111 2634.314697
-158.667755 -1060.667236 2653.454834
-184.774643 577.026001 2805.638428
-168.053009 350.559509 2766.793457
30.812746 363.413635 2798.410889
30.812559 49.381134 2798.410889
30.818754 -264.651031 2798.410889
-366.918762 337.705353 2735.176025
-419.569336 -19.654907 2762.885010
-434.231415 -359.066376 2708.527588
-145.830353 115.600655 2722.541504
-14.415560 -112.300301 2695.649902
26.864172 -284.520721 2281.651855
13.254436 -733.339111 2228.189697
-232.799835 -126.416084 2660.929199
-206.744781 -604.546387 2626.964355
-167.307739 -1063.824463 2653.010254
-188.344452 580.612366 2816.504883
-171.409485 353.911133 2773.162842
27.526646 366.708191 2804.604736
27.526459 52.675690 2804.604736
27.532654 -261.356476 2804.604736
-370.345612 341.114105 2741.720947
-431.286407 -14.326965 2760.444824
-443.821259 -353.288208 2706.009521
-148.831543 119.634048 2725.661621
-17.039379 -107.617592 2695.421631
28.349735 -232.373947 2264.192383
25.544868 -666.783081 2121.461182
-235.467834 -121.668510 2660.899170
-210.139709 -599.382751 2620.174316
-160.885880 -1057.539551 2648.197021
-193.503937 576.050659 2810.429443
-176.507294 348.706787 2772.652588
22.455437 363.143280 2803.275879
22.455250 49.110779 2803.275879
22.461445 -264.921387 2803.275879
-375.470001 334.270264 2742.029297
-440.132843 -13.667786 2753.707520
-453.990997 -351.652161 2687.846680
-152.664246 113.924042 2728.423340
-19.577599 -112.932098 2701.008301
32.866577 -272.264862 2267.717285
43.029160 -617.048584 2029.926392
-238.064789 -128.785278 2667.379883
-210.400909 -606.877808 2632.532471
-161.294556 -1065.560791 2646.221680
-195.707108 575.420654 2818.400879
-178.757935 348.566162 2777.631104
20.431957 362.698608 2806.952881
20.431770 48.666107 2806.952881
20.437965 -265.366058 2806.952881
-377.947845 334.433655 2748.309326
-448.074127 -14.828308 2750.356934
-457.257904 -350.290741 2668.249268
-155.259598 114.214264 2730.953613
-22.392025 -112.377892 2700.375732
39.564663 -277.991699 2262.360840
67.464195 -559.811096 1923.549072
-241.130508 -127.897346 2668.176514
-209.614288 -604.734985 2622.275879
-163.225449 -1063.171265 2648.000488
-196.687729 568.834412 2811.382080
-181.409485 341.090485 2776.183838
17.920635 355.171814 2804.612305
17.920448 41.139313 2804.612305
17.926643 -272.892853 2804.612305
-380.739594 327.009155 2747.755371
-450.029541 -16.419220 2749.179199
-457.370667 -348.633728 2651.804932
-158.588776 106.085159 2732.577148
-26.320644 -121.188438 2704.579834
52.881374 -304.595062 2272.916260
91.716080 -510.495819 1848.291260
-245.215485 -136.651886 2673.361084
-211.449860 -613.529419 2628.466553
-165.957581 -1072.402222 2650.228271
-200.554825 568.387939 2819.376465
-185.064804 341.251587 2780.701172
14.758928 355.744232 2804.844482
14.758741 41.711731 2804.844482
14.764937 -272.320435 2804.844482
-384.888519 326.758972 2756.557861
-450.048340 -19.687256 2750.096191
-457.456848 -347.596161 2640.488525
-162.440704 106.782089 2734.197266
-30.072054 -119.727974 2700.953125
68.728348 -320.138397 2279.338379
110.562256 -430.379913 1787.416504
-249.561142 -135.646881 2674.433594
-212.807022 -611.358887 2620.762939
-163.464523 -1069.712402 2646.041748
-204.100830 565.588745 2822.360596
-187.198181 339.626740 2782.311035
12.807346 355.806458 2803.728271
12.807159 41.773956 2803.728271
12.813355 -272.258209 2803.728271
-387.203705 323.447021 2760.893799
-448.531616 -22.338318 2752.542969
-456.958893 -346.488098 2630.705322
-163.195755 105.423203 2735.093262
-29.371510 -119.896141 2699.635498
75.905838 -319.308838 2277.394775
124.914047 -378.097290 1758.702637
-249.015152 -137.664520 2676.115479
-211.016617 -612.632507 2616.702637
-154.973282 -1069.626953 2650.141602
-207.612183 561.935974 2824.885986
-191.324585 335.468140 2782.317383
9.177910 351.365997 2797.995117
9.177723 37.333496 2797.995117
9.183919 -276.698669 2797.995117
-391.827087 319.570251 2766.639648
-454.287231 -31.158936 2747.793945
-453.141785 -356.023956 2620.473145
-168.955521 101.412216 2733.581299
-36.460442 -123.911789 2693.456299
75.753357 -337.522522 2279.493652
122.513397 -359.484528 1738.336426
-256.712463 -141.375595 2676.234131
-220.526642 -615.818054 2611.546143
-167.223938 -1072.631104 2651.725830
-210.336868 560.167969 2826.129639
-194.247147 333.674316 2781.892334
6.492960 350.037354 2793.862549
6.492773 36.004852 2793.862549
6.498968 -278.027313 2793.862549
-394.987274 317.311218 2769.922119
-456.648254 -33.077026 2748.901611
-454.681000 -353.540588 2614.495117
-172.238220 99.673843 2732.677002
-40.014389 -125.342590 2690.033936
72.495667 -311.831482 2263.649658
128.799194 -363.165497 1736.315552
-260.444183 -143.310638 2676.889404
-218.548370 -615.463989 2600.856689
-161.536438 -1070.047852 2656.155518
-212.476257 558.378540 2837.248047
-196.110901 334.475220 2785.349854
4.768782 350.693695 2795.704346
4.768594 36.661194 2795.704346
4.774790 -277.370972 2795.704346
-396.990601 318.256775 2774.995361
-455.345215 -34.523590 2755.452637
-453.368103 -348.834076 2608.076904
-174.511780 101.615257 2731.054199
-42.631218 -122.340897 2682.443115
68.250114 -292.090454 2248.272949
130.038116 -390.868652 1741.772217
-263.194092 -140.148529 2671.073975
-218.621994 -612.009399 2594.120361
-158.010864 -1066.645752 2646.294189
-213.121155 556.948303 2831.817139
-195.134857 332.897034 2783.235107
5.498585 350.392181 2796.096191
5.498397 36.359680 2796.096191
5.504593 -277.672485 2796.096191
-395.768280 315.401886 2770.374023
-453.680328 -33.260803 2758.731445
-453.671631 -346.458984 2609.867676
-171.413193 99.972656 2730.026367
-37.527836 -123.345490 2683.879395
67.430344 -287.859100 2245.719727
132.435928 -445.948029 1777.614624
-257.855255 -142.557953 2669.755859
-208.637207 -614.664246 2597.160645
-151.700623 -1069.256836 2654.147461
-215.428345 558.338135 2829.593750
-195.853516 334.052979 2782.792236
4.572395 353.111145 2796.820557
4.572208 39.078644 2796.820557
4.578403 -274.953522 2796.820557
-396.279449 314.994812 2768.763916
-451.345398 -30.133514 2761.864014
-449.860199 -341.652649 2612.052002
-170.034149 101.184799 2730.266602
-34.168961 -121.219315 2685.443359
54.860886 -288.695923 2244.845947
123.039917 -500.344147 1817.646240
-254.260590 -142.147446 2670.038574
-216.754089 -616.281311 2605.111816
-148.325729 -1070.210327 2652.538818
-217.088287 560.343872 2827.478516
-196.851501 335.729767 2782.041016
3.444931 355.101990 2797.557129
3.444744 41.069489 2797.557129
3.450939 -272.962677 2797.557129
-397.147919 316.357544 2766.524902
-449.677094 -26.566132 2760.426514
-443.846100 -343.862640 2627.625000
-170.305389 102.773285 2730.210449
-33.783005 -119.546532 2686.899414
45.158081 -305.674255 2252.125244
110.226288 -561.560669 1862.496704
-253.735565 -140.819855 2669.860352
-219.538773 -615.463013 2605.973389
-152.535095 -1069.322021 2657.280273
-217.215668 564.750000 2826.418213
-197.358368 339.152740 2781.739502
2.958525 357.397400 2798.377441
2.958338 43.364899 2798.377441
2.964533 -270.667267 2798.377441
-397.675262 320.908051 2765.101562
-448.839142 -25.277649 2760.208008
-435.309692 -345.509064 2638.662842
-171.870560 105.911674 2730.637451
-36.392159 -117.311539 2688.671143
31.767982 -330.322693 2265.230713
98.313576 -625.882080 1921.294922
-256.373322 -137.347229 2670.399658
-222.534729 -612.703003 2611.476562
-155.812195 -1067.076050 2659.117920
-218.362701 567.918762 2826.889893
-198.546524 342.355652 2781.016846
1.722696 360.040894 2798.842285
1.722509 46.008392 2798.842285
1.728705 -268.023773 2798.842285
-398.815765 324.670410 2763.191406
-443.918915 -24.634979 2761.096924
-430.811432 -347.060791 2646.329590
-173.418854 109.001968 2730.224365
-38.326576 -114.641045 2689.219482
22.457993 -349.115540 2276.056641
91.995926 -701.185974 2002.758545
-258.255768 -134.062378 2669.644287
-224.476379 -609.503723 2610.981934
-157.299164 -1064.285889 2654.152832
-220.099365 570.749634 2826.635498
-200.422775 346.103699 2779.639893
-0.063978 363.550354 2796.735596
-0.064165 49.517853 2796.735596
-0.057970 -264.514313 2796.735596
-400.781555 328.657013 2762.544189
-441.458160 -24.815674 2764.061523
-428.351166 -349.917816 2654.710205
-175.708786 112.891220 2727.995605
-40.981407 -110.741592 2685.738281
11.131207 -371.327026 2287.720215
80.148468 -768.220703 2093.051758
-261.008179 -129.900894 2666.964355
-222.133759 -605.236328 2610.719971
-162.724335 -1060.996582 2654.631104
-218.570328 574.595276 2828.002686
-200.928741 349.331085 2778.079590
-0.386673 364.928802 2794.748047
-0.386860 50.896301 2794.748047
-0.380665 -263.135864 2794.748047
-401.470825 333.733368 2761.411133
-439.725403 -29.903625 2766.029053
-426.222961 -363.075317 2674.816162
-178.385635 116.238144 2724.977051
-45.723007 -108.289948 2681.027344
5.122635 -396.092468 2302.450684
60.439884 -824.497559 2207.079102
-265.962036 -125.419647 2662.721680
-223.201416 -601.320679 2615.383057
-163.120453 -1057.573730 2652.855225
-220.230713 578.381592 2826.673096
-199.801865 353.872131 2775.651611
0.582642 371.949402 2791.570801
0.582454 57.916901 2791.570801
0.588650 -256.115265 2791.570801
-400.186401 335.794861 2759.732422
-437.866302 -25.453705 2771.007812
-429.525146 -363.070679 2691.482178
-174.588074 121.030693 2722.676514
-39.338516 -101.884094 2678.443115
7.317043 -367.368134 2303.996826
55.307747 -806.477783 2304.489014
-259.410034 -121.737404 2660.959717
-208.478531 -597.624146 2623.818359
-153.657104 -1055.135620 2651.832031
-220.731842 579.725830 2826.519287
-199.146667 356.105347 2772.805176
1.092394 375.180176 2789.469971
1.092207 61.147675 2789.469971
1.098402 -252.884491 2789.469971
-399.385742 337.030548 2756.140381
-440.438416 -22.234589 2776.006836
-431.901184 -362.006531 2704.699219
-172.532837 123.557426 2719.199219
-35.972778 -98.516998 2674.743408
3.339783 -370.519135 2314.098633
37.436375 -809.298340 2386.152100
-255.865234 -119.463997 2656.443115
-211.641464 -595.625427 2614.025391
-158.225037 -1052.031128 2656.612061
-223.520813 581.329163 2826.430908
-199.773544 358.857727 2769.801514
0.412584 379.736481 2784.760986
0.412397 65.703979 2784.760986
0.418593 -248.328186 2784.760986
-399.959686 337.979004 2754.842041
-438.733002 -20.111511 2778.506592
-422.232544 -361.960114 2717.951660
-171.436539 126.985626 2714.218750
-33.174080 -93.421631 2666.850586
2.784386 -387.343384 2324.501953
26.037447 -818.946533 2451.328613
-253.024994 -116.351341 2650.421387
-213.526398 -593.535278 2615.219971
-158.715942 -1050.053955 2656.510010
-224.059418 582.285583 2825.897949
-199.988342 361.435730 2766.575928
0.217787 382.702911 2780.837646
0.217600 68.670410 2780.837646
0.223795 -245.361755 2780.837646
-400.194489 340.168579 2752.314209
-438.371063 -19.555725 2779.760254
-417.203217 -362.733398 2726.928955
-171.325104 130.009705 2709.304199
-32.734947 -89.739197 2659.863037
5.451363 -408.039520 2349.211670
14.675280 -834.209717 2507.792725
-252.588776 -113.093475 2644.201904
-216.750519 -591.164246 2618.894287
-160.660004 -1048.238770 2651.308838
-219.931198 584.863342 2816.624268
-198.076874 362.826630 2760.232422
2.328953 382.376465 2774.125000
2.328766 68.343964 2774.125000
2.334961 -245.688202 2774.125000
-398.482697 343.276794 2746.339844
-438.183197 -19.275848 2779.885742
-414.544464 -363.325287 2731.504883
-171.598480 130.662231 2704.975586
-35.077480 -90.767380 2657.347168
7.160507 -440.389404 2378.577637
5.315582 -857.526184 2565.751953
-255.162689 -112.236954 2642.090332
-218.417496 -590.605042 2623.618896
-167.286942 -1047.749512 2662.706055
-217.000458 589.755920 2809.978271
-196.679398 366.156342 2755.657959
3.793352 383.500580 2771.238037
3.793165 69.468079 2771.238037
3.799361 -244.564087 2771.238037
-397.152130 348.812103 2740.077881
-441.411163 1.388550 2776.648926
-420.253723 -341.513672 2729.110596
-172.377899 133.352692 2702.128418
-37.991211 -89.926743 2657.154297
12.838516 -459.341248 2408.852539
0.375650 -874.862976 2604.197998
-258.161591 -108.975166 2640.043457
-214.817245 -586.997986 2631.720215
-170.483276 -1045.697021 2653.941895
-214.439468 590.951538 2808.662842
-195.371368 367.893127 2752.115723
5.116556 383.616333 2769.167969
5.116369 69.583832 2769.167969
5.122564 -244.448334 2769.167969
-395.859283 352.169891 2735.063965
-442.313171 15.290466 2771.072266
-420.045837 -327.163788 2726.024658
-172.474976 135.195419 2697.477295
-39.492241 -88.868774 2652.202148
17.389694 -477.539551 2427.580078
0.317234 -890.898987 2629.796387
-259.664917 -106.135773 2633.475586
-212.527115 -583.931946 2627.986816
-166.686401 -1042.899292 2644.831543
-212.478073 592.907166 2807.008789
-195.294128 370.017273 2749.422607
5.233849 384.375610 2767.264404
5.233661 70.343109 2767.264404
5.239857 -243.689056 2767.264404
-395.822113 355.658936 2731.580811
-441.058319 21.426453 2760.809814
-417.203400 -321.534363 2724.975342
-173.716415 137.334381 2694.158691
-42.033150 -87.464661 2648.691406
18.893360 -496.396393 2450.762939
0.486433 -909.822571 2654.224121
-262.244232 -103.232361 2629.098145
-213.057281 -580.771790 2634.255127
-167.352448 -1039.819580 2652.618164
-208.644562 592.038757 2808.674072
-192.845795 371.293945 2747.467285
7.583084 383.334900 2767.755615
7.582897 69.302399 2767.755615
7.589092 -244.729767 2767.755615
-393.274658 359.252991 2727.178955
-439.942627 26.485809 2751.241943
-416.671082 -316.760590 2719.209961
-173.082047 138.966949 2690.104492
-43.253403 -86.747787 2643.883057
14.751644 -525.400452 2499.460693
3.207639 -953.476929 2666.845947
-263.383179 -99.972305 2621.600342
-211.202606 -577.175598 2631.712402
-165.975708 -1036.458496 2646.171143
-209.019012 590.618896 2808.012207
-192.685806 370.453094 2744.875244
7.497118 381.258118 2768.029785
7.496931 67.225616 2768.029785
7.503126 -246.806549 2768.029785
-392.868713 359.648071 2721.720703
-438.591919 30.900055 2741.219971
-417.131470 -312.719513 2712.867920
-173.420990 138.285660 2686.661133
-44.233559 -87.948624 2641.161377
15.253654 -543.722046 2540.108643
1.089072 -980.606079 2683.692139
-264.078796 -99.814926 2615.732666
-210.321411 -576.812317 2629.182373
-165.516327 -1036.182373 2643.484619
-205.547363 587.899658 2795.671631
-189.381424 365.700500 2737.792480
10.130449 374.984222 2766.291992
10.130262 60.951721 2766.291992
10.136458 -253.080444 2766.291992
-388.893280 356.416809 2709.292969
-437.096283 31.367157 2730.326416
-416.125336 -311.945068 2698.444580
-170.810608 132.503845 2683.750488
-42.658180 -95.593765 2645.361816
13.085205 -560.757568 2568.529785
1.557969 -1002.091919 2700.462158
-261.821411 -105.791885 2614.055176
-207.885544 -582.456665 2635.382568
-165.685013 -1042.066895 2650.289551
-203.949509 588.209473 2790.009766
-187.696503 365.571411 2734.630127
11.321434 373.908020 2766.748047
11.321247 59.875519 2766.748047
11.327443 -254.156647 2766.748047
-386.714447 357.234863 2702.512207
-435.764160 29.302307 2720.885742
-414.027771 -313.279572 2682.825684
-169.448120 131.966232 2682.188965
-41.927658 -97.061707 2647.382324
11.308170 -566.876587 2581.661377
-2.173041 -1011.141052 2704.744629
-260.471832 -106.216217 2612.113281
-207.842285 -583.246826 2628.525391
-163.540741 -1042.500610 2647.496094
-200.415100 588.431274 2789.684814
-184.103867 365.511749 2733.834229
14.181768 372.787781 2770.371582
14.181581 58.755280 2770.371582
14.187778 -255.276886 2770.371582
-382.389496 358.235718 2697.296875
-432.419037 28.966003 2707.417236
-417.311981 -313.413727 2665.104004
-165.823441 131.951508 2681.138428
-38.659798 -97.613281 2648.506104
9.373108 -570.368774 2590.384766
0.078649 -1016.314331 2708.660645
-256.426239 -105.604179 2608.379150
-205.026001 -582.731445 2626.756592
-160.671936 -1041.998291 2645.739990
-194.180222 589.078125 2791.519043
-178.347763 366.285889 2734.552490
19.140228 372.354065 2775.364014
19.140041 58.321564 2775.364014
19.146236 -255.710602 2775.364014
-375.835754 360.217682 2693.740967
-428.207764 20.483063 2691.205811
-416.672974 -320.979950 2649.718018
-160.255402 132.732254 2681.729492
-33.721649 -97.489304 2651.316162
8.531670 -571.969238 2596.895020
1.862790 -1018.972290 2711.925537
-250.604416 -104.153427 2606.496826
-202.862671 -581.527222 2628.024658
-161.094284 -1040.950562 2648.934570
-191.850830 587.585999 2786.933838
-176.840012 363.974060 2731.560059
20.391422 369.655121 2773.853760
20.391235 55.622620 2773.853760
20.397430 -258.409546 2773.853760
-374.071442 358.292999 2689.266357
-425.607269 14.747437 2677.094971
-412.429077 -324.672119 2621.625732
-159.038696 130.125198 2679.957275
-32.961552 -100.604874 2651.572754
3.563778 -576.877625 2607.198486
-3.743598 -1027.787598 2704.554688
-249.513199 -106.842445 2605.136230
-208.222763 -584.613098 2630.181885
-163.690536 -1044.014648 2641.603271
-190.580872 588.103638 2785.143311
-174.600418 364.590698 2730.593750
22.384806 370.731079 2774.066162
22.384619 56.698578 2774.066162
22.390814 -257.333588 2774.066162
-371.585663 358.450317 2687.121338
-424.808136 12.372742 2663.037842
-407.615295 -324.241272 2592.754150
-156.087555 130.628784 2679.753174
-29.423494 -99.961868 2652.780273
13.334326 -576.330566 2612.880859
-5.180532 -1027.265381 2709.053223
-245.725876 -106.704391 2605.044922
-205.554703 -584.692383 2628.387207
-159.995865 -1043.648926 2648.827148
-188.271332 589.719177 2784.748779
-173.278992 365.368713 2730.493652
23.513802 370.614349 2774.994141
23.513615 56.581848 2774.994141
23.519810 -257.450317 2774.994141
-370.071777 360.123047 2685.993164
-421.898041 8.191833 2653.512695
-401.614136 -322.064392 2557.271973
-155.492416 131.400208 2679.416504
-29.653770 -99.688080 2652.772949
13.213425 -576.308960 2613.990723
-9.186306 -1027.369751 2709.538086
-245.757935 -105.448486 2603.905762
-204.432373 -582.989624 2633.255371
-168.265366 -1042.907959 2649.464844
-186.062881 590.985840 2784.549316
-171.055298 366.967560 2730.754639
25.508652 371.852264 2776.325928
25.508465 57.819763 2776.325928
25.514660 -256.212402 2776.325928
-367.619232 362.082855 2685.183350
-420.947052 12.100342 2645.245850
-400.083038 -309.487396 2526.928467
-153.496918 132.886246 2680.110352
-28.009872 -98.512985 2654.488281
17.136932 -574.792236 2613.258789
-6.614620 -1024.299438 2715.754639
-243.867218 -103.877151 2604.443848
-202.157730 -581.761597 2626.189941
-167.685318 -1040.125366 2663.966797
-184.664368 590.938171 2783.956787
-169.499969 367.338043 2730.078857
26.782803 372.069794 2776.874023
26.782616 58.037292 2776.874023
26.788811 -255.994873 2776.874023
-365.782745 362.606293 2683.283691
-419.471558 14.048462 2637.620605
-387.084381 -298.612610 2502.468506
-151.642212 133.411072 2678.828125
-26.007931 -97.917755 2653.272217
21.401314 -573.822327 2609.866455
-6.442249 -1023.259766 2711.906982
-241.560974 -103.114044 2601.882568
-199.702545 -580.791992 2628.002686
-168.431610 -1040.281250 2655.792236
-183.502808 590.224854 2783.148926
-167.457764 367.336853 2729.927002
28.893391 373.093140 2776.329346
28.893204 59.060638 2776.329346
28.899399 -254.971527 2776.329346
-363.808899 361.580597 2683.524658
-417.741394 16.017548 2627.304932
-381.316467 -288.645874 2480.839844
-148.673523 133.311325 2679.472656
-22.075008 -97.553513 2654.497314
25.266945 -573.402100 2610.100342
-3.598104 -1021.469360 2717.775879
-237.703552 -103.874924 2603.539307
-197.325333 -581.879761 2626.078857
-165.846771 -1040.483643 2666.242920
-182.380798 592.033325 2783.248047
-165.307816 368.298523 2731.014648
31.027142 375.254517 2777.323730
31.026955 61.222015 2777.323730
31.033150 -252.810150 2777.323730
-361.642792 361.342529 2684.705566
-417.878601 14.500732 2617.145752
-367.536011 -280.235077 2459.245117
-145.289825 134.217987 2681.305664
-17.465496 -96.043060 2657.024658
26.896751 -572.228394 2613.102783
-3.469595 -1021.079712 2717.148682
-233.078171 -103.682037 2606.168701
-197.034225 -582.003845 2629.406494
-165.470291 -1041.097656 2665.706055
-181.396439 592.226074 2783.299316
-163.906937 368.425720 2731.094727
32.550430 376.025665 2776.787842
32.550243 61.993164 2776.787842
32.556438 -252.039001 2776.787842
-360.364288 360.825745 2685.401611
-418.448761 17.741425 2615.079346
-363.184906 -267.242676 2447.229492
-143.310593 134.375031 2681.469482
-14.841417 -95.502579 2656.933838
25.445108 -571.800842 2610.505371
-4.741499 -1020.967712 2713.360840
-230.587082 -103.848709 2606.754639
-195.501236 -582.392334 2626.925049
-167.745880 -1041.924316 2661.843506
-180.228806 589.360474 2784.333008
-162.534943 366.463684 2730.982178
34.086388 374.126587 2775.960693
34.086201 60.094086 2775.960693
34.092396 -253.938080 2775.960693
-359.156281 358.800842 2686.003662
-417.229004 18.871948 2611.547119
-359.752228 -259.148010 2439.785400
-141.677795 132.817993 2679.611816
-12.857599 -96.620102 2652.938721
25.125586 -573.170349 2607.029297
-5.828756 -1021.666565 2712.578613
-228.783691 -105.035324 2603.544189
-198.596725 -583.739014 2627.080322
-165.557617 -1043.094849 2659.999756
