-152.687042 606.769653 2783.374023
-131.366470 380.613403 2735.566650
69.129379 397.606720 2751.481201
69.129189 83.574219 2751.481201
69.135384 -230.457947 2751.480957
-331.862305 363.620087 2719.652100
-372.274445 10.441620 2645.058105
-326.912201 -287.376678 2531.509521
-107.984451 145.638275 2691.895996
25.489298 -80.005859 2656.964111
17.787111 -559.813232 2675.965332
19.642427 -1020.156738 2711.413086
-194.694153 -98.667847 2639.486572
-177.536102 -578.343628 2655.553955
-164.576569 -1039.327637 2677.671631
-150.803101 606.302429 2784.370605
-129.043472 380.878235 2735.672363
71.446701 397.566895 2752.010742
71.446510 83.534393 2752.010742
71.452705 -230.497772 2752.010498
-329.533630 364.189575 2719.333984
-370.634552 10.721954 2650.530029
-327.920044 -288.711060 2539.323730
-105.879532 146.006744 2691.331543
27.371120 -79.701218 2655.961914
15.641841 -559.343872 2676.931641
20.933302 -1020.019531 2707.563965
-192.802307 -98.028305 2638.019531
-177.532471 -577.675964 2656.770996
-159.893173 -1038.797852 2666.092285
-149.680237 607.101318 2783.866943
-128.835556 381.579498 2735.370117
71.757568 398.239319 2750.393555
71.757378 84.206818 2750.393555
71.763573 -229.825348 2750.393311
-329.428680 364.919678 2720.346680
-370.817413 8.361328 2654.769531
-332.184113 -293.594086 2545.566406
-105.993401 146.713531 2690.828857
26.994781 -79.004501 2654.536865
14.524295 -558.651978 2675.423340
17.647854 -1019.215088 2708.452637
-193.297272 -97.300369 2638.038330
-181.680481 -577.171570 2652.874023
-161.012146 -1037.782593 2673.479248
-148.629211 607.870850 2783.114990
-129.046509 382.398499 2735.189697
71.659599 398.730652 2749.006104
71.659409 84.698151 2749.006104
71.665604 -229.334015 2749.005859
-329.752625 366.066376 2721.373291
-371.406464 9.181122 2665.890137
-331.416107 -295.272430 2560.115723
-106.870819 147.442596 2690.787598
25.512093 -78.545380 2653.971924
15.596974 -558.030640 2679.153564
15.256001 -1018.941650 2706.807617
-194.902344 -96.481262 2638.799072
-182.759125 -576.409790 2651.843506
-162.114243 -1036.816528 2678.420654
-147.934509 607.797241 2783.237793
-128.522125 382.343719 2734.785645
72.266708 398.710083 2747.286133
72.266518 84.677582 2747.286133
72.272713 -229.354584 2747.285889
-329.310944 365.977356 2722.285156
-372.802124 26.212158 2678.105957
-341.168671 -282.938751 2582.320068
-106.608818 147.344772 2690.477295
25.557167 -78.667435 2653.032959
15.211971 -558.237122 2676.685303
17.340422 -1018.935547 2707.850342
-194.948181 -96.640915 2639.304932
-179.486938 -576.423645 2654.034668
-163.619858 -1037.406006 2672.614502
-148.388031 608.590027 2782.797852
-128.900009 382.309631 2735.285645
71.941978 398.851929 2746.660400
71.941788 84.819427 2746.660400
71.947983 -229.212738 2746.660156
-329.742004 365.767273 2723.910889
-374.276306 33.217468 2685.999512
-348.073029 -279.172516 2598.261719
-107.045029 147.256775 2691.233398
25.091024 -78.712784 2653.427002
16.005852 -558.509338 2672.145264
19.321192 -1018.339111 2713.248779
-195.471115 -96.879349 2640.935303
-180.883362 -576.528809 2660.022461
-164.449570 -1037.769531 2669.022461
-149.752625 607.683533 2784.081299
-130.299652 382.022156 2735.099854
70.588745 398.866760 2745.105957
70.588554 84.834259 2745.105957
70.594749 -229.197906 2745.105713
-331.188049 365.177551 2725.093750
-375.381866 36.035675 2692.689453
-353.435974 -280.127991 2618.279785
-108.361649 147.176819 2690.005371
23.883993 -78.419174 2650.405273
13.486199 -558.388062 2659.329346
17.935505 -1016.754517 2713.343994
-196.731277 -96.917892 2639.416504
-183.756454 -576.493652 2661.434570
-165.137619 -1037.736694 2661.171875
-149.697128 604.565918 2784.725342
-130.514435 379.944214 2734.648438
70.399330 396.716064 2744.342529
70.399139 82.683563 2744.342529
70.405334 -231.348602 2744.342285
-331.428192 363.172394 2724.954346
-376.228516 36.097412 2697.973877
-357.329742 -283.165894 2637.134521
-108.697021 145.310715 2688.415039
23.439095 -80.113647 2647.504639
15.193398 -560.203613 2654.875000
18.895559 -1018.429749 2711.120850
-197.198303 -98.531952 2636.858643
-185.231293 -578.186523 2657.983154
-163.786758 -1039.340576 2662.869873
-151.190216 603.118042 2784.041992
-131.893372 378.320129 2734.388428
69.051712 395.383972 2742.795410
69.051521 81.351471 2742.795410
69.057716 -232.680695 2742.795410
-332.838470 361.256226 2725.981445
-377.269501 34.662933 2704.987549
-359.838959 -286.123108 2650.767334
-110.036774 143.671295 2688.240234
22.159000 -81.607727 2646.708252
12.045571 -561.702393 2653.339355
18.932449 -1019.726807 2711.326904
-198.519348 -100.347321 2637.475830
-187.032257 -580.062317 2657.629395
-165.127350 -1041.196655 2666.069824
-152.673920 600.699951 2784.701660
-132.976608 376.308655 2734.300537
68.005859 393.797241 2740.344238
68.005669 79.764740 2740.344238
68.011864 -234.267426 2740.344238
-333.959076 358.820007 2728.256836
-379.919830 31.326355 2712.820801
-361.946686 -290.516663 2664.518799
-111.158882 141.838989 2687.236328
21.023451 -83.027206 2643.490723
13.113228 -563.188049 2649.199463
18.603342 -1021.639404 2704.100830
-199.705780 -102.234116 2636.853516
-189.298492 -582.131226 2652.185547
-164.180054 -1042.726318 2670.696289
-155.923523 600.870605 2784.030029
-135.560272 376.064392 2734.297119
65.417580 394.197388 2737.698975
65.417389 80.164886 2737.698975
65.423584 -233.867279 2737.698975
-336.538116 357.931427 2730.895264
-381.759064 28.190247 2719.187744
-365.219574 -294.722961 2677.643311
-113.609741 141.567749 2687.422852
18.702063 -82.971695 2642.416504
14.456633 -563.194153 2645.579590
15.294186 -1021.116333 2704.841797
-202.020477 -102.886124 2638.680664
-191.961212 -582.783081 2654.687500
-164.199219 -1043.319824 2672.687012
-158.709656 600.911804 2784.191650
-137.983032 375.870667 2734.420654
62.932564 394.954041 2736.073242
62.932377 80.921539 2736.073242
62.938572 -233.110626 2736.073242
-338.898621 356.787323 2732.768066
-385.375610 26.942719 2723.738281
-368.501160 -296.347412 2684.614990
-115.339340 141.596268 2686.779297
17.624170 -82.199753 2640.045410
14.462868 -562.401550 2636.746094
15.537710 -1019.834717 2699.809082
-203.015472 -103.156540 2638.230469
-187.074127 -582.929871 2652.013916
-165.112503 -1043.595825 2674.026611
-163.045441 597.300476 2783.283936
-142.515411 372.488098 2733.586914
58.466393 390.823059 2732.554199
58.466206 76.790558 2732.554199
58.472401 -237.241608 2732.554199
-343.497192 354.153137 2734.619629
-389.712646 24.631348 2730.086914
-371.060608 -298.396698 2689.262207
-121.399979 138.286469 2684.924316
10.077791 -85.847153 2635.694824
9.795675 -566.057495 2630.276855
8.514814 -1023.413696 2694.031738
-210.646896 -105.983170 2636.828613
-195.449829 -585.903381 2643.425049
-173.487076 -1045.805542 2676.681885
-165.357788 595.100769 2783.320068
-144.755310 370.666504 2733.531250
56.196770 389.315125 2731.138672
56.196583 75.282623 2731.138672
56.202778 -238.749542 2731.138672
-345.707367 352.017944 2735.923828
-394.686096 23.362946 2738.302246
-375.030273 -298.880096 2692.191895
-123.617966 136.580566 2684.307129
7.855415 -87.266068 2633.769287
12.568029 -567.259033 2621.125977
18.464739 -1023.538818 2691.375488
-212.816681 -107.744705 2636.396729
-191.393845 -587.358643 2646.275146
-169.139954 -1047.848389 2669.426270
-169.129639 597.031006 2784.338867
-150.269394 372.360840 2736.168213
50.641216 390.939087 2731.350586
50.641029 76.906586 2731.350586
50.647224 -237.125580 2731.350586
-351.180023 353.782532 2740.985840
-397.152161 22.097198 2743.108154
-379.321686 -299.501862 2692.056152
-129.793350 138.191040 2687.055664
1.004238 -85.777267 2635.297607
11.327090 -564.186035 2601.326416
14.059787 -1019.492920 2677.836914
-219.638855 -106.180222 2640.588623
-197.050003 -585.718323 2653.031982
-174.151688 -1046.481323 2670.969727
-171.285934 597.848572 2793.855225
-153.697266 373.840149 2741.287354
47.244995 392.283356 2736.773193
47.244808 78.250854 2736.773193
47.251003 -235.781311 2736.773193
-354.639526 355.396942 2745.801514
-398.415833 23.538666 2746.568115
-382.510803 -297.087921 2689.302979
-133.428314 140.285904 2689.319824
-2.829485 -83.141861 2634.873779
18.307501 -552.652283 2551.764893
15.835253 -999.588989 2662.254639
-223.489243 -103.394821 2639.830811
-198.771729 -582.916931 2643.466553
-169.867889 -1043.244629 2664.171387
-174.254440 595.356079 2799.607666
-156.844086 372.979004 2745.882324
44.166054 391.016052 2743.378662
44.165867 76.983551 2743.378662
44.172062 -237.048615 2743.378662
-357.854218 354.941925 2748.385986
-400.590393 26.599823 2749.735840
-389.223969 -293.472717 2688.449951
-136.541229 139.471390 2693.674316
-5.862389 -84.131927 2640.091553
21.196352 -539.749390 2505.712646
15.176615 -975.011169 2652.818115
-226.614380 -103.940491 2642.841064
-205.738266 -583.690918 2645.642090
-167.316711 -1043.170532 2668.541016
-178.266037 594.810425 2801.985352
-160.476349 371.377533 2750.236572
40.566292 389.049622 2750.765381
40.566105 75.017120 2750.765381
40.572300 -239.015045 2750.765381
-361.518982 353.705414 2749.707764
-403.078491 27.245636 2754.471191
-393.444275 -291.325073 2685.721191
-139.803726 137.740845 2698.739746
-8.731428 -86.191452 2647.533203
23.749929 -504.938538 2438.690186
13.390667 -925.254028 2622.617920
-229.530777 -105.600235 2646.952637
-207.128311 -585.319275 2647.891602
-171.700653 -1045.181396 2669.260254
-181.476089 594.165955 2804.169189
-164.043564 369.936707 2755.094238
37.034660 386.953369 2758.049561
37.034473 72.920868 2758.049561
37.040668 -241.111298 2758.049561
-365.121796 352.919983 2752.138916
-404.982025 25.764404 2756.012939
-396.305817 -291.093872 2679.723877
-143.506989 135.858276 2705.614990
-12.559298 -88.876343 2657.758545
21.494417 -459.625458 2387.848389
9.021154 -875.458435 2584.512939
-233.381516 -107.563927 2654.512939
-210.333939 -587.258972 2652.342285
-169.151962 -1046.840332 2668.289551
-183.998825 591.595581 2804.261719
-167.086792 366.052307 2758.515869
34.045021 382.151215 2763.051025
34.044834 68.118713 2763.051025
34.051029 -245.913452 2763.051025
-368.218567 349.953400 2753.980713
-411.000305 4.890411 2752.504395
-395.269043 -311.170685 2672.099121
-147.243515 131.481094 2711.155762
-16.963713 -94.250595 2666.285645
17.265768 -407.350525 2339.841309
8.103962 -827.125122 2529.962891
-237.836777 -111.929634 2661.305664
-212.821899 -591.261841 2648.666504
-167.522079 -1050.553467 2662.677246
-185.712936 589.251221 2804.313721
-168.745056 363.363464 2761.810059
32.369110 378.825623 2768.655518
32.368923 64.793121 2768.655518
32.375118 -249.239044 2768.655518
-369.859222 347.901276 2754.964600
-418.506195 -10.049744 2747.250000
-396.970093 -327.402924 2664.574463
-149.114807 128.575119 2715.415527
-19.052444 -97.722916 2672.779785
17.751377 -351.465454 2304.653809
9.170475 -783.352722 2446.214844
-239.916687 -114.703514 2665.262207
-209.506989 -593.014526 2639.030273
-168.002945 -1052.256958 2661.772949
-186.882675 584.936646 2805.338135
-169.720520 358.533997 2764.753174
31.341906 374.238342 2772.754639
31.341719 60.205841 2772.754639
31.347914 -253.826324 2772.754639
-370.782928 342.829651 2756.751709
-425.257019 -14.523926 2743.619141
-406.182404 -333.811584 2657.957031
-149.558090 123.633896 2719.141602
-18.998476 -102.643448 2677.923340
17.983126 -296.419586 2280.225586
10.692675 -753.863281 2360.506104
-239.792831 -119.888992 2669.136719
-205.050705 -597.253113 2632.710449
-166.609650 -1056.710327 2657.505859
-190.658936 585.148743 2815.875000
-169.386322 360.038269 2771.541260
31.249733 378.725677 2782.432373
31.249546 64.693176 2782.432373
31.255741 -249.338989 2782.432373
-370.022339 341.350830 2760.650146
-429.611694 -15.785339 2740.852783
-409.868103 -335.549561 2648.383057
-144.970596 126.184563 2723.009766
-10.367447 -97.406174 2680.459473
24.593678 -233.013214 2259.080811
20.948452 -706.735107 2271.220947
-230.742310 -117.932091 2668.497070
-195.454041 -594.482849 2622.609863
-160.787872 -1053.035034 2661.819824
-193.349701 579.852722 2810.114502
-170.829300 354.522125 2771.653076
29.625910 375.234619 2782.496094
29.625723 61.202118 2782.496094
29.631918 -252.830048 2782.496094
-371.284546 333.809631 2760.810059
-431.803497 -15.393005 2743.911133
-411.954956 -336.309357 2645.385498
-144.155609 120.364731 2725.825684
-7.421228 -102.420395 2685.951660
17.932840 -195.123108 2249.730713
19.610228 -670.984009 2185.800781
-227.542603 -125.164932 2674.044922
-203.128143 -601.756226 2622.324463
-160.713104 -1059.500366 2664.087158
-194.494370 577.773743 2818.243408
-171.252579 352.119873 2777.805908
29.098715 373.385803 2789.714600
29.098528 59.353302 2789.714600
29.104723 -254.678864 2789.714600
-371.603851 330.853973 2765.897217
-433.397003 -16.702698 2746.461914
-412.805634 -336.573486 2640.850342
-143.600983 118.501129 2729.780273
-5.945250 -103.441452 2688.293213
16.449360 -155.577606 2238.969971
24.788054 -614.508057 2094.005127
-225.953537 -126.793816 2675.216064
-203.637650 -602.582886 2615.251221
-160.718887 -1060.471436 2656.075928
-197.396729 574.742676 2822.304443
-173.281769 348.932373 2781.348389
27.032951 370.975891 2792.577148
27.032764 56.943390 2792.577148
27.038960 -257.088776 2792.577148
-373.596497 326.888855 2770.119629
-434.203949 -16.356323 2750.237305
-417.455231 -335.982941 2641.347168
-144.872131 115.491119 2732.811768
-6.474998 -105.846611 2690.440674
14.448833 -130.180222 2239.455811
34.618179 -555.645447 2002.973389
-226.449982 -130.053619 2678.109619
-205.483292 -605.096069 2611.616943
-162.455078 -1062.197266 2660.258057
-199.361404 573.937012 2823.828857
-175.338043 347.114380 2784.045898
24.991894 369.344910 2794.727539
24.991707 55.312408 2794.727539
24.997902 -258.719757 2794.727539
-375.667969 324.883850 2773.363770
-435.102051 -21.179688 2754.119141
-421.883728 -339.423279 2637.771240
-146.858917 113.575027 2735.971191
-8.382732 -107.758011 2693.761719
12.586599 -114.795799 2250.471191
49.671272 -511.528381 1917.229980
-228.376831 -132.170670 2682.031250
-208.402115 -607.046448 2613.554688
-164.547226 -1064.249268 2661.044434
-201.331055 569.773560 2835.597412
-176.446686 345.360565 2789.076660
23.860008 367.886841 2799.640625
23.859821 53.854340 2799.640625
23.866016 -260.177826 2799.640625
-376.753357 322.834290 2778.512695
-435.053497 -24.089264 2758.063965
-422.104340 -341.409393 2634.345703
-147.525070 112.940643 2736.289062
-8.617882 -107.110428 2689.302002
29.616295 -168.667908 2236.291504
68.553436 -462.160706 1830.496582
-228.589050 -131.848129 2677.700928
-204.975876 -605.572021 2602.822021
-164.283783 -1062.841797 2652.572510
-203.512924 562.676880 2841.468994
-177.748993 339.726074 2790.659912
22.416964 364.282471 2798.513916
22.416777 50.249969 2798.513916
22.422972 -263.782196 2798.513916
-377.914948 315.169617 2782.805908
-435.058868 -27.025146 2763.036621
-423.611023 -344.046722 2630.679932
-147.154465 108.376511 2734.271484
-6.635286 -109.487442 2682.196289
53.514870 -227.834351 2235.880859
86.378937 -403.281311 1764.869507
-226.484573 -136.458633 2673.569824
-202.081955 -610.978027 2604.056885
-160.258072 -1068.027832 2655.067139
-207.079758 560.751953 2844.404541
-179.401352 338.017700 2792.846191
20.540363 364.775269 2798.882324
20.540176 50.742767 2798.882324
20.546371 -263.289398 2798.882324
-379.343048 311.260132 2786.810059
-437.036652 -27.008850 2770.013184
-424.203400 -345.007629 2637.137207
-146.774994 107.141266 2735.576904
-3.814976 -108.969566 2681.638672
49.114326 -347.487305 2268.139648
77.361000 -559.625916 1858.908569
-224.482285 -138.500763 2674.976562
-202.211349 -613.325317 2606.605957
-159.039291 -1070.433594 2656.022705
-208.851028 560.052063 2845.384277
-180.986389 336.733398 2794.199463
18.909843 364.267395 2797.852539
18.909657 50.234894 2797.852539
18.915852 -263.797272 2797.852539
-380.882629 309.199402 2790.546387
-438.517883 -26.504913 2778.006836
-424.935608 -346.157471 2646.602783
-148.138733 105.848457 2737.002930
-6.728737 -110.082947 2681.790283
37.075562 -430.333344 2326.551758
63.319275 -685.971924 1942.844971
-223.853424 -139.990005 2677.822510
-206.669250 -614.712219 2607.363037
-160.636612 -1071.371826 2658.301025
-209.861298 555.736938 2857.874023
-182.105865 335.384399 2798.734619
17.788685 363.124023 2801.715576
17.788498 49.091522 2801.715576
17.794693 -264.940643 2801.715576
-382.000397 307.644806 2795.753662
-439.771759 -31.744812 2781.506836
-423.909271 -357.220795 2661.695801
-149.362015 106.269974 2735.072266
-8.085423 -107.783249 2673.028564
27.533707 -483.425476 2375.879150
51.746506 -775.617188 2019.075928
-225.150925 -137.905685 2669.791260
-204.872070 -611.425537 2592.599121
-163.402847 -1067.710449 2649.905762
-209.473511 554.057739 2852.625244
-182.541382 332.943329 2797.324219
17.370552 360.636749 2797.463867
17.370365 46.604248 2797.463867
17.376560 -267.427917 2797.463867
-382.453339 305.249908 2797.184570
-440.870514 -40.383545 2785.260498
-422.274261 -367.677399 2671.594238
-150.664886 103.145767 2735.553223
-10.878792 -111.703285 2673.857666
17.793392 -524.094482 2429.347900
40.010269 -846.775818 2099.720947
-226.697968 -141.600311 2673.706787
-204.643311 -615.435791 2598.756348
-162.477295 -1069.962769 2667.514648
-209.102844 551.161438 2849.997803
-182.554199 329.548462 2795.790283
17.401726 357.026642 2795.628906
17.401539 42.994141 2795.628906
17.407734 -271.038025 2795.628906
-382.510132 302.070312 2795.951660
-442.424072 -45.183258 2789.644531
-422.288116 -375.250122 2684.704834
-151.018158 99.699768 2733.915527
-10.923935 -115.230759 2671.953125
12.027046 -551.682495 2472.812988
32.324799 -899.647827 2169.862793
-228.040283 -145.067123 2672.128418
-203.016357 -618.191467 2593.678711
-158.367493 -1073.427002 2656.182617
-207.873337 554.497681 2848.175781
-182.235855 331.613098 2795.786621
17.886850 357.867462 2796.216797
17.886663 43.834961 2796.216797
17.892859 -270.197205 2796.216797
-382.358582 305.358734 2795.356445
-442.212463 -50.585541 2790.818359
-414.516296 -383.540497 2699.153809
-151.887299 101.276550 2735.107910
-12.895525 -114.806946 2674.662842
39.260727 -310.866760 2257.607178
76.495796 -530.023804 1835.645264
-230.181961 -143.313049 2674.195557
-203.888290 -616.971802 2599.422607
-157.615723 -1072.088013 2662.116943
-208.154434 555.130920 2847.775146
-182.877487 332.245209 2794.597656
17.307791 358.056519 2795.230225
17.307604 44.024017 2795.230225
17.313799 -270.008148 2795.230225
-383.062744 306.433868 2793.965088
-437.601868 -53.789734 2793.912109
-407.430359 -389.892822 2716.421631
-152.997253 102.004616 2733.287109
-13.830908 -114.144928 2672.321777
44.113235 -313.155884 2248.257812
95.173553 -580.143921 1858.128174
-232.403152 -142.327011 2671.631348
-204.731094 -616.442383 2600.291992
-154.362564 -1071.254150 2662.164062
-208.163239 556.810303 2847.571289
-182.981049 333.780090 2793.569336
17.232407 359.201721 2796.128906
17.232220 45.169220 2796.128906
17.238415 -268.862946 2796.128906
-383.194489 308.358429 2791.009766
-423.298859 -52.896027 2796.453613
-398.717346 -390.604218 2726.026855
-152.973022 103.659348 2731.850342
-13.344040 -112.542503 2671.532715
42.464676 -321.897186 2247.648682
107.832672 -646.202637 1928.803223
-232.585968 -140.380249 2668.729980
-203.221985 -615.872253 2609.052246
-151.599884 -1072.165527 2655.128418
-206.287735 563.093567 2847.468750
-181.679672 338.998474 2793.716309
18.680847 363.327637 2795.227783
18.680660 49.295135 2795.227783
18.686855 -264.737030 2795.227783
-382.040222 314.669342 2792.204834
-414.144836 -51.446930 2799.732178
-396.981140 -392.713226 2746.564697
-153.230713 108.501373 2732.678955
-14.921806 -108.655792 2672.470459
38.800465 -336.914551 2256.250244
108.202347 -712.204773 2015.945679
-234.641708 -135.335693 2670.812744
-203.549194 -611.219177 2614.713623
-159.560638 -1067.932129 2665.041504
-202.488052 567.224304 2848.413086
-180.008270 343.386261 2792.820312
20.606373 365.459534 2794.359375
20.606186 51.427032 2794.359375
20.612381 -262.605133 2794.359375
-380.622894 321.312988 2791.281250
-409.069366 -39.719666 2802.361328
-398.571655 -381.847473 2746.393066
-154.151794 112.660751 2731.530273
-18.215054 -105.952827 2671.084717
36.229786 -359.017761 2269.056152
103.200333 -773.086487 2117.144043
-238.375580 -130.176697 2669.395752
-202.167282 -605.666260 2612.841797
-163.234802 -1063.641479 2655.499512
-200.780792 573.584351 2859.400391
-179.820877 352.184326 2795.817383
20.799957 373.940735 2793.732666
20.799770 59.908234 2793.732666
20.805965 -254.123932 2793.732666
-380.441711 330.427917 2797.902100
-407.077820 -31.331940 2804.191895
-399.208130 -373.309235 2743.438965
-155.607208 122.591774 2729.940430
-21.261139 -95.057419 2662.918945
27.714512 -320.466492 2262.559082
91.384544 -753.500000 2223.084961
-241.525955 -118.944130 2665.208008
-205.238220 -594.737488 2611.034424
-160.393600 -1052.380371 2652.123291
-198.774628 576.285217 2853.387207
-179.575027 353.669983 2790.708496
21.187283 373.882233 2786.815186
21.187096 59.849731 2786.815186
21.193291 -254.182434 2786.815186
-380.337341 333.457764 2794.601807
-404.532471 -34.170990 2804.607910
-394.210388 -380.131805 2752.239258
-157.651764 123.468658 2726.108154
-25.515682 -95.636734 2659.370605
24.177715 -337.770752 2274.802734
81.560364 -775.415405 2316.445312
-245.941299 -117.828629 2663.645020
-200.746689 -593.010620 2611.411621
-164.252396 -1050.822876 2658.087646
-193.047546 579.493958 2849.872314
-175.120026 357.960510 2786.831055
25.732883 377.224518 2782.160156
25.732697 63.192017 2782.160156
25.738892 -250.840149 2782.160156
-375.972931 338.696503 2791.502441
-406.415680 -14.639801 2802.738281
-397.463226 -359.524323 2760.243164
-154.521210 127.568146 2722.405273
-23.653385 -92.248199 2655.415039
30.061222 -353.204956 2297.710938
81.503662 -789.443115 2392.898926
-244.191406 -113.400230 2660.543945
-191.095093 -588.709778 2619.324219
-161.946671 -1047.740479 2658.201660
-185.401123 579.706543 2840.616699
-168.285248 358.458740 2778.962402
32.671463 376.995728 2776.138916
32.671276 62.963226 2776.138916
32.677471 -251.068939 2776.138916
-369.241943 339.921753 2781.785889
-407.298157 -0.844513 2802.103027
-392.764893 -344.676300 2761.988525
-147.917145 127.906639 2714.989014
-17.210600 -92.467453 2649.465332
37.531593 -389.018372 2316.381348
80.416641 -815.385620 2462.239014
-237.887482 -112.823494 2652.565918
-186.231201 -589.039368 2620.706055
-154.457001 -1048.541260 2651.461670
-181.555130 581.976501 2832.985352
-164.996597 359.968323 2772.729004
35.966297 378.454651 2769.381836
35.966110 64.422150 2769.381836
35.972305 -249.610016 2769.381836
-365.959473 341.481995 2776.076172
-405.101196 5.401733 2799.393066
-386.422180 -337.745941 2759.819336
-144.746735 128.716187 2711.325439
-14.156956 -92.385925 2648.083984
38.603405 -416.819611 2356.286865
68.631927 -841.042114 2522.524902
-234.836792 -112.686005 2651.759766
-187.839539 -589.972534 2632.105469
-156.942093 -1049.913208 2657.733887
-175.577682 582.809326 2820.174072
-160.340149 359.576874 2764.389160
40.771412 376.276825 2760.756836
40.771225 62.244324 2760.756836
40.777420 -251.787842 2760.756836
-361.451721 342.876953 2768.021484
-401.812836 7.368164 2794.755371
-381.165894 -334.604980 2749.128662
-142.124634 127.457497 2705.741699
-13.479527 -95.492020 2645.099854
38.949215 -482.874207 2419.889404
64.798706 -911.893677 2581.437256
-234.338715 -113.831764 2649.088623
-187.714203 -591.391174 2632.005371
-162.049332 -1051.583984 2659.341309
-167.601456 587.307373 2812.274170
-150.832352 363.634705 2758.346436
50.320148 380.031616 2757.728516
50.319962 65.999115 2757.728516
50.326157 -248.033051 2757.728516
-351.984863 347.237793 2758.964355
-396.984863 9.398529 2786.347656
-374.555725 -332.014618 2738.241699
-132.045181 131.028305 2701.814453
-2.798100 -92.573959 2644.943115
52.923267 -516.188843 2469.625732
71.663422 -947.928589 2628.470215
-223.717926 -110.582199 2645.621826
-178.684738 -588.493591 2633.525391
-146.980316 -1048.576538 2655.419678
-159.668701 591.700928 2808.316406
-145.204712 368.114807 2753.186035
56.038563 383.375000 2751.413818
56.038376 69.342499 2751.413818
56.044571 -244.689667 2751.413818
-346.447968 352.854584 2754.958252
-386.682861 15.131989 2775.898438
-371.373657 -326.146790 2725.016357
-128.049408 135.333313 2696.818604
-0.397129 -89.069214 2639.478027
47.762218 -537.314575 2515.029541
59.080872 -975.610107 2656.425049
-221.391083 -105.827118 2641.424316
-184.453232 -584.404541 2628.908203
-155.875229 -1044.703491 2651.568359
-152.181107 596.017456 2808.837646
-140.719635 372.788391 2750.160645
60.680466 385.691559 2747.953613
60.680279 71.659058 2747.953613
60.686474 -242.373108 2747.953613
-342.119720 359.885193 2752.367676
-377.374054 22.216949 2766.938965
-368.443207 -318.259644 2710.110352
-126.442795 140.106934 2692.632324
-1.576180 -85.489304 2633.892090
50.642796 -547.913147 2562.227539
48.690384 -994.636719 2671.252930
-222.755722 -99.659714 2636.315918
-179.815857 -577.840332 2630.517090
-162.476471 -1038.529663 2654.484375
-142.750458 597.086548 2796.083984
-134.211227 372.274414 2743.266357
67.370872 381.633545 2741.700928
67.370682 67.601044 2741.700928
67.376877 -246.431122 2741.700928
-335.793304 362.915283 2744.831787
-371.517212 29.184143 2753.999512
-364.784424 -311.092377 2695.364014
-123.771378 138.474274 2689.814209
-2.632918 -90.186310 2635.502441
51.622158 -559.885132 2600.121826
46.357220 -1011.722656 2687.772461
-224.030151 -100.465424 2637.221680
-174.975555 -578.108643 2634.450195
-164.689346 -1038.695190 2663.862549
-134.978241 597.324097 2789.204834
-128.792236 371.893005 2737.748779
72.903351 378.513062 2737.585693
72.903160 64.480560 2737.585693
72.909355 -249.551605 2737.585693
-330.487823 365.273010 2737.911865
-366.903198 32.148346 2738.632080
-363.555420 -307.855469 2678.055176
-121.145714 137.639862 2685.734619
-2.748507 -92.978256 2633.630859
51.792225 -565.920593 2631.062988
43.920666 -1022.079224 2691.617188
-224.249878 -100.248337 2633.810059
-169.263916 -577.271973 2631.736084
-165.934921 -1038.165039 2658.190430
-127.510391 605.385132 2796.758301
-123.662445 381.040039 2738.950684
78.066116 384.487549 2741.858643
78.065926 70.455048 2741.858643
78.072121 -243.577118 2741.858643
-325.390991 377.592560 2736.042725
-368.333374 39.000031 2720.798340
-357.992584 -300.902588 2660.675049
-118.871170 147.538055 2683.397217
-3.297786 -84.070694 2629.440674
45.884506 -558.135376 2655.314697
42.718254 -1016.785217 2698.016113
-224.862015 -87.857193 2626.246826
-167.147659 -564.601196 2625.908447
-166.604965 -1025.177246 2658.026123
-121.755913 607.278809 2790.551025
-118.336555 382.529144 2734.525879
83.238518 384.319366 2742.550781
83.238327 70.286865 2742.550781
83.244522 -243.745300 2742.550781
-319.911621 380.738922 2726.500977
-369.032257 48.090485 2705.797119
-354.700409 -290.928986 2641.625488
-114.135078 148.469788 2681.204102
0.770270 -84.606384 2632.289551
45.847591 -558.348389 2680.115723
44.847042 -1018.539917 2705.701904
-220.637482 -86.572754 2623.475098
-158.861145 -562.814453 2624.966064
-163.420090 -1022.468018 2667.212402
-114.353363 607.980225 2786.931885
-112.347832 383.437286 2731.868652
89.020088 382.564697 2744.023438
89.019897 68.532196 2744.023438
89.026093 -245.499969 2744.023438
-313.715759 384.309875 2719.713867
-369.311157 52.961823 2691.412109
-353.129517 -284.413666 2619.687012
-110.246643 148.964172 2680.225098
2.428252 -85.988098 2635.255859
39.170055 -560.479980 2690.839600
45.629940 -1021.184692 2713.053223
-218.719162 -85.029785 2621.907227
-158.275986 -561.445068 2625.916504
-163.493591 -1021.069824 2669.443848
-108.170746 605.407593 2786.139404
-106.789665 382.191132 2729.898926
94.470970 379.771484 2744.116455
94.470779 65.738983 2744.116455
94.476974 -248.293182 2744.116455
-308.050293 384.610779 2715.681396
-365.703735 57.191193 2677.306885
-346.610687 -277.444824 2594.843994
-105.922539 147.808472 2677.735352
5.433799 -87.902527 2633.376953
39.259590 -562.601318 2693.506348
48.385807 -1023.670532 2711.869141
-215.544617 -85.245850 2617.766602
-155.387146 -561.495483 2630.176758
-163.181229 -1022.047485 2659.013672
-104.926414 603.558228 2784.246826
-103.590904 380.466003 2728.464844
97.598122 377.385468 2743.958740
97.597931 63.352966 2743.958740
97.604126 -250.679199 2743.958740
-304.779938 383.546539 2712.970947
-363.247314 58.573761 2663.924072
-337.822449 -273.833893 2574.477051
-103.232018 145.881744 2677.164062
7.581590 -90.393753 2634.369629
37.228352 -564.791382 2700.688477
49.466316 -1025.965576 2717.880371
-213.327850 -87.011276 2617.356934
-153.198639 -563.272400 2631.075684
-166.968842 -1023.423584 2664.927246
-99.132736 607.503418 2783.299561
-98.934967 383.952240 2727.829590
102.150879 379.957428 2744.594727
102.150688 65.924927 2744.594727
102.156883 -248.107239 2744.594727
-300.020813 387.947052 2711.064453
-357.438049 59.313599 2651.750488
-327.591522 -270.703308 2555.035156
-99.393036 149.179077 2677.381836
10.556132 -87.787460 2636.139160
38.904831 -562.130371 2704.627686
49.993126 -1023.539856 2716.974854
-210.258331 -83.400711 2617.729004
-152.617798 -559.485046 2641.498047
-164.420776 -1020.403198 2660.699463
-95.182678 608.550720 2772.371826
-91.130455 384.159180 2725.017334
109.528221 384.411133 2745.956299
109.528030 70.378632 2745.956299
109.534225 -243.653534 2745.956299
-291.789124 383.907196 2704.078369
-357.262390 50.193298 2636.870117
-309.595215 -273.176086 2531.233398
-86.171295 148.403107 2680.330566
29.009443 -87.214554 2647.145508
56.694847 -561.739868 2715.286621
65.698486 -1023.324219 2721.999268
-191.433731 -87.491348 2624.142090
-137.164124 -564.119263 2645.904297
-143.651260 -1025.015747 2670.200439
-91.783516 608.531738 2766.875732
-86.349663 383.755981 2723.459717
114.050545 385.951111 2746.867188
114.050354 71.918610 2746.867188
114.056549 -242.113556 2746.867188
-286.749878 381.560822 2700.052246
-350.648895 39.611298 2625.433350
-298.251953 -276.165497 2509.838135
-78.963844 147.376755 2682.394043
38.446560 -87.797272 2654.179688
53.969780 -563.857788 2713.571289
56.769646 -1025.536987 2714.479980
-181.602615 -90.207642 2628.477051
-147.785263 -568.466370 2646.448242
-152.915176 -1029.789185 2661.924805
-89.649200 608.843140 2764.621338
-83.895790 383.454956 2722.507568
116.384117 386.815735 2747.047852
116.383926 72.783234 2747.047852
116.390121 -241.248932 2747.047852
-284.175690 380.094116 2697.967285
-340.829132 41.307678 2622.713379
-291.453186 -265.400787 2494.430176
-75.100967 146.790100 2683.141602
43.649689 -88.029617 2657.248535
50.557461 -565.620422 2703.630859
51.413631 -1027.237915 2711.757324
-176.261963 -91.719864 2630.302734
-149.664276 -570.741089 2644.424805
-158.628387 -1032.040527 2661.263672
-88.961708 609.044312 2762.985352
-82.059113 383.848572 2721.834473
118.313675 387.972504 2745.649658
118.313484 73.940002 2745.649658
118.319679 -240.092163 2745.649658
-282.431885 379.724640 2698.019287
-340.916962 42.650238 2619.855713
-288.559204 -256.156982 2484.947510
-72.569748 147.092804 2682.991699
46.932800 -87.398743 2657.224609
49.354061 -565.833740 2695.914062
49.441059 -1027.376709 2708.884277
-173.093567 -91.927185 2631.073242
-150.275208 -571.332031 2643.479492
-160.767334 -1032.744141 2657.404297
