-115.501518 609.429810 2611.612061
-113.086304 382.807434 2557.648926
88.027573 386.175659 2540.785889
88.026749 72.143066 2540.785889
88.071487 -241.889099 2540.614258
-314.200195 379.439209 2574.511963
-355.069153 42.914337 2553.064453
-337.186737 -286.159088 2479.215088
-113.747192 148.961884 2503.058105
-3.978050 -83.034195 2439.208008
61.671112 -535.000244 2296.995605
95.044952 -974.796326 2431.068848
-224.838104 -86.733139 2457.726562
-137.764191 -557.385803 2419.071533
-103.032730 -1016.311829 2455.661865
-113.664055 610.644470 2609.492920
-110.922165 385.899353 2554.507568
90.274109 390.470459 2539.057861
90.273285 76.437866 2539.057861
90.314049 -237.594299 2538.903320
-312.118439 381.328278 2569.957275
-354.510834 48.410431 2549.498047
-334.278748 -280.734863 2476.914795
-109.857101 152.217712 2499.238281
1.687981 -78.953888 2435.485352
69.425652 -537.862915 2317.528809
98.589653 -980.350891 2444.696289
-219.272064 -83.973999 2452.452637
-131.093231 -555.070312 2423.745117
-99.392303 -1014.994019 2442.232666
-110.582947 613.579224 2608.932373
-107.453941 390.945312 2551.881348
93.837196 396.125671 2537.958984
93.836372 82.093079 2537.958984
93.873566 -231.939087 2537.820068
-308.745087 385.764954 2565.803711
-352.701050 50.528015 2545.388184
-334.003143 -278.418274 2471.644775
-105.316887 157.439636 2495.894531
7.349250 -73.221497 2432.262939
70.139290 -539.285522 2344.166260
97.958130 -986.827515 2451.700928
-213.708923 -78.910553 2447.552490
-131.946091 -551.508667 2425.685303
-97.358566 -1011.587891 2438.482178
-108.294212 617.320679 2607.648193
-104.844017 394.502777 2549.885010
96.541618 399.719971 2537.409668
96.540794 85.687378 2537.409668
96.574806 -228.344788 2537.284668
-306.229645 389.285583 2562.360352
-349.472076 54.535919 2541.322021
-331.306976 -275.040222 2470.417236
-102.292297 161.100830 2493.468262
10.839057 -69.436401 2430.201416
69.648994 -540.115906 2365.165527
91.971855 -989.789062 2465.997559
-210.320221 -75.165833 2443.901611
-133.156723 -548.512451 2420.300537
-100.635117 -1008.256836 2444.629639
-106.071304 617.715149 2598.506348
-102.073288 393.880432 2545.003662
99.401764 398.606628 2533.834717
99.400940 84.574036 2533.834717
99.432053 -229.458130 2533.722168
-303.548309 389.154175 2556.172607
-346.280365 58.645508 2535.884033
-327.279938 -271.216644 2466.561279
-99.551453 159.820251 2491.450439
13.599080 -71.644775 2431.764404
67.260902 -545.595947 2387.221436
98.623856 -996.795044 2478.498291
-207.658310 -76.835052 2444.030029
-129.696671 -550.116821 2420.650146
-103.520493 -1010.086243 2449.386475
-102.076813 619.463501 2593.928467
-99.391342 394.989014 2540.905029
102.161530 398.683411 2530.808838
102.160706 84.650818 2530.808838
102.189178 -229.381439 2530.707520
-300.944214 391.294586 2551.001221
-344.836945 59.766571 2529.004639
-325.072845 -270.205627 2460.415771
-97.687737 160.522186 2489.117920
14.687851 -71.916046 2431.787109
71.227905 -547.135681 2404.463379
95.536484 -1002.001282 2476.184814
-206.656097 -75.973206 2442.874512
-126.698952 -548.546387 2413.149902
-107.372841 -1007.209106 2458.904297
-99.205742 619.414551 2582.641602
-97.318359 394.316956 2535.674072
104.324036 397.207275 2527.333984
104.323212 83.174683 2527.333984
104.349251 -230.857574 2527.242676
-298.960754 391.426636 2544.014160
-343.270752 62.695068 2520.635742
-322.657074 -267.088989 2451.392334
-95.933945 159.076172 2487.620117
16.173552 -74.577530 2434.986572
76.850655 -550.125793 2419.461670
93.260323 -1006.344971 2486.248291
-205.272614 -77.751724 2444.145752
-119.194824 -549.053772 2411.647705
-112.929756 -1006.445923 2470.502197
-95.887192 619.648621 2577.980713
-94.593224 394.635651 2533.380859
107.113899 397.026184 2526.563965
107.113075 82.993591 2526.563965
107.136940 -231.038635 2526.481934
-296.300354 392.245117 2540.197754
-343.671692 64.978851 2511.824219
-321.350891 -264.525055 2441.796387
-93.368774 159.045288 2486.995605
18.611626 -75.232452 2436.867188
81.484375 -550.913330 2425.888428
92.316750 -1008.113037 2488.064209
-202.900269 -77.857697 2444.353516
-118.471985 -549.763794 2416.321777
-110.946625 -1008.422974 2466.129883
-92.795403 621.573120 2575.679443
-92.772774 396.023987 2532.329102
108.974083 397.039673 2526.397217
108.973259 83.007080 2526.397217
108.995216 -231.025116 2526.323242
-294.519623 395.008301 2538.260986
-344.296082 66.680603 2504.636963
-324.277252 -261.591766 2428.664795
-92.924973 160.258911 2486.784180
17.701029 -74.948456 2437.982178
79.985039 -550.937134 2431.009521
89.423393 -1008.301758 2493.213379
-203.855362 -76.063873 2444.496338
-117.336159 -547.610596 2416.300781
-118.443474 -1006.169922 2468.549316
-90.939690 621.340881 2573.518311
-90.882568 395.707153 2531.254150
110.900055 395.779541 2526.553711
110.899231 81.746948 2526.553711
110.919556 -232.285217 2526.487305
-292.665192 395.634705 2535.954590
-344.117889 69.314178 2498.376953
-324.529449 -258.551575 2420.442383
-91.829254 159.697662 2486.979004
18.021570 -76.272049 2440.122803
83.241516 -551.977295 2435.849854
90.076263 -1010.368774 2490.335938
-203.573456 -76.351578 2445.284912
-117.522865 -548.030151 2417.548340
-114.257690 -1006.757568 2469.301270
-89.989304 620.765198 2571.938232
-90.030983 394.239716 2530.258301
111.758202 393.461578 2525.713867
111.757378 79.428986 2525.713867
111.776230 -234.603180 2525.654053
-291.820160 395.017853 2534.802734
-344.022919 70.756653 2494.629395
-324.730560 -254.770264 2407.786133
-91.909866 157.994400 2487.280762
17.010323 -78.678177 2441.807861
82.952965 -554.348328 2439.261475
88.503021 -1013.318665 2489.238037
-204.587830 -77.823654 2446.798584
-120.042381 -549.999207 2423.461182
-113.640305 -1009.391968 2468.870850
-87.823486 619.218445 2573.146484
-89.046562 392.957428 2530.627441
112.747643 391.310120 2526.472412
112.746819 77.277527 2526.472412
112.764412 -236.754639 2526.418457
-290.840759 394.604736 2534.782471
-343.907898 70.723083 2492.249268
-321.322479 -251.988281 2396.442139
-91.871277 156.826324 2487.057861
16.107286 -80.209290 2441.206787
83.880096 -555.625610 2443.457520
88.269531 -1015.458862 2484.409668
-205.499268 -78.400269 2445.769775
-120.661835 -550.612061 2423.996826
-111.124649 -1010.152283 2467.899658
-86.861694 623.167786 2572.288574
-83.107338 395.718445 2530.998047
118.667351 397.662292 2530.307129
118.666527 83.629700 2530.307129
118.682945 -230.402466 2530.258545
-284.882050 393.774567 2531.688965
-343.573395 70.840179 2489.012695
-318.933716 -250.226196 2388.105957
-80.973038 159.317123 2489.183838
31.986956 -76.016510 2446.990234
100.760147 -551.319214 2447.690186
105.092072 -1010.791870 2493.009521
-189.664429 -78.151855 2447.749023
-104.322533 -550.293091 2426.217529
-92.899193 -1009.673218 2471.676758
-86.343826 621.833008 2572.324463
-80.156860 393.853943 2530.747070
121.599564 398.186523 2530.503418
121.598740 84.153931 2530.503418
121.614052 -229.878235 2530.459717
-281.913269 389.521393 2530.990723
-340.083618 71.587830 2488.002930
-316.238342 -246.996094 2379.393555
-75.127831 157.355469 2489.665039
40.674961 -76.764236 2448.449219
91.892029 -553.915161 2443.792725
100.608559 -1013.383850 2488.763428
-180.872543 -81.521805 2448.716797
-112.814529 -556.209045 2428.677002
-94.015869 -1015.710327 2469.661621
-85.453018 620.243408 2572.343994
-77.800529 392.705383 2530.622559
123.933884 398.571289 2530.954590
123.933060 84.538696 2530.954590
123.947418 -229.493469 2530.915283
-279.534943 386.839447 2530.290527
-340.041718 58.295105 2482.500732
-300.241302 -255.129578 2370.289062
-70.854652 156.113342 2490.271240
46.853428 -77.258011 2450.102051
90.535263 -555.284973 2445.601318
96.494713 -1014.674377 2492.037598
-174.670975 -83.699356 2449.737793
-114.143173 -559.382446 2427.048340
-94.879219 -1018.121826 2475.550293
-85.784988 620.536804 2571.853027
-77.031906 392.709473 2530.494141
124.691917 399.331604 2530.209473
124.691093 85.299011 2530.209473
124.704605 -228.733154 2530.174072
-278.755707 386.087341 2530.778809
-338.521210 46.145386 2479.247803
-290.090546 -261.148621 2359.301514
-69.317329 156.004211 2490.866943
49.155910 -77.065094 2451.083496
88.022247 -555.615723 2449.526855
89.596832 -1015.720947 2487.801758
-172.361404 -84.337006 2451.395996
-118.508850 -561.035278 2432.341309
-98.735306 -1020.572266 2472.015381
-86.206093 621.150146 2571.607910
-77.570259 393.368408 2530.588379
124.147911 400.316895 2529.638672
124.147087 86.284302 2529.638672
124.159798 -227.747864 2529.606934
-279.288422 386.419952 2531.538086
-338.261902 43.571960 2479.626709
-285.096222 -262.362549 2362.282227
-69.606369 156.713867 2490.652832
49.116035 -76.125458 2450.195801
85.217552 -554.926208 2445.160400
88.552017 -1014.340881 2490.835449
-172.401001 -83.755920 2451.238770
-122.074188 -560.903442 2431.907227
-98.445663 -1020.807617 2464.645508
-85.526970 621.414490 2571.986816
-77.629997 394.062439 2531.836914
124.078773 401.225281 2530.095947
124.077950 87.192688 2530.095947
124.089989 -226.839478 2530.067383
-279.338776 386.899658 2533.577881
-340.131775 49.786469 2481.313965
-289.124268 -249.885590 2358.810303
-69.576324 157.469330 2491.529053
49.232880 -75.190796 2450.265137
85.303467 -553.950195 2440.610107
91.282387 -1012.302856 2495.391357
-172.278168 -83.056793 2452.177246
-121.226280 -560.303955 2436.746094
-106.280952 -1021.009766 2460.896484
-86.687820 623.844482 2572.169678
-78.408524 395.685059 2534.015137
123.274734 402.836853 2530.565186
123.273911 88.804260 2530.565186
123.285362 -225.227905 2530.539307
-280.091797 388.533295 2537.465088
-342.560181 50.388977 2484.658691
-294.370911 -243.860077 2356.265869
-70.679398 158.874069 2494.947510
47.795231 -74.009857 2453.985352
83.021866 -552.768433 2440.753174
90.919182 -1011.232300 2494.991943
-173.695770 -81.864014 2457.774414
-121.954468 -559.129333 2444.468262
-111.586082 -1020.244751 2464.157471
-89.363518 621.479858 2572.766602
-80.319931 393.439850 2535.868652
121.336098 401.066345 2531.713135
121.335274 87.033752 2531.713135
121.346184 -226.998413 2531.689941
-281.975983 385.813354 2540.024170
-343.778625 47.692322 2487.826660
-295.328033 -247.880920 2367.123535
-72.138817 156.457550 2497.950195
46.768822 -76.337158 2457.750000
84.155563 -553.785645 2426.629639
92.966019 -1011.747559 2484.999756
-174.684235 -84.712341 2462.313477
-126.254379 -562.218872 2445.723633
-108.630402 -1023.007874 2468.076172
-92.664505 619.112610 2573.570312
-83.787415 390.844849 2538.810547
117.856110 398.729370 2534.383789
117.855286 84.696777 2534.383789
117.865730 -229.335388 2534.363037
-285.430939 382.960327 2543.237305
-345.388763 41.845459 2488.411133
-290.116364 -251.310791 2369.604980
-75.320282 153.683960 2502.090332
43.866665 -79.147629 2462.939453
85.544662 -552.681946 2402.609375
88.924675 -1008.044067 2477.271973
-177.572968 -87.806198 2467.800781
-130.816162 -565.251892 2445.860352
-110.229736 -1025.954346 2468.752441
-97.444809 619.384521 2581.457031
-88.466690 391.135437 2545.193848
113.207306 398.839935 2542.250488
113.206482 84.807343 2542.250488
113.216438 -229.224823 2542.231689
-290.140717 383.430969 2548.137207
-348.194366 35.422760 2492.205322
-286.676086 -254.240265 2372.847412
-79.942627 153.975189 2508.462158
39.321705 -78.954498 2470.114258
84.722321 -543.170532 2366.927979
90.552917 -994.588745 2461.200195
-182.158829 -87.415649 2473.346680
-133.333435 -564.187439 2443.573730
-112.835709 -1024.369507 2474.803711
-101.315277 615.661926 2585.400635
-94.122284 387.259125 2549.999023
107.603699 393.764435 2549.011963
107.602875 79.731842 2549.011963
107.612419 -234.300323 2548.995117
-295.848267 380.753815 2550.986084
-352.102783 30.716736 2496.099365
-285.369720 -256.994141 2380.330811
-86.642319 149.901215 2514.353516
31.609600 -83.884491 2478.166016
82.588242 -532.685791 2327.010010
83.720634 -980.290771 2437.995361
-189.934311 -91.028900 2479.250000
-143.020782 -568.076599 2450.126953
-112.277374 -1028.042480 2473.172363
-106.084526 616.187500 2595.885254
-98.467148 387.891571 2557.174316
103.258499 393.924835 2558.885498
103.257675 79.892242 2558.885498
103.266846 -234.139923 2558.870361
-300.192810 381.858307 2555.463135
-359.034027 27.845032 2499.046631
-285.811005 -259.259003 2390.623779
-91.056610 150.924805 2519.062988
27.126167 -82.728958 2481.891357
81.183746 -516.398254 2292.037842
87.412987 -962.729370 2408.903564
-194.418320 -89.354965 2480.011963
-142.457108 -565.014404 2440.498047
-104.646927 -1024.140625 2469.557617
-108.698746 615.017151 2601.554199
-102.009216 386.339355 2562.957520
99.726425 391.718781 2566.038574
99.725601 77.686188 2566.038574
99.734398 -236.345978 2566.024902
-303.744843 380.959961 2559.876465
-361.510986 22.918640 2499.519531
-288.212494 -264.446625 2391.573730
-95.090897 149.610229 2523.292969
22.595299 -84.165207 2485.320068
84.908875 -500.691223 2261.759033
70.393127 -946.587891 2378.481689
-198.940445 -90.072617 2481.936768
-141.698349 -565.458801 2446.116455
-106.707031 -1025.347168 2457.610596
-111.689819 613.135742 2604.495361
-105.032013 383.739868 2567.778076
96.673843 389.199982 2572.461426
96.673019 75.167389 2572.461426
96.681496 -238.864777 2572.449219
-306.737854 378.279724 2563.094727
-363.675293 39.524231 2510.263184
-300.902710 -247.081482 2394.596191
-97.731781 146.769791 2529.640137
20.322491 -87.202179 2494.073730
89.934067 -419.662689 2209.421143
70.383606 -861.175293 2341.241699
-201.185577 -93.198364 2488.930664
-139.511993 -567.877930 2450.689209
-106.572357 -1028.211182 2456.437500
-116.279877 611.013062 2607.942871
-108.213348 381.610168 2571.871582
93.452789 387.675842 2577.593506
93.451965 73.643250 2577.593506
93.460129 -240.388916 2577.582520
-309.879486 375.544495 2566.149658
-364.746063 45.703918 2514.639160
-308.090302 -240.652679 2395.058838
-100.004883 144.662567 2533.751465
18.935150 -88.954483 2498.773193
87.722755 -347.567749 2164.533447
68.805038 -792.354797 2285.619141
-202.527985 -95.615585 2492.489502
-139.133774 -569.569092 2448.420654
-104.787491 -1029.917847 2455.077881
-119.376427 613.280945 2615.644043
-110.371582 383.954102 2577.299561
91.258224 389.874634 2584.348389
91.257401 75.842041 2584.348389
91.265297 -238.190125 2584.338379
-312.001373 378.033508 2570.250732
-367.870209 37.849670 2507.819092
-307.545135 -247.152313 2393.298584
-102.056259 147.143112 2538.347656
16.972340 -86.416931 2503.266113
81.592117 -284.369324 2135.908936
68.457687 -735.648254 2226.711426
-204.454208 -92.918793 2495.525391
-138.245300 -566.335999 2449.548340
-100.712082 -1026.431152 2459.167480
-123.038506 609.838684 2621.499268
-113.528259 381.227142 2581.802246
88.006943 387.930206 2590.548584
88.006119 73.897614 2590.548584
88.013809 -240.134552 2590.539551
-315.063477 374.524078 2573.055908
-370.429688 30.918091 2504.416992
-305.344971 -252.693848 2390.226074
-103.905708 144.727234 2541.327637
16.380909 -88.091980 2505.655762
78.183716 -241.127182 2119.597168
73.116501 -681.766663 2139.998291
-204.947235 -95.453369 2496.050293
-135.577271 -568.943481 2456.099365
-99.014954 -1028.744019 2446.260254
-128.427933 608.641785 2625.431396
-118.154793 380.111389 2584.992188
83.354576 387.140076 2594.206543
83.353752 73.107483 2594.206543
83.361275 -240.924683 2594.198486
-319.664185 373.082703 2575.777832
-374.715363 23.457733 2502.708984
-306.603455 -258.859772 2385.288574
-108.039383 143.696533 2544.114258
12.720593 -88.859024 2508.295654
71.224266 -197.488953 2113.237061
73.690666 -638.308716 2055.437744
-208.568558 -96.577621 2498.177002
-138.790283 -569.945801 2457.075439
-100.956100 -1029.922852 2452.057861
-130.469162 607.163574 2625.418701
-121.127037 379.201141 2586.867920
80.431068 385.931793 2595.241943
80.430244 71.899200 2595.241943
80.437561 -242.132965 2595.234619
-322.685120 372.470490 2578.493896
-377.855499 19.729095 2502.356934
-302.312225 -261.793579 2387.302734
-111.547279 142.694275 2546.381592
8.706115 -90.116852 2510.493408
68.424004 -168.118164 2109.494873
77.157204 -597.028076 1970.095215
-212.641159 -97.508331 2501.297119
-138.951584 -569.750366 2454.758057
-101.510590 -1029.789551 2459.406006
-134.480682 602.798828 2624.882568
-125.626770 375.174377 2587.466797
75.926743 381.928040 2596.000000
75.925919 67.895447 2596.000000
75.933128 -246.136719 2595.993408
-327.180267 368.420715 2578.933594
-380.428772 18.365295 2505.167480
-302.353912 -262.599518 2387.361816
-115.998947 138.615662 2547.284668
4.299465 -94.234695 2511.787842
66.311035 -152.048157 2111.941650
79.677628 -569.503052 1886.241943
-217.041718 -101.651413 2502.417236
-139.237869 -573.349365 2456.915771
-101.894730 -1033.419434 2452.336182
-135.565155 602.888489 2634.612549
-127.370224 375.809326 2592.322266
74.197052 382.242004 2600.807129
74.196228 68.209412 2600.807129
74.203285 -245.822754 2600.801270
-328.937531 369.376709 2583.837402
-381.214203 15.182983 2505.582764
-304.754669 -267.771240 2388.744141
-118.024261 139.765335 2549.251465
2.000726 -92.746552 2510.839600
71.122101 -209.036179 2090.508301
88.243492 -540.705444 1803.534668
-219.357315 -99.810791 2501.521729
-132.464249 -569.709106 2454.559814
-105.605927 -1030.493042 2449.895996
-139.338089 601.172668 2639.470703
-129.510941 374.633331 2595.047607
72.033600 381.522400 2603.718750
72.032776 67.489807 2603.718750
72.039665 -246.542358 2603.713379
-331.055511 367.744263 2586.376465
-382.615936 31.462158 2516.295898
-312.938843 -251.446014 2394.130615
-119.493958 139.121613 2549.331055
1.190090 -92.607361 2508.375732
77.213272 -245.006104 2081.264160
96.960388 -507.457764 1722.277588
-220.144028 -100.172852 2498.853271
-132.521637 -570.342041 2455.663086
-97.841782 -1030.533081 2445.684082
-140.453476 598.431946 2642.921875
-131.490784 372.302094 2597.047852
70.071419 379.440613 2605.072021
70.070595 65.408020 2605.072021
70.077332 -248.624146 2605.067139
-333.052979 365.163574 2589.023682
-382.811127 21.733063 2513.149902
-310.735260 -260.699158 2388.586182
-121.273804 137.131470 2549.618164
-0.379675 -94.119415 2506.594482
83.084763 -271.874512 2080.226807
102.315628 -469.309570 1666.086426
-221.733978 -101.958893 2497.782471
-137.246887 -572.926270 2456.869629
-94.281113 -1032.488770 2449.441650
-142.197968 596.627563 2644.656006
-133.044250 371.106873 2598.206787
68.545837 378.224884 2605.506348
68.545013 64.192291 2605.506348
68.551636 -249.839874 2605.501953
-334.634338 363.988892 2590.907227
-383.407654 10.868134 2510.576172
-311.354065 -277.214294 2393.620361
-122.988289 136.164581 2549.592773
-2.239912 -94.869263 2504.987061
84.376068 -282.194336 2077.416016
103.585922 -438.149658 1632.325317
-223.624725 -102.686188 2496.970459
-136.364960 -572.962891 2453.838623
-96.302109 -1032.899902 2449.217285
-145.181351 596.176758 2643.512207
-135.286362 370.250458 2598.655762
66.315750 378.073669 2604.675293
66.314926 64.041077 2604.675293
66.321442 -249.991089 2604.671387
-336.888458 362.427216 2592.636230
-382.703979 3.433838 2508.787354
-310.482147 -288.293915 2393.509277
-124.719574 135.313889 2550.093750
-3.451686 -95.326889 2504.837158
84.035355 -283.256866 2074.648682
103.513428 -431.158264 1619.315918
-224.853897 -103.918472 2498.226318
-134.086121 -572.933533 2449.309082
-100.107086 -1033.378052 2445.014893
-145.397705 594.091431 2644.949951
-137.098618 368.439880 2598.273926
64.583221 375.121399 2602.403809
64.582397 61.088806 2602.403809
64.588821 -252.943359 2602.400391
-338.780457 361.758423 2594.144043
-383.860352 1.223480 2514.395996
-311.719543 -295.437134 2401.170410
-128.291046 133.882324 2547.634033
-8.736004 -97.006317 2499.261963
72.020233 -277.192963 2063.115234
97.080643 -446.529785 1617.659180
-230.230942 -104.344177 2494.726318
-132.299118 -571.652954 2443.608887
-106.236076 -1032.590210 2439.012451
-145.382034 594.313965 2644.158936
-137.692932 368.654572 2597.675049
64.026566 374.393829 2601.640625
64.025742 60.361237 2601.640625
64.032104 -253.670929 2601.637451
-339.412445 362.915314 2593.709473
-384.429749 -0.887878 2520.698242
-315.379608 -302.722198 2405.734619
-130.023895 134.028442 2547.134766
-11.594511 -97.446365 2498.771729
69.279839 -277.840515 2061.896484
97.836037 -474.867859 1644.622681
-233.115204 -103.749008 2494.417236
-131.810028 -570.336914 2442.955566
-100.894882 -1030.997925 2437.607178
-145.207764 593.829834 2644.263184
-138.007263 368.169678 2597.319336
63.740681 373.015717 2601.180664
63.739857 58.983124 2601.180664
63.746109 -255.049042 2601.177734
-339.755219 363.323669 2593.458008
-385.212494 1.557800 2526.849365
-314.790619 -304.461609 2411.415527
-131.388397 133.744995 2545.701172
-13.992285 -98.018814 2496.203125
65.720673 -281.972046 2060.198242
94.943726 -510.786835 1679.487549
-235.546783 -103.340591 2491.962891
-137.739288 -570.808899 2441.590576
-96.494003 -1030.350220 2428.187744
-144.743607 594.542847 2644.312744
-137.875504 368.711792 2596.374512
63.882748 372.512909 2600.818604
63.881924 58.480316 2600.818604
63.888119 -255.551849 2600.816162
-339.633789 364.910706 2591.930420
-386.467041 19.625519 2534.896240
-325.345551 -292.200928 2424.173340
-132.303375 134.484436 2543.742432
-15.946658 -97.655777 2493.550537
60.732464 -297.311432 2064.082275
92.713791 -543.244934 1719.374634
-237.515823 -101.830093 2488.670166
-140.956573 -569.062317 2433.886230
-94.576813 -1028.164307 2435.015381
-143.742783 595.308594 2644.344482
-138.223297 370.112366 2595.600342
63.555237 373.242004 2599.734375
63.554413 59.209412 2599.734375
63.560608 -254.822754 2599.732178
-340.001831 366.982727 2591.466309
-387.242310 29.530945 2540.644775
-334.754272 -287.200012 2436.697754
-133.499786 136.022552 2542.266846
-17.981768 -96.348801 2491.203369
56.696312 -318.133423 2072.816406
90.296631 -580.997192 1767.668945
-239.570786 -99.785721 2486.663330
-136.952240 -565.402588 2429.415771
-101.214661 -1025.359009 2438.559814
-143.413803 597.076660 2643.860596
-137.921295 371.433350 2594.211914
63.856041 374.382202 2598.634033
63.855217 60.349609 2598.634033
63.861412 -253.682556 2598.632080
-339.698639 368.484497 2589.789795
-387.641968 35.719879 2544.625244
-340.224182 -284.539673 2447.422119
-133.322571 137.445038 2540.409424
-17.930000 -94.924088 2489.034912
52.357964 -332.262268 2078.361328
98.495331 -660.554810 1808.728394
-239.517700 -98.162460 2484.178955
-137.080811 -564.352173 2431.316162
-102.541542 -1024.618652 2433.235107
-143.504562 597.440186 2644.115967
-137.815460 372.199066 2593.010010
63.962360 375.428345 2597.259766
63.961536 61.395752 2597.259766
63.967731 -252.636414 2597.257812
-339.593262 368.969788 2588.760254
-387.666870 39.140167 2545.963623
-347.150818 -284.766418 2457.381836
-132.924271 138.393784 2538.439941
-17.238369 -93.638336 2486.203369
49.587421 -349.954681 2086.655518
98.080009 -731.082520 1877.070679
-238.827805 -97.184662 2481.536377
-138.164398 -564.418152 2435.038086
-99.720062 -1024.430420 2430.997314
-144.540680 598.391602 2644.744629
-138.731339 373.146851 2591.481689
63.051144 376.388733 2595.530762
63.050320 62.356140 2595.530762
63.056515 -251.676025 2595.529053
-340.513855 369.904999 2587.432617
-388.476807 41.907257 2548.498779
-352.312286 -283.571320 2462.853027
-133.839203 139.957733 2534.387695
-18.149595 -91.451309 2479.517090
44.201614 -369.613098 2094.459961
93.096848 -785.307800 1944.654053
-239.744537 -95.011490 2475.070312
-133.480804 -559.934753 2419.614258
-107.490234 -1019.685974 2439.708252
-143.942123 603.452637 2644.062012
-139.064636 378.176758 2589.536865
62.747536 380.706055 2591.569092
62.746712 66.673462 2591.569092
62.752907 -247.358704 2591.567627
-340.876801 375.647461 2587.504639
-389.294403 44.513306 2551.568604
-357.306915 -282.374603 2469.177979
-135.562088 145.125793 2531.768555
-21.239403 -86.536255 2475.116211
40.804371 -390.611145 2110.853516
82.874107 -827.772461 2015.401367
-242.879684 -89.314056 2472.884277
-139.538055 -555.736572 2424.915039
-109.546989 -1015.629456 2445.957520
-144.696808 603.332886 2634.711914
-139.141113 377.372742 2583.886475
62.674500 380.405029 2584.985352
62.673676 66.372437 2584.985352
62.679871 -247.659729 2584.983887
-340.956726 374.340485 2582.787598
-388.640717 34.752075 2550.780518
-357.110535 -292.209778 2469.288818
-135.329666 143.729889 2528.613037
-20.703871 -88.248001 2473.943115
42.050591 -410.761963 2125.681641
80.102165 -859.399231 2088.055420
-242.332565 -91.577957 2472.736084
-138.871552 -558.721558 2432.571533
-106.802902 -1018.907227 2439.083252
-146.193695 603.286926 2639.527344
-140.016205 378.546936 2581.625000
61.770973 382.959534 2581.267090
61.770149 68.926941 2581.267090
61.776344 -245.105225 2581.265869
-341.803375 374.134338 2581.982910
-386.836456 22.387543 2549.396484
-358.444366 -304.539764 2465.856689
-135.031219 145.812439 2522.814941
-19.242706 -84.499069 2463.808350
34.207569 -360.773987 2105.795410
73.423386 -808.880310 2140.171631
-240.849762 -89.345047 2464.201416
-136.864349 -556.330322 2422.764404
-110.164825 -1016.617188 2440.673584
-144.969635 605.929749 2633.946045
-139.651169 380.306274 2577.359375
62.123901 384.702515 2575.184814
62.123077 70.669922 2575.184814
62.129272 -243.362244 2575.183838
-341.426239 375.910034 2579.533936
-382.414764 19.690582 2550.200684
-356.602234 -309.720215 2471.171875
-135.201920 147.362061 2519.264648
-19.958303 -83.168182 2459.975830
26.677595 -354.437134 2117.131348
65.001717 -800.063721 2196.549561
-241.547028 -87.996124 2462.364014
-141.930511 -556.590820 2430.359131
-110.555634 -1016.729004 2449.068604
-146.929047 606.278076 2629.141357
-141.668961 380.373291 2572.600098
60.065529 385.609497 2568.959229
60.064705 71.576904 2568.959229
60.070900 -242.455261 2568.958252
-343.403442 375.137085 2576.240967
-376.204529 19.342896 2553.597168
-355.755890 -311.268738 2472.816406
-136.652222 147.238953 2515.282227
-20.864309 -83.020233 2455.965088
25.786222 -366.234192 2131.468750
59.084183 -811.113342 2232.859375
-242.406662 -88.770569 2459.963623
-141.681442 -557.063232 2426.014648
-109.494080 -1016.046387 2460.742920
-148.656311 607.772522 2627.248779
-143.791824 382.556641 2569.115234
57.826679 388.716919 2562.551514
57.825855 74.684326 2562.551514
57.832050 -239.347839 2562.550537
-345.410309 376.396362 2575.678955
-372.106720 20.175049 2552.799072
-355.329407 -311.154755 2474.502686
-138.557251 149.561035 2511.231445
-22.606121 -80.051727 2449.743164
24.600883 -381.721588 2145.520996
56.745483 -823.361145 2267.131104
-244.039230 -86.817444 2456.952148
-141.461304 -554.794312 2423.691650
-114.669968 -1013.304321 2468.511475
-149.688843 607.255615 2617.306396
-144.790054 381.478149 2562.718750
56.780022 387.157593 2554.303223
56.779198 73.125000 2554.303223
56.785393 -240.907166 2554.302490
-346.360107 375.798706 2571.134277
-370.039032 20.574463 2552.406494
-355.370483 -311.242859 2473.426514
-140.486725 147.714233 2508.029785
-25.505608 -82.931213 2448.719971
25.785252 -405.726349 2173.848389
53.627815 -845.603943 2306.715088
-246.861191 -89.168152 2457.961670
-142.031937 -557.105835 2432.986816
-116.498886 -1016.332886 2472.224854
-149.620636 608.995728 2611.833740
-145.386490 382.997681 2558.076904
56.116581 388.416077 2547.945557
56.115757 74.383484 2547.945557
56.121952 -239.648682 2547.944824
-346.889526 377.579285 2568.208252
-369.015320 17.783936 2550.206787
-349.742920 -316.007477 2475.778564
-141.801208 149.011047 2504.245605
-27.574100 -82.000427 2444.851318
28.339024 -466.667419 2224.330811
59.964981 -910.953308 2342.461426
-248.857758 -87.950714 2455.977295
-136.464294 -554.266235 2434.218750
-122.878387 -1014.639160 2462.028809
-147.839539 612.101013 2611.099609
-144.151138 387.374207 2555.191650
57.321209 392.415649 2544.147461
57.320385 78.383057 2544.147461
57.326580 -235.649109 2544.146729
-345.623474 382.332794 2566.235840
-368.007904 16.393494 2547.606934
-344.906982 -319.446594 2471.810059
-141.289566 153.535614 2500.650879
-27.804508 -77.534882 2440.046143
32.727776 -497.343170 2260.054443
62.399399 -941.667114 2380.448486
-249.051483 -83.071106 2452.174072
-133.465485 -548.832642 2435.226562
-121.859856 -1009.713379 2457.776367
-147.266006 615.381836 2609.229492
-143.631195 391.422516 2553.013184
57.793198 396.613403 2541.118652
57.792374 82.580811 2541.118652
57.798569 -231.451355 2541.118164
-345.055603 386.231628 2564.907715
-367.003540 16.696167 2543.306396
-342.015381 -320.932312 2466.242432
-140.825836 157.578857 2498.468262
-27.421576 -73.414581 2437.392334
35.466255 -515.410461 2295.073975
61.955620 -961.727051 2409.461182
-248.619385 -79.115021 2450.454346
-132.642639 -544.954956 2438.368652
-121.022720 -1006.143799 2455.888428
-145.755157 617.323486 2599.300781
-142.817642 392.314240 2547.863770
58.543552 396.358582 2534.599365
58.542728 82.325989 2534.599365
58.548923 -231.706177 2534.598877
-344.178833 388.269897 2561.128174
-366.490387 16.837097 2539.165527
-339.973083 -321.329224 2459.576660
-141.451233 157.650208 2497.056641
-29.516134 -74.793045 2438.966064
34.562096 -528.936035 2320.406250
61.655056 -973.352844 2442.179932
-250.653519 -79.234604 2453.532959
-134.671326 -545.103394 2441.167725
-123.012993 -1006.350830 2459.019287
-143.241058 618.124146 2594.829346
-141.487122 393.425995 2544.323242
59.853222 395.984741 2530.397949
59.852398 81.952148 2530.397949
59.858593 -232.080017 2530.397461
-342.827484 390.867249 2558.248535
-369.382446 36.865845 2537.789551
-345.787720 -299.610260 2456.712402
-141.940262 158.515488 2494.606934
-31.837999 -74.990021 2437.244385
37.085014 -537.133545 2345.573975
54.562355 -983.254883 2462.720947
-252.948807 -77.800018 2452.536865
-139.212769 -544.305664 2444.036377
-122.865967 -1005.588989 2454.758545
-140.988297 619.885864 2592.624756
-139.319275 395.601379 2541.922119
62.025070 398.173737 2527.966797
62.024246 84.141144 2527.966797
62.030441 -229.891022 2527.966309
-340.663605 393.028992 2555.877441
-371.686493 52.166687 2533.975098
-351.317535 -284.035004 2454.114746
-139.776703 160.714737 2492.025391
-29.680267 -72.759460 2434.466064
46.947571 -539.410400 2368.810303
50.666386 -988.188843 2475.798340
-250.787994 -75.584320 2449.791260
-137.744492 -542.305115 2443.211182
-111.445297 -1003.135132 2450.143311
-137.950562 618.393921 2581.993896
-135.386887 392.570618 2537.048584
66.010033 395.963379 2524.075684
66.009209 81.930786 2524.075684
66.015404 -232.101379 2524.075195
-336.783813 389.177856 2550.021484
-372.568115 59.680603 2529.753418
-356.453186 -275.145538 2445.113770
-134.341919 156.822601 2491.616699
-22.710293 -77.062454 2439.061279
53.222874 -547.277649 2394.551758
51.284035 -996.769653 2499.348877
-243.883606 -80.788376 2453.308350
-132.018646 -547.756348 2455.762939
-106.278648 -1008.477539 2448.355469
-136.014862 622.416260 2585.680908
-133.612396 397.158142 2537.799805
67.813507 400.125092 2525.130371
67.812683 86.092499 2525.130371
67.818878 -227.939667 2525.130127
-335.038300 394.191193 2550.469238
-376.334808 59.430328 2523.336914
-357.919647 -274.281952 2435.533691
-133.040161 161.509308 2491.713135
-21.867479 -72.510406 2438.669678
49.459877 -545.402710 2412.690918
39.502209 -997.238770 2505.918213
-243.068375 -75.768646 2452.583252
-138.488281 -544.413025 2452.629883
-111.462997 -1005.150879 2442.319580
