78.997276 782.786743 3148.001221
85.237053 554.147339 3126.788818
257.245178 558.464111 3118.978027
363.755310 272.347992 3077.428711
106.911865 320.571442 3240.643799
-86.771065 549.830566 3134.599609
-128.688751 220.676025 3137.646973
-137.186615 -86.481537 2994.540039
90.025787 319.920410 3102.797119
203.399750 88.418549 3073.874512
201.156281 -377.768829 3141.704590
180.839798 -878.003174 3048.923096
-13.770722 82.968414 3083.736328
-21.892677 -382.281464 3153.000244
5.875381 -874.107422 3080.938965
77.776611 781.695068 3156.306641
82.527351 553.503418 3129.486816
254.472900 556.770630 3120.180664
352.554199 265.070953 3105.196045
69.564667 277.713776 3226.399414
-89.418221 550.236145 3138.792969
-129.836655 214.834198 3138.320068
-136.188919 -89.536102 2988.206055
85.437561 319.735291 3101.185059
196.885605 88.029602 3067.008789
207.127350 -378.696930 3129.229004
186.702774 -871.490662 3036.089844
-20.190052 83.904785 3078.757324
-17.448761 -382.199677 3144.302002
12.294062 -866.501587 3061.204102
78.421944 779.109863 3146.453369
84.629097 550.472412 3126.167725
256.615509 554.437866 3118.040771
340.194916 257.884430 3119.972412
44.818634 232.280457 3203.820068
-87.357323 546.507080 3134.294678
-129.015015 221.785980 3138.392334
-142.789871 -86.013428 2997.084717
88.956757 316.136261 3103.411621
201.859100 84.303436 3075.525146
221.257019 -379.601288 3153.125977
197.082657 -876.767578 3048.993408
-15.290268 79.296722 3085.785889
-7.225340 -386.378906 3155.384033
25.788263 -871.298523 3074.606201
79.240891 779.222473 3141.526123
87.883430 549.983765 3125.048096
259.805328 556.054138 3116.801758
328.039368 255.799042 3127.945557
31.083649 192.317612 3180.104736
-84.038460 543.913452 3133.294434
-128.762665 220.778076 3138.375000
-144.847809 -86.663391 2996.604004
95.165459 315.514709 3104.267090
210.986679 84.878006 3078.279785
225.369156 -381.206238 3143.059082
201.697861 -859.948608 3052.996826
-6.091709 77.213272 3088.692383
-1.820313 -390.454529 3142.711670
32.163116 -867.913574 3069.687256
79.788040 780.742859 3153.081055
90.213631 552.911255 3129.320312
262.232422 560.083801 3124.315674
316.648743 257.195831 3139.512451
26.091949 158.103607 3165.793701
-81.805168 545.738647 3134.324951
-131.851410 213.367523 3142.217773
-143.688797 -94.840729 2996.060059
99.208649 319.019562 3103.284912
216.793762 89.655716 3074.090332
221.242584 -376.669189 3139.437256
197.097687 -867.963013 3039.943359
-0.386427 80.600052 3080.408691
-8.677998 -387.139771 3133.760010
29.683449 -867.011719 3060.607666
79.881653 776.550354 3146.836426
91.147713 547.939209 3125.482422
263.110687 556.404297 3120.735840
305.985931 251.717804 3136.892334
27.357910 120.319687 3142.737793
-80.815269 539.474121 3130.229004
-133.052704 222.483521 3142.980225
-147.171722 -85.623199 2999.664551
101.995285 313.929688 3101.143066
221.386414 85.263367 3073.807617
217.053162 -381.291077 3138.100586
197.703217 -878.254761 3041.258301
4.299311 74.576965 3079.799805
-9.201818 -391.056763 3147.858887
28.115793 -875.261230 3068.325439
78.513542 776.854187 3143.720703
91.336029 548.080322 3124.231201
263.251221 557.664001 3120.031250
296.851135 251.778381 3135.466309
33.697754 91.816040 3125.688965
-80.579178 538.496704 3128.431152
-129.537399 216.871674 3136.491943
-149.967773 -94.264984 3002.678223
103.826279 313.997314 3101.349609
224.843246 85.964249 3075.816650
216.396133 -381.715576 3130.996094
197.497604 -866.203247 3050.790039
7.789803 73.864334 3081.119385
-8.337978 -392.283875 3146.503662
25.727894 -871.806152 3067.289307
78.514992 772.857422 3142.175049
89.117264 544.268738 3123.755859
261.070160 551.954285 3117.642334
287.361542 245.281189 3131.555908
41.699097 60.540497 3110.246094
-82.835617 536.583252 3129.869385
-127.079933 214.606781 3130.525146
-151.020081 -102.071930 3012.899658
98.847595 309.878601 3102.778320
217.134598 80.340439 3077.941162
208.730789 -386.646362 3139.289307
183.317215 -875.046265 3047.023926
0.021244 70.636459 3085.660400
-18.635389 -394.888245 3155.353516
12.856663 -875.247681 3066.027832
77.869911 774.635132 3141.385986
89.076752 545.949829 3123.906494
261.048370 553.942993 3118.793213
281.634766 246.757599 3130.899170
54.347977 40.831924 3101.427734
-82.894852 537.956665 3129.019775
-128.495743 210.756897 3133.049561
-146.076401 -105.636261 3013.369629
99.373962 311.505066 3103.737305
218.232254 82.106201 3080.340088
215.932419 -385.651337 3136.138916
191.107529 -872.420532 3042.832275
1.110093 72.014404 3086.796143
-9.097212 -394.191772 3153.545654
22.878504 -871.114868 3062.875244
78.769150 775.272766 3139.999512
90.055046 546.867065 3123.689453
261.944000 555.424866 3116.976318
278.092285 247.908173 3127.268555
69.261002 24.070892 3092.345947
-81.833931 538.309326 3130.402588
-131.003769 213.906769 3137.664551
-147.394409 -101.350220 3014.645752
100.948196 312.424683 3103.745117
220.358093 83.384949 3079.562500
216.775909 -384.029633 3138.601562
191.123260 -868.281494 3037.448730
3.324591 72.579590 3088.039062
-8.202268 -394.066376 3151.926514
24.624260 -874.147095 3058.614258
76.083778 776.635742 3139.803467
88.610535 547.460510 3124.465820
260.392639 557.245300 3116.785645
273.088501 249.515167 3125.398926
82.244263 10.665146 3087.157715
-83.171570 537.675720 3132.145996
-130.022705 215.856903 3142.714844
-148.478195 -97.261230 3014.609863
101.101517 313.040161 3105.191895
222.042862 84.797211 3081.069336
216.054276 -383.173645 3135.439453
192.685486 -865.333069 3044.123535
5.142135 72.442413 3090.766602
-8.590688 -394.001099 3155.965088
23.518463 -873.461975 3059.922607
75.790077 777.684448 3138.203613
87.565788 548.641479 3123.326172
259.460663 557.500000 3117.176514
269.466156 249.632721 3124.304932
95.786484 -1.714432 3084.389404
-84.329079 539.782837 3129.475830
-130.373734 218.131927 3147.936035
-151.017761 -94.441711 3018.718750
98.967667 314.151184 3104.247559
218.891525 85.253601 3081.286621
211.248413 -381.832092 3142.489746
188.349380 -870.384216 3042.534180
1.847573 74.068237 3089.051270
-15.847251 -392.570099 3151.883301
18.558468 -871.011353 3055.392334
75.560913 781.958923 3151.418457
89.221191 554.151245 3128.330322
261.139191 564.034790 3124.323975
269.042389 256.079407 3130.176025
111.494064 -5.614594 3089.827637
-82.696793 544.267700 3132.336670
-130.327271 221.615173 3148.511230
-153.105652 -91.931152 3022.002686
102.051849 320.436493 3102.343750
223.408386 92.960907 3073.828125
215.714569 -374.830078 3129.477539
198.764893 -860.680542 3040.210938
6.356635 80.482574 3078.886230
-9.278329 -386.253662 3141.687012
26.430344 -865.367920 3050.894531
71.940720 785.588135 3158.019531
85.892136 557.921448 3131.028320
257.846619 567.789490 3127.981689
305.233307 237.519653 3133.856201
184.643707 104.233475 3082.494141
-86.062347 548.053406 3134.074951
-129.591095 225.644836 3145.698975
-153.325928 -90.016724 3024.830811
98.765244 324.565216 3101.757324
220.172333 97.437485 3070.563477
212.048233 -368.327332 3140.015625
187.352051 -865.231201 3046.047607
3.104376 84.980515 3074.409180
-16.519171 -378.967651 3152.799316
17.166391 -868.447754 3057.548096
72.868225 787.497070 3163.323242
87.201508 559.947510 3133.487305
259.187714 569.589294 3132.907959
325.389160 232.004303 3123.803711
196.106552 95.621536 3025.294922
-84.784698 550.305786 3134.066650
-131.662750 230.609406 3146.210449
-153.107925 -84.586182 3023.632324
100.167877 326.792297 3102.448486
221.698944 99.723343 3071.043945
214.758133 -366.037109 3141.464355
191.802612 -869.064331 3042.633789
4.569551 87.550797 3071.775391
-10.732293 -376.230713 3152.800781
21.674397 -865.906250 3058.874023
73.657669 786.309753 3164.477295
83.976387 558.561401 3134.577881
256.070312 565.571167 3132.716309
327.209839 266.420776 3113.186279
162.279755 86.278793 2925.356201
-88.117531 551.551575 3136.439453
-134.511856 232.760803 3145.636719
-151.508438 -82.737671 3023.148438
93.138687 325.282471 3103.176758
210.933945 96.428452 3070.600342
200.313843 -370.398132 3132.876465
180.869476 -866.464111 3045.632812
-6.331953 87.578659 3072.950928
-24.820862 -375.634460 3156.904053
9.681335 -867.716919 3062.424561
75.055046 780.940735 3164.571045
81.479851 554.116760 3134.159912
253.616852 558.075989 3130.247314
349.862305 222.671478 3099.439209
220.903015 107.622665 2897.195557
-90.657158 550.157532 3138.072510
-136.554901 234.828247 3144.027100
-152.059235 -82.882324 3027.280029
86.108932 320.856934 3101.777832
199.402985 90.096451 3066.926025
199.577011 -376.608704 3130.612549
178.287857 -880.417236 3028.853516
-17.926947 85.097733 3071.865479
-22.607742 -377.761475 3158.741211
8.188982 -870.349487 3059.028076
74.427223 778.773621 3165.598877
78.538040 552.165466 3134.966309
250.701004 554.648071 3130.168457
353.338379 235.149567 3088.345703
232.582092 172.736847 2849.330811
-93.624924 549.682861 3139.764160
-138.214340 235.527374 3144.004639
-152.512634 -81.985199 3026.450684
80.971283 318.983582 3101.621582
192.059891 87.368530 3065.248779
201.626038 -379.331207 3128.298096
184.577423 -870.271118 3036.068604
-25.250851 84.234863 3071.304932
-19.609598 -379.340485 3154.229736
12.560759 -868.789978 3060.470947
75.361366 775.959534 3166.108154
79.266312 549.759399 3135.094727
251.472427 552.153320 3131.352051
359.259491 252.477600 3072.810547
242.046814 251.089340 2817.591064
-92.939804 547.365540 3138.837402
-144.267380 231.334045 3145.150391
-151.985260 -86.584137 3028.197510
81.774307 316.609802 3101.362793
192.967819 84.971054 3065.268799
210.951584 -380.837830 3132.892090
192.345459 -868.671875 3046.387695
-24.403214 81.949326 3069.992920
-10.910201 -382.327759 3148.188721
20.805874 -873.244263 3059.696289
77.519737 778.059387 3163.858887
80.389931 551.950439 3135.293457
252.604736 553.305237 3131.114746
394.190125 302.661621 3005.573242
275.520935 490.143646 2828.523193
-91.824867 550.595703 3139.472168
-145.719742 231.070312 3145.998047
-151.619736 -83.998749 3021.621338
81.450836 318.538086 3103.341553
191.207855 85.980774 3068.752197
209.089630 -379.541779 3138.956055
190.454895 -873.126831 3045.669434
-26.184380 84.270630 3074.027100
-14.498418 -379.921814 3153.636230
16.700783 -868.657532 3062.029053
76.726173 779.513672 3164.728516
80.549500 553.756226 3136.416504
252.742661 555.911865 3131.562988
394.089386 333.838409 2988.275879
260.257660 555.907593 2858.999512
-91.643677 551.600586 3141.270020
-145.529785 236.987701 3143.269531
-153.569489 -78.551636 3020.041016
82.592567 320.243530 3105.189209
193.320053 88.091400 3070.898438
214.805084 -376.861847 3144.001953
193.713150 -876.459595 3042.240723
-24.048779 85.370270 3077.025391
-10.047865 -378.680634 3157.389160
21.869892 -869.389160 3060.504150
78.185738 781.040955 3165.675537
81.944710 556.581299 3136.393066
254.066757 558.946777 3129.660156
390.536438 369.913025 2964.136963
247.151169 613.775269 2905.058105
-90.177345 554.215759 3143.125977
-148.272552 229.998749 3147.643066
-158.743240 -85.969849 3019.061768
83.871506 323.268555 3103.678711
194.443695 91.448975 3066.714355
212.817108 -375.259033 3127.596924
191.928864 -867.424133 3040.868164
-22.847084 88.462708 3075.214355
-12.864279 -376.786011 3148.751465
21.074678 -866.657043 3054.951172
77.584358 779.286865 3164.646240
79.887802 556.831543 3134.965332
251.631027 559.595215 3122.845215
384.268463 400.455536 2945.074219
239.445236 651.970215 2956.976074
-91.855423 554.067871 3147.085449
-150.135239 228.498169 3155.330322
-158.241837 -77.131866 3010.307373
81.335266 323.506561 3102.273438
191.234482 91.926758 3061.927979
208.125336 -374.252899 3127.688477
185.705734 -871.415894 3036.732910
-25.669010 88.436401 3077.235107
-15.473655 -376.054718 3155.540283
17.618114 -871.396973 3063.401123
79.656418 779.135498 3165.148438
80.677086 556.472656 3134.622803
252.165344 558.428833 3119.073975
379.130127 430.719543 2921.054199
233.200104 676.121765 2999.979248
-90.811165 554.516479 3150.171631
-149.533936 234.465424 3156.036865
-156.608826 -70.014618 3010.629395
80.321899 323.228302 3101.361084
188.202332 91.218582 3058.285645
207.599060 -374.392639 3127.614014
186.971527 -864.653076 3038.605469
-28.268923 88.749283 3077.913086
-13.307786 -376.181396 3152.771729
19.072617 -870.372192 3063.364746
80.658783 778.003784 3164.979492
83.559700 530.932739 3125.726562
254.002792 530.590820 3102.303223
369.654388 451.907715 2905.097900
226.009827 687.261047 3033.899414
-86.883400 531.274597 3149.149902
-148.699478 238.896973 3155.309570
-162.088516 -64.770660 3009.819580
79.076248 297.255768 3096.512695
182.080643 63.363220 3052.527100
203.904861 -399.972565 3115.791260
186.354660 -890.722473 3043.285889
-32.895031 63.794434 3082.070557
-15.663303 -400.749512 3155.343750
17.321056 -897.711548 3065.891357
83.311539 778.572327 3165.295166
83.725098 543.734924 3127.861816
253.769150 544.819519 3101.181152
360.795776 467.935394 2890.033203
222.052505 680.531189 3064.332520
-86.318954 542.650269 3154.542480
-150.377747 226.468872 3153.655029
-163.623413 -72.636963 3004.621582
80.173004 310.406311 3095.737793
184.083282 77.763168 3046.752441
209.622070 -389.904724 3116.053223
191.422424 -853.334473 3044.563477
-30.841454 76.392258 3080.475098
-4.355186 -390.236450 3141.674316
14.182127 -865.197510 3091.570312
83.842194 781.467163 3165.463623
87.894188 539.102539 3127.611084
257.876709 538.377808 3100.104248
351.365051 481.933594 2867.499512
214.016815 682.078857 3064.820068
-82.088326 539.827209 3155.117920
-150.696503 216.741760 3151.317383
-158.831802 -88.281189 3012.798340
81.022614 306.500549 3091.275146
181.497604 73.440933 3037.568115
208.991699 -389.382874 3125.710938
187.332001 -874.701965 3039.460205
-33.195526 74.356216 3072.310303
-9.708403 -393.075195 3127.380615
8.223589 -856.942505 3102.887451
83.053658 781.951904 3165.484131
83.965073 548.758301 3129.131592
252.162689 551.018555 3093.232422
332.685181 488.985046 2849.696045
213.313721 685.036133 3056.343506
-84.232544 546.498047 3165.030762
-149.847473 212.370667 3148.095947
-168.873276 -93.224884 3018.283203
79.358978 316.048859 3092.898926
181.083511 84.768311 3033.971680
208.558578 -377.235382 3124.449219
189.040359 -863.367249 3041.230713
-31.577749 81.910522 3079.360840
-4.412064 -385.131012 3135.806396
11.026029 -843.491577 3127.469238
82.801605 778.897461 3165.813965
83.910332 523.987793 3117.984131
247.263336 524.036987 3066.299561
316.001587 493.004303 2841.613281
205.866760 692.285278 3044.728271
-79.442665 523.938599 3169.668701
-150.268890 205.085236 3153.302490
-167.971802 -91.825714 3010.726074
73.503876 291.065308 3084.871826
165.509445 58.173706 3019.356445
201.125931 -388.926453 3129.907715
179.078796 -893.611084 3030.105469
-39.314613 58.112000 3084.162598
-16.956371 -403.155182 3154.197510
9.162342 -887.377197 3091.829834
84.785706 773.750305 3166.562500
83.780029 501.984436 3114.875000
248.946884 495.381226 3068.883789
298.480713 491.553833 2827.149414
206.672272 715.210083 3015.858154
-81.386826 508.587646 3160.865723
-151.657898 197.032501 3148.496826
-161.127930 -98.413788 3006.446289
65.608505 269.439667 3083.003418
151.113052 32.750015 3022.263184
197.975998 -416.944580 3136.944824
177.996506 -896.353760 3045.748047
-56.239098 41.039749 3080.000977
-26.736935 -423.094849 3140.632324
4.144848 -884.351379 3068.351562
83.116753 773.181702 3165.093750
82.369507 490.101440 3112.027588
247.540100 481.498779 3065.117676
275.744965 498.784485 2819.562500
193.404663 743.604858 2990.286621
-82.801086 498.704132 3158.937500
-151.818008 186.005890 3152.763184
-152.988297 -105.511108 3002.871582
62.361423 257.123230 3084.303711
146.190842 18.736786 3027.089111
206.446167 -433.763550 3132.727295
187.568619 -877.456421 3053.951416
-61.484161 29.553253 3086.070557
-15.253555 -430.778412 3165.569580
17.538685 -881.189575 3067.932129
82.984238 770.654663 3165.377930
80.330109 518.019104 3121.396973
246.248276 514.724121 3076.145752
262.877258 496.896088 2810.769043
184.173431 764.807251 2932.473389
-85.588058 521.314087 3166.648193
-150.429749 187.192291 3152.623047
-155.064209 -106.861359 3007.666748
66.867371 285.242859 3088.983887
158.776611 50.374008 3027.832520
220.810669 -417.853760 3132.995361
200.162445 -850.264771 3050.371338
-51.967354 54.559189 3085.309082
-1.899025 -413.647095 3166.434570
30.159237 -854.251953 3056.183105
79.767387 766.228271 3166.003906
77.450195 528.210327 3126.716064
243.695663 528.683289 3082.194580
255.435410 499.450195 2801.874268
178.411179 781.770569 2860.474854
-88.795273 527.737305 3171.237549
-149.264236 207.876678 3167.445557
-152.713959 -87.150116 3024.228271
68.600540 295.626953 3091.199951
165.015076 63.343109 3027.493408
224.961945 -395.087097 3146.103760
195.861115 -861.498535 3048.199951
-45.513306 62.744110 3083.874268
-8.412197 -401.465393 3173.630859
26.912907 -866.421753 3063.273193
79.313774 773.285034 3178.793457
75.518707 542.184448 3135.786377
240.946808 545.740784 3088.320557
246.157379 512.201782 2785.388672
163.953461 794.777039 2775.788330
-89.909393 538.628052 3183.252197
-143.072571 219.559479 3172.065674
-153.234192 -80.612152 3041.012939
68.859650 310.338257 3095.207031
166.803940 80.740829 3024.614014
216.386124 -378.672302 3130.167725
193.105255 -851.326721 3044.876953
-42.402752 76.243332 3084.641357
-7.747147 -389.079407 3158.922852
23.833242 -855.312561 3066.627441
78.651772 778.202759 3187.208496
74.778458 550.946533 3142.752930
239.611786 556.071594 3093.217529
238.558990 519.593872 2763.181885
156.809174 780.270508 2675.248291
-90.054871 545.821472 3192.288330
-132.130096 233.119659 3179.573242
-153.776718 -68.030701 3052.286133
69.071762 319.438599 3099.811035
167.484467 91.167969 3025.579346
216.724167 -365.480286 3136.787842
191.907013 -858.454773 3048.338135
-40.754341 84.693359 3088.158936
-8.716644 -380.086792 3162.970703
24.546474 -861.946777 3073.495361
80.666550 777.688782 3191.429199
75.598663 553.219360 3146.208496
240.749405 558.596924 3097.613281
234.283646 534.799438 2738.602539
153.012360 752.613403 2576.607666
-89.552063 547.841797 3194.803711
-126.389671 241.596741 3180.318604
-154.913452 -63.251556 3063.799805
70.054436 321.948853 3101.773682
168.781693 94.073593 3026.657227
216.205612 -362.489441 3136.127686
192.910889 -862.541443 3050.267578
-39.761295 87.283066 3088.020508
-11.757265 -378.271057 3157.135010
24.476206 -866.105103 3067.356689
80.871521 778.822876 3192.022461
76.244965 555.521606 3147.434570
241.238037 561.697876 3098.322998
230.632156 551.908508 2734.792236
160.497742 700.294800 2515.613281
-88.748108 549.345337 3196.546143
-123.641510 245.502136 3186.940430
-155.203079 -58.247131 3067.765381
71.833572 324.107178 3103.511475
171.579330 96.591751 3028.584961
215.757446 -362.142273 3127.900146
192.592545 -864.201416 3054.520264
-36.734974 88.793777 3090.591797
-7.874451 -376.128296 3162.599121
25.773426 -866.337524 3068.805664
80.825691 785.186890 3205.330078
74.467728 563.895752 3154.411133
237.981949 572.225525 3101.059326
223.219269 570.896362 2748.373047
173.381058 635.034546 2489.414307
-89.046494 555.565979 3207.762939
-122.161942 246.101837 3191.427734
-157.568680 -56.964935 3071.300537
69.804184 333.844299 3104.200439
168.398712 109.053055 3020.298340
208.743301 -350.346130 3117.563477
186.724350 -855.394958 3043.013916
-38.117428 98.532669 3087.681152
-9.408768 -367.057739 3154.691650
22.000315 -859.691284 3060.714844
81.914276 788.649780 3212.479248
75.109413 568.569580 3156.705078
238.700562 577.488647 3103.549072
228.609390 572.949463 2741.686768
194.249863 588.165283 2462.227783
-88.481728 559.650574 3209.861084
-122.507721 254.144775 3192.383545
-156.386917 -50.718842 3076.306641
70.125214 339.316406 3102.899170
168.380692 115.691864 3015.547363
212.414185 -341.426849 3120.975830
189.061844 -862.324585 3041.361328
-38.098675 104.434540 3082.639160
-8.911282 -360.192566 3155.495605
21.262680 -863.279114 3053.297119
79.724472 785.693054 3202.040283
74.635460 564.147827 3151.308350
236.935364 573.919067 3094.541016
236.345978 557.509277 2740.333496
209.424393 561.301758 2449.110352
-87.664436 554.376587 3208.075684
-120.449165 257.295288 3191.724854
-157.675262 -48.912933 3080.295898
70.922791 334.050903 3101.087402
169.669922 110.122559 3015.029297
212.333588 -347.930481 3116.946533
190.784637 -874.050720 3045.544922
-35.249687 97.785400 3086.703613
-9.449041 -367.161072 3158.781250
26.013021 -876.737793 3060.718262
79.531181 783.140869 3197.322266
74.836029 561.299927 3149.110840
237.245438 570.892761 3092.525635
236.169815 544.754883 2729.156006
210.512863 556.392822 2435.724609
-87.573380 551.707031 3205.696045
-118.189133 253.437592 3194.311768
-158.795685 -51.618439 3080.837158
71.416656 330.876831 3100.232910
170.490845 106.507645 3015.645020
210.455566 -353.355896 3109.981689
189.053314 -867.336609 3049.157959
-34.496284 94.399857 3087.064941
-11.707256 -372.475769 3144.836914
24.267826 -869.954224 3058.209473
80.432556 780.591431 3195.973633
75.220299 559.637939 3147.493164
238.500092 568.455200 3093.352783
237.588257 544.378784 2747.079102
201.743149 552.353699 2451.170654
-88.059502 550.820801 3201.633545
-119.786263 245.210907 3192.646484
-160.594788 -59.924835 3079.343262
71.382835 329.247467 3098.398926
170.609833 104.422485 3015.130615
209.326477 -353.069305 3120.437256
190.712463 -870.451538 3041.779053
-35.519096 93.291443 3083.478760
-13.878052 -373.467773 3143.520752
22.264454 -868.892273 3057.340088
80.067261 780.250977 3193.805908
75.935547 559.089905 3146.795898
239.725220 567.676880 3094.141846
236.288254 539.684631 2734.542236
190.150604 552.778137 2440.030518
-87.854126 550.502930 3199.449951
-120.782272 246.847321 3193.630615
-158.790649 -58.691284 3080.416260
72.627472 328.434509 3098.889404
172.695587 103.198792 3017.750244
212.227600 -354.490845 3122.291504
194.393417 -864.906006 3053.767578
-34.056789 92.359436 3084.215576
-10.593533 -374.649689 3142.021240
23.090469 -866.325562 3064.704834
79.113846 781.634094 3193.244629
77.043404 559.935791 3146.083252
241.873840 568.419617 3096.849854
238.148376 536.342102 2739.781006
181.006821 549.368347 2448.040039
-87.787041 551.451965 3195.316650
-120.831764 247.850861 3189.667969
-160.532867 -59.282654 3081.557129
74.473427 329.355286 3097.745850
175.957855 104.130478 3018.328369
212.102463 -353.453003 3124.681396
196.415543 -869.413330 3048.157715
-32.150955 93.419113 3080.488525
-9.356638 -373.749329 3137.559082
23.234583 -864.633728 3060.252930
78.362091 779.787659 3192.935303
79.223442 558.595154 3146.125000
244.760696 568.013550 3099.496826
241.073120 543.166016 2741.908203
192.616745 546.319214 2448.599365
-86.313820 549.176758 3192.753174
-122.918716 230.424377 3191.344727
-159.982483 -75.890472 3070.392334
78.707588 328.019836 3097.719971
182.676819 103.389282 3019.883789
214.566757 -352.344879 3134.872803
199.809875 -876.910156 3041.833496
-26.293354 91.499756 3078.746094
-3.054178 -373.850677 3148.008789
27.499846 -868.266235 3060.243896
78.613686 774.776367 3192.295898
80.481743 554.075500 3144.606689
246.867340 563.989807 3101.250488
244.043060 548.583435 2744.969482
205.933868 541.836304 2448.929932
-85.903862 544.161194 3187.962891
-121.245399 226.086365 3188.602539
-157.078003 -83.276855 3069.783203
81.386688 323.671692 3095.392822
187.318832 99.526062 3018.811279
214.229248 -356.483429 3134.145020
195.181870 -881.446411 3035.056885
-22.735550 87.009705 3073.546631
-5.656391 -379.068085 3139.927246
26.388432 -868.158813 3057.274902
80.229156 771.028198 3178.940674
81.201309 549.109619 3138.102051
247.364517 558.203003 3093.634033
243.032425 546.803467 2743.973633
210.490463 542.851196 2447.908447
-84.961899 540.016113 3182.570068
-122.022842 222.669373 3184.614746
-158.143005 -86.351837 3062.344727
82.014114 317.753571 3093.828125
187.693619 92.136475 3021.490234
209.481735 -366.500977 3126.630371
192.644577 -873.675781 3049.729492
-22.039778 80.658630 3077.618164
-9.284968 -385.394012 3145.469727
24.598370 -874.685059 3062.295654
79.914711 771.781006 3186.826904
78.675560 551.129761 3141.081299
243.924088 559.734924 3093.299316
240.995239 545.375000 2737.510742
202.820465 551.194702 2444.764160
-86.572975 542.524536 3188.863281
-117.034790 213.852081 3181.829102
-159.803314 -92.317688 3058.859131
77.198364 320.246582 3094.392090
180.035461 94.795517 3017.540283
201.161957 -363.574280 3124.382568
186.943649 -867.978638 3037.577148
-28.593115 83.931320 3077.865479
-15.047856 -383.252197 3136.962891
16.903114 -863.401001 3061.362549
80.904854 773.326599 3190.227783
79.346718 552.530884 3143.633789
244.923309 560.285706 3096.773926
243.506393 551.686829 2754.260498
203.539505 546.606140 2459.105225
-86.229866 544.776001 3190.493652
-121.299667 221.355408 3177.504395
-158.977066 -86.158997 3058.394531
76.678436 321.823517 3096.025635
178.507889 96.010361 3018.843506
208.513153 -359.883545 3133.416748
189.314041 -866.612305 3042.539795
-30.487597 86.221970 3077.991455
-12.707180 -378.943726 3149.575439
20.837368 -864.528564 3060.165527
81.373466 772.254761 3191.937256
80.312943 551.593506 3143.911133
246.730362 559.382080 3100.197021
245.262573 554.347656 2761.640137
208.282486 541.956909 2463.868164
-86.104477 543.804932 3187.625244
-129.140839 215.670258 3174.756592
-159.071198 -90.852448 3049.244385
78.320770 321.084808 3095.257080
181.379257 95.492615 3019.008545
216.057327 -359.415558 3136.428955
189.767334 -871.432495 3036.792236
-28.722071 85.659607 3074.197510
-7.946665 -380.325714 3139.932861
25.641428 -864.970642 3055.717529
82.750488 769.381409 3193.282715
81.262123 549.185608 3143.890869
248.228943 556.749878 3102.242920
244.135391 549.175293 2758.826172
204.553909 545.342651 2463.069580
-85.704689 541.621277 3185.538818
-130.233200 221.343658 3169.983887
-157.604111 -84.660004 3041.451416
79.417252 318.791443 3094.649414
182.954620 93.171555 3019.121582
213.379974 -364.505371 3126.213135
191.029999 -864.272339 3044.916992
-27.809877 83.623032 3071.694336
-11.655561 -381.690186 3143.400879
24.825102 -869.743408 3055.248047
83.596306 766.972046 3192.955322
81.511330 546.650696 3143.232178
248.860336 553.835022 3103.028809
245.071564 549.087341 2757.419922
201.764999 547.924377 2461.318115
-85.837685 539.466309 3183.435547
-130.814362 223.041901 3164.882812
-156.830811 -82.842743 3035.152832
79.468842 316.342804 3093.574219
183.048798 90.569321 3018.541748
211.763626 -368.151794 3121.949707
189.807999 -865.576538 3049.825439
-28.196087 81.500534 3069.290771
-11.302242 -383.160522 3145.279053
21.576958 -869.976196 3051.964600
86.505127 764.713257 3193.302246
81.602577 544.288086 3143.144043
248.714493 550.329102 3101.763672
245.540405 551.535522 2770.216553
202.745178 544.182190 2470.599365
-85.509346 538.247070 3184.524414
-128.349243 223.124603 3161.839600
-156.909454 -82.767426 3032.358887
77.470512 314.151489 3092.859863
178.815384 87.827835 3016.457275
209.930908 -369.280640 3126.166992
184.117599 -868.228516 3048.622070
-32.138489 80.201981 3068.694092
-17.783901 -383.399719 3151.335205
18.539791 -868.224915 3056.582275
87.031479 767.801086 3192.458740
82.098412 547.058655 3142.934814
249.474289 552.242188 3102.493164
247.268433 544.263611 2773.602783
205.919876 543.687927 2471.396240
-85.277458 541.875122 3183.376465
-130.190186 222.775330 3164.983154
-155.147018 -79.466095 3026.706787
77.401833 316.647552 3093.964844
178.348343 89.508148 3019.469238
214.325089 -366.886261 3130.772949
187.704178 -865.065430 3051.356934
-32.937843 82.964752 3070.520508
-15.250858 -379.654663 3157.959717
21.436390 -863.694702 3056.909180
89.458359 772.392578 3192.031738
83.937408 551.350098 3143.841309
251.377640 556.035278 3103.576904
251.147812 532.621399 2770.791748
211.626083 541.298096 2465.466064
-83.502823 546.664917 3184.105713
-133.583771 209.403137 3164.473633
-150.639908 -90.819763 3012.436768
78.738617 320.833862 3095.398926
179.222672 93.274750 3021.542969
216.399979 -362.428253 3135.396484
185.960449 -864.611450 3047.754639
-32.143021 87.360443 3072.370117
-12.901651 -375.921692 3156.030762
21.916464 -864.331055 3054.396484
89.494354 771.289978 3192.831787
83.709229 550.681763 3144.177002
251.556702 554.776978 3105.603271
256.077881 522.810547 2761.900635
217.362503 536.373108 2454.888672
-84.138245 546.586548 3182.750732
-131.475540 220.980865 3161.251465
-151.855377 -81.981140 3013.028076
78.125908 320.238708 3095.416748
178.490082 92.380600 3022.308350
213.505325 -364.944763 3130.092529
186.296219 -869.093994 3050.122803
-33.404892 87.210678 3071.004639
-13.327711 -377.117310 3148.359619
19.788286 -864.507446 3052.918701
87.635437 770.802368 3178.732422
83.856590 548.263611 3137.959961
251.902237 552.850342 3100.298584
263.523712 507.890686 2765.961670
215.291061 537.390503 2462.072510
-84.189064 543.676880 3175.621338
-133.256836 213.503876 3162.121582
-145.526123 -85.920166 3004.170898
80.761177 316.564514 3095.929688
183.732620 87.760468 3030.128418
219.576828 -370.677307 3132.823975
195.760254 -870.720337 3059.502197
-28.401081 81.970367 3077.670410
-6.298666 -383.270050 3148.665527
26.519815 -868.919250 3062.306396
88.858475 774.882629 3185.200928
83.287888 553.129639 3140.369629
250.013046 558.150330 3097.590820
270.725830 482.412811 2765.997559
205.893372 539.760071 2474.237305
-83.437271 548.108887 3183.148438
-137.164307 208.277832 3158.585205
-145.679199 -79.993164 2989.235840
78.869530 321.845306 3096.004883
179.733398 93.731430 3024.626465
210.087875 -366.091736 3122.682861
187.273972 -863.087524 3036.341064
-30.831043 87.390549 3078.653809
-12.818321 -379.080688 3142.076660
19.347980 -862.409851 3051.293945
86.492744 773.796265 3175.424561
82.594765 551.758789 3135.812012
249.803925 556.564148 3094.799805
275.340546 461.689514 2770.501709
195.618439 539.961182 2487.281250
-84.614403 546.953430 3176.824219
-132.600433 224.936218 3159.937500
-151.321442 -68.083954 3004.581055
79.362640 319.724976 3095.447266
181.651245 90.723679 3029.200928
216.542572 -366.408142 3137.363770
194.138092 -869.550659 3049.460693
-29.390202 84.658676 3080.964111
-9.245193 -379.709778 3157.038818
23.818089 -870.126587 3053.959717
85.708931 777.774536 3183.531250
81.826363 555.237732 3139.191406
248.708069 560.500183 3096.837646
281.655884 438.834381 2777.751709
181.568069 540.031067 2512.799561
-85.055351 549.975220 3181.545166
-128.649017 226.937408 3161.151855
-151.879425 -68.146576 3012.023193
78.046402 323.794708 3095.540527
179.588364 95.672958 3025.159424
211.944504 -362.509888 3129.919678
187.525864 -864.333496 3037.407471
-31.055479 89.030441 3078.619873
-11.612038 -377.194397 3142.187744
20.089418 -857.813538 3052.966064
86.089813 780.502014 3188.079590
81.906479 557.991272 3141.224609
249.692474 562.489807 3102.641113
288.850891 402.933533 2792.376709
170.666199 538.151245 2555.612305
-85.879517 553.492676 3179.808105
-128.249802 229.134613 3161.042969
-151.584198 -67.988525 3016.765869
77.629333 326.899109 3095.680908
179.275238 98.646896 3025.779541
215.791656 -356.746521 3140.516113
188.491653 -872.172485 3037.336670
-32.570862 92.967026 3074.494873
-11.521896 -372.869202 3141.291016
21.378304 -863.649170 3055.026611
84.246521 786.447144 3189.849854
79.745834 563.199585 3142.140625
248.006317 567.086365 3105.527344
293.931763 369.969086 2819.192139
167.559769 524.764526 2593.243408
-88.514648 559.312744 3178.753906
-125.405731 234.360687 3162.280029
-152.349228 -64.467010 3022.625000
75.013550 332.241516 3095.874512
176.474960 103.736526 3026.500732
212.716156 -350.946106 3144.438232
188.604202 -870.473389 3038.081787
-35.912437 98.830399 3072.716064
-10.804554 -366.073425 3144.643799
17.558453 -862.940613 3054.303955
83.071938 785.218018 3177.274902
79.792625 560.868896 3136.271729
248.404495 564.984497 3101.270752
297.945251 341.967834 2848.104004
169.829132 512.152222 2632.673340
-88.819237 556.753235 3171.272705
-121.890175 237.331909 3163.523926
-153.697357 -65.745239 3035.188721
76.750702 329.089783 3094.363770
180.126770 99.908218 3030.365234
219.325348 -357.023621 3137.898438
194.329239 -871.109070 3050.553467
-32.709225 94.713150 3074.546387
-5.246643 -369.782654 3148.562256
23.167179 -872.520264 3059.365234
83.197388 785.374390 3170.932861
79.325607 559.779358 3132.330811
248.485321 562.881226 3100.021240
304.452698 304.971039 2885.045166
173.115631 482.905151 2676.946045
-89.834106 556.677551 3164.640381
-121.016693 233.574890 3162.353760
-154.786896 -71.986267 3040.484131
76.019257 327.581238 3092.728027
179.491409 97.341080 3032.730469
213.789215 -362.570007 3128.109863
190.722412 -868.717285 3051.208008
-34.065601 93.425125 3073.520020
-12.821672 -373.087402 3134.574463
18.649582 -869.478760 3056.233643
83.748085 788.532593 3168.293213
79.061699 562.174744 3130.362305
248.546600 563.402893 3099.661377
313.722534 276.982239 2919.509277
167.194916 443.828918 2717.796387
-90.423210 560.946594 3161.063232
-122.042542 235.946869 3163.607422
-155.513657 -70.362366 3043.296143
73.779739 329.810730 3091.907471
175.474182 98.221939 3034.074707
209.439117 -362.271362 3127.416748
187.191101 -862.203613 3054.265381
-38.478611 96.671524 3072.830566
-12.201452 -370.985657 3121.404785
10.351278 -845.362549 3093.275879
81.564133 789.699463 3166.947510
77.293137 562.356934 3128.733887
246.909515 563.191650 3098.654297
326.369568 261.983978 2961.761719
174.557648 405.231934 2750.742676
-92.323242 561.522217 3158.813477
-122.922272 237.206238 3167.582031
-155.643692 -70.290344 3050.026367
71.658073 329.947784 3090.508789
173.072723 98.065430 3033.299561
210.497131 -362.036224 3127.545654
189.701645 -868.204468 3047.698486
-41.026718 97.011841 3071.267822
-11.485365 -367.962463 3138.183350
16.342010 -857.962830 3074.931885
81.219498 789.765747 3165.787354
78.626740 562.358276 3128.196533
248.335602 563.475220 3098.597656
330.674866 256.498749 3010.403320
175.543671 357.143494 2781.490723
-91.082123 561.241333 3157.795410
-123.734177 235.464600 3169.163574
-155.183594 -71.607361 3050.086914
73.435760 329.981903 3089.664551
175.357849 98.310486 3032.450928
218.762482 -360.542603 3130.115234
191.321289 -868.784546 3037.402588
-38.868294 96.900574 3069.814209
-8.113491 -368.226776 3137.000977
24.606136 -860.258484 3068.789551
79.844452 791.521729 3165.719238
79.400101 563.483887 3127.000732
249.471375 566.016907 3099.761719
315.840668 258.751587 3055.717773
192.128265 296.194916 2801.761475
-90.671188 560.950806 3154.239746
-121.242928 235.749298 3165.791016
-154.892456 -72.309692 3049.922852
76.521828 331.250793 3087.433594
181.001770 100.616730 3030.671631
222.009476 -357.941589 3130.889648
195.174881 -861.202148 3037.345703
-33.714657 97.418732 3065.061279
-6.091990 -367.904968 3133.112549
27.388639 -863.059204 3061.851074
78.602409 790.734863 3165.234131
81.552261 562.394470 3126.124756
252.383499 566.775696 3105.437500
311.440613 266.874115 3096.926270
208.365799 237.310822 2840.034180
-89.278976 558.013306 3146.812012
-122.969055 234.259338 3163.567383
-157.796692 -75.263275 3052.065430
82.556778 330.392975 3085.286133
191.465347 101.158798 3031.380615
226.816452 -358.741821 3127.401611
200.238785 -859.206055 3049.254639
-24.342762 95.624130 3057.514404
-1.608189 -368.665588 3133.771484
31.472584 -869.083740 3054.241455
77.811523 792.593811 3163.939453
82.528084 564.057617 3124.999512
253.705322 569.562378 3107.271240
308.217102 276.432434 3119.983398
226.293289 177.499512 2870.017578
-88.649147 558.552856 3142.727783
-123.427155 230.494202 3163.807129
-156.840958 -80.036499 3054.655518
85.771851 332.044037 3084.278076
197.032684 103.504105 3032.369629
220.026688 -357.517090 3126.124268
194.004547 -861.007996 3046.683350
-19.001431 96.556839 3054.743652
-7.282738 -366.687134 3138.781494
25.799614 -867.708252 3051.563965
78.080597 791.620361 3164.310791
77.232895 564.272583 3124.803467
248.202881 565.821472 3104.574463
304.110870 275.205017 3133.529785
243.435730 118.558990 2894.569336
-93.737091 562.723694 3145.032471
-125.724167 234.700958 3159.574951
-156.010956 -78.075684 3056.239258
74.490417 332.351135 3083.867188
179.669968 101.407394 3030.161621
197.256226 -360.063049 3123.245605
173.792236 -863.273315 3045.631104
-36.174091 99.451950 3055.700195
-28.446938 -364.331238 3137.871826
2.126797 -864.919373 3054.097168
77.029106 790.062317 3164.988281
77.340675 563.907776 3124.133301
248.719330 565.863831 3107.581299
306.557587 265.101166 3145.280273
258.482819 68.022842 2917.604736
-94.037987 561.951782 3140.685303
-128.433197 235.098785 3161.122559
-155.223526 -76.768799 3054.116943
76.003769 331.987000 3082.883789
182.828690 101.300705 3031.187988
214.692215 -359.202087 3124.518799
193.256561 -862.692261 3049.417480
-33.494953 98.831711 3052.080566
-6.881088 -361.998840 3143.999268
22.305397 -867.518982 3051.917725
77.501801 788.382080 3164.836182
80.895416 562.203491 3123.360107
252.594055 565.372437 3110.821777
307.644501 266.039093 3148.762695
272.230591 27.968155 2954.146484
-90.803223 559.034607 3135.898438
-126.156693 234.978119 3155.216553
-155.534683 -77.261414 3049.898682
82.176620 330.241577 3082.278564
191.834122 100.279892 3033.282959
221.516373 -362.178589 3117.436523
201.037231 -862.310059 3055.778564
-24.918468 96.279404 3049.111084
0.103140 -363.503174 3147.681641
26.901999 -872.999512 3050.282715
77.269402 789.396484 3164.738525
81.126434 562.515686 3122.586426
252.873093 566.477966 3110.269043
305.359680 263.210815 3148.734863
291.475311 -0.454163 2979.375732
-90.620209 558.553406 3134.903809
-125.281891 233.341675 3150.200439
-155.656097 -79.816956 3047.897949
83.503441 330.611511 3081.130859
194.255188 101.207626 3031.902832
211.804077 -362.605469 3111.556885
194.947479 -860.713684 3053.434814
-22.494303 96.207077 3047.447754
-6.805353 -364.327454 3144.776367
21.583521 -868.289124 3052.933838
76.839958 789.144409 3164.176758
79.797485 563.128235 3121.971191
251.621033 566.541260 3110.236328
306.240326 265.189026 3147.825439
303.765289 -15.409668 3000.119385
-92.026047 559.715210 3133.706055
-124.944405 233.107208 3145.482910
-154.496979 -77.845490 3036.588867
81.598976 331.143890 3080.877441
191.838898 101.313492 3032.377930
209.038116 -361.754150 3117.017090
190.331711 -866.206848 3051.880859
-25.037975 97.005569 3047.189453
-11.024839 -362.788757 3148.710205
17.583372 -869.815186 3055.030518
77.048996 787.000244 3150.884277
80.029633 559.503906 3117.626709
251.960281 561.967041 3107.204102
305.614014 265.769562 3138.516602
311.258789 -29.433441 3019.043701
-91.901016 557.040771 3128.049316
-124.586487 234.465698 3145.047363
-153.996796 -75.486084 3033.198730
81.248016 326.587677 3082.680420
190.983780 95.226120 3041.155762
211.315353 -367.273682 3128.549072
189.511002 -874.750488 3052.992920
-26.050976 92.116806 3054.312500
-8.631720 -368.459290 3151.906250
20.042019 -874.191223 3065.268555
76.079025 779.133789 3132.248779
79.136520 550.329529 3109.145264
251.164948 552.130554 3100.274414
305.422302 263.410553 3133.924805
324.542145 -40.444885 3036.204834
-92.891907 548.528503 3118.016113
-128.764938 236.046021 3141.604492
-153.380585 -73.268494 3026.916992
80.161270 316.500702 3081.543945
189.767456 83.808655 3048.343506
207.228729 -380.626648 3124.993408
191.995956 -881.260864 3051.792480
-27.395428 81.535095 3059.541748
-10.769316 -380.905304 3147.799805
17.205721 -877.222412 3056.314453
76.252510 780.464355 3134.938965
79.696693 552.388916 3110.203857
251.805618 554.535217 3103.169922
305.969910 255.499573 3132.268799
331.865753 -53.400848 3048.532227
-92.412224 550.242615 3117.237793
-131.554413 231.298218 3138.364258
-152.627258 -75.527954 3016.681396
81.415977 318.689392 3080.962402
191.769363 86.344620 3047.281250
209.769775 -378.658752 3120.812012
197.143127 -871.901245 3038.235840
-25.498846 83.635147 3056.160645
-6.445213 -378.715881 3144.762207
18.706512 -866.204834 3041.169434
76.507370 775.497131 3136.282959
80.398209 548.311584 3109.655273
252.560593 550.346252 3103.883545
304.060760 254.830139 3128.042236
341.151154 -56.638306 3056.406982
-91.764175 546.276917 3115.427002
-132.137573 234.775055 3138.455078
-151.811111 -70.570648 3012.769775
82.132584 314.746674 3079.052002
192.531281 82.465988 3044.805908
211.421204 -380.950562 3127.343750
195.326294 -867.092041 3044.668701
-24.797356 79.897507 3052.091553
-9.715081 -381.465027 3146.369141
17.598141 -865.893616 3047.197998
75.306984 777.959961 3137.449951
79.969864 550.081543 3109.838623
252.097748 552.922974 3103.315674
303.521790 235.420654 3131.514893
351.523163 -77.939514 3059.129883
-92.158005 547.240051 3116.361572
-133.329163 230.733337 3130.799072
-150.721771 -75.021942 3005.663818
82.652367 316.548584 3078.894775
193.978287 84.809128 3043.833740
211.562973 -378.813171 3125.897461
194.220871 -860.760986 3047.598145
-23.308559 81.222153 3052.068115
-8.692597 -380.569580 3144.511230
18.935631 -858.254639 3051.101562
74.575722 777.135925 3138.037354
80.475517 550.566528 3110.274902
252.617844 554.612488 3104.962891
305.281311 238.600586 3127.931885
356.127197 -77.319366 3060.549561
-91.666801 546.520508 3115.586914
-140.170151 227.360596 3130.902344
-149.041733 -72.275757 2992.355225
84.999283 317.094360 3079.045898
198.179886 86.176041 3044.463867
218.789764 -375.486755 3135.925293
191.095581 -865.181274 3042.911133
-19.133799 81.068375 3051.169922
-9.762935 -379.607239 3149.464600
23.907330 -855.946777 3052.168213
73.356369 776.793945 3138.339600
79.555420 549.762512 3109.409912
251.690842 554.014893 3103.829590
306.960205 243.058777 3122.567383
358.424896 -73.691040 3054.840820
-92.580002 545.510132 3114.990234
-139.597412 216.665405 3133.985352
-150.950439 -81.173828 2980.892578
84.299850 316.325897 3077.875000
197.690720 85.573257 3042.817871
210.355621 -377.729370 3126.838867
185.966568 -862.872620 3043.990234
-19.602152 80.205338 3049.862305
-13.762911 -381.312927 3144.494141
19.900671 -855.761597 3051.716797
74.040703 778.671143 3150.996582
79.193619 554.612427 3113.499268
251.302689 558.293335 3106.830566
308.462402 231.012390 3123.796875
358.529175 -87.433350 3047.106934
-92.915451 550.931396 3120.167969
-139.692169 225.030365 3132.258789
-153.152481 -77.065308 2983.644287
82.694489 322.196594 3075.564453
194.829819 92.104187 3033.420410
210.681854 -368.927399 3128.427246
184.374588 -863.093628 3030.892822
-22.439098 87.457397 3041.838867
-17.579155 -374.105377 3136.488281
17.866638 -850.701904 3046.980713
74.147163 774.470459 3130.799072
78.845627 548.647034 3105.388184
250.963715 552.078857 3098.721924
307.729828 208.506256 3121.893799
346.263489 -112.449341 3025.830566
-93.272476 545.215210 3112.054443
-143.346680 217.015808 3129.634033
-152.727692 -83.790619 2973.879395
82.370735 315.091614 3076.167480
194.533081 83.702301 3042.739258
211.733673 -377.800751 3135.778076
190.342041 -871.222290 3056.462891
-22.741386 79.370087 3051.154297
-10.326071 -383.839081 3135.791016
14.650335 -848.460083 3098.233154
73.367966 775.354370 3120.707520
78.656120 548.021545 3101.439697
250.747498 551.512817 3094.123779
307.488281 220.559662 3117.403076
344.992737 -101.542969 3021.810059
-93.435249 544.530212 3108.755615
-145.663849 208.501373 3122.314941
-148.372025 -95.451813 2969.485596
82.370728 313.857300 3077.070068
194.707550 81.896744 3048.082764
208.389282 -382.520996 3124.415771
191.491943 -871.716187 3049.412842
-22.536896 77.489395 3057.318115
-7.576591 -387.689636 3129.316650
10.898817 -846.447998 3107.090576
73.132446 779.632629 3128.656494
77.818481 552.602722 3103.969727
249.972168 555.477661 3098.139648
307.957275 231.977936 3116.012695
339.868042 -87.128845 3008.528320
-94.335205 549.727783 3109.799805
-145.873581 220.393097 3119.092285
-146.648117 -89.043915 2980.042480
80.776932 318.777191 3076.023926
192.401138 86.766373 3044.398193
207.114182 -378.425781 3116.790283
188.343613 -861.081787 3043.852051
-24.930368 83.136978 3051.758057
-9.783640 -383.757141 3111.362061
3.379739 -839.655518 3100.189697
73.103676 777.374023 3120.130371
77.258247 549.665405 3100.052002
249.418442 552.288452 3094.165527
307.826782 242.148499 3114.373047
334.733612 -77.492981 3006.140869
-94.901939 547.042297 3105.938477
-146.935699 214.697571 3115.540771
-145.877823 -95.304199 2977.903320
79.962143 315.494263 3074.782471
191.329453 82.978760 3045.797607
210.852188 -379.168335 3133.693604
188.240555 -875.756714 3041.672119
-25.997383 79.667542 3053.228271
-5.435219 -386.605225 3116.765381
2.449397 -841.026306 3105.252197
71.004173 782.340698 3129.374756
75.658737 554.896973 3103.530029
247.842270 557.997925 3098.697021
308.404114 241.442535 3108.316162
328.407043 -77.568817 2996.469971
-96.524796 551.796082 3108.363037
-147.211853 224.958191 3118.985107
-147.807663 -87.051605 2986.414795
79.049324 321.185791 3074.374023
191.121780 89.431854 3042.167480
211.044083 -374.431030 3121.050537
188.942825 -866.532471 3037.012207
-26.241968 85.517303 3048.268555
-8.169155 -379.705078 3119.911377
13.017479 -849.928955 3076.938965
68.733658 781.636292 3120.486328
74.002968 553.663330 3099.686035
246.094604 557.699585 3092.978516
314.718262 220.736053 3104.653076
315.012665 -97.060608 2974.982910
-98.088661 549.627075 3106.393555
-148.088943 217.467010 3123.479248
-146.892975 -94.441650 2990.979248
78.475983 319.596497 3073.598633
191.577988 88.077469 3043.277100
210.915970 -374.944275 3127.706543
191.022949 -867.840698 3045.423340
-25.680002 82.981888 3051.745361
-10.575429 -377.770752 3146.126221
16.180355 -864.429932 3067.922119
70.530411 781.051270 3129.041748
74.220413 553.995300 3100.916748
246.380615 556.610962 3095.431396
316.380371 205.380920 3094.837646
307.539368 -111.710632 2960.818115
-97.939789 551.379639 3106.402100
-149.642487 223.742737 3120.710693
-143.259155 -92.399200 2999.696533
76.778610 320.536163 3069.884766
188.004364 88.727997 3035.390381
207.284637 -376.149414 3108.625244
186.198517 -860.085327 3043.281250
-29.330761 85.426056 3042.315186
-15.512021 -378.846252 3117.218018
15.636477 -857.013062 3051.299072
