81.961395 783.712219 3166.218018
84.038383 557.091187 3132.164307
255.943329 558.231323 3121.991943
314.049744 239.235077 3138.495850
345.184265 -73.944214 3011.412842
-87.866570 555.951111 3142.336670
-149.347900 197.775970 3142.133301
-140.481125 -91.764923 2987.814209
83.785034 323.497192 3101.702148
192.067520 90.622986 3064.817627
227.463699 -373.405273 3137.438232
198.532608 -871.659668 3046.681885
-25.004147 89.183350 3077.662354
3.093485 -373.775635 3160.298828
27.408691 -870.767456 3052.648193
81.408554 780.002441 3164.918945
84.207130 554.645508 3131.089111
256.024261 556.871094 3119.285400
316.598602 243.796692 3134.614014
340.665161 -70.119568 3008.675049
-87.609978 552.419922 3142.892822
-148.174530 196.388580 3139.560547
-138.278992 -95.645355 2981.182617
85.135857 321.042694 3100.562988
194.497208 88.844421 3062.587646
220.321320 -375.415100 3137.764404
194.567627 -875.915344 3036.067627
-22.368036 86.035339 3077.486084
-3.853626 -377.850006 3157.303223
24.341335 -871.671753 3061.794678
83.742966 780.252563 3164.270752
86.273308 554.909302 3131.336426
258.022614 557.600952 3118.399902
319.301178 235.900116 3128.805664
336.659210 -75.063690 2994.709473
-85.475975 552.217590 3144.272949
-147.085480 197.192871 3144.778076
-137.573837 -96.928192 2976.865967
87.679474 321.223602 3101.382812
197.479645 89.236694 3063.264648
221.016876 -375.239075 3138.496338
192.519592 -876.177124 3040.833496
-19.308380 85.839172 3079.593750
-5.234530 -378.653809 3157.075684
26.445274 -871.958618 3065.096924
84.149597 778.128174 3165.947998
87.219795 553.303772 3132.021240
258.989838 556.441223 3119.277588
330.652344 225.449341 3125.399902
330.904083 -83.766846 2984.520264
-84.550255 550.166321 3144.764893
-147.540894 197.597565 3147.888672
-137.281738 -97.230377 2974.683350
89.210983 319.710510 3101.350098
199.613388 88.097397 3062.635986
222.856659 -374.894531 3146.462646
188.896210 -877.923218 3033.451904
-17.209038 84.137070 3078.721924
-6.477439 -380.674927 3155.069336
26.294628 -873.084473 3058.624023
83.516579 776.286133 3151.789551
87.276291 550.119751 3126.875000
259.114136 552.961853 3114.926514
327.310791 218.213623 3120.197021
324.997375 -86.596802 2967.471924
-84.561569 547.277710 3138.823486
-150.285690 196.309387 3150.448975
-134.455246 -98.007233 2975.592529
89.459137 315.865143 3102.547852
200.101257 83.404343 3070.679199
221.586517 -380.039673 3152.808838
188.864975 -885.085815 3036.584473
-16.817287 79.816696 3085.762207
-7.819403 -385.383789 3160.103271
26.489954 -878.011108 3066.290283
81.725777 779.770630 3144.698730
87.508636 552.616333 3125.577881
259.347046 556.893433 3114.098633
331.153259 210.602539 3114.613281
322.735046 -89.851288 2955.677979
-84.329788 548.339233 3137.057129
-151.646927 198.658020 3142.215576
-133.536835 -97.372681 2975.145508
91.970062 318.033630 3104.959229
204.895660 86.150635 3077.094971
222.983017 -380.295502 3137.270264
195.999100 -871.956726 3045.683350
-12.032681 80.751221 3091.586182
-5.082829 -386.303894 3151.983643
30.348160 -871.903809 3066.450928
82.870697 777.633850 3143.150635
89.440598 550.181641 3124.232178
261.240601 555.528564 3112.591797
336.577545 220.301697 3122.307617
320.698059 -78.997009 2958.640625
-82.359406 544.834656 3135.872559
-151.323013 195.828644 3143.604980
-132.416428 -98.899963 2971.501953
95.400200 315.527283 3104.402100
209.797150 84.247849 3077.224854
223.509140 -382.143005 3140.861816
197.010376 -874.256226 3046.768066
-7.077564 77.498032 3091.919189
-4.198542 -389.291138 3155.332520
27.236582 -876.169556 3056.136230
83.220345 778.122192 3153.915283
88.009415 552.010742 3127.585938
259.632050 556.317383 3113.424316
334.253052 223.119202 3123.680176
315.812622 -78.712372 2965.422607
-83.613220 547.704102 3141.747559
-151.200775 191.441467 3139.805420
-136.824142 -105.937012 2973.126465
91.812378 317.864014 3102.467773
203.953018 86.435852 3068.410156
212.604050 -380.371826 3130.833984
185.207748 -868.988586 3038.006836
-12.722330 80.998657 3086.289062
-12.372572 -386.289825 3146.404297
15.997171 -870.957764 3048.270996
83.171555 779.434448 3158.767090
88.074516 554.063904 3129.768311
259.618958 559.281799 3114.872803
335.120972 220.055878 3119.332764
314.972046 -86.529449 2971.357666
-83.469917 548.846008 3144.663818
-151.105743 192.724701 3147.403564
-140.477966 -109.327209 2982.578857
92.799988 320.169983 3102.256592
205.797211 89.569351 3065.343506
220.632538 -373.386169 3148.614502
194.420258 -869.970825 3040.836426
-10.746294 82.982742 3084.146240
-7.450293 -382.254761 3157.440186
24.821852 -869.224609 3059.786865
82.634262 776.323303 3163.197266
87.974075 552.121826 3130.267578
259.441284 558.075623 3114.708008
332.552887 217.023224 3125.159668
316.901978 -92.989838 2975.667969
-83.493134 546.168030 3145.827148
-148.533112 213.582764 3149.922363
-148.079117 -92.665802 2999.689453
93.277504 318.657104 3099.377441
206.806168 88.950256 3058.666504
218.359589 -375.403900 3135.884277
195.291214 -873.674194 3041.276367
-9.644304 81.434509 3078.308105
-9.196074 -384.399811 3148.475830
24.541605 -870.149902 3057.631836
83.988380 777.568726 3163.418457
87.853188 552.396851 3131.093994
259.244995 556.676331 3114.282715
328.278076 216.511261 3127.085693
319.318420 -95.557007 2980.053223
-83.538643 548.117371 3147.905273
-149.264496 213.289856 3146.969727
-153.077515 -92.748047 3002.804688
90.709312 318.803070 3100.749023
201.751144 87.910583 3059.792480
212.607681 -376.080963 3140.243652
187.092682 -873.070190 3046.600830
-14.620267 82.507996 3081.015625
-16.049139 -383.361908 3151.382324
19.252024 -865.224365 3067.447266
84.332336 777.230652 3151.525146
87.949013 551.254578 3126.150391
259.549164 554.849609 3111.503418
335.103577 212.730225 3124.534668
320.780304 -94.730621 2977.302979
-83.651131 547.659546 3140.797363
-150.167542 210.169678 3149.991699
-155.052185 -94.972290 3005.453369
90.727280 317.062683 3101.218750
201.821930 85.140030 3067.041748
218.433167 -378.916565 3146.475342
190.648926 -872.784180 3051.978271
-14.810855 80.601578 3085.532471
-11.157141 -384.855591 3158.516846
24.415415 -868.054932 3064.381104
84.336670 778.465637 3157.579834
87.923958 552.964844 3128.449219
259.299316 556.865112 3111.478760
340.532349 213.850525 3127.266602
324.192810 -92.392639 2979.372803
-83.451393 549.064514 3145.419678
-151.103516 202.098633 3148.999512
-157.106369 -98.467926 2989.536621
90.495468 319.067871 3100.661133
201.240280 87.632812 3062.161133
216.592041 -378.511230 3127.466064
191.244202 -867.029602 3045.979492
-15.106313 82.709045 3083.584961
-9.951542 -383.461609 3151.831055
23.041553 -866.950684 3057.989990
84.864182 779.330200 3160.606445
88.206841 553.569946 3130.124756
259.586456 557.745605 3113.122070
334.265869 212.925079 3126.132324
322.854950 -94.873566 2974.803711
-83.172783 549.394287 3147.127441
-151.051971 180.049347 3142.500000
-158.467560 -106.081665 2939.688721
91.009178 319.817108 3100.964355
201.976257 88.699738 3061.072754
219.167175 -374.676971 3142.549805
193.669250 -868.702881 3051.338379
-14.353233 83.428864 3082.535156
-10.470392 -381.973663 3155.921387
23.940466 -868.799927 3060.418945
84.649475 778.993408 3162.120850
88.380821 553.600220 3130.165527
259.824738 558.363831 3113.937988
336.134308 212.963806 3128.067627
321.857727 -97.640381 2977.675293
-83.063103 548.836609 3146.393066
-151.524536 199.022614 3143.252930
-151.215240 -95.452911 2971.974121
92.028183 319.958221 3100.113770
203.886810 89.322906 3059.819580
217.426865 -377.211487 3118.927979
200.622238 -850.491089 3083.965088
-12.535721 83.309540 3080.304443
-8.512547 -382.619202 3150.392334
24.921459 -867.878784 3060.503418
86.116356 777.629700 3164.376221
89.585464 552.789429 3129.926514
261.007019 557.622192 3113.435303
339.565765 211.480713 3125.534424
321.087250 -99.231506 2977.976807
-81.836090 547.956665 3146.417725
-151.263672 198.012054 3149.627930
-147.982651 -100.676300 2987.320068
93.095741 319.389160 3098.017090
204.803040 89.039185 3055.698975
219.298233 -374.762909 3133.300537
195.272186 -861.839478 3064.485596
-11.590985 82.938599 3076.516357
-9.556283 -382.533112 3149.703613
24.493755 -871.751343 3054.077148
86.156380 777.536926 3164.502441
89.930382 551.864319 3130.163086
261.548767 556.404724 3115.918701
341.278259 213.236542 3123.767578
325.304749 -95.983551 2977.273193
-81.687996 547.323853 3144.407471
-151.636734 198.509399 3152.314209
-145.305710 -106.393372 2997.464844
93.518707 318.361267 3098.965576
205.439056 87.724319 3058.776611
219.726715 -375.171387 3143.474121
194.813873 -861.093262 3064.879883
-11.224995 81.992142 3076.759521
-8.737775 -383.500977 3149.911133
22.643463 -866.635742 3067.174805
85.517387 781.680786 3164.063965
89.452965 555.011108 3130.556641
261.215027 559.091064 3118.008789
340.136780 215.616486 3132.382568
327.534149 -93.941040 2978.590332
-82.309090 550.931152 3143.104492
-149.083649 213.857819 3151.947021
-147.820312 -94.530884 3008.210693
92.758553 321.433533 3099.857910
204.479202 90.431183 3061.239014
219.463913 -373.474792 3141.221436
189.643219 -869.183960 3051.362549
-12.350924 85.280731 3077.079346
-9.556548 -379.139587 3156.543701
20.008190 -871.053833 3059.785889
85.223061 780.549072 3164.848145
90.426575 554.783875 3131.080811
262.123260 559.949341 3117.986084
341.565704 216.807922 3126.686768
334.738220 -96.146790 2980.622070
-81.270111 549.618408 3144.175537
-146.787247 225.897308 3149.336426
-153.553635 -85.776978 3015.318115
95.036079 321.356873 3099.439941
208.016296 91.190201 3059.534180
222.872437 -373.287109 3136.844971
194.837372 -874.187744 3044.247314
-8.725138 84.669571 3076.063965
-6.500546 -380.210266 3152.927490
25.698963 -870.281128 3065.718994
84.616737 781.567932 3164.737305
90.519218 556.615417 3130.860352
262.182526 562.597473 3117.615723
336.201080 228.160889 3122.855713
339.687042 -84.637238 2984.758057
-81.144066 550.633423 3144.104980
-146.287354 230.869049 3150.554199
-152.862595 -83.420685 3023.546143
96.230133 323.180603 3099.446777
210.290680 93.521469 3059.673584
220.650360 -370.826111 3138.720459
192.924026 -875.142700 3040.116455
-6.408601 85.970078 3076.392822
-8.578264 -379.139526 3151.819580
25.858751 -871.534180 3066.699463
85.206978 779.026428 3165.180176
91.028069 554.411072 3131.094971
262.494110 561.078674 3115.879395
338.096069 226.577911 3129.923340
335.640564 -84.875916 2983.132324
-80.437965 547.743469 3146.310547
-142.648148 220.437469 3151.775391
-149.685532 -92.248413 3017.104736
97.249649 321.085541 3098.961426
211.704575 91.968735 3057.223389
221.017075 -370.625854 3145.774902
191.737503 -879.789551 3035.039551
-4.762132 83.551254 3076.432373
-9.559126 -381.790955 3150.350586
26.419180 -875.836304 3065.725342
84.628525 779.335144 3164.907959
90.693054 554.437927 3130.542236
262.334656 560.934570 3117.427246
336.550781 219.790710 3127.463623
332.549866 -87.752472 2976.770508
-80.948547 547.941284 3143.657227
-144.771652 226.182861 3152.253906
-154.103012 -85.798065 3018.133057
97.032928 321.174896 3097.965576
211.714447 92.012589 3057.110596
220.693954 -368.606079 3155.309082
188.682892 -878.076294 3036.133301
-4.968839 83.811111 3073.667236
-9.680727 -380.679443 3152.685547
22.677343 -874.947632 3058.582275
85.913353 780.005005 3164.802734
94.477951 554.466431 3130.931885
266.317566 562.084595 3122.864746
340.761475 219.877380 3120.269531
331.610077 -89.504578 2972.889160
-77.361664 546.848267 3138.999023
-146.901169 215.598572 3152.159180
-149.836395 -94.537170 3009.501953
103.338943 321.161560 3099.360840
220.705963 92.667068 3062.695801
228.071411 -369.248535 3154.978516
198.325531 -878.404175 3037.708008
3.693906 83.046280 3072.883789
1.204554 -379.835205 3160.575195
31.601917 -874.869629 3060.388672
85.181824 778.507935 3165.720703
94.146393 551.534363 3131.787109
266.047363 559.418518 3124.399902
341.880615 207.939209 3121.636963
330.066406 -91.385681 2957.510010
-77.754562 543.650208 3139.174316
-148.950790 204.798279 3148.580078
-146.119568 -100.953125 2994.447998
103.474945 318.280273 3099.917969
221.279160 90.001373 3063.387207
219.540817 -373.573456 3146.603027
188.296082 -880.195801 3030.717285
4.327832 80.050995 3072.710449
-4.969440 -382.155548 3163.427002
25.076916 -877.036194 3060.377930
84.941597 778.093506 3164.672363
92.092796 551.461548 3131.604004
264.075745 557.674927 3124.187500
340.440155 205.469696 3124.313965
333.061035 -93.942932 2956.222168
-79.890160 545.248169 3139.020508
-145.058121 217.779175 3149.233398
-151.380096 -89.016357 3001.696777
99.191559 318.014587 3100.641602
214.835358 88.489136 3064.998535
211.654541 -375.466644 3146.694580
182.869827 -880.278625 3029.625732
-2.254731 80.646118 3074.359863
-13.053206 -382.162598 3162.018311
17.687080 -871.923279 3060.921143
85.415413 780.027832 3164.149902
93.327423 553.560181 3131.512939
265.380646 559.210144 3125.061768
339.218719 214.734070 3123.155029
339.666229 -81.963165 2956.931641
-78.725784 547.910156 3137.964111
-142.643082 226.556213 3151.076416
-153.884445 -80.698303 3006.738281
99.853516 320.025574 3101.033203
214.970795 90.056961 3066.481689
217.216614 -374.637512 3143.974854
191.296387 -874.315430 3036.489990
-2.211568 82.925003 3074.625244
-5.978193 -379.351379 3165.465576
24.673927 -872.980774 3061.405029
84.735542 779.317566 3165.389160
91.930183 553.475342 3131.431396
263.919983 559.548218 3123.690430
337.105804 219.864319 3122.075684
342.645721 -73.569977 2958.309082
-80.059639 547.402344 3139.172363
-146.325287 216.780701 3150.537354
-145.164124 -86.944641 2994.271484
98.757286 320.071869 3100.007568
214.140396 90.501526 3063.697754
216.720261 -374.214813 3141.393799
190.248688 -874.497925 3035.220703
-2.971615 82.835327 3073.469727
-10.370015 -380.482147 3158.600342
25.059582 -874.718994 3062.416260
84.119736 781.126953 3164.508057
91.225098 554.593506 3132.056396
263.116699 560.849670 3122.528809
340.058655 218.936523 3129.538086
341.729919 -68.245605 2952.950928
-80.666504 548.337341 3141.583984
-143.656677 223.886261 3154.768066
-147.972748 -79.350494 3008.257568
98.045502 321.041626 3101.747559
213.363785 91.438644 3065.425049
210.983109 -375.778687 3122.773682
204.829697 -851.592896 3088.342529
-3.631977 83.540878 3077.452393
-11.076208 -380.168518 3160.675049
24.751921 -872.107544 3068.770264
83.514648 785.212891 3165.575928
92.479492 558.148376 3133.462646
264.433899 565.125427 3125.815918
345.025909 216.964600 3121.777344
336.091492 -76.650970 2949.871582
-79.474930 551.171326 3141.109375
-146.832138 220.444702 3151.389404
-144.007797 -83.918182 3013.081543
100.637680 324.559692 3103.786865
217.334320 95.374924 3069.284424
218.882690 -370.464844 3137.655029
202.270294 -860.826172 3076.167236
0.257419 86.567062 3078.937744
-6.595560 -378.420776 3154.515381
28.587187 -871.383301 3062.878906
83.228333 785.916138 3164.627686
93.798523 559.190063 3133.292236
265.792389 567.341675 3129.450684
345.010742 220.476868 3127.413086
337.933594 -69.405884 2944.425293
-78.195358 551.038452 3137.133789
-140.160721 230.048187 3155.348633
-151.327271 -74.817505 3022.032227
104.207901 325.671814 3103.822266
223.201157 97.299896 3071.927002
226.819748 -366.972809 3150.635498
200.521973 -872.456787 3056.790283
6.033410 87.007233 3076.777588
-4.237889 -378.501770 3148.796387
29.626865 -873.261841 3058.029053
82.870247 784.611938 3165.136963
93.335556 558.386108 3132.830078
265.298370 566.501953 3127.145752
343.993347 224.227936 3137.709473
338.479767 -63.960327 2943.037598
-78.627243 550.270325 3138.514404
-139.093384 224.032318 3159.176758
-152.616302 -80.424622 3020.692383
103.290253 325.163757 3100.997070
221.775070 97.063492 3065.576416
217.592102 -368.460693 3136.692139
190.925537 -871.924561 3039.199707
4.714833 86.819290 3072.751709
-13.210343 -377.879944 3148.164795
22.087540 -870.535522 3059.044922
83.840744 781.689270 3165.880371
92.976929 555.541504 3133.346191
265.017853 562.730957 3128.369141
346.495087 213.614136 3133.351074
332.268127 -56.251526 2920.756836
-79.063995 548.351990 3138.323242
-145.048248 209.016510 3158.587158
-148.346939 -91.484711 3005.250488
101.819321 322.208771 3101.944336
219.243179 93.413605 3067.401367
216.084579 -371.554474 3142.881836
189.633957 -872.499878 3050.098633
2.080243 84.338531 3073.683594
-14.526858 -379.656250 3153.777100
21.103489 -871.646484 3064.464355
83.764923 780.893188 3164.760742
94.453430 555.112732 3132.936523
266.488525 563.201843 3129.069092
337.744202 215.304474 3136.681641
323.621124 -40.295547 2910.429443
-77.581650 547.023621 3136.803955
-147.527863 202.509552 3151.294678
-144.283951 -101.332825 2996.417725
104.744034 321.710327 3102.509033
223.618347 93.413559 3069.640625
226.582062 -369.955383 3154.136719
195.955933 -867.925537 3046.378174
6.450924 83.202316 3074.522461
-7.225709 -381.167664 3153.152344
28.244999 -868.219055 3064.108154
82.444687 780.769348 3164.694580
91.657608 554.454712 3133.037598
263.738983 561.617554 3129.130859
345.871796 224.152405 3140.839844
325.881134 -13.445419 2899.752441
-80.423782 547.291870 3136.944336
-141.254333 218.476624 3153.322266
-150.265961 -89.955139 3011.785156
100.695679 320.945618 3103.011719
218.346344 91.957474 3070.520020
215.510834 -374.044250 3137.086426
187.023254 -859.919373 3054.947266
1.121157 82.915543 3075.451660
-15.712852 -382.293762 3148.148438
18.109604 -866.826355 3066.558594
82.183746 778.298645 3165.660889
90.432320 551.711426 3133.145996
262.543091 558.347656 3129.398193
347.936951 225.575531 3149.919434
324.581696 24.816223 2879.872803
-81.678459 545.075195 3136.893799
-145.126251 212.239044 3153.160400
-147.895538 -96.022247 3009.567383
98.782654 318.175659 3103.096680
215.765045 88.828506 3070.681885
217.767090 -377.303894 3137.914307
187.564468 -865.860657 3052.195557
-1.499054 80.451248 3075.412842
-13.274281 -384.102966 3153.024658
22.101871 -872.734009 3061.276367
83.646973 778.412537 3165.143066
91.377594 551.587341 3133.170166
263.510345 557.794189 3129.578125
350.470093 225.786407 3146.958008
319.670959 63.714035 2854.703369
-80.755157 545.380493 3136.762207
-148.061676 214.121216 3148.078613
-153.104584 -97.235901 3017.603027
99.182190 317.980865 3103.510010
215.634003 88.292053 3071.582764
219.185089 -378.229370 3136.927979
189.439880 -869.402771 3048.418213
-1.660442 80.456726 3076.116943
-10.730282 -384.870361 3149.450684
23.199677 -873.628906 3056.861816
83.930443 781.326904 3164.885254
91.269623 554.021667 3133.462402
263.431213 559.917969 3131.013672
347.234436 242.892181 3144.979004
310.444702 134.312424 2832.894043
-80.891968 548.125305 3135.911133
-149.031631 212.061768 3151.537109
-154.773300 -96.450104 3017.130859
98.854095 320.370300 3104.085938
215.107010 90.440720 3073.163818
217.118454 -377.359314 3128.325928
191.756805 -859.785522 3054.341553
-2.229871 82.997177 3076.255127
-11.700990 -381.927673 3152.226807
23.109707 -868.276001 3055.718506
85.516609 778.669189 3166.757812
90.481270 551.871582 3133.700439
262.680328 555.952026 3130.750732
352.617462 270.943909 3139.496338
308.657013 202.566345 2819.021729
-81.717766 547.791077 3136.650146
-148.515839 213.032318 3153.266846
-156.846283 -96.727844 3019.577148
95.494553 318.302460 3103.260742
209.203156 87.309036 3070.959229
212.401031 -378.458801 3140.338135
188.240982 -874.099426 3042.177002
-8.187494 82.157669 3074.682861
-16.722908 -382.186951 3154.271729
15.380409 -871.747314 3051.718262
85.385208 779.792725 3166.187500
88.597298 552.959290 3133.531006
260.833374 555.083008 3131.011719
373.807831 273.972198 3138.241455
318.126587 280.650909 2823.824219
-83.638786 550.835571 3136.050293
-148.258759 214.017029 3154.130127
-156.929993 -96.912964 3020.920410
91.039398 319.299500 3103.519043
202.198776 86.980209 3071.916992
213.387711 -378.202698 3144.813477
187.071945 -866.813293 3047.649170
-15.235786 84.299179 3075.097168
-17.049908 -378.976440 3160.715088
11.616604 -869.310913 3048.554688
87.105011 782.307434 3165.913086
87.482430 554.913147 3134.104004
259.710480 555.304749 3130.558350
378.904144 264.985168 3116.126709
321.589600 368.289307 2842.989502
-84.745628 554.521545 3137.649658
-150.629181 224.507904 3156.570557
-160.777740 -82.781616 3018.006836
87.396233 321.240448 3104.108643
196.020706 87.814957 3071.875244
214.793900 -377.071899 3145.468750
181.861832 -863.408447 3041.307861
-21.400635 87.320572 3076.351318
-17.140713 -375.697876 3163.328857
16.167591 -867.705200 3044.330566
87.645821 783.709473 3164.787109
86.177315 555.930969 3133.999268
258.326508 554.911438 3128.093018
385.457611 280.494629 3086.075195
315.724731 452.677429 2861.042969
-85.971870 556.950439 3139.905518
-151.963287 237.783173 3158.275635
-160.835587 -72.605011 3028.333740
83.793060 322.162598 3104.857422
190.075317 87.750717 3071.987305
209.552643 -378.028687 3139.882080
186.074387 -865.685120 3045.281006
-27.257696 89.037766 3079.443848
-13.063562 -377.268616 3138.402832
9.342499 -849.176086 3095.051270
88.348068 784.442017 3164.702881
86.732124 557.586182 3135.231689
258.939331 555.912781 3131.620850
389.222992 301.743591 3049.533447
302.675690 528.825500 2910.548096
-85.475090 559.259521 3138.842529
-152.487427 235.396118 3155.135742
-158.411987 -79.904327 3032.734863
83.866226 323.708191 3106.938965
189.696396 88.774017 3076.367188
213.249039 -376.803406 3144.667969
191.631821 -872.282837 3042.448486
-27.695724 90.886444 3080.925293
-7.014908 -376.893921 3127.142822
13.589386 -838.988831 3115.375244
89.082870 783.645264 3165.163086
89.169975 558.279785 3134.611572
261.368164 558.515076 3130.126465
388.108124 331.371094 3014.755615
294.648163 590.000488 2967.186279
-83.028221 558.044495 3139.096680
-152.746918 229.200592 3160.563965
-153.581970 -91.322540 3040.417480
88.727783 324.508362 3105.371094
196.973526 90.885452 3073.299805
221.352005 -375.648499 3134.263184
198.784836 -876.544678 3029.969727
-20.402327 90.588455 3078.961426
-1.996412 -375.998413 3138.150146
26.316347 -853.714478 3083.986816
88.723152 784.338806 3164.891602
88.934837 559.229980 3134.639648
260.875519 560.649902 3125.317139
383.551605 373.185455 2980.866943
288.058655 634.150146 3028.901367
-83.005836 557.810059 3143.962158
-151.375885 224.102997 3158.770996
-156.804855 -95.180420 3036.376465
89.271179 325.468933 3105.238525
198.171524 92.604416 3069.951172
215.632156 -373.145874 3138.357666
193.452728 -876.611084 3027.675293
-18.956472 90.811325 3081.723633
-8.955013 -375.356567 3147.142822
22.463015 -861.485229 3078.247314
88.642868 781.871338 3151.796143
90.175903 555.432007 3129.128174
261.861450 557.753540 3116.046143
377.845215 414.644226 2955.432861
280.248291 661.243042 3079.293213
-81.509644 553.110474 3142.210205
-152.119003 229.002808 3154.860840
-172.544266 -82.745270 3023.636719
91.575714 321.059052 3105.907227
201.342224 88.151398 3074.428955
211.331085 -380.106812 3119.015381
203.892303 -857.756714 3080.238525
-15.391182 85.220734 3090.943604
-7.574274 -380.752045 3159.282471
25.038843 -872.445435 3078.475586
90.844963 781.620850 3144.690918
90.061043 554.332642 3126.061279
261.497772 555.184265 3109.812744
363.938019 448.830902 2925.731934
278.912659 680.432556 3113.268555
-81.375694 553.481018 3142.309814
-151.043823 231.487946 3154.954590
-175.990356 -69.795319 3005.571777
89.194832 319.759644 3104.627686
196.532990 85.724136 3072.938721
206.455933 -382.153259 3124.420654
190.464447 -870.049011 3052.911133
-19.875748 84.649124 3093.449463
-15.684850 -382.229187 3156.062744
18.700939 -870.031982 3067.137451
90.646614 780.493469 3154.700684
88.427406 555.349365 3128.642578
258.807892 556.802979 3104.648193
361.849579 460.825073 2896.882080
268.546783 683.958618 3106.673584
-81.953056 553.895691 3152.636963
-152.141052 231.830566 3158.005859
-179.228668 -59.633392 2990.048340
86.669205 321.346924 3101.981445
192.540894 88.262787 3060.162842
207.063934 -378.859863 3118.282715
188.123871 -871.762939 3031.902832
-22.718878 86.426239 3090.477783
-14.195805 -379.130219 3161.719482
19.239399 -868.957703 3059.826416
92.217346 780.906738 3159.167725
88.841469 556.455444 3130.263672
259.011292 557.839600 3104.172852
354.407837 477.398865 2879.447754
263.057556 701.878418 3098.455566
-81.328346 555.071289 3156.354492
-153.087921 229.427917 3158.507324
-184.583221 -62.398499 2990.716064
86.218979 322.774719 3100.762207
190.946457 89.967178 3054.801514
209.791443 -373.753113 3132.925049
186.672394 -865.499634 3034.938721
-23.753489 88.220840 3087.719971
-13.585936 -377.563110 3157.808350
22.036436 -864.515747 3056.135010
92.538582 780.737366 3161.896484
88.972321 557.226440 3131.426025
258.529633 559.295227 3101.553955
332.186371 512.686951 2877.222656
261.579498 739.537476 3109.546387
-80.584976 555.157715 3161.298096
-153.061462 228.726593 3160.755615
-187.546814 -61.966980 2992.281494
86.351700 323.718353 3100.379883
190.743759 91.515884 3050.480469
213.026779 -372.491638 3127.710449
185.844574 -867.562012 3036.839355
-23.281603 88.904617 3088.187012
-10.908808 -376.695435 3159.403320
23.627871 -867.961792 3059.891846
94.044441 781.532654 3164.315186
89.131828 558.430481 3132.184326
257.758362 559.938232 3097.502441
324.566864 503.815674 2847.644043
243.651337 736.476685 3049.635986
-79.494698 556.922729 3166.866211
-152.558838 231.884186 3163.403320
-187.626373 -58.601929 2997.663086
84.426727 325.223969 3099.169189
186.168747 92.969254 3044.260742
209.767654 -370.708130 3123.945557
181.985519 -867.609924 3037.356689
-26.725479 91.065689 3088.047363
-14.486436 -375.188965 3154.910645
20.132305 -869.153931 3056.576172
95.161301 781.208862 3164.459473
88.576447 557.170166 3132.648926
256.096100 559.035156 3093.035400
309.777893 511.400879 2831.332031
232.391724 755.658325 3010.910156
-78.943207 555.305054 3172.262451
-153.785767 231.946747 3162.209229
-190.055923 -59.671021 3004.947754
83.268272 324.017578 3099.224609
183.705170 92.042297 3040.794678
213.597610 -369.102844 3131.683594
186.361115 -870.470215 3041.791992
-27.784969 89.687744 3090.805908
-12.918794 -376.120911 3160.258057
22.238632 -873.516846 3060.588379
96.848946 784.527893 3165.159912
87.248764 560.003235 3133.065674
252.860672 559.492310 3086.449951
293.903168 519.678711 2816.763184
220.207626 777.038818 2964.205078
-78.363144 560.514099 3179.681396
-151.881622 223.968842 3167.190186
-189.597275 -59.183990 3006.901367
77.284103 326.958374 3100.218262
171.914154 93.590866 3037.929932
204.277130 -364.588013 3141.740479
177.629791 -873.225586 3034.255615
-37.275269 94.236191 3096.811768
-19.887846 -371.379761 3167.045654
12.662157 -867.016357 3062.411865
97.024361 787.222351 3165.865723
87.123894 563.005127 3134.899658
252.619858 562.636902 3087.447266
271.451172 524.839600 2800.380371
195.113617 800.530518 2896.629639
-78.372078 563.373413 3182.352051
-150.440598 217.984283 3167.596191
-187.443954 -61.213959 3004.258301
77.179749 329.934631 3102.027100
171.624542 96.631821 3039.223389
215.184174 -361.333435 3139.922852
187.466766 -868.338623 3043.749023
-37.153328 97.096420 3099.085693
-9.524940 -368.399658 3166.018799
22.626736 -866.903320 3062.898193
98.078300 783.800781 3165.245361
87.469803 559.216125 3134.757080
252.137924 559.250000 3084.391602
257.225220 536.918884 2780.691895
181.193878 820.173279 2803.955078
-77.198318 559.182251 3185.122559
-150.721176 211.992798 3167.798096
-185.355515 -64.579224 3001.936035
77.441269 326.145325 3101.812256
171.329834 93.095917 3037.083252
216.533646 -365.070679 3136.835205
187.981644 -872.725342 3047.115967
-36.504364 93.053131 3100.651611
-8.456966 -373.177032 3162.368896
24.003391 -873.925415 3064.349609
96.648186 780.738464 3165.920654
88.914726 556.834106 3134.652344
253.146072 558.580750 3082.815186
248.609116 544.961060 2763.836670
166.256912 819.040649 2715.340332
-75.316612 555.087524 3186.489502
-151.364166 208.997711 3172.389893
-188.953354 -65.893280 3004.789307
80.809708 323.773743 3101.121094
176.349136 91.815628 3034.875977
220.695236 -365.962097 3137.103027
194.673508 -867.875427 3048.416260
-30.939758 89.611099 3100.303711
-5.199669 -377.747131 3153.688965
28.727005 -872.382446 3064.046631
100.273636 779.514221 3168.801025
91.463623 555.732422 3134.359131
253.619598 557.945679 3076.623047
229.790787 557.464783 2743.434814
151.487610 792.440674 2611.085205
-70.692352 553.519165 3192.095215
-152.196014 204.010681 3179.212158
-185.768188 -78.210968 3020.511963
82.429932 322.813385 3100.058594
175.798187 91.292023 3029.297607
216.086502 -366.930878 3131.325928
187.772675 -869.322632 3044.245361
-29.005707 88.496674 3102.218506
-8.188011 -378.921936 3157.499268
25.025814 -872.085815 3068.619385
104.959007 781.887573 3167.334473
91.581154 558.757202 3135.538818
249.854324 558.492432 3068.466553
216.986404 575.740051 2725.838135
142.009979 750.675903 2522.180420
-66.692024 559.021912 3202.611084
-152.491516 201.001160 3184.937500
-183.251984 -87.518311 3035.845459
78.002411 325.672791 3104.416504
164.465973 92.421082 3030.898682
203.414551 -363.674469 3142.238525
179.902390 -866.776367 3048.475098
-35.618622 92.755737 3115.689697
-14.951063 -374.160919 3175.325439
17.887888 -868.216797 3079.827148
106.287941 782.518677 3179.517822
90.006538 560.650085 3140.020752
245.688416 561.693848 3066.988281
197.883942 594.786804 2708.449951
138.944260 698.769165 2457.094238
-65.675346 559.606262 3213.053223
-149.326126 204.921600 3196.526611
-176.494690 -82.371155 3043.296875
74.423866 328.518280 3103.485840
157.069000 97.045090 3020.870850
208.211090 -358.357849 3129.657227
184.743622 -863.789124 3037.733398
-39.386623 95.727890 3113.031006
-13.986126 -371.788269 3165.309814
20.274635 -869.262085 3062.448975
96.479988 798.789673 3185.425781
84.460579 575.966370 3145.813965
235.129044 582.568787 3063.692871
195.876251 585.920227 2713.087402
151.571487 649.049438 2438.848389
-66.207893 569.363953 3227.935059
-145.741913 201.987915 3195.604980
-181.164246 -86.738068 3053.755127
73.559448 343.913544 3107.156738
157.893295 116.033981 3016.592285
217.413696 -335.544434 3136.109131
191.889221 -850.268311 3042.603516
-32.576653 107.687424 3120.406738
-3.881504 -359.968872 3170.006348
31.547211 -858.104492 3074.347656
93.177429 808.591187 3188.509277
82.393005 585.229431 3148.442139
230.819687 593.646179 3062.083496
197.434143 579.961853 2716.532227
150.409897 616.301636 2434.772949
-66.033676 576.812744 3234.800781
-135.383423 201.498657 3204.777588
-181.354797 -94.239258 3063.353027
72.730698 353.164124 3109.217773
156.642059 126.405014 3015.549561
215.239777 -323.075378 3143.464111
191.010559 -859.278564 3044.470947
-30.505281 115.792587 3124.437256
-8.514332 -352.400574 3172.240967
26.355232 -863.459717 3072.739746
89.980011 811.817871 3191.562744
80.660042 589.138306 3150.170654
228.348740 599.536133 3062.452637
197.202957 576.977478 2714.255859
148.921127 602.619751 2425.996338
-67.028664 578.740417 3237.888672
-124.202362 212.256104 3202.886475
-182.318451 -97.489960 3074.025635
72.376312 357.385132 3108.751953
157.225357 132.188904 3012.018066
218.126205 -321.357849 3122.488281
190.545883 -866.054382 3041.348877
-29.040182 119.075073 3122.648438
-10.795151 -349.933258 3163.238525
26.791790 -866.992920 3065.978027
87.314583 809.756348 3192.106201
78.869827 586.692261 3149.129395
228.368210 597.922974 3064.518799
192.114365 577.489624 2712.639893
144.555374 595.402710 2423.731689
-70.628555 575.461548 3233.739990
-119.085526 213.621155 3206.459229
-177.310028 -104.198883 3087.528809
71.998428 355.144409 3106.253906
159.456848 130.682892 3009.991211
223.045212 -323.956299 3115.162354
187.692917 -876.933044 3041.936279
-29.202799 116.510284 3116.765625
-12.304426 -353.105988 3150.343262
23.545366 -873.697998 3061.990234
87.892982 808.299072 3194.375977
80.238358 585.952271 3148.824463
232.365845 597.135986 3069.073486
195.084122 575.758606 2712.326416
144.892075 589.405029 2419.256836
-71.889130 574.768616 3228.575439
-116.512505 214.792236 3213.237549
-175.406708 -107.005493 3105.347900
73.823166 354.721344 3104.161133
163.440613 130.550262 3009.153809
222.966492 -325.542297 3110.815186
191.210541 -875.839905 3045.121582
-28.624660 116.430511 3109.841797
-9.904457 -351.892731 3156.291748
22.407547 -871.646362 3053.507568
87.242729 806.004883 3194.526123
81.946335 583.223206 3147.639648
236.680817 594.725647 3073.172607
192.562698 574.380859 2706.685303
144.150101 585.633362 2412.463135
-72.788147 571.720764 3222.106689
-115.698631 235.815704 3227.563232
-169.837265 -82.184845 3115.080811
76.981094 352.215332 3101.640137
169.695694 128.468674 3008.631348
223.760437 -327.337585 3114.683594
195.365967 -875.420837 3046.933838
-25.663982 113.946274 3102.649902
-7.342714 -353.872437 3154.833984
22.820705 -870.777466 3051.031738
89.823074 805.855652 3208.574951
84.052170 586.334595 3153.053223
238.906372 600.600098 3079.160889
194.766068 573.196350 2699.312500
144.855362 582.372742 2407.824951
-70.802032 572.069031 3226.945557
-120.981628 232.448425 3226.672607
-166.021912 -88.338470 3123.320557
79.999817 356.863892 3100.259521
173.652328 136.394012 3000.843750
220.652679 -319.779541 3108.719238
192.496216 -866.734253 3034.911621
-21.757393 118.392426 3094.087891
-8.003046 -349.482880 3147.628662
25.808283 -868.200073 3054.030273
91.430107 811.894348 3213.609131
86.189499 592.407532 3155.178955
242.475998 607.491394 3084.489258
194.405441 576.109314 2705.663330
144.960510 577.728699 2410.899658
-70.097000 577.323669 3225.868652
-117.963455 228.707397 3228.349609
-166.653778 -97.039581 3130.715088
83.240318 363.486145 3099.811035
178.926926 144.084534 2999.829346
224.661057 -309.608337 3117.970947
192.990250 -862.638550 3044.836426
-18.344646 125.044983 3089.056885
-9.160858 -338.791992 3167.359131
25.417393 -870.670105 3042.762695
94.027534 808.474854 3202.623291
87.348129 588.137207 3151.130859
243.214188 600.793213 3078.994629
190.707428 575.564941 2703.319092
144.545227 579.568481 2409.051758
-68.517944 575.481079 3223.267090
-115.830696 246.168518 3225.320312
-164.154449 -79.548431 3136.199707
82.606163 358.164185 3100.536865
176.232315 136.178528 3004.417236
215.043777 -319.718353 3116.367432
187.644684 -879.558228 3045.997314
-20.503914 120.203857 3095.468506
-15.673355 -345.453339 3164.296631
19.811836 -883.509155 3056.804932
92.552559 807.031738 3197.125000
84.913841 585.962219 3149.434326
241.209702 596.107971 3077.794678
193.344208 574.782288 2699.145752
143.913925 583.126648 2405.944092
-71.382027 575.816528 3221.073975
-112.920387 228.588135 3213.657715
-167.859772 -89.572113 3111.598877
77.756516 355.525024 3101.184326
169.242798 131.491135 3007.720215
208.409119 -326.921509 3108.531982
186.653290 -876.505432 3051.996338
-28.044399 118.684494 3098.148438
-22.940685 -348.854309 3153.018555
15.444958 -878.358887 3059.879150
91.744812 804.625183 3194.367676
83.546318 582.959351 3148.510986
240.530701 591.158508 3078.112793
195.159637 573.888184 2696.560059
151.165863 580.467834 2403.310791
-73.438072 574.760193 3218.909180
-122.431763 215.310547 3210.502930
-169.305618 -98.716492 3096.331299
74.931122 352.110077 3102.412842
165.397232 126.435745 3011.882568
211.927139 -331.648315 3111.313721
185.979218 -876.467712 3055.014893
-32.765373 116.085892 3100.746826
-18.296873 -350.102844 3164.976318
20.782915 -879.518799 3058.708252
92.110832 798.245605 3179.977539
85.230713 574.814819 3140.758301
243.322983 581.742676 3072.749756
196.536011 577.916748 2703.775146
157.975052 578.713867 2408.046143
-72.861557 567.886963 3208.766846
-124.251755 211.182190 3210.271240
-168.527283 -103.160889 3078.604004
77.609123 343.056213 3099.432617
169.775726 115.670441 3015.179932
223.451202 -341.999329 3113.053223
193.798935 -880.476501 3050.229004
-29.800671 106.924713 3101.033936
-9.562435 -360.285553 3156.282959
27.229908 -880.120117 3059.852539
92.334755 798.406738 3186.822998
84.950439 575.623352 3143.098389
242.607819 583.713196 3074.173096
208.755280 580.453430 2705.382080
167.093536 576.427917 2409.245850
-72.706940 567.533508 3212.023682
-125.633575 209.596252 3206.142822
-165.805435 -103.517822 3077.810547
77.498726 344.366577 3098.910645
169.549622 118.215530 3011.221924
217.013840 -340.624939 3106.918945
190.026031 -865.827148 3047.490234
-29.455616 108.004044 3098.223877
-8.540394 -360.070923 3146.389160
24.515400 -870.382935 3058.974365
94.491837 804.530945 3189.216797
86.983109 581.796387 3144.073242
245.810516 588.940247 3077.810791
218.887207 571.735535 2703.685791
167.942093 571.435120 2405.013428
-71.844315 574.652527 3210.335693
-122.309219 216.291901 3211.560303
-180.230789 -87.752625 3069.565674
78.554176 350.727478 3098.957520
170.382812 124.168015 3012.014648
218.845062 -329.773560 3126.894043
191.457581 -860.737427 3048.016602
-30.132313 115.149094 3095.668945
-11.701035 -351.537659 3156.156250
23.430580 -865.582642 3057.836426
94.035507 804.022156 3190.437744
87.280891 581.086060 3145.045166
247.753632 588.106018 3082.962891
223.958176 559.373596 2704.851318
167.648849 573.818176 2406.263672
-73.191856 574.066040 3207.127441
-122.139694 215.135864 3210.288086
-178.090561 -90.411316 3059.191650
79.485352 350.207886 3098.788086
173.001007 123.761642 3013.336670
219.240021 -334.277161 3111.246338
194.434113 -864.247437 3047.439209
-29.621374 114.897812 3091.725342
-13.218044 -351.849670 3153.361084
25.543716 -868.121704 3056.763428
96.466431 810.959290 3190.478760
88.918350 587.675049 3146.366211
248.120163 595.210205 3081.136475
227.480972 546.687134 2705.927490
164.684647 569.278442 2411.258545
-70.283463 580.139893 3211.595947
-131.068085 210.566772 3197.145508
-172.722198 -96.176086 3053.246582
80.966782 356.757233 3100.284180
173.498901 130.595398 3013.031006
214.608047 -327.273834 3115.077148
190.409561 -859.578735 3041.737549
-27.468477 121.083435 3095.373291
-11.343260 -345.688110 3157.451904
26.636084 -861.253235 3064.500000
95.374664 798.212524 3177.561035
88.233215 574.250977 3139.819092
248.829453 579.668030 3077.918457
229.167252 527.303955 2707.942139
163.903564 565.213562 2416.682373
-72.363007 568.833923 3201.719727
-134.592361 208.826782 3200.097412
-172.820602 -96.427704 3048.462158
80.479942 342.333252 3099.408203
174.101822 113.834976 3019.923096
214.120712 -343.786682 3124.218750
192.042679 -881.966309 3056.917969
-28.648491 106.996048 3098.071533
-10.817284 -361.767761 3133.149658
13.835436 -845.421631 3103.299072
98.252792 804.291687 3185.136475
89.459381 581.126831 3142.895020
248.436874 586.599060 3076.980957
240.056107 505.122650 2716.995605
159.059143 562.667908 2433.795410
-69.518112 575.654663 3208.809082
-133.324783 216.436493 3194.573242
-180.250641 -80.296631 3035.075195
79.743088 349.665588 3100.244385
170.378387 121.658554 3015.986816
211.845428 -338.644592 3106.416016
182.067200 -858.807312 3038.057129
-30.324797 114.750107 3099.200684
-10.692259 -354.804382 3126.415527
13.019899 -822.749390 3119.697021
96.820633 795.534546 3174.359375
87.652962 572.134155 3137.338623
248.490402 575.370361 3076.049316
248.458282 482.525818 2725.475342
153.291519 548.500366 2450.490967
-73.184471 568.897888 3198.627930
-132.720108 222.761414 3189.299316
-184.308365 -71.052673 3019.690430
77.630997 339.977325 3098.780029
169.150482 109.863663 3021.527588
216.205948 -344.065002 3135.629639
185.698013 -880.123596 3044.511963
-33.932419 105.777359 3098.915283
-9.212732 -364.006653 3120.540283
6.581278 -824.271118 3127.320068
95.265175 787.235962 3169.567139
88.341248 563.488464 3133.871338
251.522354 566.826782 3079.391846
261.694153 459.218658 2747.284912
150.575897 539.093140 2477.359131
-74.839859 560.150146 3188.350830
-123.396111 224.410553 3188.201416
-184.564697 -63.274109 3013.227783
80.776657 330.957153 3096.964600
176.259964 100.533997 3025.654297
223.188416 -357.918549 3119.856445
193.651367 -882.022339 3043.098877
-29.835827 96.317688 3094.461426
-3.776169 -372.523987 3129.655029
19.739622 -853.088196 3092.371826
94.378983 783.962585 3167.107910
87.480217 560.451477 3132.060303
252.349655 563.131409 3082.815674
273.323425 427.090515 2763.148438
147.957947 520.325073 2504.076416
-77.389214 557.771545 3181.304932
-119.219421 223.221893 3181.617432
-182.126984 -57.400970 3002.300537
80.649673 327.663269 3096.523438
177.871323 96.566391 3029.907471
218.409225 -361.195923 3131.728760
189.956345 -879.829285 3042.176025
-30.233074 93.183701 3092.065674
-10.280397 -374.170593 3144.427979
16.921263 -862.418518 3069.981201
95.704811 787.307495 3179.366699
88.270218 564.014282 3135.783691
252.585175 567.729431 3084.504395
286.623688 397.020752 2787.568604
151.959396 487.161316 2533.737793
-76.044724 560.299133 3187.062988
-114.642181 219.635132 3179.824707
-180.462738 -55.001862 3003.011963
80.758568 332.172119 3094.917236
176.911148 102.673798 3021.699219
218.647705 -353.650787 3130.257080
186.697372 -871.834229 3025.250244
-30.417324 97.986115 3086.402344
-9.183435 -368.673676 3145.854004
19.535015 -864.326843 3057.504883
95.046570 785.644226 3171.994629
87.819969 561.745239 3132.082520
253.346268 564.050842 3084.762207
297.777344 358.990906 2818.273926
154.836975 437.679504 2563.858154
-77.706322 559.439575 3179.402832
-121.678375 218.196655 3177.985840
-177.579346 -54.433380 3000.234375
80.105042 329.447205 3093.777344
176.867828 98.604446 3025.604248
217.309753 -355.850159 3142.518799
189.274902 -876.556335 3042.635986
-32.087620 95.693924 3085.340088
-10.677698 -368.440369 3161.189697
18.270380 -874.340271 3059.009766
91.871964 784.315186 3168.322754
86.556976 559.910278 3130.300537
253.178391 562.011230 3086.955078
311.379272 316.485474 2852.646240
161.444672 389.510101 2596.792480
-80.064453 557.809326 3173.645996
-125.848625 224.605408 3181.003906
-169.730713 -56.729431 3013.136963
79.720070 327.437073 3092.751465
178.048965 96.289948 3027.844238
220.498947 -362.666901 3122.659424
191.395477 -872.072510 3047.095703
-32.282619 93.637848 3082.560547
-4.977011 -372.984406 3135.414795
13.342596 -852.073059 3097.471436
90.210480 782.671875 3166.489990
87.347862 558.000671 3128.609863
254.948090 560.588501 3089.229736
305.194275 294.240112 2888.839600
164.618469 324.025543 2626.403564
-80.252357 555.412903 3167.989990
-124.419739 220.799133 3182.019531
-157.715775 -62.189606 3015.336182
82.012199 325.549042 3090.626465
182.462097 94.730759 3027.787109
222.350067 -363.680725 3127.691650
196.525970 -873.942139 3043.360840
-29.109028 91.464035 3077.499023
-3.343395 -373.198853 3146.870605
20.955587 -872.175476 3071.552979
89.392937 782.161377 3165.066162
87.454636 557.596191 3126.517822
255.869995 560.169067 3090.726807
299.598389 264.118378 2934.927490
181.507141 269.467987 2659.576904
-80.960724 555.023315 3162.308838
-119.708488 223.398407 3178.018799
-152.474792 -63.839783 3022.392090
82.903473 325.142303 3088.392090
184.647598 94.312317 3027.677002
219.279266 -365.494171 3123.696289
195.237106 -873.106567 3046.081543
-27.942982 91.064575 3072.855713
-8.127552 -373.175781 3148.587402
21.052635 -876.397461 3063.147461
88.382500 782.672424 3164.965820
88.667053 557.605530 3126.189697
257.553741 563.346619 3093.120605
310.808197 242.057495 2970.488525
196.860016 200.421356 2698.297119
-80.219635 551.864380 3159.258789
-119.010727 231.932831 3179.416504
-156.702560 -57.689514 3031.210205
88.775085 325.427307 3086.433105
195.486847 96.872971 3025.802734
228.601410 -360.107544 3134.647217
201.857712 -873.282104 3043.714355
-17.720612 89.625229 3067.550293
3.762648 -373.151550 3152.086914
31.170374 -880.936646 3056.581055
88.080360 780.549500 3164.830078
88.878960 555.881348 3125.564453
258.225220 561.898438 3094.809814
326.406616 233.529175 3001.250488
220.596970 130.287201 2743.095947
-80.467308 549.864380 3156.319092
-129.003128 216.963989 3172.712891
-152.851746 -77.285065 3037.424561
89.828690 323.751587 3085.378906
197.648727 95.418976 3025.784912
221.986191 -362.032990 3135.257812
194.667862 -869.867737 3046.741943
-16.091879 87.824615 3064.601807
-5.684741 -373.713928 3157.321533
23.586033 -876.046387 3060.969482
88.009430 781.574280 3163.699219
86.853889 557.745117 3125.056152
256.111816 561.141663 3093.373291
322.205383 225.765564 3016.123779
244.550201 66.676178 2786.379639
-82.404045 554.348633 3156.739014
-127.550751 221.177399 3176.122314
-148.937180 -72.554504 3041.268799
84.312881 325.356689 3086.568604
188.600128 95.111969 3028.084229
208.098114 -363.575592 3133.599609
184.680466 -867.012695 3052.177979
-25.056372 90.824493 3068.077881
-17.366940 -371.269714 3159.127441
13.533348 -866.622192 3067.924805
88.608772 779.607056 3164.158936
85.616493 556.180664 3125.811279
254.963120 557.874878 3094.364502
330.105530 212.881287 3042.559570
271.898682 7.559143 2830.533447
-83.730141 554.486450 3157.258057
-128.451859 228.073608 3173.512451
-152.029022 -68.826294 3047.569580
80.832474 323.780640 3087.527832
182.927109 92.449875 3029.397461
211.298355 -367.013000 3129.197510
188.691422 -871.512756 3051.743652
-30.830185 90.311386 3069.091309
-14.603430 -372.826172 3153.284668
16.968784 -869.824585 3063.737793
88.557915 786.214233 3164.389160
85.293350 561.302673 3126.721924
254.688873 562.363342 3095.419678
325.552979 197.939392 3055.276123
287.375122 -41.199738 2863.946533
-84.102173 560.242065 3158.024170
-127.213806 229.200409 3171.844971
-154.037872 -69.722595 3052.021484
79.877502 328.724915 3089.532959
181.372452 96.816544 3032.588135
215.455521 -361.488953 3136.084473
191.116501 -868.060486 3048.411621
-32.449150 95.477737 3072.099854
-8.896551 -368.355896 3150.654785
20.758219 -862.488525 3067.372070
89.707855 786.116821 3165.005615
85.430000 561.164429 3126.451172
255.123856 561.337891 3096.794922
325.550842 224.309357 3079.718262
302.820099 -46.025940 2927.097656
-84.263863 560.990967 3156.107422
-124.800697 233.422333 3167.138184
-154.551147 -68.002228 3054.875488
79.117630 328.647339 3088.971680
179.915268 96.239746 3032.773193
218.575241 -361.982544 3135.259521
186.373291 -877.291626 3035.298584
-34.304745 96.020752 3070.211182
-13.266268 -368.766968 3144.128662
22.837210 -868.283813 3061.795166
