112.840561 695.685547 2709.930176
80.865868 385.976349 2677.048096
225.472519 390.627258 2655.046143
320.168976 170.848160 2702.097900
260.933167 407.357544 2555.127930
-63.740776 381.325439 2699.050049
-129.521027 166.842545 2735.701416
-73.367722 5.710632 2825.653809
84.578102 139.934372 2649.436279
196.867340 -102.615494 2605.304443
200.978851 -524.136536 2601.849365
196.958801 -938.653687 2663.415771
-20.286667 -109.599716 2638.344482
-12.794672 -533.068054 2648.113525
13.779318 -936.193176 2736.020264
1 1 1
112.777954 695.083740 2709.208008
80.901367 387.597534 2675.873535
226.639038 392.307709 2652.772949
322.196655 172.197250 2704.404053
265.703888 400.643005 2550.936768
-64.836304 382.887390 2698.974121
-128.440765 165.948441 2734.888184
-75.768433 15.486526 2816.741943
84.580727 142.129974 2649.035156
196.387848 -99.842972 2605.057617
200.919968 -529.204041 2605.960205
196.808578 -938.827637 2661.066895
-19.867668 -106.832230 2639.335938
-12.635781 -533.042542 2649.325928
14.522922 -937.550720 2740.795898
1 1 1
112.749786 694.651062 2709.462891
78.363617 389.475159 2679.564697
224.377655 395.209290 2657.644287
322.346649 173.629822 2703.800049
268.434845 402.702026 2547.587158
-67.650421 383.741028 2701.485107
-126.643311 161.612885 2735.750977
-80.237747 36.841286 2801.783691
83.632141 144.342560 2650.534668
196.185760 -96.576843 2605.398438
201.070770 -527.757324 2609.696533
196.697388 -934.050171 2662.083740
-18.384430 -105.003235 2637.610840
-13.253168 -538.331482 2648.361084
13.529781 -948.403198 2767.538574
1 1 1
112.843460 693.870117 2709.909668
77.726593 391.573700 2677.316650
224.664459 397.786896 2653.690186
318.699219 170.672546 2697.383301
359.861115 -99.960114 2672.678223
-69.211273 385.360504 2700.943115
-126.726654 158.427048 2735.993408
-81.943909 44.751038 2794.192871
83.662674 145.857346 2649.616455
195.938675 -95.362473 2604.817627
201.573746 -527.220764 2610.829590
196.313416 -931.635498 2661.976074
-16.741156 -104.355545 2639.014893
-13.597099 -541.193848 2647.172363
12.936876 -949.673950 2755.099121
0 0 0
112.630066 692.807739 2710.371094
80.442619 377.786560 2678.778809
229.542023 383.940979 2655.540039
321.198212 180.816132 2696.581055
291.643982 292.840912 2571.932373
-68.656776 371.632111 2702.017578
-127.625450 145.641098 2736.726807
-79.866486 46.252945 2776.536865
85.844109 136.628647 2649.567383
197.810776 -100.130524 2603.746582
202.735550 -522.151184 2613.696533
196.964859 -925.712402 2665.399658
-15.319584 -108.927979 2636.965332
-14.278873 -545.564087 2643.244629
11.572903 -952.266724 2743.480957
1 1 1
113.086388 691.750366 2710.750244
79.596451 380.022644 2676.393311
227.028519 385.947510 2655.020508
327.833496 172.726379 2698.807373
185.931686 205.977509 2553.754150
-67.835632 374.097778 2697.766113
-127.040649 153.934326 2738.418457
-78.628624 63.905083 2768.123047
85.278008 137.671463 2648.401367
197.432312 -100.400909 2604.974365
203.101959 -525.335693 2614.571533
197.255310 -929.091370 2664.999268
-15.513174 -108.958557 2635.844482
-13.473012 -541.892029 2641.929688
12.358769 -948.716553 2738.281250
1 1 1
113.854370 691.727905 2710.457764
80.812401 382.168091 2674.621826
228.056290 387.557922 2654.008545
326.290405 171.747604 2700.456299
240.974045 69.720299 2557.432129
-66.431480 376.778259 2695.235107
-115.268723 187.822327 2737.643311
-86.699844 62.595284 2769.634033
85.961647 138.937042 2647.804688
197.541153 -100.398132 2606.087891
202.786530 -526.752441 2614.682861
197.554871 -931.128052 2663.551025
-15.319356 -108.189850 2635.887207
-11.686417 -535.666748 2639.709961
13.089529 -944.926270 2736.089355
0 0 0
113.335136 691.652710 2709.607910
81.871208 385.618103 2674.889160
227.833664 390.976501 2653.464600
330.163086 173.027985 2703.002441
243.255920 85.598427 2561.857178
-64.091255 380.259705 2696.313721
-118.233284 178.334229 2736.986328
-87.649292 57.312386 2772.248047
86.948463 141.755463 2648.488037
197.880936 -98.221146 2606.549316
202.275543 -526.738525 2613.427002
197.467056 -931.149780 2661.977783
-13.829504 -105.993210 2637.624512
-11.179488 -535.218628 2640.570801
13.472806 -947.287476 2736.752441
0 0 0
112.318359 691.554688 2709.249023
83.901886 386.723816 2674.903320
230.041214 391.601685 2653.410400
339.309906 181.604355 2709.681641
229.282349 129.871521 2564.791260
-62.237442 381.845947 2696.396240
-121.840515 172.400314 2736.768555
-82.402878 57.326889 2767.819824
88.246025 142.323837 2648.973145
198.484756 -98.541565 2607.468994
201.597214 -528.719238 2613.661621
197.194199 -933.682617 2661.971436
-13.304438 -105.610718 2638.616943
-11.502687 -533.798828 2640.689697
14.074543 -945.084412 2734.990967
0 0 0
111.381882 690.782959 2708.933350
84.642906 385.879517 2673.131836
229.776169 390.618835 2652.696045
338.167847 177.883774 2709.389404
227.808655 178.644714 2559.806396
-60.490368 381.140198 2693.567627
-121.478149 179.780334 2743.879639
-79.597183 59.626167 2767.819336
89.013199 142.600662 2647.749268
199.179474 -97.223434 2607.469971
200.849640 -528.371826 2613.484863
196.883011 -934.215149 2661.307861
-12.412489 -104.132950 2637.263428
-10.801860 -529.524292 2638.297119
17.234100 -935.511353 2730.839111
1 1 1
110.741745 689.704407 2708.658203
83.175575 384.961121 2671.897461
228.885712 390.349121 2649.769775
336.184113 181.055847 2709.482910
240.077026 152.483475 2552.678711
-62.534565 379.573059 2694.025146
-118.661758 193.559601 2725.012451
-78.346352 70.875923 2763.075439
88.358009 141.893143 2646.836914
198.885345 -97.279404 2605.778564
200.206650 -529.291504 2613.049805
197.235428 -935.260254 2660.162109
-11.804462 -105.070236 2637.774170
-8.908229 -519.101379 2630.022949
20.064644 -912.638062 2719.972412
0 0 0
110.501053 689.340210 2707.367676
80.836853 385.161133 2670.226074
227.610306 391.773438 2649.402344
337.435364 181.603775 2709.044678
238.914856 147.098495 2549.803223
-65.936600 378.548859 2691.049805
-120.598427 192.605865 2727.742188
-84.100807 84.295525 2753.792236
88.422585 140.324738 2645.948242
200.850677 -99.788422 2606.795654
199.817215 -529.848145 2613.565918
197.697906 -934.895874 2660.145752
-8.834034 -109.234924 2636.545166
-5.680544 -544.961914 2649.716797
20.558649 -922.462585 2721.282959
0 0 0
110.039780 689.615479 2706.679199
80.249290 385.451599 2670.152832
227.471924 392.447662 2648.773193
340.805664 180.640854 2709.633545
237.255753 146.370193 2549.356201
-66.973335 378.455566 2691.532471
-123.508606 192.241760 2733.000000
-90.511185 97.082771 2744.802979
88.346207 140.602997 2645.786865
201.261734 -99.264618 2606.198975
199.601608 -529.309143 2613.848633
200.134613 -930.541016 2664.431641
-8.375498 -109.226624 2636.642822
-7.407768 -536.972656 2645.010498
22.192415 -922.567017 2723.657471
0 0 0
109.816612 689.457153 2706.951660
78.629303 382.899719 2669.701172
228.155258 390.960205 2644.367920
342.866058 177.909348 2713.130859
218.048553 143.494431 2547.329590
-70.896652 374.839233 2695.034424
-129.436752 171.761749 2727.817139
-111.167053 207.864365 2656.726807
87.668015 139.024139 2645.454590
201.364090 -99.209671 2603.476562
199.764755 -529.064819 2610.909912
198.762878 -931.143494 2663.153320
-7.950629 -110.493210 2638.939453
-6.504780 -547.428040 2654.385742
18.605415 -935.910522 2741.831299
0 0 0
109.701942 689.647583 2707.425049
79.315765 379.181030 2668.390137
228.928543 387.244202 2642.255127
342.700500 178.961395 2710.798828
217.311111 147.217911 2545.495117
-70.297012 371.117798 2694.525146
-125.869553 162.988907 2725.269775
13.626312 272.565094 2617.694580
88.216972 136.969604 2644.618164
202.062302 -99.585968 2602.514160
200.111084 -528.762756 2610.137939
197.896103 -931.521729 2661.557129
-7.825946 -110.897644 2639.178223
-8.051962 -539.509888 2649.395264
18.016891 -937.645569 2738.663086
0 0 0
109.805565 689.341614 2706.080566
80.606529 379.857483 2668.295166
229.537292 387.535400 2642.713867
343.415253 183.379974 2707.349609
217.064468 153.896820 2544.380371
-68.324242 372.179596 2693.876465
-124.587097 156.508438 2729.401123
-44.250587 273.302399 2628.354248
88.937088 137.315643 2643.998291
201.957458 -99.829086 2601.719238
199.786972 -529.471497 2610.087646
196.829788 -933.846802 2661.936035
-7.422150 -110.623337 2637.683594
-8.412073 -533.882812 2645.109131
17.945906 -936.503418 2739.813232
0 0 0
109.925018 689.643555 2705.321777
81.774948 379.068909 2667.414551
228.996841 386.496826 2638.585938
344.518188 188.909607 2690.996582
216.374512 154.670410 2549.178711
-65.446945 371.640991 2696.243164
-124.599716 166.856949 2728.653809
-131.382797 243.165070 2650.818115
89.299927 137.219238 2643.528320
200.894699 -99.379715 2599.263428
198.307892 -528.899414 2606.749756
195.559830 -935.997314 2658.587158
-7.244878 -109.881149 2640.020752
-8.472674 -532.493896 2647.888184
18.740925 -936.189087 2739.560303
0 0 0
109.991165 688.858643 2704.503662
81.899017 380.198975 2665.921631
229.655670 387.462158 2637.661621
352.735107 158.307922 2662.256592
221.361282 175.947006 2555.718018
-65.857635 372.935791 2694.181641
-121.147644 157.605164 2727.969482
-111.022362 216.105774 2656.592773
89.357834 138.196655 2642.721680
200.781204 -98.695145 2599.637451
197.918777 -527.819641 2607.260986
194.671280 -936.552612 2657.813721
-7.147894 -108.916183 2639.406006
-10.111321 -531.750916 2648.676758
19.503517 -939.213257 2737.227539
1 1 1
109.976120 688.029785 2704.564209
83.888947 380.581757 2666.315918
230.981522 387.189514 2638.300781
369.613922 188.423767 2652.198486
321.212372 343.460663 2561.207764
-63.203629 373.973999 2694.331055
-120.452347 153.576401 2727.063232
-106.800735 219.351364 2652.818359
90.310226 138.358963 2642.898438
200.614548 -99.197144 2599.695557
198.188782 -528.102539 2607.731445
194.395523 -937.154053 2657.131836
-7.151544 -108.530518 2639.266357
-10.445299 -530.917603 2648.372070
19.068651 -937.524902 2737.145508
1 1 1
110.235535 688.477051 2703.520752
90.325607 392.175964 2666.006592
233.787552 395.746368 2641.027100
359.492188 220.665115 2636.032715
268.355865 432.901672 2506.263672
-53.136322 388.605591 2690.986084
-119.893074 154.442703 2729.565430
-104.953331 217.033295 2655.705078
92.636543 145.971680 2644.087891
201.492783 -97.580994 2603.617432
198.883713 -527.238098 2610.930420
195.137436 -935.613281 2660.139893
-11.597840 -102.884247 2640.720947
-16.030308 -527.928955 2645.714600
14.897333 -935.445557 2728.849365
1 1 1
110.420334 689.806458 2703.556152
92.437309 406.322998 2672.241211
234.246964 408.840698 2649.863770
347.758698 231.021469 2601.758057
258.180389 458.379303 2479.004395
-49.372356 403.805237 2694.618652
-122.779221 154.803299 2736.080322
-45.451668 275.765991 2631.079590
93.054276 154.610107 2647.829834
201.281464 -95.192215 2606.437744
199.768997 -525.553284 2613.833496
195.363586 -933.445496 2664.268311
-13.938970 -99.013321 2640.399170
-15.946212 -530.034424 2642.047852
14.897489 -934.137451 2725.788574
1 1 1
110.034187 690.665527 2704.139893
91.700531 402.188171 2667.437012
233.048599 404.991730 2644.215332
343.789581 256.786926 2564.456787
237.191528 480.781921 2419.535889
-49.647537 399.384613 2690.658691
-123.743042 158.982788 2735.589355
-73.521751 355.198517 2601.406494
92.909019 151.977432 2644.584717
199.377182 -96.145554 2604.439453
199.846649 -527.619324 2612.902100
195.353394 -935.619995 2664.134033
-11.142175 -100.321060 2639.025391
-15.507408 -527.871704 2643.449463
15.194212 -927.351440 2726.300049
1 1 1
110.216599 691.590942 2705.688477
92.249397 403.823303 2669.847168
236.323227 406.810577 2646.622559
341.989807 261.354004 2546.073242
225.446732 488.437256 2389.553223
-51.824440 400.835999 2693.071777
-123.237053 165.268661 2738.289795
-94.778160 218.681503 2669.820312
93.484619 152.822403 2645.224365
199.082245 -96.014587 2603.778320
200.117264 -527.899170 2613.158203
195.804062 -935.696411 2665.214844
-9.642553 -100.342377 2637.424805
-15.591629 -526.229858 2643.705566
11.576540 -918.222473 2699.931641
1 1 1
110.504982 694.181030 2708.274414
92.568512 403.549866 2671.213135
238.300339 406.656311 2648.108398
338.243347 264.837372 2535.250488
195.884415 508.070557 2324.195068
-53.163315 400.443420 2694.317871
-122.634132 169.857697 2738.921875
-96.199654 226.752747 2673.741211
93.844536 152.795929 2645.547363
199.507477 -95.732895 2603.331787
200.417007 -527.666626 2612.906738
195.792725 -935.399841 2665.716553
-9.266366 -100.183151 2636.431396
-15.520165 -526.278503 2644.802002
8.703568 -924.123901 2688.856934
1 1 1
111.548645 693.990662 2709.275635
97.376396 407.794495 2669.351318
245.695206 409.447327 2647.063721
306.978882 333.758148 2463.080322
170.929398 519.825684 2253.624023
-50.942402 406.141724 2691.638916
-122.852264 177.927750 2739.698486
-73.106308 371.911621 2629.958984
96.465126 155.109497 2644.548340
200.247986 -96.408859 2604.013184
201.036850 -528.236328 2612.336914
196.636047 -932.650146 2670.961914
-9.140276 -98.742172 2635.477539
-14.794089 -523.845093 2644.111572
10.892028 -923.630005 2703.535156
1 1 1
112.369751 692.937012 2710.714600
95.596153 404.921143 2669.994873
244.615204 407.279144 2647.507080
305.193542 337.859070 2454.488770
167.029495 512.499756 2212.741699
-53.422909 402.563171 2692.482666
-121.679321 175.508987 2744.962646
-117.583527 260.394348 2690.122803
95.726685 154.024857 2644.551514
200.373276 -95.217651 2603.335938
201.288956 -527.773132 2611.014160
196.950333 -934.552856 2669.267578
-8.658841 -98.525238 2634.880371
-10.739548 -535.269531 2642.796875
15.267933 -935.113281 2713.977295
1 1 1
114.014252 692.282471 2711.442871
95.471817 395.734894 2662.618408
240.222260 397.556396 2642.143799
303.336304 350.978973 2445.934814
161.087051 500.227539 2163.825684
-49.278641 393.913391 2683.093018
-121.799049 174.414429 2745.116699
-55.642532 354.155151 2641.171631
95.409584 147.745758 2640.115967
200.910309 -98.914993 2602.681885
201.885101 -531.195435 2611.083740
198.228668 -934.681335 2675.662109
-10.215590 -101.571762 2632.545166
-11.873571 -527.476685 2642.933105
15.202158 -927.878540 2715.871094
1 1 1
115.219063 691.486938 2712.582764
95.236153 399.143188 2664.177734
240.154419 401.221649 2643.209717
286.839294 381.741974 2442.219727
164.882431 493.098572 2131.909668
-49.682106 397.064697 2685.145752
-124.362816 175.921082 2745.298584
-28.119133 348.288696 2634.996338
95.430946 150.114380 2640.838379
201.403381 -97.397308 2602.194092
202.641769 -529.408325 2610.110840
198.145599 -935.632568 2674.641357
-10.151896 -100.431519 2632.803955
-12.557880 -527.002747 2643.399902
14.638956 -925.281006 2715.836426
1 1 1
116.093849 690.856140 2713.014893
94.383682 400.103088 2663.957031
238.909988 402.464935 2642.154297
268.896362 386.615479 2470.382324
168.733185 489.053558 2116.006836
-50.142643 397.741241 2685.759766
-96.664284 196.087463 2749.808105
29.724350 300.202759 2632.026855
94.961632 150.326767 2640.729980
200.916031 -97.727493 2601.606201
203.094818 -529.062439 2609.626465
198.247177 -936.509644 2672.563965
-9.836864 -101.171616 2633.399658
-12.098330 -527.214355 2643.001953
13.962796 -925.486206 2715.929443
1 1 1
117.364578 690.292175 2713.885254
91.259369 397.578552 2662.435547
233.031174 400.889465 2638.962646
274.519836 409.475525 2492.353760
161.584839 496.698212 2123.025635
-50.512432 394.267670 2685.908447
-118.040787 169.804245 2741.448242
-83.970085 341.906555 2646.884033
93.406303 148.927597 2640.329590
200.462372 -97.273361 2600.854004
202.581543 -527.433350 2608.551025
198.412354 -931.555786 2670.943115
-9.355906 -102.173386 2635.593262
-11.699991 -528.485962 2643.725342
14.933592 -926.980530 2718.373535
1 1 1
122.701126 689.335571 2718.702148
93.080536 399.831390 2661.446533
234.340775 402.546021 2638.053467
269.881897 405.348938 2482.848633
179.339844 496.200317 2152.677734
-48.179703 397.116760 2684.839600
-116.965851 174.955154 2744.861084
-163.142639 221.907257 2713.911865
94.378448 149.893021 2640.279785
200.636429 -98.028290 2601.731201
203.112656 -527.514099 2609.396484
198.639816 -933.367554 2669.695557
-9.283709 -102.062408 2636.494873
-11.716722 -522.836975 2639.159180
14.557310 -921.899170 2719.262207
1 1 1
123.131851 689.010986 2720.558594
94.116653 403.172852 2660.958740
234.583145 405.488403 2637.348633
270.360870 409.805573 2476.014160
163.985306 510.111084 2119.590820
-46.349838 400.857300 2684.568848
-117.517029 177.176483 2745.062744
-3.749321 282.810791 2644.742188
94.755318 151.591751 2640.084473
200.410400 -98.258194 2601.558594
203.162827 -528.269897 2610.956055
198.259308 -935.063354 2669.889893
-9.622446 -101.720535 2636.861816
-10.762377 -517.440308 2633.573730
14.813150 -916.341003 2716.824707
1 1 1
122.592407 688.083374 2720.054932
96.133224 406.953217 2667.598633
237.435318 408.823120 2647.195557
268.808136 403.475189 2467.109375
159.493881 501.964264 2116.981445
-45.168869 405.083313 2688.001709
-120.311981 186.127686 2746.378662
-109.120316 215.278122 2744.554932
96.030525 153.315216 2643.641357
201.397324 -98.927048 2604.455078
204.583511 -528.648926 2614.309570
199.439163 -935.393921 2673.351562
-9.541674 -101.718521 2634.913086
-11.384686 -518.558411 2631.457031
15.523351 -912.320557 2713.077148
1 1 1
122.990028 687.604553 2719.565186
94.141769 405.271606 2663.271973
232.391937 407.568054 2639.767334
268.324097 408.173615 2463.743652
167.459534 507.930084 2128.121582
-44.108398 402.975159 2686.776611
-135.771332 188.204285 2742.228760
-1.396637 265.137817 2666.827637
94.690063 152.742447 2641.824219
199.854202 -98.048950 2602.590088
204.145203 -529.300903 2612.702637
199.239548 -936.276245 2672.581055
-9.377487 -101.524445 2638.162842
-11.762339 -518.735352 2634.024902
14.905712 -914.712341 2714.055420
1 1 1
126.718178 684.635010 2721.705078
98.171494 405.962769 2660.962891
232.071320 407.060913 2636.111328
273.884521 413.137939 2439.400391
165.831451 508.680695 2134.550049
-35.728333 404.864655 2685.814453
-140.098877 189.373047 2737.124756
-101.132629 193.268951 2745.825439
96.616592 153.376541 2641.423584
199.318298 -98.354675 2602.534424
204.405899 -531.003662 2613.808838
199.815079 -938.143799 2673.675781
-9.194918 -100.064728 2641.234131
-12.260498 -512.617615 2634.522217
16.315916 -914.471069 2715.731201
1 1 1
129.363037 682.819092 2722.383301
96.976639 404.448242 2662.043457
232.446106 405.826721 2636.535889
278.134491 420.758179 2429.473145
173.998779 515.965210 2171.009521
-38.492813 403.069824 2687.551025
-142.072235 191.790863 2739.144043
-53.849876 294.268005 2672.254883
95.649620 153.027130 2641.408691
199.110168 -97.327744 2601.043457
204.723053 -531.003052 2614.221191
203.766312 -939.064697 2679.738037
-10.464967 -99.460251 2640.504395
-12.986380 -516.857605 2636.426270
20.532099 -918.445923 2730.961426
1 1 1
128.687027 683.896973 2720.858154
97.440117 406.101013 2663.313721
233.409348 407.290680 2637.344971
279.696136 418.190491 2430.690430
167.692566 521.424377 2151.392578
-38.529102 404.911346 2689.282471
-143.843903 198.571182 2747.081543
-49.447525 139.852478 2706.265625
95.552628 154.342499 2641.897461
197.769608 -96.505157 2600.598389
204.609756 -529.679016 2614.699707
207.254333 -919.779846 2659.544189
-10.439350 -98.326874 2640.364014
-14.010309 -519.175049 2637.750977
18.877310 -916.517639 2727.283203
1 1 1
128.356537 684.199219 2719.152588
98.588165 407.811462 2664.107422
235.317459 408.531738 2638.164795
281.218536 406.150543 2398.367676
186.860748 517.737305 2183.952393
-38.141129 407.091187 2690.050049
-132.119965 226.976990 2775.993652
-68.884583 145.477325 2704.598877
95.719666 155.671112 2641.988525
196.348389 -95.924011 2600.232422
205.207047 -528.487061 2613.764648
205.217133 -927.108032 2666.186035
-10.646057 -97.014435 2639.506836
-15.967527 -518.068848 2636.629639
18.310762 -916.200989 2726.059082
1 1 1
128.169205 684.582397 2718.224365
99.910187 409.736328 2666.651611
238.150101 410.138245 2641.516602
307.291870 379.572906 2416.506104
178.335052 523.952576 2202.089111
-38.329727 409.334412 2691.786621
-141.435059 192.714691 2763.204590
-73.629395 86.428459 2799.312988
96.393524 157.477325 2643.276367
195.828918 -94.482330 2601.182129
205.749069 -519.298096 2605.509277
203.670288 -930.019775 2672.922119
-10.075189 -95.080994 2638.620117
-16.888668 -518.368408 2635.594238
17.775276 -915.945618 2722.073730
1 1 1
128.421005 685.134888 2719.026123
102.780060 411.245239 2669.034424
241.866928 411.006683 2644.299561
312.739136 367.817505 2430.496338
181.252380 528.658386 2218.422363
-36.306789 411.483765 2693.769287
-133.784393 184.142471 2736.287109
-76.768234 98.774429 2796.213623
97.916405 159.016174 2644.117920
196.275986 -93.389908 2600.844482
204.704712 -512.160278 2602.721924
201.626038 -921.667969 2670.373291
-10.170489 -93.035843 2637.558350
-17.502720 -517.955444 2634.854492
20.190350 -917.116821 2728.461670
1 1 1
128.148911 686.549438 2719.380127
104.495255 411.575073 2670.044434
245.209213 410.950806 2644.939209
317.091980 362.230865 2439.989746
187.047302 532.554993 2257.047363
-36.218704 412.199371 2695.149658
-132.628510 180.252182 2723.245361
-74.655624 105.532906 2784.328125
98.770164 159.700546 2644.218750
196.571548 -92.633301 2599.922607
203.808777 -518.353760 2606.915771
201.344437 -927.086304 2673.514648
-10.481383 -91.714691 2636.863525
-17.720709 -518.070557 2634.466309
19.205763 -918.093384 2730.680908
1 1 1
127.748543 687.183594 2720.063965
106.836212 411.652679 2671.867432
247.508133 410.271484 2645.877197
334.536163 329.084106 2474.294189
197.026184 529.510620 2281.811279
-33.835693 413.033875 2697.857666
-135.919525 187.684875 2735.763916
-75.026962 105.013176 2776.864258
99.503777 160.557831 2645.524414
196.064651 -91.557098 2599.986328
202.989136 -519.546021 2609.060059
201.697372 -927.373291 2675.321533
-11.721971 -89.516937 2638.376465
-17.877882 -520.086731 2634.104004
20.385466 -922.070435 2732.177734
1 1 1
127.267273 687.998352 2720.158691
107.589645 412.473572 2674.122559
248.673416 411.002350 2647.921387
340.917542 317.146393 2492.044189
205.222748 525.696289 2304.884521
-33.494122 413.944824 2700.323730
-144.308075 194.877655 2760.988037
-71.455727 117.548103 2765.244385
99.822067 161.360687 2646.397461
196.853851 -90.845078 2599.209717
202.733704 -520.763000 2610.305420
201.475739 -926.344299 2676.520020
-12.744877 -88.659348 2638.135010
-18.215769 -520.832214 2633.708984
20.300558 -925.067261 2732.003906
1 1 1
121.401917 658.711792 2710.947754
107.948212 407.504486 2674.979492
258.700592 405.831360 2647.734863
370.859222 340.483307 2482.888672
194.910812 527.854797 2308.421631
-42.804165 409.177612 2702.224121
-148.423828 121.317535 2782.943359
53.612671 -123.032990 2780.006592
100.228500 161.558167 2647.367676
199.902466 -85.580048 2600.347168
201.686111 -542.442383 2622.372314
204.856735 -977.822144 2671.056152
-14.884891 -83.196259 2639.164551
-17.501762 -540.633667 2660.184570
18.562271 -975.120117 2700.556152
1 1 1
97.226196 641.425232 2703.525635
90.956375 402.322083 2672.575439
247.912720 402.028412 2656.305664
363.005707 329.673676 2486.223145
195.957397 530.378906 2326.187256
-65.999954 402.615723 2688.845215
-144.641998 105.131134 2765.349365
41.364166 -151.230774 2750.690430
87.628044 158.916595 2644.859619
194.207367 -84.694504 2605.750977
207.084747 -551.730896 2658.163818
184.500031 -994.778198 2627.874512
-25.607952 -84.283249 2628.536621
-25.200714 -552.288635 2678.149658
3.328716 -995.740967 2642.891846
1 1 1
98.990700 668.026245 2732.900635
89.858917 436.710693 2690.001221
249.795029 434.048401 2679.439209
359.804321 310.521057 2501.583740
194.699036 524.477783 2352.122314
-70.077194 439.372986 2700.563232
-128.129532 135.213440 2768.764648
41.807159 -131.472687 2745.642822
83.221527 196.736145 2649.982178
187.240524 -45.080368 2602.655518
210.994980 -533.097534 2661.072998
179.041611 -981.948364 2598.491455
-34.072247 -41.396408 2617.270752
-20.442976 -530.633362 2697.371338
2.816793 -978.813354 2625.039062
1 1 1
75.722183 665.193604 2736.258789
83.104820 438.626251 2690.178955
244.145264 445.373810 2687.836670
359.030975 296.236176 2515.435059
194.969925 520.901062 2370.577637
-77.935631 431.878693 2692.521240
-120.740173 123.227997 2751.147461
33.609756 -152.223083 2722.209473
92.386124 200.989197 2643.720215
209.964813 -32.110214 2595.686279
236.523636 -513.293823 2666.492432
203.359283 -966.072205 2591.448975
-6.629941 -41.185501 2598.836670
1.444104 -514.164856 2698.602295
25.363895 -968.549866 2628.261230
1 1 1
88.029846 678.622559 2740.633545
91.329285 453.246704 2693.694824
252.822800 455.338501 2701.878418
360.552856 278.670410 2526.030273
209.180115 511.861084 2381.598145
-70.164215 451.154907 2685.511230
-101.833992 139.537781 2734.769043
37.738991 -143.283325 2702.116699
96.772659 215.481918 2647.053223
211.966461 -20.861282 2605.973145
211.654022 -500.296631 2680.862061
184.123871 -956.645203 2606.549072
-7.534396 -23.704453 2594.850098
-19.242651 -495.339233 2701.732910
3.286583 -953.735229 2638.490723
1 1 1
95.268707 686.307678 2731.390137
97.585701 459.922272 2689.938965
257.969025 458.697754 2711.281494
362.102692 266.720276 2539.354492
218.002304 501.259216 2394.242432
-62.797596 461.146790 2668.596436
-86.371231 147.592896 2709.373535
39.420563 -141.378906 2674.641602
101.329880 221.232330 2648.108154
214.737701 -18.294891 2620.870361
213.971008 -498.608490 2688.370361
187.408081 -956.094238 2611.123535
-4.589587 -16.620331 2591.684326
-14.544590 -486.402924 2708.635986
4.707863 -944.586792 2633.928467
1 1 1
96.978271 692.971497 2738.319580
99.083626 467.211426 2693.460205
259.039185 464.509277 2720.757568
361.089508 254.385483 2551.155029
221.200912 495.560516 2413.339600
-60.871906 469.913513 2666.162842
-78.549194 155.104279 2699.586914
34.543221 -138.970154 2664.021484
102.459915 228.743835 2650.070801
215.131500 -11.570053 2625.333252
209.189758 -493.957642 2668.218262
190.812088 -954.982666 2610.260986
-3.459095 -7.877426 2588.029541
-16.958023 -479.491089 2698.274414
5.541819 -940.811646 2644.830322
1 1 1
99.757111 700.608643 2750.792725
101.267532 475.331177 2700.658936
261.465454 471.266968 2728.439941
362.552612 244.699677 2565.586670
227.741318 488.863586 2429.259766
-58.930405 479.395447 2672.877930
-72.290665 163.776215 2700.090820
29.202705 -134.511536 2664.620605
103.520035 237.698792 2652.905762
215.424744 -2.715500 2624.168213
208.655533 -486.125916 2655.944092
196.518051 -949.704834 2621.857422
-3.879662 2.848282 2586.136963
-17.889418 -467.556396 2702.096924
3.026199 -929.365723 2646.539551
1 1 1
99.964134 697.987610 2739.032715
100.604774 473.965820 2695.063477
259.803131 469.602478 2728.457764
363.189026 231.289825 2578.786865
233.345062 479.195831 2443.929688
-58.593575 478.329193 2661.669189
-68.769470 162.188843 2683.721436
22.199486 -139.564789 2649.021729
103.030045 235.399185 2652.330322
214.649734 -6.160309 2632.502441
210.796799 -489.021820 2673.560547
192.746231 -950.757568 2619.966309
-3.739089 -0.174622 2586.691895
-16.367100 -472.962494 2692.751221
2.928185 -936.814758 2661.491455
1 1 1
102.280540 699.658203 2740.643799
102.395012 474.327667 2694.913818
261.103760 468.641602 2730.892090
365.100494 223.149384 2587.883789
238.156403 475.123810 2459.608887
-56.313740 480.013733 2658.935547
-64.120750 163.538818 2676.746826
17.345428 -141.057312 2643.292480
103.679771 235.822784 2651.552979
213.826126 -6.582291 2632.870361
211.932678 -489.653564 2673.397217
190.864960 -949.441162 2604.108887
-3.897068 1.218094 2583.513916
-13.381716 -474.313843 2676.456787
1.356399 -939.046936 2672.218262
1 1 1
103.789558 703.271912 2741.957764
102.808479 477.113373 2695.673584
261.410370 470.825134 2732.379395
363.553070 215.572388 2598.945312
243.327271 468.177429 2467.899414
-55.793419 483.401611 2658.967773
-61.822659 166.712128 2673.319580
11.094204 -140.209656 2641.429688
103.464363 238.641891 2651.985840
212.942261 -4.144165 2633.483154
212.652679 -487.543518 2670.823242
190.184494 -947.659058 2601.389648
-4.701768 4.484985 2583.113037
-13.528374 -470.798859 2678.151123
1.572054 -936.162354 2678.757812
1 1 1
105.120598 703.358276 2743.104736
103.544426 476.967041 2695.995850
261.028900 469.565002 2736.966553
358.776337 208.786011 2607.965088
246.423569 464.275635 2476.121094
-53.940041 484.369080 2655.025146
-58.623638 167.542053 2666.569336
6.621906 -141.278809 2636.443115
103.691551 238.475998 2652.342773
211.966705 -5.097260 2636.819824
213.102478 -488.598114 2673.396973
190.786469 -949.712158 2609.612549
-4.289351 5.067169 2580.559570
-14.266401 -469.109802 2681.090820
3.370790 -934.579346 2673.465332
1 1 1
104.155350 702.448120 2733.196045
103.369835 475.348114 2690.833496
259.570099 468.308167 2736.447754
357.328125 198.854523 2612.992432
245.294525 454.081146 2487.291992
-52.830418 482.388062 2645.219238
-56.487103 165.472931 2654.493164
1.887840 -144.896240 2626.238770
104.183266 236.195892 2651.138184
212.244492 -7.789993 2642.761963
213.251846 -491.728882 2672.653564
191.675415 -953.374634 2611.705566
-2.251102 1.877335 2580.123779
-14.291422 -471.363220 2684.910889
5.791431 -936.800171 2672.288818
1 1 1
105.427200 705.238647 2737.734619
104.449898 477.143951 2693.264893
261.078125 469.939819 2737.568848
358.656799 191.921753 2625.998047
245.319183 449.211060 2498.926758
-52.178318 484.348083 2648.960938
-89.894196 253.359360 2664.813965
-45.284626 167.508514 2639.696289
105.188583 238.275803 2651.812012
213.420929 -5.536530 2640.764893
213.609619 -489.748840 2666.123291
192.703506 -951.142395 2602.641113
-1.566401 4.351837 2579.953369
-15.631684 -470.354462 2677.517822
3.056914 -935.932495 2678.714600
1 1 1
105.842049 703.003723 2730.499756
104.593193 475.254059 2689.148926
261.723083 468.854553 2731.858398
346.845001 186.971893 2634.002197
245.497192 446.030487 2503.746338
-52.536720 481.653564 2646.439453
-136.877945 176.537384 2664.474121
116.404648 4.639252 2581.804199
105.260666 235.871124 2650.824463
213.788544 -7.904709 2641.817627
212.957932 -491.715027 2673.689941
192.316483 -952.187744 2603.817627
-1.932250 0.881088 2583.182373
-18.418123 -472.327942 2687.397217
6.010839 -937.583069 2678.684082
1 1 1
106.395866 702.685791 2726.389160
105.510117 474.079041 2687.964111
261.801636 467.781708 2733.636230
341.906281 183.475922 2638.504639
244.941620 443.220703 2508.823486
-50.781403 480.376343 2642.291992
-140.300354 209.002258 2661.377441
93.361160 157.083069 2598.955322
106.575981 234.430374 2651.273926
214.947159 -9.541824 2645.940918
210.516403 -493.880371 2661.983887
198.770828 -957.213623 2631.354248
0.336523 -0.894730 2583.226562
-15.351600 -472.835388 2693.227051
8.573764 -935.949768 2655.803467
1 1 1
107.315773 706.330688 2734.833252
107.218361 478.980743 2692.700195
262.992035 472.232147 2740.098389
342.471008 179.249390 2650.261475
245.143677 436.918243 2517.424805
-48.555325 485.729340 2645.302002
-150.936844 197.195496 2669.408447
121.373093 213.747726 2603.361328
109.016693 239.871429 2652.745361
217.750595 -3.870667 2645.328369
213.390701 -488.357635 2661.573486
196.816452 -950.464722 2612.532959
3.879467 5.394897 2580.252686
-11.660450 -465.758240 2693.733398
10.210987 -928.088806 2643.395264
1 1 1
107.709198 708.469910 2739.054688
106.927559 481.390381 2694.931152
262.805206 474.168182 2741.975098
342.733734 176.121460 2657.135742
246.279877 431.917145 2525.453857
-48.950111 488.612579 2647.887207
-157.986145 190.021332 2676.948486
122.423462 265.375183 2609.233398
108.524078 242.611847 2652.983887
217.126358 -1.124527 2643.331055
211.287064 -485.318787 2666.832520
191.238113 -946.169189 2604.764160
3.114829 8.791153 2578.742188
-17.200739 -459.013123 2704.061035
5.538694 -920.368896 2643.852051
1 1 1
107.307953 709.741272 2741.158447
106.733124 482.357483 2696.066650
264.034027 476.084717 2737.944824
346.849915 171.549438 2667.560547
246.970856 422.847839 2530.604004
-50.567780 488.630249 2654.188477
-161.793610 186.396118 2685.370117
111.136200 306.976501 2613.803467
108.655319 243.750702 2653.106689
218.625458 0.835236 2638.912354
216.203690 -482.978638 2669.713135
193.206375 -941.948730 2594.478271
2.529572 9.452576 2581.381104
-14.928307 -460.043945 2700.892334
3.053288 -922.788452 2649.431396
1 1 1
108.699730 712.393799 2742.739502
106.948036 484.230164 2697.648438
266.192932 478.911011 2730.508301
348.906860 169.761658 2676.307129
247.575989 417.651886 2534.784180
-52.296867 489.549316 2664.788574
-158.811340 182.507721 2691.244385
28.998367 410.715485 2599.752930
107.977203 245.727646 2654.053711
218.478989 3.568481 2633.048584
212.918045 -480.318054 2663.182129
190.821609 -940.624207 2594.515381
-0.466248 10.881775 2587.869385
-15.435021 -460.002045 2702.316650
0.216379 -922.520264 2646.889160
1 1 1
107.692360 709.386353 2733.179932
102.429115 480.193787 2694.005127
263.508667 476.194061 2708.200195
350.178040 169.008240 2684.364258
248.936066 415.136963 2541.666504
-58.650425 484.193481 2679.810059
-153.385300 176.051880 2695.777832
3.810242 418.367401 2581.550537
100.014114 241.112808 2654.044922
208.825714 -0.729980 2623.886719
205.518127 -483.658813 2665.708008
180.909683 -942.899109 2590.265869
-13.627505 4.793671 2604.282715
-23.591228 -467.583008 2712.944336
-11.518042 -930.301514 2657.603027
1 1 1
107.698959 709.883362 2737.801514
99.626282 481.378357 2695.506104
261.505890 477.938354 2697.737061
349.518036 169.941315 2687.803467
243.355774 411.058563 2544.776855
-62.253345 484.818359 2693.275146
-153.761948 184.560242 2695.923340
-8.533096 428.929138 2567.452148
95.130814 242.650986 2653.600098
201.650650 1.564499 2613.224121
205.630295 -481.223633 2656.965576
185.196487 -942.396301 2593.319580
-20.379965 6.282730 2610.164062
-19.216530 -470.775513 2691.587891
-7.265253 -935.200745 2663.741211
1 1 1
107.146637 707.731201 2730.046387
97.414703 479.557800 2691.789795
259.785583 475.637360 2690.343506
351.793640 171.992157 2693.926758
243.074677 403.675232 2541.561523
-64.956192 483.478241 2693.236084
-153.349091 189.252899 2693.470459
-13.690704 435.348389 2562.693848
91.292603 240.363800 2652.853516
196.307007 -1.513580 2612.927490
209.924622 -482.741333 2668.483643
184.759033 -943.291992 2601.337158
-25.965992 3.853180 2614.906982
-15.911435 -471.986084 2704.447754
-5.843530 -934.889282 2657.060059
1 1 1
107.361458 706.643188 2726.160645
97.025818 478.512512 2689.720947
259.622864 473.853119 2686.302979
345.404968 170.000092 2702.471680
241.083099 397.703735 2534.647461
-65.571228 483.171936 2693.138916
-154.167389 190.619324 2692.742676
-18.818619 438.134399 2560.284424
89.373199 239.156998 2651.968506
193.162079 -3.392014 2611.873291
212.168777 -484.600525 2667.138428
186.509216 -945.081848 2599.083984
-29.720915 2.994949 2616.558838
-19.196009 -472.306580 2710.418213
0.569920 -932.847046 2646.030029
1 1 1
107.384010 705.707031 2724.698486
95.986389 476.961731 2690.140625
258.707336 471.521606 2686.675781
343.206940 169.498138 2711.728027
240.354004 394.281921 2533.809082
-66.734543 482.401886 2693.605469
-154.079163 192.312805 2693.867920
-21.093903 438.978241 2555.834717
87.202003 237.436340 2653.672119
190.030685 -5.820557 2614.827148
215.095184 -486.044067 2676.083740
184.731354 -945.073975 2600.791260
-33.195442 1.642426 2619.580078
-26.594898 -474.667053 2709.291992
3.167673 -935.334229 2647.486328
1 1 1
109.424179 710.293091 2734.475098
96.226418 482.070190 2694.052246
258.962341 474.860931 2692.804688
341.637909 166.769714 2711.864746
238.564026 385.251556 2529.792236
-66.509514 489.279449 2695.299805
-154.007217 193.136810 2694.403320
-22.093811 439.044983 2552.214111
85.339111 243.356827 2653.324219
186.141983 -0.304443 2611.739990
214.701965 -480.712097 2670.494873
184.945419 -940.261963 2597.830322
-37.238380 9.591370 2613.452393
-23.285788 -467.585663 2697.614502
0.877546 -928.852783 2636.080322
1 1 1
110.259163 710.129333 2728.360352
95.009789 481.866760 2691.891602
257.737976 473.576843 2690.300293
341.821869 164.885834 2713.424561
237.957367 380.581848 2531.057617
-67.718391 490.156677 2693.482910
-154.500946 193.066925 2693.206787
-23.579254 440.117004 2556.466553
82.458344 242.766754 2653.964355
181.595154 -2.023041 2614.944824
210.790039 -482.489075 2673.335205
185.879074 -943.342529 2607.731689
-41.781364 9.356506 2617.129395
-18.875267 -465.049957 2713.304932
-1.514957 -925.009216 2640.865234
1 1 1
110.316154 711.844177 2735.332275
96.786880 484.218597 2694.492676
259.547150 475.961517 2693.376953
340.415863 162.945435 2718.715332
238.235718 377.577667 2531.796387
-65.973389 492.475677 2695.608398
-150.245911 193.029144 2692.606445
-24.245941 439.934204 2556.636963
84.401779 245.673157 2653.162354
183.740829 1.459778 2611.066162
215.332321 -479.377228 2664.980225
192.619339 -940.685303 2601.464111
-39.707474 12.795654 2612.597900
-11.917109 -463.862946 2695.100098
4.436035 -926.146118 2640.688232
1 1 1
109.633659 712.946289 2739.327637
100.726234 484.756348 2696.457275
263.590515 479.268127 2696.808105
341.212219 160.476471 2717.360840
239.468750 376.420624 2535.336914
-62.138054 490.244568 2696.106445
-151.618988 194.005829 2693.326172
-23.336761 440.102448 2554.153076
92.785614 246.360992 2653.335938
196.669876 4.197342 2610.455322
223.860809 -478.134216 2649.173828
211.582062 -941.654968 2628.684570
-26.979879 11.733932 2609.973877
-0.529020 -464.662598 2695.456787
15.722979 -927.944397 2648.238037
1 1 1
110.115044 714.094482 2741.328125
104.103149 484.808167 2697.378906
266.975769 480.227539 2700.092041
347.108246 161.738464 2718.193359
240.093658 375.776581 2537.203369
-58.769470 489.388794 2694.665771
-152.807617 193.997620 2692.175781
-23.241394 439.370056 2552.034912
98.124428 246.410583 2653.798828
203.963409 4.868225 2612.081299
216.111603 -478.067047 2649.757568
212.409866 -942.871460 2645.781738
-19.671988 11.157745 2608.356201
-6.546343 -466.300415 2690.401611
9.717232 -930.421509 2651.251221
1 1 1
110.459030 715.680176 2742.294922
104.298889 485.883636 2697.685791
267.213745 481.792542 2699.635010
345.551697 161.872681 2721.589600
240.279495 375.497467 2538.140869
-58.615997 489.974731 2695.736572
-152.906448 193.996063 2691.589600
-22.979309 439.374115 2549.157959
98.829941 247.418945 2654.285889
205.196854 6.145859 2612.224121
211.113876 -476.256226 2658.277344
199.371140 -939.035767 2621.891357
-18.474876 11.762650 2609.547852
-11.473444 -462.957336 2706.231934
3.741243 -924.651611 2646.995605
1 1 1
110.719299 715.026978 2732.748779
104.898918 483.836823 2694.416504
267.839386 480.143433 2695.004150
343.292084 161.946869 2722.295410
239.487091 375.134216 2535.416992
-58.041542 487.530212 2693.828857
-152.937439 195.487366 2691.290039
-22.630951 439.493500 2545.794189
99.622765 244.746811 2654.683350
206.208832 3.121216 2615.353516
214.254272 -478.878693 2666.311035
196.759750 -940.786255 2615.236816
-17.515615 8.192383 2614.546875
-10.121536 -466.675720 2711.518799
2.773149 -927.007812 2641.115967
1 1 1
110.856598 710.784912 2727.429688
105.054131 479.152344 2691.610596
267.989410 474.904938 2692.096680
341.648010 162.472809 2718.141846
238.795959 374.996216 2530.887207
-57.881176 483.399750 2691.124512
-153.466782 194.244904 2691.643799
-22.988541 440.378632 2552.374268
98.928230 239.798340 2653.547363
204.659286 -2.471558 2615.817871
212.474609 -484.284393 2669.311523
191.578644 -945.242798 2607.649414
-19.054625 3.360229 2615.150391
-12.673199 -472.722076 2706.413574
-0.874502 -933.452881 2637.065674
1 1 1
112.419533 711.783630 2734.995117
106.085358 480.858887 2694.470215
269.011902 476.127563 2694.708008
341.322754 162.733765 2717.076660
238.020447 375.561768 2531.504395
-56.841202 485.590179 2694.232422
-153.234558 194.123962 2693.321533
-23.452682 439.176758 2549.038086
99.212029 242.088394 2653.083984
204.192368 0.069733 2611.861084
213.893478 -481.644226 2666.326172
192.341019 -942.628540 2602.346191
-19.514977 6.566101 2611.534424
-13.426838 -470.285431 2699.015137
-0.342547 -932.281494 2638.838135
1 1 1
111.576729 711.770691 2739.131348
105.741974 481.936127 2696.325684
268.667572 477.348511 2697.588867
341.165985 162.869781 2719.543701
237.933548 375.521149 2531.993164
-57.183624 486.523743 2695.062500
-149.612915 195.556946 2692.664062
-23.336441 439.482391 2548.629883
99.360992 243.446503 2653.205566
204.836060 1.807266 2610.952637
212.721191 -480.363037 2661.611084
194.289474 -943.125732 2611.003906
-18.876040 8.106491 2609.218262
-11.892521 -467.937927 2701.041016
-0.221607 -930.135864 2641.371826
1 1 1
112.753830 710.138916 2730.593262
106.208282 478.640747 2693.486328
269.121094 473.724518 2695.289551
340.576294 162.431030 2720.767090
237.767059 375.668152 2532.091797
-56.704525 483.556976 2691.683105
-147.312958 196.283447 2691.831299
-23.054306 439.233276 2546.650635
99.428680 239.533951 2654.101074
204.494797 -2.948029 2615.953857
215.397888 -484.033813 2675.067139
191.056915 -944.441711 2608.863525
-19.196644 3.802338 2613.477783
-14.191324 -471.792450 2707.836182
0.893993 -934.256470 2650.808838
1 1 1
109.887337 706.846375 2726.942627
104.162521 476.302765 2691.465332
266.991211 472.182068 2696.625977
341.774994 163.204437 2726.904541
237.665314 375.752563 2532.161377
-58.666199 480.423462 2686.304688
-146.169113 195.147095 2691.931396
-23.486626 439.786926 2549.941895
99.313934 236.937546 2653.320312
206.278183 -5.257309 2618.718994
214.783295 -487.145020 2671.372314
192.126129 -948.112671 2606.759521
-17.347496 0.401962 2611.631592
-11.094843 -477.862671 2689.657959
4.633893 -942.085327 2659.381348
1 1 1
111.241173 709.071228 2727.019287
107.126068 477.781372 2691.176514
269.875214 473.594543 2698.498779
340.884521 163.100037 2728.955566
237.912384 375.467834 2532.337158
-55.623077 481.968201 2683.854248
-149.587341 194.574860 2693.466309
-21.507309 440.677002 2551.696777
102.664673 238.330902 2653.422363
209.934479 -3.993942 2620.695068
219.308044 -485.295105 2678.521973
193.235336 -944.441895 2603.197266
-13.527929 1.754776 2610.641357
-10.380054 -476.283325 2691.056885
8.526227 -940.982544 2664.269043
1 1 1
111.237411 709.584839 2734.733643
107.394775 479.662933 2694.254883
270.176971 476.074707 2701.509766
341.440247 163.049561 2722.476074
238.131927 375.265778 2532.438477
-55.387436 483.251160 2687.000000
-148.296021 195.286926 2693.238525
-22.521278 440.233093 2552.676514
103.935867 240.671860 2653.660645
212.223511 -0.782471 2618.046631
214.970474 -483.241974 2664.702148
193.970627 -944.542358 2602.669189
-11.269590 4.144043 2608.086182
-13.221960 -473.039093 2693.631592
6.705248 -936.469360 2651.137939
1 1 1
112.515022 714.320190 2738.006592
107.033310 484.437805 2696.578125
269.710175 479.625610 2705.291748
344.227356 163.527313 2717.736816
237.782593 376.296631 2533.682617
-55.643574 489.250000 2687.864502
-151.640457 193.642212 2692.609619
-23.457733 440.733765 2557.718262
102.205826 245.660812 2654.837402
209.064850 3.580002 2619.079102
210.560425 -478.277710 2672.211426
187.970276 -939.114990 2606.230469
-14.308164 10.187637 2607.114258
-19.068630 -465.979004 2698.196777
0.007444 -928.837769 2647.892822
1 1 1
113.376976 719.989502 2750.145752
107.162392 492.056030 2702.341797
269.809998 486.155426 2711.054199
343.116913 163.762970 2722.381836
237.492645 376.185272 2532.950439
-55.485195 497.956604 2693.629883
-152.315704 194.821106 2691.792480
-20.996170 440.031677 2551.323242
101.087326 254.453735 2654.833496
206.672775 12.800598 2613.306152
210.610947 -469.502777 2662.638428
188.506546 -930.927368 2600.081055
-16.648243 20.902328 2601.344238
-18.644661 -455.274841 2692.725586
2.028627 -918.139282 2641.716309
1 1 1
110.886215 711.282349 2737.081055
106.129517 482.425018 2696.374756
268.776978 477.146179 2705.567139
342.052338 163.376678 2722.197754
237.754745 375.740875 2532.726074
-56.517925 487.703857 2687.182373
-149.162888 195.915131 2689.390137
-22.795097 439.346252 2551.084717
100.794907 243.885590 2653.780273
207.121750 1.722122 2617.496582
217.881210 -479.503479 2674.985840
190.355148 -939.785522 2606.543701
-16.201153 8.970200 2604.875000
-13.812267 -467.083374 2696.947998
2.727562 -930.640625 2650.604492
1 1 1
111.909996 709.281982 2730.634521
106.575768 479.628296 2693.263184
269.079163 474.159119 2704.507080
341.007141 162.676239 2721.597900
237.679443 375.758972 2532.465576
-55.927654 485.097443 2682.019287
-152.099487 195.470367 2691.694580
-23.303528 438.834106 2548.676025
101.277412 240.560684 2653.553223
207.550995 -2.261948 2621.563232
212.465836 -485.295532 2655.007568
196.513657 -948.469116 2627.549805
-15.592877 5.248123 2606.123291
-13.203721 -471.935425 2692.068604
4.661969 -935.812683 2649.074707
1 1 1
111.246399 710.434204 2727.446045
107.937859 480.334198 2691.918457
270.533020 476.955872 2702.560303
341.007996 162.343231 2718.298096
237.632263 375.819397 2532.327148
-54.657299 483.712524 2681.276611
-149.544601 196.732300 2691.829590
-23.059906 438.423035 2545.062744
105.415695 240.856491 2654.430664
214.526337 -0.940674 2624.249268
222.274994 -483.580322 2665.908936
199.258972 -944.199280 2611.280029
-8.739262 3.698242 2609.636475
-4.326058 -473.191589 2697.261230
9.190668 -936.105591 2644.393555
1 1 1
112.022766 709.814575 2725.835449
109.505478 479.233521 2691.222168
272.121918 476.664581 2701.912109
341.496185 163.677216 2712.647461
236.402832 375.658417 2528.466553
-53.110966 481.802429 2680.532227
-147.280228 195.860962 2691.411865
-23.062088 438.836731 2546.758057
108.169426 239.681107 2653.979492
218.470337 -1.634872 2624.075439
219.416687 -484.228149 2668.751221
194.907791 -943.561768 2599.799561
-4.803578 1.892288 2609.398193
-7.134409 -473.086609 2706.325195
4.438275 -933.425781 2635.794189
1 1 1
112.512161 707.886230 2725.026611
107.989655 477.603821 2690.659424
270.497864 473.472961 2702.393066
341.250732 163.337921 2719.317383
238.192261 382.074158 2536.443848
-54.518551 481.734650 2678.925781
-150.137192 195.433258 2691.197021
-21.000595 439.711853 2548.023926
104.600067 238.084991 2653.281738
212.782486 -4.269897 2623.959961
207.291977 -487.032043 2667.486816
186.635345 -947.856689 2603.852539
-10.361528 1.402252 2607.848145
-18.301222 -474.104370 2702.050537
-3.323774 -934.620483 2631.988525
1 1 1
111.182205 708.325256 2724.118896
106.210030 477.906738 2690.589111
268.742462 473.536560 2702.012207
348.133362 167.166656 2715.145020
239.359283 386.313049 2537.057861
-56.322414 482.276947 2679.166016
-151.561127 194.721039 2689.094971
-20.110092 440.440063 2548.932861
102.353363 238.293457 2653.793457
210.076859 -4.320023 2624.839844
209.614273 -487.209351 2668.019531
187.179916 -947.995728 2602.497314
-13.083455 1.680344 2609.155762
-14.188074 -473.718323 2704.284180
0.313226 -935.009277 2638.766846
1 1 1
114.252586 714.110229 2713.065430
108.759575 479.672302 2684.677002
289.480286 477.757996 2667.925049
329.884827 173.428741 2666.859131
345.866638 -131.669312 2552.263916
-71.961128 481.586609 2701.428955
-71.960297 165.803650 2701.428955
-71.966530 -149.978882 2701.428955
102.912476 240.979279 2648.874268
208.035126 1.110794 2602.785156
216.974442 -480.788025 2631.531250
192.880844 -940.768127 2580.352051
-13.904375 3.461716 2623.357910
-4.533115 -476.768005 2673.552002
22.050930 -931.926697 2585.875977
0 0 0
113.583282 713.455566 2707.467773
109.071442 478.514099 2682.719971
289.915466 475.873108 2667.524170
331.079346 178.466736 2669.786377
342.653015 -125.625336 2552.129395
-71.772568 481.155029 2697.915771
-71.771736 165.372070 2697.915771
-71.777969 -150.410461 2697.915771
102.793915 239.442017 2649.561035
207.562195 -1.251709 2607.071289
217.689453 -482.842529 2640.751221
196.479111 -944.429443 2601.281494
-14.529423 1.991608 2625.732910
-3.608535 -477.837677 2679.311035
20.258442 -934.189453 2597.197754
0 0 0
113.618729 710.665405 2705.671631
107.803673 476.531464 2681.818359
288.545197 473.903137 2665.428223
330.237030 176.036530 2669.582031
339.832611 -126.093506 2546.865723
-72.937843 479.159790 2698.208496
-72.937012 163.376831 2698.208496
-72.943245 -152.405701 2698.208496
101.374496 237.360321 2649.273926
205.924118 -3.424652 2606.665527
217.357468 -484.754700 2643.890869
191.801849 -942.275879 2576.356934
-16.033482 -0.196991 2626.793457
-0.042694 -480.472565 2674.290527
17.207613 -938.114380 2598.150146
0 0 0
113.306870 709.996216 2704.272461
108.628868 474.443665 2681.227295
289.523987 471.538788 2666.751709
330.607635 174.301575 2666.825928
338.145111 -126.939270 2541.740967
-72.266258 477.348572 2695.702881
-72.265427 161.565613 2695.702881
-72.271660 -154.216919 2695.702881
102.200790 235.232819 2648.901367
206.850220 -5.761765 2607.686768
218.965454 -487.250122 2642.919189
191.725586 -945.804199 2579.160889
-15.304804 -2.194321 2625.464111
2.768534 -482.203308 2675.161377
18.666252 -939.237244 2594.905762
0 0 0
112.620659 710.153687 2703.571777
109.016266 474.407593 2681.172119
289.790649 472.166321 2665.155029
330.058716 171.991821 2666.835693
339.313873 -128.906830 2540.986816
-71.758102 476.648865 2697.189209
-71.757271 160.865906 2697.189209
-71.763504 -154.916626 2697.189209
103.193947 235.164688 2648.936523
208.371735 -5.454422 2606.865967
217.268433 -487.662354 2624.947021
199.296295 -949.071533 2596.135498
-13.628490 -2.702011 2626.535889
1.739850 -481.966431 2683.441895
19.762039 -936.768799 2592.254150
0 0 0
111.877449 709.915344 2703.219727
108.138504 474.770538 2681.370850
288.890656 473.047516 2664.969238
329.550812 172.249969 2666.466797
341.400787 -128.807281 2541.200928
-72.613647 476.493561 2697.772461
-72.612816 160.710602 2697.772461
-72.619049 -155.071930 2697.772461
103.002457 235.407471 2649.915039
208.848740 -5.013535 2608.388672
213.045761 -487.508240 2624.027832
203.429581 -950.405151 2609.859131
-13.115920 -2.897659 2628.529785
-0.486906 -483.168762 2676.515625
19.194515 -940.186768 2598.119629
0 0 0
112.682602 714.178894 2713.047363
108.917213 479.578857 2686.027588
289.789246 477.735107 2671.033691
329.532349 173.289734 2666.816650
340.293091 -128.256775 2542.607910
-71.954826 481.422607 2701.021484
-71.953995 165.639648 2701.021484
-71.960228 -150.142883 2701.021484
103.592697 240.713745 2651.169922
209.328796 0.716522 2607.105469
217.304871 -481.338501 2631.959717
199.497726 -941.664185 2587.997803
-12.792446 2.980743 2625.519043
1.229014 -477.607483 2670.397217
18.876835 -934.665039 2590.970947
0 0 0
112.891006 712.041382 2707.460938
109.569191 477.307434 2683.655273
290.305420 475.467834 2667.122070
330.918701 179.289825 2667.349609
340.049713 -123.120483 2545.132812
-71.167046 479.147034 2700.188477
-71.166214 163.364075 2700.188477
-71.172447 -152.418457 2700.188477
104.159607 238.113037 2651.133301
209.727585 -2.210922 2608.459473
216.273453 -484.663086 2625.428955
199.808105 -946.893677 2604.498535
-12.227530 0.048203 2628.763184
1.082947 -479.557983 2682.874756
18.260996 -934.461243 2592.186035
0 0 0
110.432144 713.625610 2705.669434
106.897278 478.255127 2682.578613
287.384979 476.603577 2663.609131
330.459503 176.352509 2668.278076
341.898254 -124.921356 2543.502686
-73.590424 479.906708 2701.548096
-73.589592 164.123749 2701.548096
-73.595825 -151.658783 2701.548096
101.343269 238.983337 2650.565918
206.619858 -1.302628 2606.904785
211.969589 -483.976929 2618.783203
199.579422 -947.219971 2611.939453
-15.041319 0.725693 2630.201660
-1.140933 -479.468567 2678.997559
14.491558 -935.766418 2595.006836
0 0 0
109.974846 712.461304 2703.769043
106.469810 476.894440 2681.512939
287.069092 474.882568 2663.594482
329.485901 176.418579 2667.514160
341.760437 -125.121765 2543.429199
-74.129448 478.906311 2699.431396
-74.128616 163.123352 2699.431396
-74.134850 -152.659180 2699.431396
100.680145 237.551712 2650.032227
205.778198 -3.026306 2607.549561
212.236618 -485.717712 2620.337158
203.856735 -949.500305 2613.723389
-15.997231 -0.555725 2629.553467
2.176136 -480.835541 2676.298828
16.000458 -937.237061 2592.133545
0 0 0
108.098465 710.001526 2704.322998
105.700554 474.987366 2680.997559
286.325531 473.905151 2663.209229
329.351562 174.502167 2667.190186
340.691010 -127.038116 2542.997314
-74.924416 476.069580 2698.785889
-74.923584 160.286621 2698.785889
-74.929817 -155.495911 2698.785889
101.094315 235.717163 2648.781738
207.393341 -4.217545 2605.643799
215.902206 -486.602051 2625.656982
200.678696 -948.509399 2592.607666
-14.417200 -2.888565 2627.488037
2.052479 -483.638794 2669.970703
19.707174 -942.076416 2599.794189
0 0 0
108.074791 712.933105 2714.100098
106.368904 478.316711 2685.671875
286.996521 478.520386 2667.875977
331.789490 175.111450 2669.859375
339.533020 -125.335571 2542.848633
-74.258736 478.113007 2703.467773
-74.257904 162.330048 2703.467773
-74.264137 -153.452484 2703.467773
103.101128 239.578354 2649.771240
210.743057 0.965088 2602.943359
218.125504 -481.460938 2623.416504
204.616776 -944.494751 2602.677490
-11.076345 0.714935 2624.797852
2.090275 -479.574799 2673.052246
22.396410 -935.391602 2588.614990
0 0 0
106.598015 713.747620 2717.992676
105.347534 479.537781 2687.992432
286.116028 480.455750 2671.750732
331.969360 179.916412 2670.432861
341.363098 -120.450317 2543.304443
-75.420944 478.619812 2704.234131
-75.420113 162.836853 2704.234131
-75.426346 -152.945679 2704.234131
103.198624 241.005966 2650.593018
212.048126 3.037827 2603.220703
210.620468 -479.459839 2621.737793
207.257416 -943.024780 2618.841797
-9.948702 1.910507 2623.166504
0.093533 -477.621521 2678.835693
20.460968 -931.663452 2584.916016
0 0 0
107.121475 710.630005 2721.436279
105.343666 477.523193 2688.797607
286.015228 478.386230 2671.475586
333.111481 182.616455 2675.555664
342.249786 -113.125946 2538.410156
-75.327904 476.660156 2706.119629
-75.327072 160.877197 2706.119629
-75.333305 -154.905334 2706.119629
102.760651 239.213837 2649.982422
211.112579 1.434387 2600.531250
212.722961 -480.942139 2622.637207
201.535370 -944.613098 2614.044434
-10.757293 0.374542 2621.803223
-1.424222 -479.185974 2677.799316
18.914623 -934.758850 2591.158203
0 0 0
106.466751 711.886414 2722.662109
104.565506 478.310242 2689.012939
285.231140 479.067383 2671.574707
334.095123 180.446381 2681.476318
335.618378 -106.518158 2527.667725
-76.100113 477.553101 2706.451172
-76.099281 161.770142 2706.451172
-76.105515 -154.012390 2706.451172
101.755615 240.100586 2649.558838
209.876022 2.355820 2599.397461
212.468903 -480.213684 2617.155273
201.498138 -944.139526 2617.202637
-11.984576 1.426041 2620.812012
-2.144292 -478.179138 2676.564453
20.151333 -934.513916 2594.099121
0 0 0
106.139908 710.727539 2722.768311
104.598114 476.991760 2688.834961
285.162506 477.834412 2670.385498
333.547180 166.222900 2686.236572
325.906891 -105.945374 2505.025146
-75.966263 476.149109 2707.284424
-75.965431 160.366150 2707.284424
-75.971664 -155.416382 2707.284424
101.664429 238.801544 2649.243652
209.602020 1.128754 2598.323975
212.504654 -481.417297 2617.373779
207.171341 -945.553711 2620.417236
-12.140541 0.093933 2620.980713
-0.869256 -478.100739 2686.829834
19.213718 -931.371338 2589.361572
0 0 0
105.046387 704.031372 2712.821289
104.215874 469.781921 2684.242676
284.815887 470.887878 2666.138184
336.269745 160.108215 2691.620605
313.829926 -88.039124 2478.277344
-76.384163 468.675964 2702.346680
-76.383331 152.893005 2702.346680
-76.389565 -162.889526 2702.346680
102.171974 230.906494 2649.260986
211.019699 -7.289856 2603.163086
214.330185 -489.672211 2625.951172
207.356857 -953.865234 2623.833008
-10.763556 -8.648010 2625.395996
1.288437 -487.478271 2686.605713
20.923981 -942.155762 2595.228516
0 0 0
105.347176 706.166321 2707.351562
105.907440 471.273865 2682.623535
286.650604 472.592773 2666.083008
336.122192 164.043854 2703.314941
308.241089 -59.981445 2463.324219
-74.835739 469.954956 2699.164062
-74.834908 154.171997 2699.164062
-74.841141 -161.610535 2699.164062
104.725525 231.970337 2650.626953
214.527679 -6.523331 2608.473633
214.730804 -489.079407 2627.211426
206.646606 -953.123169 2616.507812
-7.440462 -8.143051 2628.787109
2.795091 -487.189819 2688.922119
23.983448 -940.838989 2592.558105
0 0 0
104.966003 711.573975 2715.121338
106.940102 477.154175 2686.513428
287.831848 479.684113 2671.979004
336.577301 168.034332 2715.158203
297.765564 -12.985428 2450.207031
-73.951637 474.624207 2701.047852
-73.950806 158.841248 2701.047852
-73.957039 -156.941284 2701.047852
107.438751 238.330429 2651.147461
219.016129 1.060257 2606.856445
217.758118 -480.644775 2638.721680
201.813324 -939.741821 2586.371094
-3.141329 -2.046860 2624.706543
2.902545 -481.659668 2680.643799
25.494913 -934.943970 2582.604736
0 0 0
107.359642 711.776367 2718.994141
108.072762 477.632874 2688.311768
289.114746 479.508850 2675.695801
336.302094 171.527069 2719.579834
288.341888 40.255875 2436.024658
-72.969215 475.756866 2700.927734
-72.968384 159.973907 2700.927734
-72.974617 -155.808624 2700.927734
107.915024 239.156433 2650.586426
218.922577 1.831924 2605.114502
214.906708 -479.510315 2642.641846
196.702606 -938.301575 2581.015137
-3.408006 -0.471909 2620.607666
-3.518880 -479.865173 2678.599121
20.017426 -933.853027 2583.996338
0 0 0
107.736015 712.391846 2720.435059
108.208321 478.319427 2689.148438
289.339752 480.065430 2677.767578
340.151947 172.763916 2714.791260
274.701630 105.916389 2423.006836
-72.923088 476.573425 2700.529297
-72.922256 160.790466 2700.529297
-72.928490 -154.992065 2700.529297
108.120468 239.864166 2651.166504
219.248001 2.480972 2606.196777
211.853119 -479.610596 2625.460449
200.574585 -941.046875 2602.779785
-3.182754 0.336838 2620.172363
-2.268445 -477.976013 2686.241211
21.153721 -931.023071 2587.191162
0 0 0
106.699974 712.286377 2712.155273
107.501129 477.006073 2686.423096
288.763397 478.242065 2677.471436
345.053040 177.865051 2711.892090
263.500732 164.023621 2420.440918
-73.761124 475.770081 2695.374756
-73.760292 159.987122 2695.374756
-73.766525 -155.795410 2695.374756
107.418465 238.059952 2651.755859
218.641235 -0.127182 2611.591797
210.593658 -482.599060 2618.472168
201.292938 -945.093994 2620.540039
-3.969638 -1.645157 2622.585449
-6.428686 -479.551147 2691.720215
22.090086 -930.820923 2586.335449
0 0 0
105.930878 712.373535 2708.512695
106.375755 476.728149 2685.632324
287.663239 477.845520 2676.936523
360.025238 171.931793 2707.443604
260.287292 227.149551 2435.866211
-74.911720 475.610779 2694.328125
-74.910889 159.827820 2694.328125
-74.917122 -155.954712 2694.328125
106.270531 237.526306 2652.701660
217.472992 -0.989502 2614.431641
209.734451 -483.667084 2615.595215
201.676224 -946.927856 2625.110352
-5.142391 -2.361572 2625.109863
-6.895880 -481.288208 2686.611328
19.965338 -934.185364 2588.019531
1 1 1
107.944679 711.341431 2708.197021
108.094124 476.520691 2684.506592
288.952667 478.183105 2670.325195
369.019318 168.970184 2688.725586
253.231003 292.080170 2459.885742
-72.764412 474.858276 2698.687988
-72.763580 159.075317 2698.687988
-72.769814 -156.707214 2698.687988
107.745461 237.248581 2652.010742
218.496246 -1.002335 2610.803467
210.164322 -483.739929 2606.938477
202.989731 -947.482910 2616.946533
-3.702646 -3.044754 2628.226318
-3.777849 -482.341858 2687.122803
21.951317 -935.328125 2588.398682
1 1 1
108.608315 709.709534 2705.618164
105.377350 475.079712 2681.953125
285.020477 475.467285 2658.210205
378.545227 168.493042 2670.945557
245.241516 347.947510 2494.515381
-74.265808 474.692139 2705.696045
-74.264977 158.909180 2705.696045
-74.271210 -156.873352 2705.696045
101.769638 235.682358 2650.748535
208.598495 -3.476746 2604.947754
201.107437 -486.211365 2609.687012
191.457504 -950.191101 2613.044434
-12.274649 -3.953247 2634.140137
-11.676127 -483.289551 2692.955322
11.715138 -935.014160 2588.152588
1 1 1
109.119156 711.635864 2705.283203
104.015625 477.057434 2681.714600
283.010162 475.877594 2653.022705
380.787262 175.749329 2647.510742
241.241379 395.802948 2526.855713
-74.978897 478.237274 2710.406494
-74.978065 162.454315 2710.406494
-74.984299 -153.328217 2710.406494
97.603340 237.587296 2651.558594
201.051117 -2.606979 2603.792725
201.578629 -485.274536 2614.469971
198.543472 -949.448975 2617.055908
-18.669006 -1.158707 2639.012451
-11.305796 -480.844360 2694.009033
15.134104 -933.274841 2592.994873
1 1 1
109.381294 715.148010 2713.680176
100.388565 481.567810 2686.850342
277.867462 478.166077 2650.415039
380.347168 181.309753 2619.375732
239.463547 422.722229 2537.877441
-77.090332 484.969543 2723.285645
-77.089500 169.186584 2723.285645
-77.095734 -146.595947 2723.285645
89.119431 242.641525 2654.264404
186.869522 1.625687 2599.297363
194.449600 -481.046204 2608.563965
189.298508 -945.291260 2611.650391
-31.168934 5.804794 2644.059570
-17.894688 -474.734131 2688.482422
10.143009 -929.397583 2599.174316
1 1 1
108.591614 712.854248 2708.285400
97.586815 479.950623 2685.057129
274.617401 475.386536 2646.028320
382.692352 194.168091 2591.193115
236.035477 449.328979 2545.787354
-79.443779 484.514709 2724.085938
-79.442947 168.731750 2724.085938
-79.449181 -147.050781 2724.085938
84.863876 240.705963 2655.324707
180.765991 -1.339218 2601.644531
205.794922 -482.835083 2619.885254
197.712982 -947.037415 2616.700684
-36.484116 4.261795 2649.540039
-8.079048 -475.486511 2693.866699
16.649904 -928.798279 2596.943604
1 1 1
108.312759 712.691162 2705.564209
97.094185 481.188080 2684.358643
272.853271 477.599426 2639.875244
375.888123 218.614838 2561.588623
221.606842 484.619812 2549.540527
-78.664894 484.776733 2728.842041
-78.664062 168.993774 2728.842041
-78.670296 -146.788757 2728.842041
85.309830 241.582214 2657.127197
181.447571 -0.227203 2602.581299
210.171814 -481.903015 2613.714111
207.753677 -946.083435 2619.215088
-34.396614 4.179901 2657.210205
-0.258556 -476.244263 2686.537842
23.347105 -931.994995 2601.980713
1 1 1
110.425514 712.790466 2706.723877
99.633720 481.472961 2685.773682
276.559387 477.610718 2646.121826
377.453400 230.813004 2543.296631
210.533264 495.455261 2520.458252
-77.291954 485.335144 2725.425537
-77.291122 169.552185 2725.425537
-77.297356 -146.230347 2725.425537
88.140999 241.913971 2657.826904
185.273544 -0.016251 2605.535400
214.165070 -481.792053 2618.234863
209.171494 -946.017822 2617.456543
-31.976986 4.726242 2654.224854
-0.283255 -476.203613 2681.303955
24.235254 -930.739136 2590.269531
1 1 1
111.116951 712.547913 2724.803711
100.650322 481.893494 2694.029541
278.571838 478.944244 2658.948486
376.310394 247.464935 2514.643555
201.620209 507.260681 2487.969238
-77.271187 484.842743 2729.110596
-77.270355 169.059784 2729.110596
-77.276588 -146.722748 2729.110596
89.841049 243.284683 2659.267578
188.270782 2.865112 2602.966797
216.073639 -478.955750 2618.589355
202.212067 -941.743164 2594.246582
-30.207220 6.486633 2646.044434
-1.225924 -474.795410 2671.734863
23.203114 -931.159180 2590.431885
1 1 1
114.926636 713.140625 2723.838379
103.581413 483.592346 2694.881104
281.942902 479.940002 2661.866943
368.156403 257.734192 2493.818115
198.610870 511.402100 2442.779541
-74.780098 487.244751 2727.895264
-74.779266 171.461792 2727.895264
-74.785500 -144.320740 2727.895264
92.226639 244.980606 2659.933594
190.355896 4.126907 2604.720947
219.825394 -476.424316 2637.889648
196.143570 -935.077148 2581.149170
-28.612164 8.610794 2645.251221
0.771996 -472.466553 2674.878174
20.322817 -930.278259 2600.610107
1 1 1
115.466309 718.315002 2733.854004
104.312340 488.695709 2700.287598
282.723053 486.075867 2667.227539
361.074341 277.866882 2469.400879
190.474487 519.403381 2392.560547
-74.098366 491.315552 2733.347656
-74.097534 175.532593 2733.347656
-74.103767 -140.249939 2733.347656
93.591156 250.690338 2661.290527
192.395096 11.076660 2601.998047
221.374741 -468.416016 2648.336914
194.586136 -923.122314 2566.168945
-26.655163 14.293274 2642.588867
1.170832 -467.134155 2668.041016
19.823790 -926.498901 2604.007324
1 1 1
115.140137 713.207275 2727.931885
108.066238 483.616821 2697.520996
287.393158 483.172668 2670.313965
352.508881 301.391113 2448.279053
186.367752 531.612732 2339.167480
-71.260681 484.060974 2724.728027
-71.259850 168.278015 2724.728027
-71.266083 -147.504517 2724.728027
101.848000 245.165436 2660.427734
205.793900 6.441193 2606.620605
232.420502 -472.437408 2661.119385
205.227036 -926.387512 2571.280273
-14.534396 6.986908 2640.048340
13.195426 -474.557281 2663.856934
28.918766 -935.473633 2611.749756
1 1 1
114.618896 714.263245 2734.895020
109.048203 484.746399 2700.132080
288.299835 486.314148 2672.126709
344.747711 324.692963 2426.625977
186.241714 540.664551 2281.693848
-70.203430 483.178650 2728.137451
-70.202599 167.395691 2728.137451
-70.208832 -148.386841 2728.137451
105.021561 246.547668 2661.024414
211.027527 9.311279 2604.725830
220.275574 -471.542419 2635.928955
205.192749 -930.679443 2594.519287
-9.037694 7.386566 2639.107666
6.828434 -474.646454 2661.122803
23.035032 -936.244934 2614.619629
1 1 1
115.447708 713.370850 2738.882080
109.940025 483.859406 2702.068604
289.112305 486.176941 2673.378662
339.869141 349.844177 2410.309326
188.836029 544.118835 2231.448486
-69.232246 481.541870 2730.758545
-69.231415 165.758911 2730.758545
-69.237648 -150.023621 2730.758545
106.462341 245.937515 2661.130615
212.978714 9.438370 2602.579834
220.656540 -470.637207 2647.715576
198.188492 -927.153381 2580.259521
-7.009391 6.592880 2637.805420
5.039904 -475.232361 2666.342529
18.402941 -936.897461 2618.863037
1 1 1
117.296600 712.945557 2741.377930
111.973236 483.543579 2703.311279
291.012543 486.007141 2673.699951
323.931763 377.419708 2401.655273
192.545105 543.491089 2186.318604
-67.066071 481.080017 2732.922607
-67.065239 165.297058 2732.922607
-67.071472 -150.485474 2732.922607
108.294769 245.797211 2661.290039
214.539581 9.563354 2601.088623
220.714340 -470.769684 2647.443604
197.662155 -928.432068 2579.838135
-5.306967 6.538300 2637.448975
3.706008 -475.218781 2668.983154
18.315914 -935.256653 2608.970459
1 1 1
117.862640 708.258545 2742.127686
111.779755 479.986115 2702.894775
290.626495 482.613434 2672.109375
308.464417 416.208588 2390.827881
200.903625 539.054993 2142.797363
-67.067017 477.358795 2733.680176
-67.066185 161.575836 2733.680176
-67.072418 -154.206696 2733.680176
107.963730 242.308289 2660.441162
213.959366 6.243637 2599.085449
214.969803 -475.246765 2630.721436
199.502060 -936.212524 2600.346436
-5.663948 3.017288 2636.889648
-0.824462 -478.503540 2672.762451
20.098186 -936.716675 2602.066162
1 1 1
118.390091 708.118042 2743.008789
111.837662 480.257935 2703.031250
290.182861 482.720245 2669.521973
294.728973 450.099487 2378.921387
210.268997 528.501404 2109.501953
-66.507553 477.795624 2736.540527
-66.506721 162.012665 2736.540527
-66.512955 -153.769867 2736.540527
107.058357 242.673492 2660.136230
211.795547 6.601089 2596.664062
209.209518 -475.531189 2618.461914
207.274582 -937.587708 2619.203125
-7.237432 3.577011 2637.818359
-1.028439 -477.789368 2675.941406
18.136831 -935.156311 2598.937744
1 1 1
119.935638 706.802124 2743.965820
111.130676 479.422668 2703.005127
288.557861 481.260742 2665.098633
283.855896 474.034546 2371.487061
217.188889 515.203064 2081.849121
-66.296494 477.584595 2740.911621
-66.295662 161.801636 2740.911621
-66.301895 -153.980896 2740.911621
104.262161 242.035370 2659.344971
206.363663 5.776947 2592.403809
206.254669 -476.460663 2615.466553
202.863205 -939.665955 2617.123047
-11.576372 3.519196 2638.965820
-1.166043 -477.109161 2684.218994
14.822860 -932.469604 2595.815186
1 1 1
119.405037 706.884277 2743.452881
109.041245 479.458557 2701.647949
285.452759 480.288635 2659.334717
283.932098 486.009979 2368.272217
230.636078 506.271667 2068.971436
-67.370270 478.628540 2743.961182
-67.369438 162.845581 2743.961182
-67.375671 -152.936951 2743.961182
99.759735 242.102112 2658.295410
198.813370 5.255386 2588.958008
204.251968 -476.976562 2612.628418
197.796707 -940.642334 2619.601807
-17.856918 4.235916 2640.927734
-2.479282 -476.840027 2679.155518
12.705956 -934.422485 2603.220459
1 1 1
117.536629 706.498169 2743.170898
106.973679 478.779053 2701.664062
282.257690 480.057526 2654.948242
285.968506 486.503998 2362.643311
236.634399 501.559631 2061.642822
-68.310318 477.500610 2748.379883
-68.309486 161.717651 2748.379883
-68.315720 -154.064880 2748.379883
97.193527 241.404205 2658.471191
195.048065 4.814392 2586.592041
206.624847 -477.461243 2607.181396
206.479431 -940.933594 2626.395508
-20.221313 3.244293 2643.964600
-1.553970 -477.102631 2689.235596
15.936520 -931.996216 2599.369385
1 1 1
118.069717 706.179199 2743.026123
106.652710 478.726288 2701.482178
281.418701 480.242828 2652.722168
287.486511 487.753326 2364.322266
242.694061 501.124176 2063.699219
-68.113266 477.209747 2750.242188
-68.112434 161.426788 2750.242188
-68.118668 -154.355743 2750.242188
96.766586 241.283188 2658.663086
194.167465 4.771072 2585.910645
209.439133 -477.372498 2608.010254
206.542984 -941.012695 2628.854492
-20.406549 2.909103 2645.777344
4.071854 -477.687561 2685.157715
18.072414 -932.680054 2594.300537
1 1 1
118.229057 708.295349 2742.955566
105.777138 480.259094 2701.827881
279.991608 481.518555 2651.053223
293.244995 483.376160 2363.165771
244.620911 500.914948 2066.073975
-68.437340 478.999634 2752.602539
-68.436508 163.216675 2752.602539
-68.442741 -152.565857 2752.602539
95.103310 242.794083 2659.313965
191.389633 6.102310 2585.626709
209.252289 -475.658936 2613.321289
202.637085 -939.611023 2622.438721
-22.530668 4.555801 2647.973389
-0.214870 -476.517517 2683.121338
17.394871 -932.058899 2595.307129
1 1 1
116.920799 707.783630 2743.417236
104.504929 478.963776 2701.527100
278.680664 480.255188 2650.541504
301.121979 472.688385 2374.080811
246.468536 503.371094 2074.871582
-69.670792 477.672363 2752.512695
-69.669960 161.889404 2752.512695
-69.676193 -153.893127 2752.512695
93.830124 241.490997 2659.044922
190.090485 4.811096 2585.260254
209.410583 -477.195892 2607.057129
205.865265 -941.006348 2624.516113
-23.779842 3.225342 2647.865234
-0.624819 -478.221771 2676.896484
18.390631 -935.637329 2600.238525
1 1 1
114.013985 706.958618 2744.154541
102.619781 478.554077 2701.742432
277.308929 480.005035 2652.542969
306.063080 453.844635 2376.543457
247.247971 506.550201 2087.058350
-72.069336 477.103088 2750.941895
-72.068504 161.320129 2750.941895
-72.074738 -154.462402 2750.941895
92.505997 241.134033 2658.830078
189.654709 4.604935 2585.708252
210.442764 -477.016541 2613.700928
205.586197 -941.088623 2620.783691
-24.870296 2.823074 2646.127197
-0.534069 -479.002136 2665.144775
16.647665 -939.283936 2611.705566
1 1 1
111.261093 707.604370 2743.518799
101.570930 478.910278 2702.040771
276.275085 480.849976 2652.875488
321.032562 421.921539 2382.772217
247.444397 514.247986 2106.474365
-73.133232 476.970551 2751.206055
-73.132401 161.187592 2751.206055
-73.138634 -154.594940 2751.206055
92.172882 241.434235 2659.276367
190.041748 5.149170 2586.324951
215.484344 -475.265045 2626.336670
201.221176 -936.732788 2596.191650
-24.492065 2.767242 2646.698975
0.396616 -478.647675 2673.812256
17.702623 -936.483398 2602.451416
1 1 1
111.345367 709.137024 2743.698975
101.609688 480.654022 2701.845947
276.651672 483.104370 2653.919922
330.017792 395.961151 2387.389160
242.513031 520.552734 2129.405518
-73.432320 478.203674 2749.771973
-73.431488 162.420715 2749.771973
-73.437721 -153.361816 2749.771973
93.070374 243.248596 2658.519531
192.011047 7.347733 2585.765381
217.134918 -472.729858 2630.699219
199.304230 -933.513184 2586.020752
-22.948936 4.338608 2644.620850
4.951561 -476.581238 2677.470215
17.500164 -933.417725 2597.612793
1 1 1
110.821236 707.683594 2733.307617
102.923264 478.371826 2697.607666
279.053802 480.781433 2654.059570
339.468292 366.943359 2397.717041
241.223145 530.431580 2167.586670
-73.207275 475.962219 2741.155762
-73.206444 160.179260 2741.155762
-73.212677 -155.603271 2741.155762
96.275757 240.361435 2657.552002
197.807022 3.830994 2590.749268
223.901093 -474.439240 2650.307129
199.558197 -931.127869 2578.315430
-18.550518 0.871063 2644.243408
8.557888 -479.077118 2688.691650
22.581705 -932.475220 2591.862061
1 1 1
109.081444 708.609070 2728.598145
102.777489 478.607880 2695.503418
279.430511 481.154907 2654.055908
344.725006 336.962921 2413.364502
234.965149 536.322266 2218.202393
-73.875526 476.060852 2736.950928
-73.874695 160.277893 2736.950928
-73.880928 -155.504639 2736.950928
97.181488 240.304474 2657.008301
200.044235 3.564865 2593.065918
220.742386 -475.152039 2652.086426
195.208969 -930.301514 2568.188965
-16.873245 0.437271 2643.960449
4.965248 -479.706177 2689.914795
21.218601 -932.155457 2587.972412
1 1 1
109.012627 709.787231 2726.240967
103.624596 479.527588 2693.698486
280.893402 482.058258 2654.966064
349.359772 308.977844 2439.187012
222.815338 534.470825 2284.833740
-73.644218 476.996918 2732.430908
-73.643387 161.213959 2732.430908
-73.649620 -154.568573 2732.430908
98.692139 241.143341 2655.548340
202.606842 4.312988 2593.615479
221.063354 -475.238495 2646.676025
196.519012 -932.750305 2574.661865
-15.087496 1.205200 2641.180908
4.608431 -479.677734 2679.842773
23.167240 -934.499329 2589.522949
1 1 1
106.988701 711.721680 2724.059326
101.755592 481.562317 2691.656982
279.191742 484.378815 2653.623047
350.680389 278.987793 2465.093262
216.597595 522.697632 2344.096191
-75.680550 478.745850 2729.690918
-75.679718 162.962891 2729.690918
-75.685951 -152.819641 2729.690918
97.392624 243.138794 2653.646973
201.967911 6.444458 2592.285889
213.747787 -474.796570 2619.849854
199.226761 -935.386353 2596.560791
-15.908583 2.986053 2638.988037
-0.264933 -476.899353 2689.076904
19.729832 -927.281250 2580.020508
1 1 1
105.976479 712.846313 2722.966553
100.474304 483.370972 2689.970947
277.588684 486.447571 2650.461670
351.839966 251.993973 2492.545898
212.995300 509.538330 2402.076904
-76.640091 480.294373 2729.480225
-76.639259 164.511414 2729.480225
-76.645493 -151.271118 2729.480225
96.133057 244.946198 2651.943359
200.541382 8.410492 2589.656738
209.471313 -473.656647 2606.153809
199.357056 -935.473389 2611.922852
-16.957760 4.632385 2638.174805
-0.187141 -475.941925 2681.368896
19.703709 -929.802979 2587.779053
1 1 1
106.974838 714.931030 2723.423584
100.230026 485.454926 2688.772949
276.947266 488.176453 2647.500000
352.914703 226.491028 2518.779297
222.512756 494.883209 2457.076172
-76.487213 482.733398 2730.045898
-76.486382 166.950439 2730.045898
-76.492615 -148.832092 2730.045898
94.749069 247.243332 2649.597656
197.777069 10.702835 2585.079590
209.348297 -471.655273 2598.330078
197.594116 -934.140076 2616.744141
-19.240847 7.360641 2635.765137
1.200937 -473.145081 2678.874023
19.385916 -928.511841 2591.302490
1 1 1
106.139000 715.030518 2723.659424
99.277946 485.000854 2687.118408
275.164825 487.563385 2642.523926
357.949738 208.735992 2550.901123
232.591919 481.365417 2495.728760
-76.608940 482.438293 2731.712891
-76.608109 166.655334 2731.712891
-76.614342 -149.127197 2731.712891
92.600197 246.960541 2647.101807
193.935165 10.493912 2579.699463
205.781876 -471.997986 2592.992188
199.381424 -934.841064 2618.770020
-22.090277 7.346573 2634.470947
-0.425417 -472.684509 2682.264648
18.854778 -926.684692 2587.581055
1 1 1
106.458046 713.793335 2723.256836
98.674530 482.438965 2685.943115
274.778107 483.669739 2642.095703
359.975739 192.869843 2579.947510
231.225616 462.808167 2515.418701
-77.429047 481.208160 2729.790527
-77.428215 165.425201 2729.790527
-77.434448 -150.357330 2729.790527
90.326141 244.485580 2645.734375
190.101273 7.287888 2578.604248
206.075363 -474.852661 2598.734619
202.504608 -938.173035 2623.304443
-26.145765 5.776535 2632.447021
-2.405050 -473.762390 2684.182373
17.060806 -928.102905 2590.651123
1 1 1
105.764397 713.633301 2723.064453
97.623703 482.199158 2686.232666
273.961517 482.253906 2643.287842
357.226105 175.837280 2608.189453
228.681229 444.114410 2520.780518
-78.714127 482.144409 2729.177490
-78.713295 166.361450 2729.177490
-78.719528 -149.421082 2729.177490
87.953369 244.261230 2646.221436
186.554398 6.356903 2579.842041
209.444336 -474.983307 2608.915527
201.595383 -938.741882 2623.886963
-29.988316 6.289673 2632.578369
-1.650528 -473.482635 2679.434814
15.571672 -929.625732 2594.865723
1 1 1
105.467491 710.245972 2712.466553
97.318779 478.487213 2681.371826
274.480652 476.996277 2642.162842
360.066132 170.890869 2633.579102
227.691040 423.771423 2527.107910
-79.843071 479.978149 2720.580811
-79.842239 164.195190 2720.580811
-79.848473 -151.587341 2720.580811
87.327820 239.962738 2645.298584
186.140778 0.522598 2585.145264
218.204010 -477.253296 2640.532227
197.853424 -935.213318 2597.705322
-31.467072 2.353928 2633.305420
2.135597 -477.329163 2677.538574
16.010965 -934.447632 2597.524658
1 1 1
106.466957 710.298279 2717.168701
98.616844 478.581055 2683.123779
276.880798 476.465363 2649.672852
349.073364 164.973114 2656.790771
225.320892 392.709015 2509.461914
-79.647087 480.696747 2716.574707
-79.646255 164.913788 2716.574707
-79.652489 -150.868744 2716.574707
88.570465 240.428101 2644.647949
188.023178 0.975571 2585.624756
215.015793 -479.066833 2619.435547
204.797867 -939.529785 2616.169922
-30.975016 3.574722 2626.719482
2.407423 -476.962341 2659.022461
17.616989 -937.340881 2608.763184
1 1 1
107.288582 714.034302 2719.517090
99.237076 481.787567 2684.958252
278.300446 478.790710 2656.181641
344.047913 156.995361 2675.891846
225.158432 343.040710 2485.990479
-79.826279 484.784424 2713.734863
-79.825447 169.001465 2713.734863
-79.831680 -146.781067 2713.734863
88.938866 243.764786 2645.665039
188.591263 3.901840 2588.702148
216.727890 -474.679077 2640.074951
196.640381 -932.151978 2593.157471
-31.309937 7.582169 2624.041504
2.416126 -471.823486 2669.112305
15.395870 -930.808594 2604.774658
1 1 1
108.456673 714.639526 2711.212402
101.610809 481.360107 2682.362305
281.496490 477.681427 2659.726074
340.960419 168.950775 2698.954346
230.417938 292.939240 2469.355225
-78.274872 485.038757 2704.998535
-78.274040 169.255798 2704.998535
-78.280273 -146.526733 2704.998535
92.232819 242.761658 2646.612305
193.335968 1.903885 2596.959717
217.260071 -478.620850 2627.334961
205.152985 -938.711182 2623.492920
-27.626312 6.422562 2624.764893
4.617973 -473.144714 2670.571289
19.928894 -932.638306 2607.818115
1 1 1
108.714844 710.938354 2707.577881
104.818504 476.595825 2680.282959
285.207214 474.887329 2661.468262
335.470947 185.457886 2717.014404
242.472656 233.900589 2453.159424
-75.570213 478.304260 2699.097656
-75.569382 162.521301 2699.097656
-75.575615 -153.261230 2699.097656
98.932999 237.746124 2645.543457
203.790115 -2.152405 2599.253418
220.173813 -483.849762 2612.826172
214.658859 -945.436401 2628.281494
-17.695147 -0.054718 2622.354492
11.369040 -479.508942 2671.782959
26.027630 -937.565674 2598.702148
1 1 1
109.827515 710.246277 2705.750732
107.994446 475.636963 2679.281738
288.852966 474.333435 2665.821045
329.729218 183.719330 2723.028564
253.227783 167.045578 2443.888916
-72.864105 476.940460 2692.742432
-72.863274 161.157501 2692.742432
-72.869507 -154.625031 2692.742432
103.716537 236.677429 2644.943848
210.497574 -3.082535 2602.340088
218.362595 -485.368103 2613.727539
212.949310 -948.200684 2629.482178
-11.620319 -1.481644 2618.871826
8.034409 -481.533264 2666.627930
22.262451 -941.394348 2605.954834
0 0 0
111.273865 709.763306 2705.318848
109.692039 475.186096 2679.121826
290.764130 474.227112 2667.872070
332.362213 182.856628 2724.519043
265.366425 111.369675 2447.022461
-71.380043 476.145081 2690.371582
-71.379211 160.362122 2690.371582
-71.385445 -155.420410 2690.371582
106.317291 236.143036 2645.179688
214.088394 -3.488663 2604.332275
221.787766 -485.084839 2631.958984
201.550201 -943.335449 2593.440430
-8.203308 -2.311386 2618.142822
4.015841 -482.227295 2669.590576
19.669159 -941.905823 2606.747559
0 0 0
111.562195 708.056396 2704.599609
110.722008 473.603821 2678.703613
291.885284 473.039917 2668.249268
336.177643 182.017181 2714.364746
276.894257 50.125610 2453.058838
-70.441292 474.167694 2689.157959
-70.440460 158.384735 2689.157959
-70.446693 -157.397797 2689.157959
108.037094 234.500793 2645.073242
216.565338 -4.948380 2605.025146
221.575470 -486.272156 2640.265625
196.764603 -943.247314 2578.788818
-5.860985 -4.256058 2617.860596
0.988696 -484.045715 2671.749512
20.320160 -942.732422 2602.775146
0 0 0
110.755844 710.863159 2705.234375
109.908859 476.960449 2680.199463
290.974396 477.000427 2667.958984
338.594360 175.512665 2708.682129
287.710815 4.237335 2462.137695
-71.156708 476.920471 2692.439941
-71.155876 161.137512 2692.439941
-71.162109 -154.645020 2692.439941
107.757996 237.707184 2647.601562
216.777802 -1.521545 2607.488281
216.358612 -483.337830 2637.317871
193.808670 -942.346741 2580.681885
-5.563537 -1.570618 2622.519043
-1.041618 -481.363922 2677.041992
19.252998 -940.393066 2610.225586
0 0 0
110.581886 710.255798 2704.062744
110.808380 476.131165 2679.795410
292.046844 476.500641 2670.676514
336.795044 167.753082 2702.348877
300.023590 -36.342117 2468.538818
-70.430084 475.761688 2688.914307
-70.429253 159.978729 2688.914307
-70.435486 -155.803802 2688.914307
109.668983 236.834686 2647.453125
219.821152 -2.234909 2609.511230
220.006210 -484.091675 2640.447021
197.227829 -943.256653 2579.919434
-2.761970 -2.688675 2620.710449
0.132626 -482.569946 2674.805664
22.179871 -939.856934 2597.902344
0 0 0
110.645187 710.315063 2703.471436
111.181694 475.681793 2679.619629
292.468628 476.388611 2671.093994
337.294434 173.472198 2694.657227
312.228424 -65.242142 2490.249268
-70.105232 474.974976 2688.145264
-70.104401 159.192017 2688.145264
-70.110634 -156.590515 2688.145264
110.603493 236.353424 2647.482422
221.327377 -2.540985 2610.110840
221.961060 -483.501953 2651.981445
194.757660 -939.182251 2571.285645
-1.276789 -3.408905 2620.579590
-2.556721 -482.660980 2679.809082
21.742990 -939.375000 2599.869141
0 0 0
110.477737 709.889893 2702.673096
110.065758 475.523438 2679.371338
291.180450 476.528961 2667.955566
338.081726 175.332489 2689.589844
323.391083 -86.716248 2509.838135
-71.048927 474.517914 2690.787109
-71.048096 158.734955 2690.787109
-71.054329 -157.047577 2690.787109
109.439789 236.049194 2648.346191
220.029968 -2.807602 2610.311035
212.638809 -484.645996 2631.232178
197.496597 -944.658630 2593.588867
-2.402336 -4.042496 2624.331055
-3.135816 -482.656677 2688.553955
18.498423 -937.377319 2597.758545
0 0 0
109.738770 710.620850 2702.774658
108.838661 476.314270 2679.622070
289.949890 477.141205 2667.871338
336.444763 175.746582 2684.653809
335.510498 -103.576385 2528.856689
-72.272591 475.487305 2691.372803
-72.271759 159.704346 2691.372803
-72.277992 -156.078186 2691.372803
107.928741 236.820053 2648.742676
218.215179 -2.166428 2610.648682
212.258133 -484.501587 2626.236084
198.689224 -946.619507 2606.029541
-4.177547 -3.181870 2625.077881
-6.303561 -483.458496 2672.797119
19.448738 -941.283569 2603.385498
0 0 0
110.275925 710.956421 2703.824219
108.400192 477.029114 2680.141357
289.495789 476.842316 2668.038330
334.803040 175.753296 2677.486816
343.320923 -114.826599 2540.240967
-72.695404 477.215912 2692.244385
-72.694572 161.432953 2692.244385
-72.700806 -154.349579 2692.244385
106.069443 237.586639 2648.961914
214.932388 -1.970535 2610.351074
217.201630 -484.005859 2634.523193
190.359207 -943.439209 2587.589355
-7.454998 -1.741135 2625.213867
-6.473973 -482.016602 2674.431885
16.602201 -939.242676 2598.706787
0 0 0
111.027161 710.798218 2703.345459
108.698112 477.196808 2680.235352
289.906281 476.143066 2670.133301
334.160187 175.206421 2674.988281
348.152679 -121.065186 2547.297607
-72.510078 478.250549 2690.337402
-72.509247 162.467590 2690.337402
-72.515480 -153.314941 2690.337402
105.595901 237.695648 2649.569824
213.764404 -2.452545 2612.701172
219.494873 -484.146820 2643.936279
192.326782 -941.943604 2579.187012
-8.777006 -1.158478 2625.107422
-2.332908 -481.537811 2673.414551
17.175571 -939.484924 2600.111084
0 0 0
112.713181 711.294312 2704.107178
109.843277 477.108643 2681.019775
291.098236 475.616241 2671.712402
334.965118 176.358093 2672.292480
350.895599 -125.469727 2556.696533
-71.411713 478.601044 2690.327148
-71.410881 162.818085 2690.327148
-71.417114 -152.964447 2690.327148
106.294647 237.617004 2650.313477
214.036621 -2.790970 2613.892578
219.195435 -484.568909 2645.640381
194.288940 -942.637573 2577.678223
-8.544584 -0.958298 2625.321777
-2.820434 -480.588501 2680.701172
19.053495 -935.871887 2593.544922
0 0 0
112.936127 712.034851 2713.488770
109.650681 478.972687 2685.414795
290.945496 477.277252 2676.867188
332.530029 174.303741 2671.631592
353.540985 -129.510681 2560.631836
-71.644165 480.668121 2693.962402
-71.643333 164.885162 2693.962402
-71.649567 -150.897369 2693.962402
105.804047 239.981781 2651.231934
213.274368 -0.050140 2611.800781
216.631195 -482.250458 2636.689209
193.710068 -941.323608 2572.937012
-9.359549 2.031891 2622.297363
-4.662753 -476.670074 2685.240479
18.469500 -929.742676 2587.386230
0 0 0
111.894516 711.092041 2708.180176
108.318115 476.893036 2683.747070
289.530304 475.560608 2673.605957
332.768677 175.506836 2671.343262
353.655762 -130.032471 2564.185059
-72.894073 478.225464 2693.888184
-72.893242 162.442505 2693.888184
-72.899475 -153.340027 2693.888184
104.767570 237.592682 2651.742676
212.487991 -2.525833 2613.511230
216.231644 -483.566223 2653.112549
193.642532 -938.275269 2565.673584
-10.053957 -0.889511 2625.965332
-5.017735 -478.970032 2693.686279
18.070395 -931.292786 2591.830566
0 0 0
112.442741 712.010559 2715.027588
108.829597 478.441040 2686.964355
289.999878 476.913544 2676.060547
333.431732 174.572784 2671.216064
354.916382 -132.113403 2566.971436
-72.340660 479.968567 2697.868164
-72.339828 164.185608 2697.868164
-72.346062 -151.596924 2697.868164
104.733047 239.513184 2652.369385
211.877167 -0.352600 2611.079346
222.031982 -481.066345 2654.364014
193.626617 -935.227966 2563.960205
-10.604183 1.523224 2624.469482
-3.894036 -478.194794 2677.557373
19.115398 -933.721436 2592.367920
0 0 0
110.729774 711.602173 2709.951660
108.231819 477.297699 2685.003906
289.425415 475.717133 2674.445801
334.192993 174.490509 2672.277832
354.917358 -132.376373 2568.098145
-72.961784 478.878265 2695.562012
-72.960953 163.095306 2695.562012
-72.967186 -152.687225 2695.562012
104.247070 238.079254 2652.430176
211.517654 -2.109680 2613.373779
222.381592 -483.275787 2652.060547
192.829544 -938.864502 2568.619385
-10.993030 -0.168701 2626.339111
-3.953375 -480.541565 2674.156738
19.351748 -937.939453 2599.275146
0 0 0
112.433533 712.031372 2705.911865
109.373154 476.821289 2683.938965
290.587463 474.913025 2673.776367
334.434998 174.256744 2674.771484
357.103638 -131.532440 2567.768066
-71.841171 478.729614 2694.101562
-71.840340 162.946655 2694.101562
-71.846573 -152.835876 2694.101562
105.098633 237.426483 2652.670166
212.093445 -3.140060 2615.161377
222.288895 -484.448364 2652.990967
191.575195 -939.463501 2566.210205
-10.445218 -0.796616 2627.641357
-0.030209 -481.143311 2675.809814
20.311092 -938.389832 2598.316650
0 0 0
111.571350 714.003235 2704.892334
109.594666 478.449097 2683.838379
290.595123 476.919250 2670.672852
335.681244 175.312653 2675.189941
356.860321 -129.850616 2566.041748
-71.405807 479.979004 2697.003906
-71.404976 164.196045 2697.003906
-71.411209 -151.586487 2697.003906
105.379974 238.899933 2653.730469
212.318787 -1.588760 2615.537598
218.709442 -483.715271 2636.033691
198.611603 -943.347900 2589.607666
-9.988224 0.290268 2631.707520
-0.544317 -479.829102 2682.644531
19.792665 -936.260010 2600.148438
0 0 0
111.405975 711.321167 2703.887451
109.328911 476.059021 2682.930176
290.337555 474.502563 2669.696533
335.775574 175.301056 2675.797119
360.020142 -129.591156 2566.503662
-71.679741 477.615417 2696.163818
-71.678909 161.832458 2696.163818
-71.685143 -153.950073 2696.163818
105.075775 236.491669 2652.931641
211.958298 -4.031281 2614.807861
218.500565 -486.125458 2639.406738
194.277740 -943.772827 2573.698730
-10.313016 -2.120056 2631.058350
-1.299915 -482.641235 2678.273926
19.228350 -939.189575 2596.154053
0 0 0
112.493317 710.603638 2703.880371
110.002907 475.210571 2682.502686
291.084564 473.568878 2670.260986
333.256317 172.579376 2674.298828
358.599701 -131.607483 2563.268555
-71.078758 476.852234 2694.744385
-71.077927 161.069275 2694.744385
-71.084160 -154.713257 2694.744385
105.805573 235.634827 2652.542969
212.794479 -4.948914 2615.066650
219.798477 -487.190277 2638.524170
194.650925 -945.913574 2575.838623
-9.578005 -2.932892 2630.099854
1.834644 -483.463257 2676.854980
19.570993 -939.985107 2593.832764
0 0 0
112.720062 709.368896 2703.879395
111.265564 473.733002 2681.944336
292.435608 472.551544 2671.043701
332.065002 170.797729 2673.415039
356.056030 -133.745483 2563.035156
-69.904480 474.914459 2692.844971
-69.903648 159.131500 2692.844971
-69.909882 -156.651031 2692.844971
107.885406 234.176666 2651.729004
215.748718 -6.105118 2614.820557
221.946899 -487.960693 2645.323486
194.269608 -943.843018 2565.257080
-6.738219 -4.654221 2628.206787
5.106150 -484.909668 2677.661865
21.562511 -939.996765 2587.099365
0 0 0
112.925819 711.488464 2712.877441
111.957397 476.468079 2685.844482
293.151489 476.192017 2675.243652
332.033936 150.401123 2675.201172
351.365662 -154.421387 2554.868164
-69.236694 476.744110 2696.445312
-69.235863 160.961151 2696.445312
-69.242096 -154.821381 2696.445312
109.601715 237.444992 2651.803711
218.502136 -1.747574 2611.253906
222.690536 -483.167480 2648.309082
192.463196 -936.754272 2556.034668
-4.010063 -1.408585 2624.271973
1.902129 -482.045105 2670.645996
22.530746 -938.511414 2588.563965
0 0 0
113.019890 712.676392 2717.374268
112.368462 477.953979 2687.730713
293.474701 478.222626 2675.755615
331.903442 150.278687 2672.328857
351.069305 -157.895660 2555.445557
-68.737770 477.685364 2699.705811
-68.736938 161.902405 2699.705811
-68.743172 -153.880127 2699.705811
110.345062 239.199310 2651.773438
219.526764 0.609573 2608.463135
225.077637 -479.902954 2655.201172
193.314941 -933.316650 2561.317627
-2.883456 0.279678 2623.169189
2.601091 -478.064819 2686.978271
20.468626 -931.372803 2589.386963
0 0 0
112.784462 710.680603 2710.623291
112.268143 475.774048 2684.575195
293.427032 476.020935 2673.370850
333.465210 152.581177 2672.163818
350.429626 -155.606140 2552.339355
-68.890747 475.527161 2695.779541
-68.889915 159.744202 2695.779541
-68.896149 -156.038330 2695.779541
110.533707 236.636246 2651.261719
220.033325 -2.349976 2611.068604
221.618164 -483.533569 2650.737305
193.212769 -940.505249 2576.686035
-2.434793 -2.653168 2624.827881
0.302005 -481.592834 2685.448730
19.115551 -935.220703 2588.705566
0 0 0
113.394661 712.493774 2716.750488
113.457390 477.370117 2688.041748
294.546722 477.889343 2675.773438
335.633636 149.941895 2667.582520
349.043060 -159.300232 2548.730713
-67.631950 476.850861 2700.310059
-67.631119 161.067902 2700.310059
-67.637352 -154.714630 2700.310059
111.727997 238.564636 2652.407227
221.192017 0.078003 2609.239502
215.622650 -481.907440 2627.760498
200.192291 -942.458130 2598.354736
-1.194801 -0.559662 2624.305908
0.090941 -480.299347 2678.770752
21.568108 -935.831726 2592.242920
0 0 0
113.575394 712.410034 2719.813477
111.199570 477.748627 2689.792480
292.225708 477.789856 2676.609375
335.677307 152.113403 2670.117188
347.963074 -157.997437 2552.717285
-69.826569 477.707397 2702.975586
-69.825737 161.924438 2702.975586
-69.831970 -153.858093 2702.975586
108.584030 239.098083 2653.129883
217.122849 0.472870 2608.372559
212.465988 -481.849243 2625.978027
194.169296 -943.960815 2603.949219
-5.185864 0.422211 2624.562012
-6.014316 -479.795807 2675.111328
16.201759 -936.352722 2593.942383
0 0 0
113.508812 714.085205 2721.344727
111.653961 479.438110 2691.074951
292.607849 479.605652 2676.928955
334.608856 152.500305 2668.322510
347.499878 -157.618164 2550.638428
-69.299927 479.270599 2705.220947
-69.299095 163.487640 2705.220947
-69.305328 -152.294891 2705.220947
108.996880 240.803284 2654.259766
217.449707 2.271301 2608.758545
215.245178 -480.186340 2626.995361
201.008942 -943.339600 2611.671143
-4.770101 2.065582 2626.130615
-4.537996 -477.683380 2681.159424
20.934601 -932.689087 2592.595459
0 0 0
113.399330 715.897156 2722.614502
110.969833 481.465393 2691.927734
291.931091 481.520813 2677.838623
333.559814 153.683746 2667.725830
348.447266 -155.273346 2547.131348
-69.991409 481.409943 2706.016846
-69.990578 165.626984 2706.016846
-69.996811 -150.155548 2706.016846
108.141815 242.898163 2654.665527
216.426804 4.364975 2608.752441
215.042191 -478.278259 2623.536133
199.516861 -941.831543 2610.412842
-5.799212 4.296921 2626.054199
-3.023024 -475.498840 2680.841064
19.169659 -930.609497 2591.626465
0 0 0
113.285011 715.184509 2722.744385
110.984428 480.197815 2691.367676
291.910095 480.374451 2676.819336
333.579285 155.781616 2666.340332
349.589325 -154.420319 2549.069336
-69.941246 480.021179 2705.916016
-69.940414 164.238220 2705.916016
-69.946648 -151.544312 2705.916016
108.192444 241.683945 2653.749512
216.492798 3.278549 2607.198242
216.451935 -479.194580 2627.183350
197.478180 -941.721191 2597.331787
-5.691896 3.061600 2625.064453
0.693450 -476.508972 2681.528320
20.117603 -930.708618 2587.154785
0 0 0
