109.472282 712.903564 2753.707275
103.830147 484.598206 2705.295166
266.610138 480.262726 2711.691162
336.543182 153.299103 2685.995361
242.489868 406.405701 2542.444336
-58.949837 488.933685 2698.899170
-140.200638 182.360046 2703.480469
-17.308495 405.094452 2531.722900
99.352829 246.901428 2658.124023
206.631058 6.228165 2615.343994
215.988571 -475.104675 2672.691162
191.204895 -933.619080 2592.091309
-16.880045 12.181137 2606.561768
-12.688301 -465.842712 2687.837891
3.069961 -930.462280 2666.552246
1 1 1
109.837639 707.878052 2748.976807
103.363747 479.092682 2701.230469
266.154907 474.331482 2707.503662
338.784790 154.643097 2686.983887
240.813690 405.157776 2542.287598
-59.427437 483.853882 2694.957275
-140.086655 182.190063 2701.232422
-17.597816 404.570496 2530.952148
98.204376 241.256073 2654.605713
204.795990 0.151047 2612.287354
215.887817 -480.957825 2671.562256
189.143707 -940.115723 2595.283447
-18.705963 6.687881 2603.674561
-14.858467 -472.283691 2679.045898
-0.414883 -937.621582 2671.491455
1 1 1
108.805641 704.657837 2736.615479
103.650055 474.314636 2696.401123
266.445343 470.379333 2703.281494
337.884155 154.815643 2684.500488
239.893219 405.234406 2540.380615
-59.145264 478.249969 2689.520752
-140.050446 181.101044 2702.106445
-17.723602 404.382080 2530.560791
99.631577 235.542023 2654.913086
207.374924 -5.932266 2618.148682
217.413620 -486.994934 2678.211426
193.236374 -946.566040 2603.443848
-16.148733 -0.528946 2608.701416
-9.005203 -479.683533 2682.742188
2.493691 -945.415894 2683.202637
1 1 1
107.543671 703.806946 2729.927490
102.471924 472.724731 2693.802979
265.069519 468.728333 2703.935547
337.409302 156.386230 2684.255371
240.740601 405.128784 2534.599609
-60.125671 476.721130 2683.670410
-136.056519 176.071716 2698.055664
-17.830864 404.291199 2530.371582
98.977280 233.394531 2655.486816
207.131165 -8.679810 2624.128174
215.162704 -490.168427 2681.004150
188.631302 -949.110107 2603.202637
-16.165892 -3.191498 2610.213135
-14.868995 -482.624603 2682.647461
1.907598 -948.351074 2679.837646
1 1 1
106.486374 704.672241 2736.104248
100.380394 474.579590 2696.151123
263.129272 470.830353 2703.493164
336.685303 155.180084 2684.127686
243.026062 406.912598 2538.348389
-62.368477 478.328857 2688.809082
-136.047333 177.048279 2700.033936
-17.688980 404.867584 2531.842529
96.704071 235.598053 2655.606934
204.765289 -5.957596 2620.103516
212.124390 -487.934387 2672.744385
187.514221 -946.811035 2593.855225
-18.709801 -0.809402 2610.021973
-18.001358 -480.833801 2678.522949
0.835398 -946.425049 2686.241943
1 1 1
107.633881 703.546448 2739.700928
101.241493 474.185547 2697.576904
264.089386 470.228424 2701.533691
336.825592 156.576447 2684.575195
240.479797 405.806458 2535.679199
-61.606403 478.142639 2693.620117
-134.540054 179.034058 2696.529785
-17.484833 404.378387 2527.974854
96.467850 235.503174 2655.344238
203.505920 -5.896133 2615.828369
214.206512 -488.177551 2664.919189
192.199585 -949.436707 2602.677490
-20.117525 -0.462234 2610.394775
-14.921077 -478.100769 2692.607666
1.151462 -942.352844 2669.293701
1 1 1
108.203644 703.745728 2732.459473
99.793640 474.351898 2694.024414
262.432129 468.968658 2701.913330
336.380371 157.770264 2681.264404
238.918060 406.249329 2535.593750
-62.844849 479.735138 2686.135498
-137.801437 178.542023 2696.255859
-17.664757 405.691101 2532.214355
93.805527 235.263763 2654.327393
199.493469 -7.520782 2620.047363
212.409988 -488.989624 2675.821777
190.366028 -950.011047 2610.752930
-23.858643 -0.127960 2609.213379
-18.431902 -478.151306 2689.861328
1.044737 -942.802185 2665.709961
1 1 1
108.367859 703.276123 2727.348633
99.563400 472.885101 2691.675537
262.357269 468.610626 2694.306885
337.723602 156.906769 2682.630859
238.746155 406.831238 2538.692627
-63.230469 477.159576 2689.044189
-139.368210 179.249359 2698.117432
-17.661690 406.215576 2532.104492
93.886505 233.461472 2653.961426
200.007523 -8.897629 2618.054443
212.819778 -491.138550 2666.541260
193.026291 -952.868896 2605.453125
-23.588312 -3.026688 2614.440186
-13.731337 -480.343140 2698.921631
4.271168 -944.581299 2664.419189
1 1 1
107.905769 704.539551 2734.844727
97.061821 475.820221 2694.129639
259.802704 470.972809 2691.184082
336.798798 156.905579 2683.858154
240.367752 406.975220 2536.868408
-65.679070 480.667633 2697.075195
-140.244690 178.163483 2697.091064
-18.347214 406.357239 2533.785400
89.201523 237.100677 2652.701172
193.091827 -4.947479 2609.250244
206.977203 -486.771698 2661.704346
185.953140 -947.642090 2594.711182
-30.409370 1.709747 2613.295166
-20.481964 -476.125946 2695.023438
-4.282961 -939.374756 2648.073242
1 1 1
107.839806 704.285767 2739.572510
97.160225 476.085266 2696.989258
259.917023 470.248077 2692.882324
335.898956 158.445526 2683.438721
240.604858 407.119141 2532.733643
-65.596565 481.922485 2701.096191
-141.122070 179.585907 2698.053955
-17.774429 405.884888 2530.387939
87.527084 237.677979 2654.078125
189.583420 -4.735031 2608.348633
211.921524 -484.903198 2670.764648
187.662064 -945.577271 2603.270508
-33.795513 3.276382 2613.985352
-15.495377 -475.065063 2690.746338
-0.648337 -939.604004 2659.520020
1 1 1
106.984795 705.687378 2741.419678
96.103226 477.479309 2697.566650
258.899323 470.889038 2695.385498
336.454895 158.224701 2682.220459
241.043579 407.087341 2530.738037
-66.692856 484.069550 2699.747803
-141.555618 179.291321 2699.020752
-18.720467 407.485779 2533.586182
85.873306 239.207565 2653.952637
187.389114 -3.587814 2608.841553
213.557617 -483.343201 2673.557129
187.791641 -943.667603 2604.108887
-36.102345 5.459488 2611.835693
-17.309029 -473.159058 2687.119385
1.282106 -938.100159 2661.813477
1 1 1
106.992577 703.867249 2742.829590
97.150482 475.810120 2698.239258
259.932709 470.669220 2693.203125
336.218475 156.610657 2681.594727
244.060669 408.594147 2533.445801
-65.631760 480.950989 2703.275391
-141.286362 181.152100 2698.002197
-19.785492 408.232361 2527.994629
88.253616 237.632599 2653.798828
191.116013 -4.074417 2605.900635
220.410950 -483.158813 2674.417725
194.829727 -942.367004 2598.082275
-32.402512 2.984604 2612.816162
-9.946825 -473.400269 2699.597900
6.417744 -936.376953 2652.714111
1 1 1
105.706421 703.512878 2732.537842
95.181030 474.474670 2694.879395
258.035431 469.649323 2691.363770
335.586487 156.790283 2671.302734
246.237762 408.566986 2528.299561
-67.673370 479.300049 2698.395020
-140.165115 180.591736 2700.998535
-22.402565 409.040894 2529.468262
87.244408 235.452881 2655.298340
191.099197 -6.881287 2613.303955
215.515701 -485.826599 2684.722168
190.354324 -945.111206 2608.493652
-32.483646 -0.256561 2618.130615
-12.904013 -477.633026 2700.397705
2.138654 -941.583130 2660.548096
1 1 1
105.648521 703.870728 2737.906738
95.026672 476.293152 2696.964355
257.893982 470.838074 2694.440674
340.802246 160.397705 2658.658691
246.905334 414.729767 2520.642822
-67.840652 481.748230 2699.488037
-140.073715 179.291718 2701.496826
-24.703972 409.141205 2531.505615
86.385864 237.659119 2655.142578
189.550964 -4.719727 2611.588379
213.847183 -484.965454 2673.226074
187.548309 -944.739746 2600.386475
-34.060860 2.769897 2615.053223
-16.094482 -476.560455 2684.728760
0.248507 -941.509583 2664.711914
1 1 1
107.107193 706.057129 2740.584717
95.892258 478.682251 2698.797119
258.733521 473.553162 2694.470215
339.396637 164.696472 2635.826416
240.852783 422.012329 2509.657959
-66.948990 483.811340 2703.124023
-140.040985 178.647736 2699.254639
-26.031578 408.989990 2532.639404
87.247986 240.163849 2656.210693
190.400726 -1.875854 2610.653564
218.165649 -480.854919 2680.124512
190.358780 -939.418701 2600.729004
-33.193302 5.166779 2616.594971
-16.344128 -472.950165 2694.664795
5.574066 -937.711609 2670.213623
1 1 1
107.691803 706.962280 2741.425781
96.809631 479.165009 2699.375244
259.701630 474.850891 2695.905518
350.190216 177.352997 2610.422607
237.056396 432.573792 2490.837646
-66.082367 483.479126 2702.844971
-140.529007 177.817657 2699.627197
-29.037415 411.518738 2536.118896
89.579781 240.639099 2656.529541
194.178101 -0.848526 2611.301758
218.149292 -481.194092 2672.050781
197.678909 -942.804688 2614.050293
-29.478252 5.074905 2616.065918
-12.255449 -472.674927 2696.803955
7.067600 -936.272339 2655.878906
1 1 1
108.638718 709.008545 2751.849609
98.058830 482.622162 2705.648193
260.949707 477.976624 2702.216553
358.096863 190.175354 2581.718018
233.286224 441.824066 2465.112305
-64.832039 487.267700 2709.079834
-139.762726 176.407990 2700.815430
-31.111893 413.215240 2543.489746
90.298920 244.797440 2659.256348
194.366028 3.783478 2610.508789
212.550903 -476.369873 2674.956299
193.425919 -936.685547 2605.946777
-29.288010 10.161957 2615.220215
-13.120264 -468.614655 2689.942383
1.048044 -933.430542 2663.355469
1 1 1
109.340538 708.100220 2747.045898
99.883232 480.374359 2704.143311
262.782623 476.454224 2700.180664
361.050507 211.593109 2548.353516
223.037094 452.207153 2429.040771
-63.016171 484.294495 2708.105957
-139.879517 177.200867 2700.898438
-33.282471 414.384033 2543.887695
93.073013 242.106842 2659.893555
198.099579 1.147995 2612.923340
219.762283 -477.571289 2686.157227
195.705612 -935.749146 2605.267578
-25.573978 6.530655 2618.364258
-11.616632 -473.019043 2688.560791
7.143069 -938.260742 2672.652832
1 1 1
110.943436 700.748901 2745.146973
103.984543 474.418274 2704.373779
266.917175 472.137817 2700.725586
358.520752 235.299149 2523.679688
211.952972 462.814209 2395.256592
-58.948059 476.698700 2708.021973
-139.444458 177.098694 2701.941895
-35.431473 414.938660 2545.400635
99.682861 235.865631 2661.371826
207.245438 -4.252670 2615.864990
224.250961 -484.238770 2681.652344
199.537415 -943.493042 2606.311768
-16.483070 -1.121323 2620.874756
-6.671375 -481.736450 2683.865967
12.827984 -947.251404 2672.348389
1 1 1
113.288078 705.274597 2754.732422
105.304749 478.276611 2710.677002
267.531311 477.148682 2697.891113
358.672852 256.586426 2493.861816
204.878799 477.318604 2353.719238
-56.921814 479.404480 2723.462891
-138.807953 175.604553 2702.509277
-37.235191 415.584717 2548.066895
100.022064 240.316803 2664.641357
206.290344 1.581436 2609.813721
211.781464 -479.282349 2670.318115
190.607132 -938.954102 2595.816650
-16.811592 3.132584 2627.397705
-16.706327 -476.012695 2700.409912
3.512403 -939.372986 2661.977783
1 1 1
116.759026 706.828857 2759.019531
107.142067 479.972260 2713.750488
269.151642 477.985962 2697.555908
353.828003 278.781189 2470.457031
199.937210 487.088837 2308.206299
-54.867500 481.958557 2729.945068
-138.412323 174.806458 2706.274170
-37.736862 416.337860 2554.660400
99.529953 242.257446 2666.755371
203.079453 3.179749 2608.648438
209.724243 -477.137421 2673.971191
190.455139 -938.487793 2610.635986
-19.243774 5.905518 2630.872070
-16.888401 -473.533752 2702.716309
-0.168333 -936.193176 2652.522461
1 1 1
118.345314 706.601013 2760.655029
106.866577 480.436493 2715.292480
268.649689 477.473267 2696.550537
342.413666 303.384583 2448.744141
198.182846 492.943848 2259.103760
-54.916553 483.399719 2734.034424
-138.206116 175.903259 2707.652832
-38.443436 416.457214 2554.017578
97.040085 242.849792 2668.032227
198.242081 3.229492 2607.909912
211.008804 -474.954926 2685.789062
188.182693 -933.441895 2606.345703
-23.814892 7.296692 2633.634033
-19.291338 -473.489655 2695.358887
-0.070023 -937.091064 2653.330566
1 1 1
117.475510 704.188721 2762.460938
105.605019 477.703308 2716.119629
267.222595 474.925476 2695.614014
326.703369 339.189484 2434.371826
193.399033 497.588074 2213.627686
-56.012550 480.481140 2736.625244
-135.105530 171.953247 2705.333008
-33.377647 416.758484 2562.024414
95.443497 240.251465 2668.196777
196.209198 0.893036 2606.199707
214.769989 -477.250458 2683.821289
189.909225 -935.586853 2602.985596
-25.645248 4.706207 2634.348145
-11.310847 -477.032471 2685.128174
0.373787 -941.963867 2664.814941
1 1 1
118.236763 703.497253 2762.862305
105.895744 477.386749 2717.533691
267.181946 474.644531 2694.478760
311.855286 377.595367 2421.688721
192.260773 491.233093 2174.301270
-55.390480 480.128967 2740.588623
-131.548492 170.473663 2706.673096
-35.334152 417.753601 2564.166260
95.067856 239.873322 2670.034668
194.962189 0.477386 2606.708496
215.612549 -477.322571 2686.381104
191.063995 -935.379333 2603.325928
-26.482254 4.242401 2638.362793
-9.926933 -478.193665 2682.393555
1.334766 -943.659607 2678.260742
1 1 1
119.030037 700.093872 2764.577637
104.586723 475.451080 2718.251465
265.355225 472.368347 2691.914062
293.920319 416.287354 2410.859863
197.250000 484.990601 2140.697021
-56.181770 478.533813 2744.588867
-128.780914 172.241211 2712.353271
-33.980698 418.637451 2563.352051
92.126274 238.179977 2669.961914
190.046112 -1.207657 2603.589600
214.214325 -479.360657 2680.256592
187.370483 -938.319336 2603.028564
-30.714472 3.025406 2639.755127
-15.430935 -479.728760 2681.803955
-0.862890 -945.419312 2677.366211
1 1 1
119.151932 701.143372 2763.414062
103.867538 475.296265 2718.158691
264.186005 472.743774 2689.120361
282.464691 444.147125 2404.427979
210.426331 473.893982 2116.186768
-56.450909 477.848816 2747.197021
-127.385437 173.116913 2712.177002
-28.118614 417.895569 2561.867920
91.441360 237.906677 2670.421387
189.076721 -1.235275 2602.748779
219.368073 -477.563171 2687.668945
191.636673 -935.404907 2604.326660
-31.046368 2.269424 2642.619385
-11.713900 -479.773193 2690.728271
2.327426 -944.316162 2663.502930
1 1 1
119.460876 700.041992 2763.341309
103.746216 474.380981 2718.322998
263.605835 471.758911 2686.822021
272.237366 458.074585 2401.716309
214.605850 464.341125 2104.884766
-56.113403 477.002991 2749.823975
-130.186646 172.554657 2715.095947
-25.800995 418.163696 2564.245605
90.567230 236.906433 2671.208984
187.133881 -2.368164 2602.469238
220.278732 -479.005646 2684.886230
188.089111 -936.542725 2601.339111
-32.357384 1.231964 2645.720703
-13.661444 -479.968201 2701.754639
2.533146 -942.406799 2652.174072
1 1 1
120.749542 698.005676 2764.305176
103.659393 472.816315 2717.226074
263.526581 469.535217 2685.712158
269.124146 465.533508 2401.365479
216.215363 459.902985 2099.997070
-56.207794 476.097412 2748.739990
-128.088638 174.778198 2716.050537
-23.775322 417.984497 2562.186279
89.218170 235.715057 2668.652832
184.518280 -3.638519 2598.446777
216.220764 -481.881073 2671.242188
190.330948 -942.272949 2604.781982
-34.964394 0.866119 2641.712402
-14.451530 -479.603882 2703.312744
2.088942 -940.201538 2637.668457
0 0 0
120.871361 697.953247 2762.775146
104.383003 472.140259 2717.375488
263.969666 469.486481 2684.393311
268.062744 463.770966 2400.176270
210.599289 463.267059 2097.357422
-55.203651 474.794067 2750.357666
-128.042511 173.886261 2719.524170
-24.918167 417.540344 2563.221436
90.508972 234.892746 2669.333984
186.195572 -4.176682 2598.649170
220.248917 -482.190125 2672.321045
195.312225 -943.002502 2607.043457
-32.925690 -0.532883 2643.935791
-12.066942 -480.829102 2707.113770
9.113340 -941.940063 2644.061279
0 0 0
119.763535 700.365845 2763.021240
104.904381 474.074951 2718.048584
264.889832 471.971008 2687.032471
270.528687 459.882874 2400.599365
205.573639 465.666595 2101.784424
-55.081062 476.178833 2749.064697
-128.525116 173.442688 2722.266846
-25.305450 418.302704 2568.233887
92.500046 236.715302 2670.165527
189.935059 -2.088791 2600.988281
221.000854 -480.212769 2675.453125
197.280762 -941.805054 2614.865967
-29.743622 0.800125 2643.576660
-9.160049 -479.492432 2707.065674
8.293566 -939.984863 2637.636475
1 1 1
120.261978 702.297119 2763.629395
107.001122 475.264099 2719.405029
266.822571 474.272949 2687.473877
275.759674 450.447388 2409.292236
201.100830 468.437927 2112.912354
-52.820335 476.255249 2751.336182
-131.266357 171.217773 2726.129883
-30.108238 419.396851 2576.373779
96.002373 237.794601 2671.725098
194.724731 -0.355362 2602.123779
221.053192 -479.098022 2674.381348
200.158829 -940.233826 2609.204834
-24.717478 1.005539 2645.966553
-7.896669 -479.608398 2708.089111
9.774891 -940.680725 2641.844971
1 1 1
119.109680 700.754517 2762.925049
105.977562 473.784241 2718.865723
265.863464 472.851257 2687.211670
283.372375 428.228851 2410.139160
197.589752 470.947388 2127.885986
-53.908348 474.717224 2750.519775
-130.144257 170.610809 2723.539307
-34.291245 419.213745 2575.925537
95.252197 236.197296 2671.694092
194.289780 -2.030151 2602.791748
213.077881 -481.695953 2670.812012
194.351883 -943.175659 2607.144287
-25.236097 -0.749146 2646.253174
-10.226571 -483.092255 2690.162354
2.453603 -946.701538 2661.148193
1 1 1
119.103333 701.809326 2764.090820
105.488655 474.524658 2720.061523
265.355133 473.251862 2688.299316
296.216278 406.092712 2411.566895
195.223389 480.875763 2140.656250
-54.377811 475.797455 2751.823730
-129.539230 169.322876 2719.278809
-32.320763 418.333923 2577.300537
94.214783 236.971802 2672.836670
192.693527 -1.454865 2603.806152
216.220978 -480.455933 2675.084717
191.458984 -940.336487 2603.098389
-26.811726 0.292755 2647.417480
-15.690217 -482.669098 2687.104980
4.022906 -947.227661 2671.342529
1 1 1
116.286812 702.757568 2763.680420
103.825989 475.283569 2719.983887
264.033630 474.748596 2690.018311
308.604797 376.044159 2417.795166
193.121246 488.949341 2164.442627
-56.381653 475.818542 2749.949463
-129.274460 169.160706 2717.143311
-35.391243 419.162201 2577.283936
94.238815 237.619476 2672.969727
194.647690 -0.411942 2605.381592
217.753159 -479.449524 2676.846680
193.150543 -938.783325 2601.053223
-25.344414 0.322678 2646.529541
-13.484000 -482.747498 2685.996338
8.174554 -947.792480 2672.150146
1 1 1
115.564156 702.594482 2764.484619
104.652672 475.651398 2719.283447
265.558472 475.098938 2693.656738
317.309082 352.521729 2425.914795
192.538971 495.822876 2186.658691
-56.253136 476.203857 2744.910156
-131.130737 172.573944 2719.586182
-43.674858 416.239868 2567.647217
96.262787 238.049805 2671.726807
198.377350 0.068802 2606.570557
221.134003 -478.664246 2680.264893
194.441360 -937.431091 2601.614990
-22.631538 0.827621 2641.769775
-12.138037 -481.139099 2692.517822
9.446615 -944.621704 2655.652832
1 1 1
115.104218 702.720276 2763.381592
105.376701 475.614136 2718.389893
267.000580 474.603973 2698.291504
331.661438 331.760773 2435.473389
198.344345 503.501648 2218.252686
-56.247169 476.624298 2738.488281
-132.558411 172.779968 2722.808594
-48.645988 414.372131 2564.624023
97.924644 238.066589 2670.402100
201.477509 -0.174744 2608.610596
217.412247 -479.188354 2682.044678
194.505814 -938.210938 2603.614258
-20.532335 1.212830 2636.218018
-13.680790 -479.949402 2694.783203
8.271654 -942.788574 2647.645508
1 1 1
115.660721 701.011902 2764.327393
106.919693 474.604980 2718.973633
268.939575 473.677155 2702.036865
340.335632 319.381348 2445.247803
199.188248 507.692444 2247.241211
-55.100189 475.532806 2735.910400
-133.274445 173.884552 2722.413330
-50.740456 413.089172 2560.069092
100.481735 237.147858 2670.394531
205.254883 -0.946136 2610.189941
218.619781 -480.613373 2679.830322
194.501862 -940.004578 2603.877930
-17.167318 0.327606 2633.440918
-6.298834 -480.513611 2694.501221
6.514195 -944.506592 2654.775635
1 1 1
114.900528 699.783264 2763.797607
106.451561 474.098267 2717.426270
268.782745 472.748444 2703.627441
345.168182 300.189941 2459.628418
209.085999 511.464294 2281.274170
-55.879631 475.448090 2731.225098
-136.136932 173.941528 2721.208496
-52.351128 412.870850 2555.459229
100.342514 236.642273 2668.786133
205.669632 -1.740341 2610.673584
213.680298 -482.223022 2675.097900
190.469269 -941.938965 2600.775635
-17.202698 0.112900 2629.618408
-12.941256 -480.875854 2690.409180
2.958049 -945.548950 2659.311523
1 1 1
112.694397 700.958496 2762.526855
106.996475 474.879700 2717.142822
269.426666 475.124573 2704.114502
347.577911 281.596191 2478.320557
217.777466 505.614624 2312.921875
-55.433731 474.634888 2730.171143
-137.575165 174.968903 2720.602051
-52.806946 412.425537 2552.132324
103.506752 237.249207 2669.167969
211.512268 -0.213242 2612.250244
219.375061 -479.924377 2682.270020
195.756058 -938.098938 2599.480225
-11.478220 -0.549362 2630.135986
-9.206238 -479.897095 2702.234619
9.642120 -941.387939 2645.161133
1 1 1
108.913429 703.154480 2762.396973
105.400612 476.284393 2716.727051
268.007385 477.315186 2706.100586
351.792145 264.299255 2492.674072
222.566620 502.101379 2347.234375
-57.206181 475.253601 2727.353516
-137.784348 174.477783 2717.312500
-53.160225 411.763367 2550.382568
103.721527 238.787903 2667.995605
213.675995 1.999054 2611.968750
216.990997 -478.027466 2680.260010
193.637939 -936.829712 2600.752686
-9.591120 0.583771 2626.559570
-12.550802 -478.871643 2698.360107
3.783100 -940.244263 2636.384521
1 1 1
110.121658 707.581604 2763.307861
106.931305 479.835175 2716.228760
269.728851 479.330566 2710.977051
353.908661 245.159653 2510.829346
231.687302 492.739532 2375.551514
-55.866230 480.339783 2721.480469
-134.379639 171.732697 2716.642822
-52.850250 411.166382 2546.114258
104.600952 242.483017 2666.795410
214.089172 4.784256 2613.754883
213.996582 -476.545044 2671.429199
194.928101 -938.409180 2615.516602
-9.547963 5.477463 2620.969238
-13.597353 -472.553223 2701.537109
0.164568 -932.652161 2629.399658
1 1 1
110.162582 705.311890 2753.267578
105.324142 476.969849 2711.816650
268.207336 475.318207 2708.368896
355.924103 232.063110 2524.394775
237.250153 489.804230 2409.466553
-57.559052 478.621490 2715.264404
-130.219116 170.386810 2713.324463
-47.350311 413.597015 2552.713135
101.965012 238.716217 2667.252930
210.401657 -0.671021 2620.322754
207.042572 -482.432068 2674.687988
190.247757 -944.914490 2620.531738
-13.189894 1.596191 2625.055664
-17.670155 -476.618958 2704.931885
-3.048090 -939.087585 2652.245361
1 1 1
111.013870 706.952881 2758.274414
104.563789 478.613831 2713.450439
267.465027 475.968719 2709.894043
356.466003 215.527985 2545.705566
239.560822 480.359253 2438.031738
-58.337456 481.258911 2717.006836
-130.105530 174.195129 2712.162598
-43.899574 413.796021 2551.371582
99.686035 240.742035 2666.941895
206.624374 1.054642 2617.992188
208.707214 -480.683899 2672.803467
189.787354 -940.896912 2603.111084
-17.007820 4.685867 2622.874512
-17.252216 -474.385742 2697.502686
-2.136903 -936.703369 2641.253418
1 1 1
109.937515 711.179810 2762.280762
102.989105 482.274841 2715.332031
265.911774 479.337524 2712.125000
356.737000 205.760956 2565.864502
247.777344 472.831207 2456.416992
-59.933578 485.212189 2718.539062
-130.048767 176.596802 2710.086426
-41.279678 413.689056 2547.664795
97.764282 244.646790 2667.543457
204.380066 5.002350 2617.553467
212.789948 -476.174835 2676.390381
190.629288 -936.175049 2604.906006
-19.301146 9.035095 2621.956299
-15.848027 -468.784393 2703.972656
-0.594925 -930.444214 2641.718262
1 1 1
108.464180 709.109192 2753.761230
101.245110 480.417755 2710.437012
264.092773 476.337097 2712.265137
361.322784 195.352631 2585.421875
246.881378 457.938232 2474.375000
-61.602577 484.498413 2708.608887
-130.068512 176.330048 2707.044434
-39.672531 414.148651 2549.100098
95.782295 242.254700 2665.442871
202.170944 1.288864 2621.704346
209.580231 -480.213989 2678.329346
190.385117 -941.155029 2611.680908
-21.531975 6.894424 2619.193115
-15.347667 -471.829163 2695.690918
0.112803 -934.969849 2646.532471
1 1 1
108.433678 709.068970 2749.499023
100.786789 480.026886 2708.377197
263.689423 476.194733 2709.878174
353.162445 181.179352 2604.704346
255.226562 447.966217 2490.568115
-62.115829 483.859039 2706.876221
-130.533264 172.664062 2701.516113
-39.032082 414.317627 2548.328369
95.575516 241.536896 2665.071777
202.172974 0.416702 2622.796387
213.750259 -480.759399 2681.507568
191.432800 -940.045532 2605.329834
-21.444494 5.677109 2620.736328
-13.274342 -473.428772 2694.861328
3.596968 -937.283447 2652.528320
1 1 1
105.866638 708.276611 2749.875000
99.020782 479.205933 2708.429932
261.968567 476.481262 2709.335449
345.575165 175.594879 2621.346191
259.090820 442.666565 2502.278076
-63.927006 481.930603 2707.524414
-133.772797 172.828064 2702.257080
-38.771233 415.113037 2551.748779
95.272827 240.676529 2665.157227
203.383194 0.276749 2622.506104
217.336624 -480.470520 2684.219482
192.473953 -938.809814 2602.945068
-20.333447 4.017502 2621.262939
-12.185360 -475.804321 2690.644043
3.098532 -940.206482 2653.250000
1 1 1
105.889992 706.151733 2747.051758
98.697685 477.481689 2705.430420
261.660950 474.773254 2706.002197
342.790131 172.800934 2636.647217
261.831024 442.070557 2519.141357
-64.265572 480.190125 2704.858643
-136.383820 175.415833 2706.623047
-38.300491 413.798035 2546.397949
94.881775 238.855408 2662.662109
202.938110 -1.630188 2620.286133
212.053101 -482.961700 2678.065430
191.780518 -942.403870 2601.821289
-20.806385 2.088440 2619.501465
-13.809126 -477.763672 2688.973633
1.939930 -941.849365 2647.504395
1 1 1
106.090675 704.558411 2746.156250
98.625122 475.895874 2703.386230
261.581909 473.106201 2705.119629
344.393646 166.399689 2649.828369
262.772125 426.325226 2525.190430
-64.331650 478.685516 2701.652832
-133.693176 172.708618 2704.306641
-38.831078 413.585052 2545.352051
94.992714 237.234116 2660.778320
203.235352 -3.342819 2619.360352
208.198898 -485.993042 2663.530029
195.973221 -948.686096 2616.779541
-20.514755 0.487564 2616.980469
-14.189135 -477.803284 2696.037598
2.729239 -940.983643 2646.174805
1 1 1
104.618515 705.830200 2744.703857
97.931618 477.550720 2702.594238
260.888885 475.526672 2701.689209
339.696869 161.701263 2663.908691
262.848358 415.473877 2527.765869
-65.025658 479.574799 2703.499268
-130.846375 170.854004 2706.151611
-38.390877 414.416931 2549.315430
94.730713 238.870773 2660.044434
203.419373 -1.198944 2616.873047
207.577515 -483.248840 2667.921387
194.076889 -944.802551 2608.423828
-20.359749 1.580566 2618.116211
-15.367438 -475.324402 2705.154053
2.159566 -936.886353 2643.000000
1 1 1
106.153839 706.779419 2744.988525
98.528740 477.824402 2702.783936
261.463318 475.248108 2700.134033
339.348694 157.846832 2673.458496
259.073486 413.256897 2538.291260
-64.405830 480.400665 2705.433838
-130.922607 173.428162 2705.085205
-38.959068 413.607605 2547.207031
94.057831 239.238739 2659.835449
201.446060 -1.115601 2615.067871
206.412857 -483.300385 2665.566406
191.638168 -945.385864 2607.770020
-22.272202 2.421783 2618.706055
-17.200953 -473.972076 2708.780762
-0.184786 -934.070801 2636.472168
1 1 1
106.731682 706.704285 2743.623779
98.384491 477.843201 2701.304199
261.307343 474.856079 2697.869141
339.682159 156.420227 2683.720215
255.470001 412.721161 2547.284424
-64.538345 480.830322 2704.739258
-131.952927 174.217285 2703.548584
-38.558998 413.271057 2546.819580
93.111427 239.207764 2658.720215
199.685425 -1.478348 2613.778076
209.341705 -483.078308 2668.940186
190.504120 -944.143677 2603.802490
-24.008709 2.622971 2618.494385
-17.603706 -473.370972 2710.730713
1.192282 -932.535278 2632.680908
1 1 1
105.822556 706.642456 2743.953369
97.351555 478.557617 2702.049316
260.275269 475.291931 2698.571045
339.878937 154.681458 2692.368652
251.963348 411.106964 2555.752197
-65.572151 481.823303 2705.527588
-132.937286 175.630920 2704.290283
-38.818825 412.651184 2544.636475
91.656982 239.953827 2659.333008
197.812012 -0.891922 2614.228760
210.144333 -482.275269 2671.023438
189.447571 -943.617188 2607.557617
-25.887180 3.591965 2619.004639
-14.180182 -472.345703 2710.970703
-0.148283 -932.059937 2634.897949
1 1 1
105.926208 707.476196 2743.099854
96.479424 478.735596 2701.766113
259.395477 474.939789 2698.331543
340.956177 153.329041 2696.680176
250.449478 409.620544 2558.068359
-66.436638 482.531433 2705.200684
-136.451233 176.327728 2704.639160
-38.418228 412.827271 2545.469727
90.023682 240.113434 2659.261719
195.415207 -1.114700 2614.399414
209.505737 -482.230530 2673.186768
188.257202 -943.053711 2605.874023
-28.279312 4.097214 2619.115234
-14.819309 -471.645752 2711.956787
-1.268023 -931.305786 2635.156006
1 1 1
106.248657 708.030273 2743.179688
97.419579 479.342712 2701.412109
260.292786 476.089111 2696.218262
338.976776 153.665497 2697.335449
245.820892 406.979614 2556.522461
-65.453621 482.596313 2706.605957
-138.226715 176.163361 2705.321777
-38.176849 413.183411 2545.130127
91.294403 240.728516 2658.808594
196.994537 -0.119537 2612.639160
215.903091 -480.008759 2679.044922
193.882065 -939.337769 2602.707520
-26.656073 4.348175 2619.770996
-7.164259 -472.042664 2707.854492
2.969274 -932.951477 2638.694824
1 1 1
106.404221 705.333435 2743.720215
97.715591 477.021759 2701.635742
260.578186 473.779236 2695.949219
335.491516 152.333252 2698.149658
242.322784 405.108765 2550.032471
-65.146988 480.264282 2707.322266
-137.609009 178.081329 2704.175781
-38.732979 412.054382 2537.097900
91.479004 238.400696 2659.083008
197.051071 -2.446442 2612.626465
214.823105 -482.409119 2679.180420
192.341507 -941.962402 2603.940186
-26.566246 2.005707 2620.434082
-14.357131 -474.450684 2709.373047
2.810906 -935.859009 2645.321289
1 1 1
105.729073 703.789551 2743.488770
97.590569 475.505066 2700.963623
260.471954 472.901672 2695.424561
333.728943 152.678345 2695.075684
240.900513 404.080231 2545.557617
-65.290825 478.108490 2706.502686
-138.321747 177.030334 2705.083008
-37.898445 412.466980 2542.569580
92.333290 236.838394 2658.543457
198.899887 -3.615631 2612.320557
215.710800 -484.234680 2674.246826
192.814377 -944.076050 2600.722412
-24.747862 -0.040955 2619.926025
-9.167708 -478.075623 2698.937988
2.057683 -941.241089 2649.319580
1 1 1
104.072784 704.163940 2743.371094
96.102074 475.888947 2701.314941
258.945923 473.845581 2694.631104
335.863617 153.342682 2690.030762
238.704742 404.002563 2544.719727
-66.741768 477.932312 2707.998779
-137.661346 175.512665 2704.042236
-37.669044 412.534485 2545.664307
91.379852 237.147812 2659.250488
198.459061 -2.996216 2612.597168
214.676804 -483.722107 2674.040527
189.611496 -944.177734 2605.293945
-25.143810 -0.190430 2621.774902
-16.740501 -478.332672 2701.393066
1.430304 -941.925903 2657.395752
1 1 1
105.480469 705.178589 2744.321777
97.182152 476.644104 2701.958008
260.031616 474.138031 2695.501709
337.444702 152.660889 2687.525635
237.327179 403.703857 2542.762939
-65.667305 479.150146 2708.414307
-137.817780 174.764160 2704.021484
-37.890739 411.868164 2546.252197
91.830261 237.966370 2659.609619
198.279877 -2.431839 2612.828613
214.378601 -483.469971 2671.865234
189.775970 -943.931396 2602.828857
-25.323143 1.009140 2621.693848
-18.153044 -478.754089 2690.633789
2.360790 -943.406128 2667.056152
1 1 1
104.363548 705.537109 2745.802246
96.761673 476.924713 2701.800781
259.673523 474.318970 2699.177979
338.736359 152.337860 2681.774170
236.911621 403.421814 2541.200439
-66.150162 479.530457 2704.423584
-138.895096 175.370392 2706.018799
-38.469009 411.613037 2544.594482
92.245995 238.452728 2658.233887
199.606079 -1.808685 2612.865967
213.880310 -483.332733 2668.229492
191.365997 -945.201904 2609.336914
-24.145462 1.770172 2616.468018
-15.504841 -477.500214 2689.116211
2.377234 -941.600708 2653.302002
1 1 1
104.410675 703.841919 2745.033203
95.675247 475.663574 2701.301025
258.541473 473.170166 2696.343506
337.865784 153.666321 2682.888672
236.018768 403.229370 2537.859863
-67.190979 478.156952 2706.258545
-138.949661 175.186188 2704.515381
-37.278313 411.561462 2544.656250
90.687683 237.269913 2657.348145
197.510361 -2.835480 2609.991699
209.149384 -484.720795 2662.761230
190.621918 -947.236877 2607.392822
-26.110126 0.588013 2616.798828
-17.233366 -477.119781 2698.847412
0.681934 -941.638916 2665.694824
1 1 1
103.321846 704.768799 2744.154785
95.738670 476.429840 2701.348145
258.613373 473.330200 2701.355225
338.419525 154.323425 2685.950195
236.158066 403.292664 2538.688965
-67.136055 479.529480 2701.341064
-138.487793 174.600922 2703.764893
-37.469696 412.101166 2545.816162
91.200691 237.875687 2658.225342
198.522385 -2.807251 2615.107422
213.277405 -483.721191 2675.019043
192.164505 -945.180908 2612.384033
-25.196953 1.450317 2615.097656
-13.656767 -475.396027 2701.939941
3.867449 -938.748901 2655.744629
1 1 1
105.029915 706.514832 2745.207520
98.023895 477.518250 2702.404053
260.844513 473.792542 2706.199707
339.218628 154.666992 2685.978027
236.367371 403.154938 2539.113770
-64.796707 481.243896 2698.608398
-138.235168 175.794128 2703.382568
-36.995705 412.352539 2544.015381
93.590881 239.096481 2658.540771
200.939346 -1.883057 2617.283447
213.495590 -483.612244 2670.712646
194.849014 -944.913452 2605.835938
-22.623615 3.232513 2612.071533
-10.416311 -472.206787 2706.207764
2.939360 -933.147095 2641.018555
1 1 1
106.378357 706.860107 2744.215332
99.699486 477.296265 2702.062744
262.559204 473.530884 2706.132080
339.108521 154.835052 2685.480957
236.177567 403.826843 2539.038818
-63.160259 481.061646 2697.993408
-139.117737 176.901917 2705.163330
-36.274467 412.855957 2544.108643
95.268814 238.784271 2658.687012
202.616699 -2.312103 2618.104248
211.627106 -484.345673 2669.722412
193.898911 -945.784058 2605.329346
-20.940403 2.856628 2612.518311
-12.856370 -469.686432 2719.952881
1.331263 -929.030151 2643.594727
1 1 1
105.113998 705.290588 2744.404785
104.309860 475.997742 2701.681152
266.321075 474.256592 2715.918701
339.072479 153.409821 2684.903564
237.018066 404.207092 2541.362549
-57.701351 477.738861 2687.443604
-139.041412 177.396545 2706.755615
-36.056435 412.662720 2544.219971
105.627396 237.657776 2657.541748
218.384354 -1.879822 2623.195557
225.805099 -484.207306 2672.472412
206.593018 -945.462036 2607.093750
-4.494494 0.515472 2603.609131
3.928055 -473.850861 2702.952881
15.887823 -934.332642 2632.248779
1 1 1
105.998169 703.825623 2744.849854
107.137489 474.458862 2701.359619
269.102661 473.133362 2717.841797
338.037537 152.705353 2685.459717
237.804352 404.520081 2542.998047
-54.827694 475.784424 2684.877441
-140.019348 178.694305 2706.886475
-35.367424 412.314331 2541.346191
109.717186 236.166962 2656.845703
223.382553 -3.034088 2623.636230
216.624207 -485.823181 2665.529297
195.676575 -947.561035 2604.309082
1.211222 -1.215820 2601.027344
-7.070766 -475.005341 2702.191895
5.214913 -937.407227 2646.436768
1 1 1
104.716789 701.419312 2734.015625
106.272041 471.189819 2695.929688
267.835785 469.418945 2716.328125
336.464935 152.817444 2685.221680
238.230957 404.565796 2543.767090
-55.291710 472.960754 2675.531738
-139.563980 178.383881 2707.945312
-35.539154 412.601562 2542.560547
108.717010 232.138367 2655.810547
222.049500 -8.128540 2629.691406
210.766891 -490.588867 2675.435791
188.434006 -951.575195 2609.327393
0.274476 -5.697662 2601.691406
-12.537313 -479.234955 2704.381592
-2.173333 -941.922241 2649.098877
1 1 1
105.184586 701.599915 2739.163574
105.679977 472.496155 2698.476562
267.678040 470.901886 2715.440674
336.212524 152.394318 2685.614990
238.494812 404.411957 2542.984619
-56.318073 474.090393 2681.512451
-139.301666 179.203705 2707.978271
-36.971977 411.342529 2536.998291
107.727585 233.740433 2656.485107
220.969788 -6.109558 2626.137695
207.046249 -489.020844 2666.666748
188.264282 -949.862671 2598.451660
-1.419400 -3.920990 2602.849609
-14.868582 -477.153320 2707.349609
-2.376213 -939.398499 2648.310547
1 1 1
105.518791 703.247803 2741.275391
103.077522 474.659668 2699.128906
265.571930 472.986267 2707.414062
335.092499 152.179565 2684.870605
237.988739 403.303162 2540.479736
-59.416893 476.333069 2690.843750
-139.163864 179.097992 2708.047607
-37.355095 411.764038 2537.343994
102.789459 235.988037 2656.573486
214.182877 -3.833694 2619.712402
204.511215 -485.988831 2669.071533
182.348770 -945.384521 2592.985352
-9.180094 -1.533463 2608.323730
-22.831173 -474.290833 2715.157715
-6.773605 -934.572754 2643.871582
1 1 1
105.114876 701.981384 2743.289551
101.284134 474.553040 2699.464600
264.016113 472.287079 2704.332520
334.535858 152.579468 2683.955322
238.358337 402.521790 2538.448242
-61.447830 476.819000 2694.596680
-139.091827 178.052765 2708.538818
-36.114609 412.290283 2541.887451
99.268982 236.078979 2655.824707
208.903656 -3.949753 2615.524658
207.293427 -485.594727 2670.320801
186.799805 -945.903931 2599.345215
-14.395996 -0.840408 2608.844971
-21.519218 -476.072998 2703.961426
-1.366920 -938.109070 2647.523438
1 1 1
104.768082 702.740112 2743.277588
100.011864 474.410400 2699.173340
262.845490 471.913055 2703.480957
336.276276 153.285645 2685.969238
238.677643 403.052673 2539.876465
-62.821754 476.907715 2694.865723
-138.037842 175.529846 2704.279297
-36.418213 411.938782 2542.022705
97.509216 235.931641 2655.520020
206.737991 -4.260696 2614.822510
209.430603 -486.259583 2666.955566
189.876862 -947.891602 2605.268066
-16.724838 -0.833511 2608.910889
-16.277641 -475.355896 2707.942871
0.643923 -936.922119 2645.732422
1 1 1
105.062706 701.207703 2743.769775
99.408234 473.618408 2699.276123
262.297974 470.906830 2702.966797
337.644958 152.639893 2684.476562
238.648605 403.431274 2538.946777
-63.481506 476.329956 2695.585449
-138.012222 176.267548 2703.648193
-36.234688 412.253601 2543.056396
96.425842 235.127991 2655.684570
205.244171 -5.223526 2614.625977
208.860580 -487.368591 2665.867188
191.390396 -949.536194 2607.238037
-18.357269 -1.501297 2609.560059
-13.785461 -476.667358 2705.686035
-0.298878 -938.836182 2646.470703
1 1 1
104.678535 703.427124 2743.519775
98.646645 475.042542 2699.448486
261.563202 472.072327 2702.746338
337.836365 153.311584 2686.730225
239.012970 402.789062 2538.517334
-64.269890 478.012756 2696.150635
-137.992325 176.140442 2703.338623
-36.098610 412.398071 2543.569580
95.183311 236.573135 2655.761475
203.553864 -3.935165 2614.338135
211.537933 -485.481689 2670.360596
191.635712 -946.786865 2606.000732
-20.113911 0.142654 2609.810791
-13.679840 -475.502686 2703.690674
0.404148 -937.641602 2643.838623
1 1 1
106.398964 704.535645 2744.383545
99.322853 476.491791 2700.714844
262.135925 472.463806 2706.522217
337.920898 151.656921 2685.361084
241.794098 405.345703 2542.961670
-63.490215 480.519775 2694.907471
-138.231873 168.708038 2703.553955
-35.453522 416.446106 2548.512451
94.990944 238.078323 2656.800049
202.444824 -3.100708 2616.872559
213.012878 -483.781555 2679.397705
190.732452 -943.656555 2606.476562
-21.126751 2.430420 2608.897949
-13.444276 -473.315796 2702.341309
-0.447386 -935.525696 2642.525635
1 1 1
107.473160 704.819824 2743.329834
100.160721 476.297729 2699.962402
263.045807 472.391907 2702.844971
335.964020 153.329651 2682.683838
240.158844 405.538757 2542.589600
-62.724380 480.203491 2697.079834
-137.125336 165.541138 2703.883057
-35.884300 416.325592 2545.486572
95.213608 237.831360 2656.396729
202.100647 -3.316635 2614.810303
210.905457 -484.947266 2669.668701
190.647659 -945.362000 2599.268799
-21.567659 2.046646 2610.851807
-13.016899 -473.747314 2704.066650
1.473927 -936.359619 2647.791260
1 1 1
107.396698 704.176880 2742.790283
99.855095 475.661255 2699.628906
262.782104 472.246826 2701.773438
337.980927 155.169464 2684.833496
239.913513 405.497986 2544.789062
-63.071903 479.075684 2697.484375
-138.063919 172.267609 2705.439941
-34.599190 414.853149 2543.277832
95.419121 237.059326 2656.756836
202.826553 -3.886490 2615.356934
211.368118 -485.710876 2669.008789
194.682480 -947.317810 2606.132080
-20.860264 0.801254 2612.412598
-10.819316 -473.880188 2710.885742
1.375262 -934.511597 2641.032471
1 1 1
105.727257 700.100403 2733.019775
98.399513 471.040527 2695.156982
261.310272 467.804626 2698.750488
336.974823 156.574921 2686.418457
239.396225 406.066193 2543.502686
-64.511253 474.276428 2691.563477
-138.521484 167.862793 2704.566162
-34.192383 414.534790 2541.954346
94.519081 231.864441 2655.701660
202.480377 -9.533173 2618.713379
209.502335 -491.653809 2670.055664
192.137054 -953.281433 2607.096436
-21.203087 -5.090118 2613.779297
-13.185433 -480.440643 2709.194336
1.593183 -941.561707 2642.514160
1 1 1
105.459366 702.015503 2738.170654
96.581345 473.647247 2698.020264
259.437134 470.004883 2696.321045
336.959717 155.263702 2687.739990
245.490234 408.642242 2544.284424
-66.274429 477.289612 2699.719482
-136.287460 171.946045 2702.312988
-30.086914 411.892639 2539.507324
90.809662 234.803284 2656.824463
196.898788 -6.542511 2614.461426
210.919846 -488.312347 2667.309570
184.331558 -948.588623 2598.665527
-26.822823 -1.538849 2616.795898
-18.305489 -478.538818 2703.148926
-4.177976 -941.861206 2658.352539
1 1 1
107.725998 706.288086 2740.719238
96.726311 477.743866 2699.617432
259.560638 472.290344 2697.311035
338.482056 153.628082 2687.376953
247.358856 409.401489 2547.331543
-66.108025 483.197388 2701.923828
-138.641083 174.475342 2702.657227
-24.961983 410.676239 2540.507324
88.138336 239.164429 2657.420166
191.318359 -3.158264 2613.639893
208.043915 -483.647919 2675.914307
183.970886 -942.177246 2596.029297
-32.217651 4.328247 2616.805908
-20.119457 -472.884369 2701.754883
-3.002716 -935.674438 2650.493408
1 1 1
106.612854 704.694946 2743.010742
97.425873 475.008118 2699.464844
260.293701 470.322449 2700.383789
338.751465 154.818359 2686.206055
249.654572 410.263794 2546.383057
-65.441956 479.693817 2698.545898
-139.972992 169.050476 2700.633545
-26.849640 412.770203 2540.910400
90.810989 236.574539 2656.076660
196.015060 -5.076080 2613.319336
221.466965 -484.528412 2680.203125
194.955063 -943.107849 2600.763916
-27.622852 1.357971 2612.057617
-10.103174 -473.393829 2708.326172
7.124016 -934.123291 2641.642334
1 1 1
107.199409 704.351746 2743.643311
98.808540 475.403290 2699.928955
261.723511 471.333374 2700.843018
337.866486 153.913879 2688.110107
251.462860 410.865234 2547.165771
-64.106407 479.473206 2699.014893
-138.978119 165.827576 2702.253418
-25.901375 411.790649 2541.533447
93.103050 237.087616 2655.713135
199.225098 -4.021729 2612.124756
216.312195 -484.696930 2672.299561
193.507065 -944.612244 2599.786865
-24.429977 1.565613 2610.869873
-11.356444 -475.183807 2697.368408
3.998523 -938.070068 2648.436035
1 1 1
107.796844 703.846436 2743.455078
99.912727 474.629639 2699.324219
262.822632 470.738525 2701.879639
338.432190 153.457001 2689.062256
251.844696 410.995880 2546.115479
-62.997169 478.520752 2696.768799
-139.489899 172.912201 2703.626709
-27.113037 411.362976 2540.931885
94.916336 236.315796 2654.973145
201.759415 -4.669327 2612.376465
216.680740 -485.290344 2674.296387
193.053711 -945.307739 2602.292969
-21.919523 0.673233 2608.867676
-13.028807 -474.696594 2703.282227
4.432814 -936.391418 2643.557373
1 1 1
107.918304 704.317749 2742.864014
100.032722 475.132446 2698.825439
262.960266 471.232544 2700.967041
338.221100 152.726593 2690.520996
250.283905 410.626678 2549.712402
-62.894817 479.032379 2696.683838
-139.240295 177.455109 2701.837158
-24.702934 410.594482 2535.600342
94.914124 236.846985 2654.310791
201.644501 -4.115768 2611.266357
211.923538 -485.668945 2666.394531
192.187729 -947.748047 2609.528076
-22.053450 1.238785 2608.325928
-16.363256 -472.604492 2710.467773
0.523149 -932.676758 2638.841309
1 1 1
108.730156 704.767944 2743.563232
100.289398 475.555634 2699.572754
263.200226 471.336273 2702.536133
338.113464 152.861420 2693.269531
251.819473 410.925415 2548.911621
-62.621433 479.774994 2696.609375
-140.616928 178.727905 2701.416016
-22.272034 409.808044 2536.198242
94.941246 237.384277 2654.469727
201.435944 -3.683792 2611.401123
215.593994 -484.353271 2673.026855
192.089600 -944.993164 2606.481445
-22.249737 2.109634 2607.332275
-15.182125 -472.234131 2707.423828
0.554168 -933.718018 2644.526611
1 1 1
107.588791 705.947021 2744.997070
96.231308 476.872101 2701.588623
258.805542 471.934143 2695.716797
335.534027 154.896118 2690.727539
252.068359 410.364899 2547.070557
-66.342941 481.810059 2707.460449
-140.147034 170.260529 2702.347168
-28.336967 411.953613 2539.436768
87.344826 239.006149 2655.581787
190.235596 -2.254883 2605.537842
204.201996 -482.308319 2672.094971
181.274933 -942.086914 2599.090820
-33.318909 4.535278 2613.612061
-24.725723 -471.358002 2705.807861
-8.505968 -934.417114 2656.647217
1 1 1
106.922180 704.502930 2744.173584
97.829445 476.599396 2700.315186
260.504150 471.977478 2701.085938
336.768890 155.440460 2686.405762
252.412781 410.506775 2544.045166
-64.845284 481.221313 2699.544434
-140.571686 175.619568 2700.223633
-25.041832 411.330536 2535.023926
91.288597 238.685715 2654.145508
196.440201 -2.401382 2608.505127
222.059311 -480.724487 2682.497559
199.097427 -939.828796 2604.970703
-26.944710 3.945450 2607.446533
-9.220032 -470.094666 2707.113770
8.792578 -929.897095 2636.184326
1 1 1
106.476036 704.026001 2743.211182
97.933723 476.026794 2699.426514
260.753113 472.040466 2699.344971
337.384644 154.725006 2685.195801
252.195038 410.957336 2544.577637
-64.885674 480.013062 2699.508057
-140.785767 176.307281 2700.107422
-28.062943 412.676239 2537.114746
92.081177 237.906265 2654.185059
197.925049 -2.948898 2608.887695
214.289703 -483.182861 2671.604980
192.985260 -944.023438 2605.202637
-25.467770 2.520401 2608.999512
-9.631477 -469.461426 2718.284424
2.783093 -929.099487 2643.270508
1 1 1
107.279266 705.212463 2743.236816
99.186485 476.494324 2699.537109
262.063446 472.683960 2700.955322
337.188019 153.860596 2687.602051
252.786957 410.301147 2543.686279
-63.690487 480.304688 2698.118896
-140.065231 168.643799 2701.939941
-28.286674 412.635376 2541.480713
94.000931 238.231598 2654.934570
200.596954 -2.646164 2611.305420
217.316238 -483.264709 2672.264893
192.681931 -944.199829 2607.091797
-22.966192 2.583908 2609.358643
-10.584129 -471.652710 2708.824707
4.946106 -933.035278 2645.898682
1 1 1
106.423805 705.437866 2743.743896
98.298302 476.685974 2699.959229
261.198456 472.527039 2701.792480
336.597961 152.426788 2686.799805
252.566742 410.626740 2544.239990
-64.601845 480.844879 2698.125977
-138.353210 164.530945 2703.093994
-28.478470 412.523254 2543.214600
92.709862 238.340515 2655.828125
198.935150 -2.859589 2612.955322
211.818939 -483.848114 2672.472412
188.526306 -944.728882 2606.062256
-24.692295 2.849731 2610.438721
-12.406510 -471.796478 2708.477783
-0.302896 -934.165161 2651.293945
1 1 1
106.091354 707.103271 2744.005615
98.464943 478.798218 2699.881348
261.313202 474.536133 2704.249268
337.799469 152.713257 2684.406006
253.239655 409.933655 2541.594238
-64.383308 483.060303 2695.513428
-139.175873 170.763916 2702.549072
-28.358093 410.448547 2541.007568
93.414856 240.465378 2655.605469
200.168106 -0.793579 2614.328369
214.401108 -482.915161 2662.678711
195.866196 -946.342102 2624.514404
-23.438585 5.058655 2608.330811
-10.658957 -469.507080 2706.968750
3.911960 -931.394409 2645.844238
1 1 1
123.616844 716.294434 2682.724121
116.899841 482.433105 2666.829346
297.933289 478.017914 2654.501709
335.671875 180.927185 2674.554932
356.539490 -121.975830 2587.813232
-64.133606 486.848328 2679.156982
-64.132774 171.065369 2679.156982
-64.139008 -144.717163 2679.156982
109.468430 242.173798 2643.747559
213.194885 -0.796539 2613.096436
222.102036 -482.191711 2650.083740
195.488190 -938.777649 2572.275879
-9.120848 4.625488 2628.235107
2.009554 -475.017609 2681.602295
22.218687 -928.454041 2585.875732
0 0 0
124.652534 715.554871 2683.291992
117.575661 481.922729 2667.691650
298.521179 477.249146 2654.234375
336.820251 180.820221 2673.623535
355.982422 -121.815918 2585.567871
-63.369850 486.596313 2681.148926
-63.369022 170.813354 2681.148926
-63.375252 -144.969177 2681.148926
109.664963 241.664093 2644.764648
212.859940 -1.464264 2613.574463
219.550995 -483.056732 2648.733154
194.177048 -940.607178 2575.057373
-9.351409 4.275177 2630.100830
1.809895 -475.736145 2681.087158
21.227913 -930.565674 2590.889404
0 0 0
125.929977 714.480713 2683.587402
118.221870 480.587769 2667.575195
299.125671 475.780151 2653.583496
337.688507 180.892609 2670.617188
356.582336 -122.693634 2585.878418
-62.681923 485.395386 2681.566895
-62.681095 169.612427 2681.566895
-62.687325 -146.170105 2681.566895
110.033554 240.377563 2644.242676
212.923279 -2.784607 2612.319092
224.987350 -481.596802 2669.716064
192.695007 -931.285461 2564.127930
-9.232796 3.119324 2629.501221
3.212436 -477.271790 2676.921143
21.552292 -933.710083 2594.574707
0 0 0
124.951767 715.225647 2683.209961
117.978310 481.024109 2667.204346
298.895752 476.556213 2653.254639
340.476990 181.835266 2672.387939
357.885132 -121.184296 2585.332031
-62.939144 485.492065 2681.154053
-62.938316 169.709106 2681.154053
-62.944546 -146.073425 2681.154053
110.259331 240.781921 2644.041504
213.627151 -2.203674 2612.313232
221.142456 -482.485474 2658.032959
194.258209 -936.513855 2569.558594
-8.546438 3.283112 2629.444092
3.807453 -476.352844 2683.875000
21.483891 -930.655273 2590.474121
0 0 0
124.956177 714.021729 2683.543213
118.898331 479.825256 2667.876221
299.878815 475.848572 2654.624023
340.232025 182.540344 2675.820801
358.465729 -119.039703 2584.149414
-62.082150 483.801880 2681.128418
-62.081322 168.018921 2681.128418
-62.087551 -147.763611 2681.128418
111.895851 239.599228 2644.331055
216.020432 -3.068558 2612.648682
224.117081 -483.853149 2655.126221
196.446777 -938.937134 2569.713867
-6.233706 1.814987 2628.923096
6.708773 -477.840820 2683.436035
23.007343 -931.269165 2585.192139
0 0 0
127.715195 714.806763 2685.208252
121.013641 481.050049 2668.279541
302.057404 477.156097 2655.904053
342.560577 185.222137 2680.925049
355.056671 -114.216095 2581.966797
-60.030132 484.943970 2680.655029
-60.029305 169.161011 2680.655029
-60.035534 -146.621521 2680.655029
114.196838 240.879211 2644.124023
218.545776 -1.682587 2612.369629
223.924667 -482.919067 2651.083740
197.829117 -938.995422 2569.193604
-3.785717 3.099365 2627.567383
6.692567 -476.862854 2679.973633
22.645683 -930.309753 2581.403809
0 0 0
125.714447 714.259766 2687.540527
120.832031 481.221619 2669.069336
301.859253 478.170593 2656.233887
347.044739 190.712067 2685.932129
356.679718 -108.389740 2585.433105
-60.195190 484.272614 2681.905273
-60.194363 168.489655 2681.905273
-60.200592 -147.292877 2681.905273
114.985809 241.156784 2643.679932
220.295242 -0.781433 2610.409180
220.014465 -482.812653 2634.663330
200.139389 -942.934448 2591.646973
-2.016069 2.965363 2626.171875
5.356906 -477.812225 2670.419434
23.709587 -933.778748 2585.727051
0 0 0
126.371086 712.878601 2686.700928
121.893845 479.351929 2668.610107
303.026642 476.489166 2657.394775
342.737549 188.047455 2680.531982
358.487091 -111.431671 2581.994385
-59.238934 482.214691 2679.825439
-59.238106 166.431732 2679.825439
-59.244335 -149.350800 2679.825439
116.536255 239.257782 2643.367188
222.401871 -2.594223 2611.237549
227.540955 -482.774109 2656.313721
197.055862 -936.026123 2574.165527
-0.044535 0.921494 2625.010986
7.056693 -479.084351 2676.885010
23.105190 -934.069336 2586.199463
0 0 0
125.886154 712.228149 2684.282715
122.585983 478.487518 2668.075195
303.804413 476.136597 2658.225830
339.835968 181.707397 2676.370850
357.287384 -117.825531 2578.113037
-58.632435 480.838440 2677.924561
-58.631607 165.055481 2677.924561
-58.637836 -150.727051 2677.924561
118.139725 238.296600 2643.598389
224.966797 -3.337860 2613.073730
220.638992 -484.810089 2635.813965
205.448639 -943.601440 2598.338867
2.420131 -0.450775 2625.169434
12.171343 -479.918640 2681.620850
21.001495 -935.653198 2593.632812
0 0 0
125.453247 714.044434 2683.562256
121.583061 480.098328 2667.911621
302.770569 477.881287 2657.408203
339.211975 179.929565 2674.621338
359.184906 -119.568298 2576.669189
-59.604439 482.315369 2678.415039
-59.603611 166.532410 2678.415039
-59.609840 -149.250122 2678.415039
117.253525 239.852966 2643.935059
224.175095 -1.753662 2613.509277
220.915192 -482.912048 2647.439941
196.544296 -938.164001 2577.504395
1.672865 0.968872 2626.407715
5.164578 -479.303101 2675.907959
16.784477 -936.425110 2595.802246
0 0 0
125.672531 714.717896 2683.202637
122.045670 480.417664 2667.471924
303.257416 478.256409 2657.330811
340.234833 184.304565 2672.981689
357.346680 -115.116608 2574.234375
-59.166061 482.578888 2677.613037
-59.165234 166.795929 2677.613037
-59.171463 -148.986603 2677.613037
117.843987 240.158722 2643.594971
224.909042 -1.427246 2613.491211
218.066971 -483.342499 2636.997314
203.644516 -943.020447 2594.244873
2.375566 1.226837 2625.944824
10.046017 -479.426483 2671.416504
17.382328 -938.034241 2599.901123
0 0 0
125.388962 714.611938 2683.057617
121.485802 480.884827 2667.281250
302.711060 478.585175 2657.387451
338.177612 182.444519 2673.647217
356.697510 -115.665680 2571.283203
-59.739479 483.184479 2677.175049
-59.738651 167.401520 2677.175049
-59.744881 -148.381012 2677.175049
117.107315 240.678253 2642.912109
224.004684 -0.940353 2612.468018
217.221054 -482.313171 2646.633545
195.951111 -937.697266 2571.914307
1.452957 1.883713 2624.617920
8.786596 -479.273804 2664.713135
16.738281 -939.147705 2601.884766
0 0 0
125.730156 716.887207 2692.461914
122.089058 483.566498 2671.470459
303.327667 481.228058 2661.818359
338.089630 183.940796 2674.339111
354.691986 -114.574860 2572.784912
-59.149559 485.904938 2681.122559
-59.148731 170.121979 2681.122559
-59.154961 -145.660553 2681.122559
117.496521 243.807159 2643.322510
224.188507 2.611969 2609.248047
223.591644 -476.873077 2662.114014
194.698578 -927.077515 2560.968994
1.619452 5.483673 2621.101074
8.232182 -475.637817 2662.209961
17.762486 -935.305542 2597.530273
0 0 0
123.979843 712.715942 2687.653076
121.209198 479.812225 2668.948242
302.408203 477.895203 2658.520020
340.238434 183.907776 2673.808105
354.792816 -114.528473 2571.685303
-59.989822 481.729248 2679.376465
-59.988995 165.946289 2679.376465
-59.995224 -149.836243 2679.376465
117.168320 239.804626 2642.854492
224.389099 -1.380066 2610.357422
223.378296 -481.203583 2662.745605
195.103485 -933.370728 2565.654053
1.865785 0.974121 2623.164062
6.718126 -478.474915 2678.975586
17.481672 -934.084717 2592.756836
0 0 0
123.904556 712.278992 2685.228271
121.662567 478.590607 2667.925293
302.869598 476.728333 2657.604492
338.098999 181.064819 2673.524902
356.070557 -117.114044 2571.218750
-59.544498 480.452881 2678.246094
-59.543671 164.669922 2678.246094
-59.549900 -151.112610 2678.246094
117.753281 238.486084 2642.611572
225.108856 -2.761917 2610.960693
217.677658 -484.046265 2635.066162
206.082230 -941.938354 2599.637451
2.579136 -0.474960 2623.635010
8.840153 -481.056152 2668.464355
17.783068 -939.773743 2601.264404
0 0 0
124.449028 710.200562 2683.523193
121.513885 475.848083 2666.645752
302.705597 474.053345 2656.039307
338.934692 177.895020 2673.461426
357.583496 -121.004547 2573.387451
-59.677826 477.642822 2677.252197
-59.676998 161.859863 2677.252197
-59.683228 -153.922668 2677.252197
117.688202 235.673691 2641.931152
225.118454 -5.602707 2610.703857
215.381561 -487.615662 2626.873535
209.941162 -948.625244 2616.911865
2.606582 -3.398666 2623.729248
9.254954 -483.859070 2671.027588
17.012194 -941.942383 2597.577881
0 0 0
123.373581 712.754883 2684.189941
121.065407 477.906555 2667.352539
302.202515 476.598724 2655.824951
339.373169 177.460419 2673.766357
357.994019 -121.372986 2573.452148
-60.071712 479.214386 2678.880127
-60.070885 163.431427 2678.880127
-60.077114 -152.351105 2678.880127
117.766716 237.707703 2642.769531
225.692261 -3.294205 2611.108154
217.264709 -485.697021 2624.502686
206.950714 -948.269531 2618.742676
3.243793 -1.688095 2625.264893
7.428471 -482.112366 2673.796143
18.433056 -941.438232 2608.225342
0 0 0
124.829788 713.703064 2693.522461
121.646408 479.476685 2671.135986
302.775208 477.811340 2659.502686
339.335693 180.445190 2674.403809
355.927124 -117.085999 2570.036133
-59.482361 481.141968 2682.769287
-59.481533 165.359009 2682.769287
-59.487762 -150.423523 2682.769287
117.616699 239.743088 2642.711914
224.803741 -1.013031 2607.144775
215.084991 -483.596924 2617.999268
202.252197 -946.949219 2614.711670
2.370238 1.032043 2621.430908
2.205880 -479.758301 2666.435303
19.617023 -938.907593 2600.364502
0 0 0
125.348419 712.657410 2689.686768
122.627747 478.219116 2669.604004
303.813538 476.099274 2659.019531
339.127380 181.788849 2674.030273
356.882660 -116.379669 2571.656738
-58.558044 480.338928 2680.188477
-58.557217 164.555969 2680.188477
-58.563446 -151.226562 2680.188477
118.239235 238.322922 2642.526367
225.104858 -2.874893 2608.949463
214.529984 -485.374268 2624.344482
203.554733 -949.190674 2620.741455
2.596571 -0.271622 2621.947998
7.983903 -481.462769 2661.784424
17.416374 -943.007446 2618.593994
0 0 0
123.339523 711.435730 2685.761963
121.015770 476.223877 2668.595947
302.215607 474.393707 2658.164307
339.463074 180.406555 2673.910400
358.367798 -117.380127 2570.601318
-60.184063 478.054016 2679.027588
-60.183235 162.271057 2679.027588
-60.189465 -153.511475 2679.027588
117.109833 236.164734 2642.864990
224.463913 -5.018143 2610.728760
224.598129 -486.185303 2645.319580
195.368546 -944.273315 2596.691406
1.943896 -2.770645 2623.539307
7.319817 -482.586975 2676.310303
17.981865 -939.879395 2604.049561
0 0 0
122.459259 708.194641 2684.307373
120.504448 473.022949 2667.734619
301.635742 471.739471 2656.149658
340.896729 176.407074 2674.008789
356.816284 -119.344238 2564.729736
-60.626858 474.306458 2679.319580
-60.626030 158.523499 2679.319580
-60.632259 -157.259033 2679.319580
117.190102 232.894257 2642.518066
225.096817 -8.022568 2610.187988
218.889709 -489.949219 2632.702393
201.561005 -951.170166 2607.974365
2.654689 -6.446335 2624.415039
6.730196 -486.127991 2679.432861
20.793369 -941.242188 2592.808105
0 0 0
122.677597 713.484619 2693.086670
120.544914 479.008850 2671.509277
301.696503 477.644684 2660.213379
342.631042 174.185364 2676.780273
356.093872 -116.017822 2554.006104
-60.606678 480.373016 2682.805176
-60.605850 164.590057 2682.805176
-60.612080 -151.192474 2682.805176
116.965302 239.263733 2643.056152
224.615692 -1.319000 2607.667236
215.310013 -483.554993 2626.803223
202.977570 -946.227173 2607.536865
2.155683 0.356232 2621.538818
5.976322 -479.598328 2674.646484
21.784115 -934.521057 2585.057373
0 0 0
121.697525 711.329651 2687.973145
120.181976 477.212799 2669.393555
301.414459 476.224518 2659.515869
343.304932 157.586731 2677.393066
348.751312 -129.057617 2532.648682
-61.050518 478.201080 2679.271240
-61.049690 162.418121 2679.271240
-61.055920 -153.364410 2679.271240
117.448547 237.192642 2643.255371
225.999084 -3.434357 2611.051758
218.250854 -485.913574 2627.566406
205.017441 -949.334778 2617.409424
3.431142 -2.220673 2623.182617
5.308158 -482.164215 2676.741455
25.408524 -937.722534 2590.272461
0 0 0
122.301178 713.739319 2695.419678
120.584068 479.743927 2673.003662
301.740845 478.911560 2661.825928
347.142639 143.785583 2676.198486
342.059906 -136.075745 2508.443115
-60.572712 480.576294 2684.181396
-60.571884 164.793335 2684.181396
-60.578114 -150.989197 2684.181396
117.702164 240.039917 2644.145508
226.055649 -0.175186 2608.424072
216.285477 -482.779785 2621.287354
203.333923 -946.582825 2613.620361
3.584852 0.847000 2622.150635
4.976158 -479.316345 2673.847168
22.690474 -934.163940 2582.708252
0 0 0
122.374840 713.906006 2698.642090
120.224174 480.439270 2674.062988
301.339081 480.099243 2662.167969
350.065094 138.892334 2674.601562
335.043304 -126.413818 2483.720947
-60.890713 480.779358 2685.958008
-60.889885 164.996399 2685.958008
-60.896114 -150.786133 2685.958008
117.780060 240.907806 2643.695557
226.543686 1.167526 2606.024414
216.561066 -481.362549 2622.267822
204.225845 -945.351257 2614.577148
4.128208 1.585129 2620.631836
8.298524 -477.263550 2682.414795
22.385948 -930.137329 2581.540283
0 0 0
121.474899 716.733948 2700.771240
120.967987 482.697876 2675.405518
302.248474 483.601532 2667.263672
353.538696 144.448944 2676.823975
330.795288 -104.386414 2464.452148
-60.312531 481.794250 2683.547363
-60.311703 166.011292 2683.547363
-60.317932 -149.771240 2683.547363
120.762100 243.257904 2644.246094
231.891434 4.372894 2608.086182
220.252441 -478.156433 2623.980225
207.103455 -942.234497 2618.697510
9.220994 3.262939 2618.087158
13.465343 -476.122528 2675.943115
25.653442 -930.941956 2583.928711
0 0 0
119.707825 716.740601 2701.322998
121.568565 483.027496 2675.777832
302.900604 484.779541 2668.554443
358.262421 151.230072 2681.924561
325.417389 -73.678497 2445.786865
-59.763481 481.275452 2683.001221
-59.762653 165.492493 2683.001221
-59.768883 -150.290039 2683.001221
122.611649 243.676849 2643.906738
234.985596 5.401901 2607.600586
223.228729 -476.206482 2638.189941
200.122284 -936.046265 2593.748535
12.323876 3.250504 2616.470703
9.846783 -474.638672 2684.824219
24.570415 -927.273315 2583.022949
0 0 0
117.713440 716.057373 2701.582764
119.406113 482.671143 2676.256836
300.716614 484.790375 2668.325195
354.124603 154.122345 2680.444336
318.019562 -38.527084 2419.419922
-61.904388 480.551941 2684.188477
-61.903561 164.768982 2684.188477
-61.909790 -151.013550 2684.188477
120.823273 243.275330 2644.687988
233.562271 5.180664 2608.249268
215.729111 -476.808411 2623.460693
201.224869 -938.808594 2607.850098
10.918596 2.578339 2617.989014
6.099405 -475.512787 2685.469482
20.560040 -929.341125 2588.720947
0 0 0
118.127762 716.190735 2702.720459
119.711815 482.614868 2676.698730
301.079254 484.602539 2670.072266
350.063690 154.060669 2685.733398
308.469269 17.154663 2399.199951
-61.655602 480.627136 2683.325195
-61.654774 164.844177 2683.325195
-61.661003 -150.938354 2683.325195
121.168091 243.264679 2644.759033
233.986618 5.134979 2608.750732
217.319168 -477.061798 2624.986084
204.879593 -940.175293 2613.992432
11.262106 2.694031 2616.887939
7.123573 -475.970581 2680.508057
23.864029 -929.797852 2583.825684
0 0 0
118.456055 718.690125 2703.805176
120.370888 485.257416 2678.080322
301.732239 487.242981 2671.132324
350.538116 159.027618 2684.343262
296.755188 83.502640 2382.962891
-60.990475 483.271851 2685.028320
-60.989647 167.488892 2685.028320
-60.995876 -148.293640 2685.028320
121.762482 245.922485 2646.007812
234.510834 7.806702 2609.669189
215.427063 -474.529388 2616.423828
202.355576 -938.162598 2613.632080
11.797320 5.368408 2618.201416
5.782616 -472.394592 2688.068115
21.634787 -924.550293 2583.836426
0 0 0
117.009811 718.004639 2702.851807
120.106308 483.677307 2676.957764
301.452545 485.757172 2669.585205
356.265717 173.516022 2682.666016
283.954620 145.969574 2381.585449
-61.239910 481.597412 2684.330322
-61.239082 165.814453 2684.330322
-61.245312 -149.968079 2684.330322
121.533951 244.384766 2644.565918
234.311066 6.369324 2607.647217
212.908676 -475.915924 2616.930420
204.690460 -939.909607 2613.383301
11.612126 3.815155 2616.700928
3.647403 -474.910461 2679.262207
22.221312 -930.238159 2591.864014
0 0 0
117.368019 717.699829 2703.360596
120.001656 483.072937 2676.825195
301.169037 485.188538 2666.342285
370.128693 173.753662 2673.834229
269.308319 224.971863 2396.157227
-61.165718 480.957336 2687.308105
-61.164890 165.174377 2687.308105
-61.171120 -150.608154 2687.308105
120.892181 243.846283 2643.934570
233.039444 5.918854 2604.606445
215.244171 -475.248840 2634.757324
198.144730 -934.979370 2589.598145
10.525969 3.320435 2617.481445
3.728905 -475.962463 2676.029053
21.148079 -932.627075 2594.830322
1 1 1
115.352394 714.378113 2692.605225
118.461784 479.320923 2671.104248
298.980743 482.205353 2653.827393
377.650116 172.943115 2659.416260
261.637665 299.815460 2424.480225
-62.057167 476.436523 2688.381104
-62.056339 160.653564 2688.381104
-62.062569 -155.128967 2688.381104
119.581879 239.555084 2642.777588
231.615997 1.561462 2603.835693
212.715851 -480.292053 2620.306152
200.516556 -942.212158 2604.863770
9.787931 -1.983002 2625.066162
0.096208 -481.480743 2681.587158
21.626503 -938.945557 2605.665771
1 1 1
114.977631 717.035767 2697.892090
113.847046 483.421600 2672.970215
291.802185 485.182465 2640.967285
377.277924 174.891296 2646.884033
257.885986 361.516724 2460.824707
-64.108093 481.660736 2704.973145
-64.107262 165.877777 2704.973145
-64.113495 -149.904755 2704.973145
110.878410 243.853516 2643.281250
217.510010 5.369919 2593.882080
198.828781 -476.838440 2598.796875
190.966705 -938.635864 2616.070312
-1.690469 3.200943 2633.302490
-9.199384 -476.706421 2686.660400
10.389901 -932.567566 2601.282959
1 1 1
114.379730 714.335938 2699.922119
112.522423 481.666626 2673.499756
289.511871 482.472656 2635.351807
376.013885 173.549438 2629.436523
255.287964 405.652161 2492.333984
-64.467018 480.860596 2711.647705
-64.466187 165.077637 2711.647705
-64.472420 -150.704895 2711.647705
107.038818 242.228729 2642.999023
210.088730 3.285126 2589.105225
202.520477 -478.965057 2604.153564
202.157349 -941.932739 2619.497803
-6.978313 2.296570 2635.891357
-5.976367 -477.700928 2688.443604
15.411756 -931.488159 2593.142334
1 1 1
113.398941 714.114319 2700.906494
109.815102 481.644287 2674.494141
285.860992 482.079498 2631.515869
372.333496 183.500916 2612.292236
254.721954 443.237854 2512.011475
-66.230812 481.209045 2717.472412
-66.229980 165.426086 2717.472412
-66.236214 -150.356445 2717.472412
102.966736 242.219391 2644.017334
204.118942 3.061508 2587.174316
208.679611 -479.048523 2607.724609
196.985641 -942.424988 2618.041748
-11.882211 2.527512 2639.906738
-1.309076 -478.167847 2682.818115
16.872599 -933.937012 2596.779053
1 1 1
114.260529 718.630798 2701.934326
107.230804 484.630981 2675.736816
281.849854 483.330811 2627.128906
371.170013 200.734192 2590.203369
248.890076 473.101318 2532.451416
-67.388260 485.931213 2724.344727
-67.387428 170.148254 2724.344727
-67.393661 -145.634277 2724.344727
96.970535 245.336624 2645.278564
193.903442 5.244095 2584.981445
203.043427 -476.449829 2614.201904
191.833862 -940.181519 2612.975586
-20.482908 6.840408 2644.659180
-1.673891 -473.300598 2691.201416
13.093858 -926.447632 2592.161621
1 1 1
112.953789 717.778320 2692.394775
105.528458 484.038025 2673.791992
280.250580 481.648834 2625.144043
377.079956 216.868225 2566.086426
247.132233 492.424316 2526.578369
-69.193665 486.427246 2722.439941
-69.192833 170.644287 2722.439941
-69.199066 -145.138245 2722.439941
95.264526 244.161774 2648.709229
192.212814 2.819458 2593.775391
211.381134 -478.590179 2623.536133
204.766235 -942.625366 2626.093750
-22.211618 5.751556 2653.477539
4.691813 -474.646423 2692.545898
20.112160 -929.845764 2603.285156
1 1 1
112.360512 715.125305 2687.625977
104.131340 481.799927 2673.208008
277.947327 479.210083 2621.312256
381.067596 225.954193 2544.536865
240.517517 498.493134 2510.581787
-69.684654 484.389771 2725.103760
-69.683823 168.606812 2725.103760
-69.690056 -147.175720 2725.103760
93.984695 241.596588 2651.210938
190.546387 -0.196701 2597.354248
209.416153 -482.198303 2613.869629
202.468903 -946.265137 2622.470703
-22.870283 2.983200 2661.073486
6.180902 -477.835938 2693.709717
19.373226 -930.538696 2592.402588
1 1 1
112.214363 716.833496 2695.249023
104.276764 484.039215 2677.679199
278.773438 482.223083 2627.970459
384.048889 235.487640 2519.274414
238.993790 506.403198 2481.357666
-70.219910 485.855347 2727.387939
-70.219078 170.072388 2727.387939
-70.225311 -145.710144 2727.387939
94.751266 244.056519 2653.008789
192.352417 2.958878 2597.821289
215.613113 -478.468506 2623.882812
201.305649 -940.365906 2597.217041
-21.900883 5.188766 2658.855469
10.041475 -475.957520 2682.625732
21.277033 -929.016479 2582.013672
1 1 1
111.421417 713.966858 2700.056641
103.664864 482.487122 2680.534424
277.878693 482.093140 2629.730957
380.510986 252.741959 2493.630615
226.761566 517.478088 2444.007812
-70.548973 482.881134 2731.337891
-70.548141 167.098175 2731.337891
-70.554375 -148.684357 2731.337891
95.216125 242.719940 2653.421631
193.725632 2.710846 2595.118164
213.495132 -479.286316 2613.541260
205.970444 -942.156189 2611.438721
-20.190859 3.194641 2657.499512
11.012417 -478.132721 2680.267334
22.891621 -933.406860 2590.586426
1 1 1
110.774437 713.675903 2701.959473
104.391701 482.375916 2682.510254
278.393768 482.973755 2630.931885
375.743439 272.379089 2468.808838
215.505585 525.947754 2394.367432
-69.610374 481.778015 2734.088623
-69.609543 165.995056 2734.088623
-69.615776 -149.787476 2734.088623
97.084503 242.591431 2655.079590
196.609467 3.174026 2595.981201
214.984268 -478.409424 2624.163818
211.874847 -941.977539 2617.867432
-17.054836 2.439896 2659.316650
10.777588 -479.193359 2680.556396
23.630911 -935.876343 2598.247803
1 1 1
112.879128 715.010742 2701.904785
107.575233 482.488525 2683.261475
281.887665 482.784088 2632.706299
366.869965 292.185974 2439.903564
209.223969 535.033203 2340.079346
-66.737206 482.192932 2733.816650
-66.736374 166.409973 2733.816650
-66.742607 -149.372559 2733.816650
100.326302 242.577637 2656.864746
200.104126 2.848251 2599.427490
215.345963 -479.053711 2625.444824
210.944336 -942.907471 2615.279785
-13.949377 2.485275 2661.508545
11.846220 -479.191528 2684.710693
24.400053 -935.123596 2597.963623
1 1 1
113.103989 716.481140 2702.880127
107.916542 483.716217 2684.457520
281.813538 484.610168 2632.494629
355.930084 316.596741 2413.442139
199.195099 540.268860 2279.315918
-65.980446 482.822266 2736.420410
-65.979614 167.039307 2736.420410
-65.985847 -148.743225 2736.420410
101.278046 243.776154 2658.113281
201.416046 4.384995 2599.862793
213.432495 -477.956482 2617.811279
208.437683 -942.029175 2616.502441
-12.136937 3.287186 2663.675293
12.735768 -478.515564 2685.565430
22.038982 -932.939453 2590.992432
1 1 1
116.480484 716.684875 2705.878174
112.203613 484.108398 2685.626709
286.368439 485.817566 2634.578125
345.460358 341.304535 2390.235840
196.487930 539.191406 2215.164307
-61.961212 482.399231 2736.675293
-61.960384 166.616272 2736.675293
-61.966614 -149.166260 2736.675293
106.614563 244.225571 2658.526611
207.965240 5.392181 2600.082031
216.672699 -477.123718 2616.692871
218.724854 -941.276306 2619.916992
-5.914208 3.293274 2662.770996
18.602646 -478.669952 2681.219238
25.775354 -934.309937 2592.363770
1 1 1
117.935234 722.991211 2714.363770
114.969521 490.002747 2690.089355
288.700409 493.537170 2637.704590
326.209839 370.646088 2374.604248
199.067993 530.595154 2158.109863
-58.761375 486.468262 2742.474121
-58.760548 170.685303 2742.474121
-58.766777 -145.097229 2742.474121
110.642899 250.527527 2659.582520
212.996490 13.222672 2596.908691
226.485321 -464.726257 2652.192627
208.575134 -918.254395 2586.616943
-0.363946 8.881973 2661.242676
16.918568 -473.137146 2684.206055
25.640739 -927.083862 2587.299316
1 1 1
120.606377 720.715454 2718.110596
116.357948 488.229370 2691.810791
289.720154 492.034668 2638.218018
303.099670 422.319824 2365.302490
206.689957 508.471252 2106.997070
-57.004246 484.424103 2745.403564
-57.003418 168.641144 2745.403564
-57.009647 -147.141388 2745.403564
111.787796 248.911621 2660.034668
213.662994 11.930313 2595.352295
224.889954 -465.961609 2657.799561
198.688232 -919.371704 2577.600342
0.772283 7.257401 2661.164795
9.804729 -475.002869 2683.182861
21.187340 -929.602844 2589.446533
1 1 1
123.946754 720.770020 2721.977051
118.082001 489.446960 2693.459961
290.904816 492.842133 2638.133057
287.547424 450.152985 2354.155518
219.786743 489.014099 2074.061523
-54.740849 486.051758 2748.786865
-54.740021 170.268799 2748.786865
-54.746250 -145.513733 2748.786865
112.321762 250.270325 2660.789551
212.680313 13.178452 2594.146729
216.709579 -467.151428 2632.030029
203.766861 -925.861694 2601.272217
0.442730 9.008957 2662.091553
11.598979 -473.390442 2680.724854
20.446655 -929.634766 2595.278809
1 1 1
126.486328 719.342957 2722.904297
119.677521 489.143921 2693.898682
292.169739 491.983887 2637.505127
281.278870 466.570190 2348.573730
227.151337 475.954102 2057.412109
-52.814682 486.304016 2750.292236
-52.813854 170.521057 2750.292236
-52.820084 -145.261475 2750.292236
112.897064 250.004456 2661.116211
212.028641 12.608719 2593.707520
212.644684 -468.575684 2627.505859
207.447510 -930.076782 2607.613281
0.204573 9.121231 2662.959961
10.723269 -473.363281 2680.659424
19.722870 -928.525024 2589.503174
1 1 1
126.361526 716.306580 2723.868164
119.224518 486.513336 2693.802979
291.528107 489.348389 2636.818359
272.140930 474.282196 2338.785645
218.316406 473.980499 2044.036743
-53.079052 483.678284 2750.787598
-53.078224 167.895325 2750.787598
-53.084454 -147.887207 2750.787598
112.141586 247.451599 2660.492676
210.854202 10.130615 2592.193359
214.763824 -470.349091 2636.552490
201.141785 -930.319092 2591.241455
-0.736904 6.649109 2662.171387
11.944830 -475.848663 2678.350342
19.566719 -931.084839 2587.197754
0 0 0
126.234879 716.639282 2713.374756
120.132637 486.012390 2689.814209
293.230957 487.707825 2635.305176
270.532806 478.616760 2336.884277
217.529633 475.809570 2040.403809
-52.965691 484.316956 2744.323242
-52.964863 168.533997 2744.323242
-52.971092 -147.248535 2744.323242
113.446411 246.383148 2661.127930
213.057632 7.795074 2598.968506
218.285446 -473.658508 2632.023926
207.031326 -935.775879 2612.287598
0.462746 5.712769 2665.914795
13.317358 -476.508728 2688.248291
22.084049 -930.550903 2591.473877
0 0 0
124.843803 717.303162 2717.617920
119.574493 486.185425 2691.690430
292.713196 488.981567 2637.323242
270.262024 480.811920 2339.447021
218.419495 477.050812 2042.100708
-53.564194 483.389282 2746.057617
-53.563366 167.606323 2746.057617
-53.569595 -148.176208 2746.057617
113.781815 246.776978 2660.929932
214.294968 9.085327 2596.788330
214.567154 -473.109772 2614.117920
207.034470 -936.229614 2611.844482
1.683303 5.651733 2663.550537
11.426208 -476.796661 2682.344971
21.812428 -930.204102 2582.704346
0 0 0
125.996872 716.184875 2710.239502
120.928040 485.119232 2688.707764
294.730377 487.081360 2636.489746
275.112885 475.393280 2337.219238
215.492737 477.598114 2042.930420
-52.874302 483.157104 2740.925781
-52.873474 167.374146 2740.925781
-52.879704 -148.408386 2740.925781
115.211800 245.372742 2660.673340
216.219040 6.831085 2600.574219
213.662643 -475.358856 2622.665283
214.082092 -938.928955 2629.740723
2.772090 4.421417 2664.703613
12.563402 -478.098480 2682.178467
22.242008 -933.235107 2590.982422
1 1 1
124.421829 712.543274 2706.050293
119.812775 481.248291 2686.569336
294.021393 483.030579 2635.693359
281.554413 461.693695 2343.113281
207.491028 477.095398 2048.853760
-54.395863 479.466064 2737.445312
-54.395035 163.683105 2737.445312
-54.401264 -152.099426 2737.445312
114.296745 241.396057 2659.278809
215.745361 2.638123 2600.750244
215.896774 -479.928467 2613.370361
205.666794 -943.473145 2626.506104
1.816074 0.449493 2663.226318
9.908064 -482.063110 2681.963623
20.698963 -936.378906 2586.727783
1 1 1
123.478287 711.224792 2703.947510
118.598030 479.302795 2684.822998
292.983887 481.010864 2634.527588
291.277863 445.845520 2353.561035
210.128632 485.990234 2068.075928
-55.787804 477.594696 2735.118408
-55.786976 161.811737 2735.118408
-55.793205 -153.970795 2735.118408
113.189110 239.395630 2657.921387
214.852966 0.537247 2600.138428
214.653168 -482.153442 2612.403320
202.364288 -945.962463 2623.578369
0.707412 -1.560287 2661.901123
9.326497 -483.895813 2684.421387
19.500713 -937.148865 2584.155029
1 1 1
123.507057 711.580566 2703.401367
118.222244 478.494293 2684.203369
292.638123 480.096558 2633.991211
304.766327 416.834015 2363.346436
209.694244 493.198425 2085.443115
-56.193623 476.892029 2734.415527
-56.192795 161.109070 2734.415527
-56.199024 -154.673462 2734.415527
112.682426 238.585190 2657.304932
214.235489 -0.340118 2599.575684
215.636215 -483.024109 2613.859131
201.232742 -946.946289 2623.093994
0.049747 -2.307709 2661.237305
11.554327 -484.531830 2684.872070
21.057230 -938.153687 2586.083008
1 1 1
122.772865 714.708618 2703.628906
117.802650 481.718262 2684.241943
291.531769 483.491821 2631.752197
321.384644 389.918640 2368.668457
209.260757 505.077423 2114.088623
-55.926476 479.944702 2736.731689
-55.925648 164.161743 2736.731689
-55.931877 -151.620789 2736.731689
112.230980 241.768890 2657.693359
213.340775 2.908600 2598.912598
217.973465 -477.866425 2637.189941
195.485855 -936.859131 2595.582520
-0.022154 0.730438 2663.376953
12.124409 -481.604919 2684.332031
20.955021 -935.867859 2588.433350
1 1 1
121.547737 716.332275 2703.743652
116.402191 483.469604 2684.274902
290.740082 484.998230 2633.851807
330.691589 364.957275 2380.338623
208.433685 517.090515 2149.292236
-57.935699 481.940979 2734.697998
-57.934872 166.158020 2734.697998
-57.941101 -149.624512 2734.697998
110.906502 243.487442 2657.998047
212.461243 4.443924 2600.759521
224.329895 -473.906494 2659.841553
192.566742 -926.696289 2578.766602
-1.639626 2.566635 2662.682861
8.461525 -479.829224 2683.447021
18.585064 -933.551270 2585.120850
1 1 1
119.706573 716.873230 2703.805176
114.760338 484.782593 2684.147949
289.504486 486.238434 2635.130371
333.351013 340.979797 2391.679443
208.366455 522.699829 2184.122070
-59.983803 483.326782 2733.165527
-59.982975 167.543823 2733.165527
-59.989204 -148.238708 2733.165527
109.175629 244.887146 2657.113770
210.885223 5.885574 2599.982422
223.263367 -472.899780 2658.823730
189.907791 -925.204224 2567.559082
-3.703394 4.097794 2660.176758
8.577801 -478.299744 2679.697754
17.488987 -933.604492 2589.153809
1 1 1
120.780815 719.708313 2704.330811
114.792892 487.261810 2684.052246
290.090363 488.049438 2637.054932
341.681763 316.491730 2413.841797
207.475021 524.238403 2235.822266
-60.504562 486.474182 2731.049561
-60.503735 170.691223 2731.049561
-60.509964 -145.091309 2731.049561
108.469749 247.450394 2656.448242
209.786560 8.122604 2599.985840
225.332413 -470.783691 2658.710449
189.072281 -922.862427 2563.204346
-5.493339 7.155350 2657.702637
7.866868 -475.288574 2675.319336
18.074665 -932.494873 2595.614746
1 1 1
118.524178 718.553040 2705.617920
114.565063 486.173828 2682.745117
290.583191 489.246155 2638.745361
347.351837 296.750183 2434.443604
202.747772 518.880737 2281.913574
-61.453060 483.101501 2726.744873
-61.452232 167.318542 2726.744873
-61.458462 -148.463989 2726.744873
111.388588 246.544662 2653.305176
216.309296 8.802307 2596.843994
226.263565 -472.122009 2626.297363
207.056351 -929.958679 2592.054688
0.114919 5.028717 2650.886475
15.063659 -477.103790 2674.074219
24.998653 -932.688721 2585.542480
1 1 1
118.278725 721.043396 2703.742676
115.383736 488.932068 2679.487793
291.595947 493.053436 2636.271240
350.168243 272.381714 2460.234131
204.768524 511.943176 2336.088135
-60.828480 484.810669 2722.704346
-60.827652 169.027710 2722.704346
-60.833881 -146.754822 2722.704346
113.606239 249.360229 2649.393066
220.014908 12.318741 2592.765381
220.445404 -469.581482 2607.571289
206.302994 -929.895691 2609.132568
3.642576 7.258072 2645.831299
11.438817 -474.774597 2673.178223
22.949327 -931.397461 2590.085449
1 1 1
117.024490 720.476807 2702.804443
114.689316 489.215607 2677.326172
290.905457 493.768524 2634.106689
351.551880 248.714600 2485.628418
215.631912 504.334808 2383.481201
-61.526840 484.662689 2720.545654
-61.526012 168.879730 2720.545654
-61.532242 -146.902802 2720.545654
113.448669 249.656494 2647.031494
220.400314 12.892761 2590.201172
215.991196 -469.398163 2604.407715
203.682892 -931.342407 2617.875488
4.015733 7.302002 2643.272461
11.404785 -474.395264 2676.274170
20.033960 -931.437256 2594.880859
1 1 1
115.146248 717.911987 2692.317627
113.353554 487.631531 2671.361328
288.665436 492.465027 2624.739746
359.818451 227.891968 2514.803711
223.379135 489.192261 2430.516846
-61.958336 482.798004 2717.982910
-61.957508 167.015045 2717.982910
-61.963737 -148.767487 2717.982910
113.102516 247.585724 2645.530273
220.513031 10.508255 2591.068359
212.909195 -471.872375 2607.632812
207.075821 -934.557922 2629.284424
5.189918 4.571609 2648.330078
13.397305 -476.913635 2684.496582
20.062929 -933.517883 2600.369629
1 1 1
115.923820 715.790894 2687.134766
111.799339 486.020264 2667.535156
284.535126 489.518738 2612.650391
363.459045 206.964203 2551.452637
223.334534 465.170593 2461.599609
-60.936451 482.521820 2722.419922
-60.935623 166.738861 2722.419922
-60.941853 -149.043671 2722.419922
109.134079 245.766937 2643.832520
212.644119 7.663986 2586.394043
206.664993 -474.985596 2597.081055
195.310318 -937.950073 2621.831055
0.293515 3.363205 2653.865723
5.550268 -478.854492 2673.171631
14.126205 -939.217285 2625.272461
1 1 1
114.784096 717.908386 2684.477539
112.051010 486.204834 2665.991943
286.728088 488.280182 2617.620605
367.222900 196.983459 2580.205322
226.017578 452.703308 2494.009277
-62.626068 484.129517 2714.363281
-62.625240 168.346558 2714.363281
-62.631470 -147.435974 2714.363281
108.435303 245.910110 2642.625244
212.085587 6.889801 2589.554688
216.025238 -475.442505 2608.329590
203.871017 -938.912842 2628.005371
-2.446390 4.340942 2648.962402
5.388946 -478.114044 2664.779785
16.955158 -938.026489 2607.900391
1 1 1
116.233147 721.294067 2693.651611
113.590347 489.439148 2669.008789
289.937927 491.364807 2627.125244
382.140015 176.418213 2629.135742
232.148682 413.946960 2504.798340
-62.757248 487.513489 2710.892334
-62.756420 171.730530 2710.892334
-62.762650 -144.052002 2710.892334
109.401039 249.774506 2640.350830
213.493210 11.292252 2585.975342
218.117722 -470.703552 2612.885986
206.356567 -934.467590 2616.091553
-3.069738 8.927475 2637.410400
5.811097 -473.390625 2658.115479
19.326323 -933.683594 2601.410400
1 1 1
117.473328 721.650269 2697.742432
111.082314 489.490204 2670.734619
287.594482 488.957367 2629.036621
390.644775 165.876007 2664.574707
232.225754 378.696716 2506.888184
-65.429878 490.023041 2712.432617
-65.429047 174.240082 2712.432617
-65.435280 -141.542450 2712.432617
103.166679 250.141113 2640.285156
203.569443 10.465042 2584.247314
212.764832 -468.442017 2638.506104
188.069016 -926.133179 2589.414551
-13.067342 11.119003 2635.424072
-3.928127 -469.722107 2674.819092
8.542588 -928.042908 2603.834473
1 1 1
117.022644 723.219482 2699.795166
111.322243 491.029053 2672.372803
289.153503 489.359192 2637.000488
391.339752 180.452332 2692.779053
227.783218 345.895355 2499.024170
-66.509010 492.698914 2707.745117
-66.508179 176.915955 2707.745117
-66.514412 -138.866577 2707.745117
102.835152 251.784943 2640.998779
203.570129 11.515228 2587.899414
216.206604 -469.255005 2618.861328
200.595764 -929.554932 2612.534668
-14.874016 13.566437 2631.350098
5.074013 -466.540680 2676.086182
17.269194 -922.900757 2593.070068
1 1 1
116.037483 721.612793 2690.842041
111.149719 489.007111 2668.973877
289.916534 486.958801 2638.563965
371.121796 194.689819 2712.398438
227.412628 295.625549 2483.403320
-67.617065 491.055420 2699.383789
-67.616234 175.272461 2699.383789
-67.622467 -140.510071 2699.383789
103.630295 249.325043 2640.914551
205.863815 8.385422 2594.185303
218.161575 -473.216919 2619.234619
202.657837 -935.422852 2613.958740
-13.642076 10.900528 2631.525146
5.742409 -469.158447 2678.831543
22.550747 -925.946716 2598.115967
1 1 1
115.590195 720.652832 2687.371826
112.792755 487.529999 2667.282227
292.158569 486.601929 2640.254150
380.397217 199.214050 2727.948242
237.194458 232.484940 2473.652832
-66.573059 488.458069 2694.310303
-66.572227 172.675110 2694.310303
-66.578461 -143.107422 2694.310303
107.463417 247.672012 2640.151123
212.240829 7.244308 2596.428467
220.409378 -475.027222 2607.909912
207.666275 -937.903687 2618.304199
-7.972653 8.383743 2629.611572
15.286531 -471.817017 2674.401123
26.506737 -928.876831 2593.821533
1 1 1
116.388397 719.505859 2686.176025
116.778160 486.537598 2666.027100
296.919952 487.592957 2645.336670
355.706970 201.601379 2733.033203
245.052521 165.052338 2466.733398
-63.363640 485.482239 2686.717529
-63.362812 169.699280 2686.717529
-63.369041 -146.083252 2686.717529
114.997009 246.706772 2638.286133
223.866425 7.524185 2597.836182
224.736496 -475.050903 2600.455811
214.248230 -937.813110 2625.299805
2.565301 6.227707 2623.254150
18.486624 -474.066101 2670.179932
31.018856 -931.345581 2590.654541
0 0 0
116.451752 723.586426 2694.528564
117.735420 490.644165 2669.855225
298.239044 492.809845 2652.036133
368.103455 194.860809 2729.908691
242.615387 125.359344 2448.588379
-62.768211 488.478516 2687.674316
-62.767384 172.695557 2687.674316
-62.773613 -143.086975 2687.674316
117.565559 251.187256 2639.031738
228.189819 13.059631 2597.270752
219.156769 -469.520599 2599.694336
207.622192 -932.456421 2628.133789
6.601569 10.401031 2619.145752
11.936711 -469.306458 2672.888916
22.003256 -926.264404 2591.053955
0 0 0
115.592865 723.329956 2698.200684
118.755295 490.400024 2671.371094
299.460693 493.819336 2655.439209
367.177002 192.747559 2722.439941
243.867432 105.794449 2445.036377
-61.950119 486.980652 2687.302979
-61.949291 171.197693 2687.302979
-61.955521 -144.584839 2687.302979
120.482300 251.059586 2639.591064
233.139633 13.818207 2598.030762
220.042709 -468.674286 2607.042725
209.161484 -932.116821 2629.939453
11.278970 9.620117 2617.591309
11.297750 -470.348541 2669.975586
21.283810 -928.942505 2598.459961
0 0 0
114.798767 721.666321 2691.031006
118.414192 488.237244 2669.475342
299.200623 492.177856 2654.203369
368.040405 191.850830 2723.366699
246.222351 98.480118 2447.393799
-62.372231 484.296631 2684.747314
-62.371403 168.513672 2684.747314
-62.377632 -147.268860 2684.747314
121.170303 248.578735 2640.262207
234.912659 11.339417 2601.673584
221.309158 -469.852417 2632.436279
202.320251 -930.467896 2607.311768
12.940154 6.501068 2620.424561
8.211806 -473.558441 2672.199951
18.364090 -932.857849 2605.042236
0 0 0
115.059738 719.976135 2686.443848
118.614296 486.423462 2668.017090
299.589874 489.953247 2654.994141
372.108032 187.438171 2709.257812
242.225098 90.186668 2438.349365
-62.361301 482.893646 2681.040039
-62.360474 167.110687 2681.040039
-62.366703 -148.671844 2681.040039
121.361450 246.484879 2641.158691
235.229202 8.713638 2606.304199
218.176651 -473.110779 2625.784912
205.448044 -935.572998 2615.966797
12.987988 4.378983 2622.296387
8.193351 -475.615967 2675.088867
16.667042 -933.564087 2599.296387
0 0 0
114.974388 717.378723 2684.642578
118.475594 484.809967 2667.568359
299.514648 488.135925 2655.170166
371.393707 183.334229 2695.767334
236.855515 84.879578 2427.579102
-62.563442 481.484009 2679.966553
-62.562614 165.701050 2679.966553
-62.568844 -150.081482 2679.966553
121.140884 244.711273 2642.077637
234.959061 6.654617 2608.974854
221.848541 -474.020813 2647.098389
198.253479 -930.472412 2588.406982
12.653293 2.570541 2624.198975
6.231035 -477.302246 2678.102295
17.986732 -935.364746 2603.115479
0 0 0
116.507256 718.010376 2684.235352
118.978065 485.602478 2667.777100
300.054138 488.577209 2655.711914
371.118225 182.730438 2689.274414
233.958145 84.300255 2422.408447
-62.097984 482.627747 2679.842285
-62.097157 166.844788 2679.842285
-62.103386 -148.937744 2679.842285
121.280907 245.406128 2643.115967
234.763809 7.036270 2611.046875
222.236008 -473.120361 2657.754639
196.938904 -926.921509 2575.049316
12.403679 3.383286 2625.862793
5.740491 -475.974487 2684.096191
17.362358 -931.611389 2596.297852
0 0 0
115.607391 718.725037 2683.544434
117.400902 485.341278 2668.108643
298.571320 488.010681 2657.494141
369.536652 181.441162 2683.910645
231.758835 81.614944 2417.882812
-63.769497 482.671875 2678.723145
-63.768669 166.888916 2678.723145
-63.774899 -148.893616 2678.723145
119.546753 245.053314 2644.304932
232.936508 6.404434 2613.983643
221.042679 -473.677979 2663.401367
193.487549 -926.506165 2570.587891
10.448704 3.126266 2627.018799
8.365327 -476.185059 2685.931885
15.774292 -929.844238 2588.114990
0 0 0
116.894112 718.635376 2684.707764
117.733055 485.336975 2668.635010
298.824188 487.674652 2656.671387
366.269836 179.761688 2675.632324
227.900314 78.525032 2410.446045
-63.358051 482.999268 2680.598633
-63.357224 167.216309 2680.598633
-63.363453 -148.566223 2680.598633
119.237244 245.079163 2644.456543
231.935760 6.256775 2612.932129
221.768372 -474.128937 2660.658203
193.351212 -925.911499 2560.321533
9.547094 3.385956 2627.624023
8.411554 -477.118652 2674.539307
17.029720 -934.902954 2602.189453
0 0 0
115.509293 716.273926 2683.765381
117.160561 483.537750 2668.162842
298.284332 485.826233 2656.617676
365.519592 177.706116 2672.748779
226.791473 76.201714 2407.852295
-63.963219 481.249268 2679.708008
-63.962391 165.466309 2679.708008
-63.968620 -150.316223 2679.708008
118.704590 243.203705 2644.746094
231.460144 4.274811 2614.240479
221.391220 -476.342438 2660.111084
195.376938 -930.789185 2570.741455
9.037086 1.464508 2628.418213
6.251340 -479.098999 2675.512695
16.866180 -936.222412 2597.094727
0 0 0
116.718315 716.290833 2684.819824
118.300880 483.318359 2669.024414
299.475220 485.678772 2658.299316
365.259613 177.389526 2676.979004
227.863205 78.285789 2410.484131
-62.873466 480.957977 2679.749512
-62.872639 165.175018 2679.749512
-62.878868 -150.607513 2679.749512
120.033005 243.004852 2645.395264
233.010056 4.140656 2615.180664
222.976334 -476.960876 2655.632568
198.136215 -932.571411 2570.785400
10.520219 1.242004 2628.351562
9.540828 -478.938141 2679.496826
18.350826 -934.771118 2592.861572
0 0 0
117.636520 714.662720 2683.838379
120.110359 482.171997 2668.716553
301.378876 484.362854 2659.820557
364.754303 175.742828 2681.175537
229.394073 77.956825 2413.156250
-61.158131 479.981140 2677.612549
-61.157303 164.198181 2677.612549
-61.163532 -151.584351 2677.612549
121.906639 241.761841 2646.110352
235.010590 2.696960 2618.041504
223.806732 -478.090088 2661.958984
196.906525 -933.081116 2573.811523
12.395247 0.006378 2628.966797
13.457421 -480.113922 2680.924316
18.579338 -935.403198 2590.545654
0 0 0
118.187775 716.649719 2683.349854
120.333717 483.464172 2669.001953
301.663849 485.533173 2661.404053
363.250458 176.625092 2683.802246
229.457932 81.080414 2414.192139
-60.996437 481.395203 2676.599854
-60.995609 165.612244 2676.599854
-61.001839 -150.170288 2676.599854
122.138542 243.033203 2646.603027
235.283890 3.872620 2619.538818
222.286636 -477.142792 2660.457764
195.857956 -932.150452 2571.847900
12.602837 1.331818 2628.869385
6.156370 -479.277039 2674.865723
18.192417 -935.605469 2590.591553
0 0 0
118.345520 717.703735 2682.603760
120.775833 483.673767 2668.830322
302.165436 485.648285 2662.842773
367.650696 177.480835 2684.367432
230.891098 80.887909 2416.625977
-60.613770 481.699249 2674.817871
-60.612942 165.916290 2674.817871
-60.619171 -149.866241 2674.817871
122.674225 243.188019 2647.034424
235.951553 3.914688 2621.562012
220.722214 -477.455078 2656.931885
197.293991 -933.854736 2574.995850
13.193687 1.489853 2628.915039
8.205284 -477.992126 2685.140137
20.151743 -930.717651 2584.259277
0 0 0
117.914330 717.045288 2683.231689
119.888924 483.357635 2669.113770
301.320740 485.374908 2664.586426
373.622559 178.484741 2682.183838
231.408005 81.107887 2417.586914
-61.542885 481.340363 2673.641113
-61.542057 165.557404 2673.641113
-61.548286 -150.225128 2673.641113
122.027702 242.843170 2647.654785
235.569931 3.567368 2623.416016
218.674484 -478.328430 2647.751953
197.080994 -936.941284 2579.841064
12.763029 1.090042 2628.975586
7.888985 -479.351196 2676.344727
19.575460 -934.975220 2589.567627
0 0 0
118.506432 718.830933 2692.545898
121.933334 485.299347 2672.284912
303.380890 487.906586 2668.669922
372.069305 179.922791 2680.781250
230.168762 82.544556 2416.016113
-59.514206 482.692108 2675.899902
-59.513378 166.909149 2675.899902
-59.519608 -148.873383 2675.899902
124.872635 245.236755 2646.675537
239.223541 6.775040 2618.846436
218.908585 -475.229614 2623.020996
209.581100 -936.356018 2602.143799
16.400324 3.573288 2623.285889
10.833298 -477.127930 2668.703857
23.599934 -932.550354 2579.936279
0 0 0
116.983330 717.887146 2687.695801
121.056412 484.279633 2670.556885
302.443268 488.056000 2665.476074
372.858978 180.403900 2675.992676
229.007874 80.066841 2413.393799
-60.330425 480.503265 2675.637695
-60.329597 164.720306 2675.637695
-60.335827 -151.062225 2675.637695
125.374138 244.097473 2646.181641
241.070984 6.234161 2618.686523
216.647476 -475.825897 2619.947266
206.972565 -938.310120 2619.568359
18.312742 1.596466 2624.926270
7.083024 -477.981750 2679.444580
23.552555 -934.147705 2594.806396
0 0 0
117.857628 718.760803 2694.781006
121.205025 485.707916 2673.374268
302.613190 488.987335 2668.483887
379.393707 183.012909 2682.737793
233.404373 83.112579 2421.154541
-60.203129 482.428497 2678.264648
-60.202301 166.645538 2678.264648
-60.208530 -149.136993 2678.264648
124.808922 245.819855 2646.192627
239.798035 7.945374 2616.008301
216.895859 -473.412811 2637.642334
201.399170 -932.682129 2594.982666
17.027601 3.918213 2622.013672
5.094825 -476.102753 2672.975342
19.251438 -932.090088 2586.630859
0 0 0
116.502380 715.254333 2688.811035
120.977547 481.767914 2670.260010
302.326569 485.546906 2663.872314
379.299347 179.659210 2678.929199
232.619736 78.264832 2418.308594
-60.371468 477.988922 2676.647705
-60.370640 162.205963 2676.647705
-60.376869 -153.576569 2676.647705
125.102684 241.641266 2645.312256
240.582413 3.835052 2616.442139
219.672928 -477.326477 2647.052734
201.838455 -935.430542 2585.552002
17.873236 -0.805817 2624.286865
7.530471 -480.920532 2675.141846
21.224384 -937.341675 2590.849854
0 0 0
