112.880013 703.519348 2764.607910
96.116547 475.617493 2714.994141
257.169495 470.240112 2696.443115
336.020966 146.012024 2676.612305
265.210449 404.962982 2531.965088
-64.936401 480.994873 2733.545166
-133.706848 170.416870 2702.456055
-52.761604 413.551086 2550.111084
82.423813 238.891602 2664.738281
179.836166 -1.543976 2601.684570
200.430206 -478.766449 2684.435059
175.991684 -934.451782 2589.528809
-42.374008 5.875397 2627.280273
-31.881016 -469.602661 2720.684814
-12.201269 -931.140869 2667.720703
1 1 1
114.719780 702.649353 2766.006104
93.988441 476.055725 2715.840088
254.469208 468.904297 2691.409912
334.013794 140.986908 2678.394043
264.695923 404.746063 2530.933838
-66.492332 483.207153 2740.270264
-136.354584 170.194794 2702.285400
-52.765945 412.803955 2547.100342
75.810699 239.623383 2665.641357
167.620361 -1.710266 2598.699219
205.943176 -476.528564 2687.094727
181.328674 -932.074097 2591.138916
-52.354446 8.092346 2632.186035
-23.954885 -470.004761 2700.843262
-6.027573 -933.721191 2669.373779
1 1 1
113.139542 700.446899 2766.118408
93.447975 473.654053 2714.328857
253.625015 468.075531 2686.351562
335.502014 143.492828 2675.687500
264.866638 405.266937 2532.137207
-66.729057 479.232574 2742.306152
-134.182953 167.603851 2702.127197
-52.832176 412.357483 2545.094727
76.370331 237.191895 2663.703857
169.119125 -3.095215 2593.895996
218.972763 -477.232605 2680.612305
194.363663 -934.461548 2593.222656
-50.533760 4.554688 2632.261719
-11.123524 -474.591522 2689.121826
4.773060 -939.432251 2678.472412
1 1 1
111.871201 701.113892 2764.688965
92.421860 474.174164 2713.589600
252.890076 468.457214 2686.452881
337.750977 142.745453 2676.349854
264.883606 405.525055 2532.750977
-68.046356 479.891113 2740.726318
-135.593201 169.302948 2702.557861
-52.806877 412.569336 2544.065430
75.440445 237.675934 2662.996094
168.526718 -2.743652 2593.789062
217.445602 -475.954071 2686.660645
191.897476 -933.145386 2599.011230
-51.608658 5.099060 2631.016113
-12.736111 -474.394745 2688.785400
2.171668 -939.792969 2678.202637
1 1 1
113.122223 702.287231 2765.536621
95.599258 474.898621 2713.841553
257.196930 467.337036 2700.092773
337.417633 143.381531 2674.735840
266.572144 405.377319 2534.681152
-65.998413 482.460266 2727.590332
-136.755310 170.609406 2702.844727
-52.424110 412.214539 2542.846680
80.143143 238.523285 2662.178467
175.965454 -3.059097 2601.047852
226.926331 -475.950439 2694.987793
200.450577 -933.471436 2609.207520
-46.591393 7.354965 2619.982910
-8.804813 -470.894104 2688.491699
8.038580 -935.043945 2656.797363
1 1 1
112.756531 703.033142 2764.503418
98.358078 475.857239 2713.746094
260.580353 469.198364 2708.897217
337.204803 144.662506 2674.959229
265.888702 405.358093 2534.162109
-63.864178 482.516052 2718.594971
-137.379776 171.287079 2697.546631
-52.255737 412.083466 2542.277832
87.101685 239.282013 2662.038086
187.167770 -1.862717 2607.002686
228.895233 -477.353577 2691.169189
205.391205 -935.354492 2607.070068
-35.477184 7.276321 2613.657471
-4.048040 -468.472046 2699.313232
11.804900 -931.134033 2649.863037
1 1 1
111.228821 702.311768 2764.409180
100.086571 475.081726 2714.022461
262.672882 469.931946 2712.503906
336.603027 145.324280 2677.503418
265.499908 405.056976 2533.373047
-62.499733 480.231445 2715.541016
-137.689178 171.137848 2699.807373
-52.036003 412.287323 2541.803711
92.105560 238.428986 2662.058838
195.580185 -1.753983 2609.054199
226.649796 -478.383789 2691.389160
199.672928 -934.647339 2599.595703
-27.331085 5.306503 2611.136230
-8.413551 -469.353943 2706.042969
10.123253 -930.628967 2644.332520
1 1 1
109.939049 702.913574 2763.839844
99.998878 475.667969 2713.617920
262.755646 470.961639 2714.078369
336.296600 146.159576 2676.260254
265.256378 405.320374 2533.391357
-62.757881 480.374268 2713.157471
-136.849350 171.069183 2701.908203
-52.516457 412.468689 2545.129883
93.297218 238.863083 2662.081543
198.232117 -1.169891 2610.861084
218.296967 -479.426544 2686.633545
192.354919 -935.955933 2595.634521
-25.041000 5.286316 2610.229248
-12.976730 -469.617157 2706.079590
3.668198 -930.623352 2640.143555
1 1 1
110.856880 702.329590 2764.547607
101.144806 475.787781 2714.319580
263.934967 470.484497 2716.949219
336.150696 146.080750 2675.631836
264.972321 404.635498 2531.302490
-61.645374 481.091064 2711.689941
-136.422104 170.533600 2702.951416
-53.085701 412.812653 2547.875488
94.270187 239.045975 2662.457520
199.108734 -1.335144 2612.400146
217.094589 -481.285187 2677.336670
191.598480 -940.213867 2600.340820
-24.317595 5.943481 2608.790771
-13.339737 -467.302826 2712.988525
3.218870 -927.038269 2638.313721
1 1 1
111.700890 702.166870 2763.901855
102.105125 474.969238 2713.521729
264.970490 470.148926 2715.312988
336.571442 146.044006 2675.309082
264.883942 403.853729 2529.869141
-60.760250 479.789551 2711.730469
-136.715057 172.263306 2702.982422
-52.938156 411.837769 2541.678955
95.670578 238.239136 2661.520996
201.016998 -1.799362 2610.749756
216.742874 -481.526672 2678.765381
193.593277 -940.184570 2598.832520
-22.544926 4.817398 2608.290771
-13.037019 -468.706116 2711.888916
5.736007 -929.262817 2642.501221
1 1 1
113.388199 703.516602 2764.082275
102.617508 475.920898 2713.469727
265.494690 470.585815 2715.126465
336.806183 146.007019 2675.154297
264.870789 403.401337 2529.154053
-60.259655 481.255981 2711.812988
-133.836044 168.643982 2702.997803
-52.981071 412.364624 2544.959473
95.394989 239.236847 2661.352051
199.976883 -1.109390 2610.371582
210.317276 -483.058411 2657.745850
199.492569 -945.041260 2632.825439
-23.631954 6.214981 2608.097168
-13.191101 -467.302185 2711.902344
1.058171 -927.071167 2636.401611
1 1 1
111.653191 704.637573 2765.165527
101.572327 476.652649 2713.616699
264.492767 472.261261 2714.733887
336.895752 146.511261 2674.569580
264.453461 404.012848 2529.402100
-61.348080 481.044067 2712.499512
-132.925598 170.316528 2699.997559
-52.660667 411.989075 2543.364990
95.545700 239.875946 2661.771729
201.364105 0.084518 2610.693604
210.489197 -482.505188 2654.295166
203.300156 -946.628174 2642.947021
-22.325960 6.113937 2609.159912
-11.333776 -467.805420 2711.177979
4.100016 -927.887024 2637.441650
1 1 1
113.149216 705.184143 2766.216553
102.703384 477.473877 2714.369873
265.612701 472.405701 2715.286133
332.461029 142.745392 2676.286865
264.939728 404.553894 2531.100098
-60.205936 482.542053 2713.453613
-132.948898 170.665833 2698.505371
-52.860970 412.265686 2545.933105
95.633659 240.795761 2662.205566
200.403534 0.638260 2610.670410
210.913162 -480.822388 2665.260498
196.475464 -942.996460 2623.734131
-23.275656 7.597000 2609.412109
-12.632598 -467.196289 2707.312744
1.085439 -928.231445 2639.454590
1 1 1
112.848572 706.209595 2764.748535
103.705482 478.554626 2713.219238
266.297638 472.502289 2720.510010
333.742157 144.377625 2675.658203
264.990265 404.194092 2530.206299
-58.886665 484.606964 2705.928467
-132.463135 171.321808 2699.762939
-52.544052 411.897217 2543.909912
97.265030 241.988129 2660.465820
202.535538 1.263306 2612.721680
215.919006 -480.163635 2668.108887
197.412369 -941.752625 2614.236572
-20.886366 9.579956 2602.703125
-10.533006 -466.967163 2691.300049
4.262444 -929.856934 2640.197754
1 1 1
111.816597 703.513428 2765.506592
102.943649 477.414001 2712.066162
265.467407 471.149231 2721.535400
334.872803 145.189606 2677.334229
265.281982 404.569733 2531.513428
-59.580074 483.678802 2702.596924
-130.229523 173.158569 2696.882324
-52.942528 411.219299 2535.576904
96.922485 240.917267 2658.945312
202.445694 0.120819 2612.323486
214.940765 -480.927551 2671.570068
194.297180 -941.080444 2604.387695
-20.643061 8.720215 2599.325439
-12.407848 -465.826385 2697.990967
1.484780 -928.913818 2646.860107
1 1 1
111.305435 703.840210 2764.382324
102.355652 477.045044 2712.014404
265.060089 471.384705 2718.497803
337.440521 143.597443 2677.166992
265.465820 404.692200 2532.170166
-60.348785 482.705414 2705.531006
-131.610748 173.575989 2698.943115
-52.425774 412.286316 2537.903564
96.225037 240.456558 2659.312012
201.790100 -0.017746 2611.060547
215.221359 -480.096619 2677.454346
193.015564 -938.896057 2600.281738
-21.601250 7.753860 2602.158691
-14.204833 -466.050842 2704.710693
0.763906 -928.049194 2644.778564
1 1 1
113.429779 704.984314 2765.828857
103.097595 477.976013 2713.013428
265.885559 471.992981 2717.042236
340.721466 142.296600 2676.090088
265.897339 405.259827 2534.000732
-59.690369 483.958984 2708.984619
-134.804077 172.786041 2700.482422
-52.162659 412.539673 2539.404297
95.708061 241.426773 2660.307373
200.068985 0.770340 2610.366943
217.953644 -479.489685 2674.538330
189.428314 -938.925232 2602.266602
-23.431948 8.984756 2604.835693
-14.341129 -467.267212 2694.488525
0.680403 -931.243896 2668.928955
1 1 1
111.795364 703.558350 2766.042236
101.203957 476.675415 2712.588135
263.897095 472.410828 2709.021484
339.353516 142.643982 2672.044189
266.082031 405.226746 2535.755859
-61.489174 480.940002 2716.154785
-135.908661 173.397919 2702.741699
-52.275337 413.109985 2540.923340
93.843338 240.186646 2659.598633
198.288437 0.767166 2604.157959
216.996689 -478.865295 2672.758057
189.831284 -936.935608 2591.417725
-25.322981 6.628586 2609.060303
-17.178837 -469.625427 2699.407959
1.576736 -933.704041 2667.591064
1 1 1
111.001053 701.562073 2764.645508
100.480385 474.742096 2711.225586
263.266907 470.883179 2706.816406
336.675140 142.826782 2666.011475
260.545959 407.231720 2536.710693
-62.306126 478.601013 2715.634766
-136.955612 174.196075 2701.372559
-55.579048 421.569092 2545.905762
93.448471 238.144714 2658.676270
198.105606 -1.100311 2603.101807
218.893356 -479.226776 2680.617920
191.599930 -936.504089 2594.425049
-25.272501 4.194977 2609.152100
-13.494266 -472.610504 2696.318115
2.665692 -935.995605 2652.340088
1 1 1
109.545990 702.593140 2763.958984
99.699081 475.775024 2710.559570
262.557465 471.692963 2709.424316
335.839996 147.913574 2660.513916
255.235748 415.130646 2534.955811
-63.159317 479.857117 2711.694824
-136.975403 175.094391 2703.692871
-54.982513 419.189178 2540.637695
93.401566 239.221985 2657.720215
198.898895 -0.133224 2604.101562
218.805283 -478.052795 2683.446777
190.450851 -934.643677 2593.700439
-24.690796 5.471085 2605.660156
-14.456923 -469.583130 2701.848145
4.307398 -930.945801 2641.229736
1 1 1
108.776466 701.754883 2763.632812
99.792702 475.460327 2710.622559
262.413788 470.632019 2716.569824
333.905029 152.442627 2651.779785
251.945526 420.453461 2533.169434
-62.828392 480.288635 2704.675293
-137.002182 177.050995 2704.373047
-55.071884 417.491089 2534.193359
94.674019 238.742828 2658.407959
201.278931 -1.291794 2610.279297
220.375015 -479.519043 2688.130615
191.581696 -936.302246 2599.275146
-22.168251 5.342453 2602.107422
-13.337518 -467.826111 2707.204834
5.820058 -928.161865 2637.933350
1 1 1
109.527039 703.376038 2763.447510
101.361038 477.163452 2711.238525
263.810516 471.592316 2721.200439
336.948517 158.718750 2629.890381
244.209229 427.009857 2527.106934
-61.088455 482.734558 2701.276611
-136.004913 178.527374 2702.690186
-57.555893 424.115417 2537.252441
96.424423 240.375061 2659.318359
202.983459 -0.237000 2614.235352
215.631866 -480.269012 2680.342285
190.565094 -938.183960 2596.417969
-20.007843 7.410370 2600.561035
-12.420126 -465.179016 2708.622559
5.261881 -925.760986 2639.368408
1 1 1
111.008377 704.847717 2764.374023
101.162003 478.717957 2712.491455
263.838684 473.122925 2717.568115
336.477356 161.856903 2609.468506
238.152054 430.060150 2514.387695
-61.514679 484.313049 2707.414795
-136.499176 179.256287 2703.866943
-59.330688 428.463593 2544.307373
94.633270 241.935760 2660.737305
199.788025 1.312332 2612.468506
212.309952 -478.508606 2680.810547
186.166077 -935.162537 2590.642334
-23.578951 8.994766 2605.497803
-14.957289 -463.974854 2711.986084
-1.665957 -925.003357 2644.265625
1 1 1
109.519463 702.779541 2763.330811
99.801796 477.032959 2712.546143
262.447449 472.746887 2709.679443
344.256317 173.935730 2587.753174
235.753235 439.092651 2499.696289
-62.843864 481.319031 2715.412842
-136.732437 182.613556 2702.443359
-53.045792 431.454163 2542.929932
92.658363 240.120239 2661.467773
197.264069 0.262665 2608.419678
210.965607 -479.580353 2676.754150
187.636810 -936.597656 2587.507812
-26.234198 6.152344 2612.359131
-16.560392 -468.543274 2710.514160
0.760788 -931.118774 2656.947021
1 1 1
111.305550 704.955139 2762.795654
101.599655 478.958313 2714.101807
264.272583 475.170380 2708.000488
347.638275 187.973541 2562.880615
224.725220 446.974823 2476.627930
-61.073269 482.746216 2720.203125
-136.356415 180.799744 2701.221680
-52.402618 437.072723 2554.603516
94.198669 241.848206 2663.982910
198.408661 2.139191 2609.677734
216.445480 -476.222961 2686.401611
191.294586 -932.244629 2592.679443
-24.813297 7.337036 2618.050293
-9.412340 -467.767517 2713.498535
2.572274 -929.075623 2648.842285
1 1 1
112.200760 707.620239 2772.529785
102.150040 481.257599 2718.961670
264.695435 478.342377 2709.099365
348.272491 205.457336 2537.937012
209.025269 459.689789 2443.263184
-60.395355 484.172821 2728.823975
-136.222824 180.430511 2700.620361
-51.961021 440.633240 2563.762451
94.643906 245.005997 2665.083008
198.705780 6.753433 2604.435059
214.497528 -472.372620 2677.011475
191.914307 -930.443298 2593.720947
-24.430237 10.755356 2617.973633
-12.194265 -466.115967 2704.375000
2.163931 -928.001099 2643.463135
1 1 1
113.654213 707.715454 2778.899902
102.514130 482.229126 2722.521484
264.942017 479.581116 2710.190918
348.616333 227.714325 2510.972656
199.025604 474.629333 2405.627930
-59.913757 484.877136 2734.852051
-132.130341 179.727783 2699.318604
-52.460281 442.146210 2560.492676
94.388977 246.592316 2666.093750
197.746170 9.138046 2601.202881
216.435593 -466.666626 2691.002930
190.586014 -921.463135 2593.013184
-25.218521 12.772964 2618.129150
-14.963601 -463.697571 2707.290771
0.629217 -924.787598 2640.556396
1 1 1
112.214340 705.595215 2781.579834
102.030731 480.527588 2724.304443
264.432098 478.632629 2711.023926
344.801605 246.857880 2487.983154
186.884659 481.277893 2363.301025
-60.370632 482.422485 2737.584961
-130.070816 181.862366 2700.166260
-52.898933 443.391296 2563.477051
94.589691 245.090088 2666.904297
198.618698 8.351944 2600.388672
211.406799 -470.998596 2667.220947
198.833328 -931.484436 2623.207520
-24.321398 10.953262 2618.619629
-11.642317 -466.072693 2704.577881
1.157895 -928.811890 2650.825684
1 1 1
112.184868 704.858704 2782.420166
101.384178 480.566833 2725.513916
263.582642 479.058044 2709.852783
337.404816 274.931519 2461.990723
180.227554 485.769775 2314.592285
-60.814293 482.075684 2741.175049
-126.030792 179.927826 2699.086182
-52.534531 443.442596 2564.659424
93.701996 244.998932 2668.646484
197.372742 8.395172 2601.027344
207.839081 -472.253082 2661.005127
198.659836 -935.526245 2632.415039
-25.333130 10.466858 2622.530762
-12.601984 -466.081635 2711.208496
-1.407065 -927.669312 2647.843506
1 1 1
114.000786 703.071472 2784.327393
103.379211 479.423950 2727.947021
265.568329 477.781250 2711.993652
327.714294 302.961975 2443.968262
173.526230 484.177490 2260.583008
-58.809902 481.066681 2743.900391
-123.500366 178.972900 2702.044678
-53.018333 444.349731 2567.465332
95.425056 243.796616 2671.343262
198.807159 7.041611 2603.788086
214.285400 -472.227722 2673.656006
195.715515 -932.581299 2616.374268
-23.865360 9.296921 2625.690918
-12.999614 -467.501099 2713.345703
3.187392 -928.708435 2647.718506
1 1 1
114.915787 705.331848 2783.767578
104.469498 481.045380 2729.504150
266.665131 479.227386 2713.530273
301.365387 342.979156 2440.958740
170.638458 473.497040 2208.820068
-57.726131 482.863373 2745.478027
-123.241318 176.999207 2701.999512
-53.120438 446.258850 2579.041504
96.309631 245.284164 2673.481689
199.497330 8.274887 2606.493164
217.160416 -469.530762 2685.769043
195.212509 -927.391663 2608.606934
-23.197803 10.771011 2628.425293
-12.395641 -466.057190 2715.987305
1.567349 -925.932007 2641.280273
1 1 1
114.847244 704.210144 2784.017578
103.211479 480.855988 2731.243164
265.218872 478.218994 2713.613281
277.188324 385.488068 2433.981445
171.204620 457.185333 2167.181641
-58.795921 483.492981 2748.873047
-123.113853 175.997528 2706.009521
-52.920166 446.679688 2583.418701
93.351166 245.002502 2675.910156
194.719894 7.338547 2608.473145
211.362305 -470.606567 2687.959229
189.498459 -928.823242 2608.586182
-27.738188 10.959488 2632.681152
-16.992294 -466.885986 2714.332520
-4.196736 -927.385742 2642.891357
1 1 1
115.870605 704.216553 2784.644287
102.486031 481.132202 2732.188965
264.267395 477.786316 2712.735352
264.598022 419.241547 2419.994629
175.203094 441.513062 2136.110352
-59.295341 484.478088 2751.642578
-123.051888 175.497375 2706.015137
-53.037239 447.173370 2587.418945
90.995865 245.273438 2677.199707
190.578644 7.117493 2608.854248
217.323380 -470.159271 2689.362793
188.012573 -926.611938 2601.390625
-31.567253 11.711853 2635.566650
-16.474209 -467.164154 2709.829834
-1.800878 -927.750488 2639.018066
1 1 1
115.774963 703.818237 2784.453857
103.037567 480.076538 2731.996826
264.566803 476.974701 2710.534668
250.801666 440.122406 2414.995117
179.212540 433.222351 2121.184814
-58.491653 483.178345 2753.458984
-123.022270 176.246307 2709.511719
-43.070114 449.450409 2597.326660
91.256630 244.129272 2677.430420
190.374725 6.052444 2608.129150
218.283722 -472.184509 2682.607910
193.581970 -930.655396 2603.389893
-31.423357 10.311600 2637.598877
-10.612602 -467.597839 2716.510498
1.314223 -927.597839 2641.500732
0 0 0
114.289230 703.394958 2785.352783
101.346443 479.189423 2732.400879
262.527954 476.885315 2708.445557
249.900513 443.563019 2412.992920
177.505890 429.774323 2115.267822
-59.835064 481.493530 2756.356201
-121.510513 177.622406 2711.755371
-47.985847 448.567230 2588.390625
89.871567 243.211548 2677.890137
189.061935 5.651703 2606.931885
217.258896 -472.765930 2680.547363
192.206146 -931.868042 2604.131836
-32.268551 8.815643 2639.826904
-9.213438 -469.939453 2712.836914
-0.254704 -930.748596 2642.576172
0 0 0
115.927933 705.371582 2786.808594
102.013268 481.622925 2734.255127
263.127319 478.871002 2709.796143
251.961792 441.272766 2413.492920
173.810669 432.318146 2115.196289
-59.100777 484.374878 2758.714111
-121.241020 179.816742 2714.888916
-50.862228 448.256836 2584.738525
89.679611 245.733063 2679.551758
187.947845 7.954025 2608.057861
216.995865 -469.855530 2685.316895
192.018723 -927.430908 2600.155029
-33.255943 11.732346 2641.638916
-11.239405 -467.778442 2710.021240
2.453054 -929.105591 2644.155762
0 0 0
114.184708 703.871460 2787.044434
101.892311 479.946930 2734.209229
263.320374 478.119324 2711.879150
249.482452 434.136719 2416.260986
169.506210 434.064667 2116.368896
-59.535755 481.774536 2756.539307
-121.119560 179.902222 2711.954590
-52.788902 448.541321 2581.580322
91.555481 244.137939 2678.782227
192.051620 7.074142 2608.023926
219.720886 -471.390991 2681.698486
197.526199 -930.272949 2602.824463
-29.614330 9.583755 2638.686523
-9.120832 -471.504578 2694.290771
8.218332 -934.661133 2647.512451
0 0 0
115.033752 701.195007 2785.144287
103.345047 476.457642 2733.261719
264.863220 475.035278 2711.477295
256.233887 425.071655 2421.129150
169.685303 436.497559 2128.183105
-58.173122 477.880005 2755.046143
-123.068176 176.951263 2714.466553
-57.009415 444.217590 2581.578125
93.925827 240.375076 2678.838135
195.388397 3.316055 2609.459717
221.141724 -475.697632 2680.253906
197.248856 -935.402893 2606.620117
-26.375187 5.268967 2639.369385
-7.975208 -474.633057 2705.006592
4.951720 -936.809265 2647.541504
1 1 1
116.673340 700.627197 2786.214111
104.280846 475.781128 2733.718018
265.785675 474.033569 2711.808105
261.137024 415.019623 2427.574219
170.265137 440.563507 2136.969238
-57.223991 477.528687 2755.627930
-124.012383 174.483704 2718.251465
-58.355515 441.222015 2585.397949
94.293961 239.804016 2678.922852
195.182861 2.627182 2609.086182
218.122375 -476.942627 2677.019775
193.477539 -936.890503 2604.851318
-26.568693 5.026627 2639.169189
-11.556635 -475.407776 2702.385986
1.414748 -938.045532 2647.248779
1 1 1
115.961914 702.354248 2785.233643
104.242607 476.355957 2734.520996
265.525085 475.062042 2711.032959
275.070068 383.513123 2433.781494
170.575851 444.640594 2153.645996
-57.039864 477.649872 2758.009033
-125.003464 173.739380 2714.127197
-53.183083 439.633575 2588.301514
94.442368 240.251678 2680.232910
195.372971 3.259033 2609.818848
219.875198 -475.418121 2683.165527
193.188797 -933.296265 2600.091553
-26.088722 5.035767 2642.070801
-12.436444 -475.534058 2705.031494
2.828811 -938.582764 2653.401367
1 1 1
113.343407 701.353088 2786.251221
102.842682 475.448914 2734.061523
264.265503 474.836151 2711.515869
291.530701 353.759796 2441.401611
173.890976 459.556946 2179.602783
-58.580154 476.061676 2756.607178
-126.007103 172.863861 2713.565674
-50.064514 439.809753 2592.904053
94.270309 239.455383 2679.098633
196.520721 3.041168 2608.657227
220.009613 -476.538544 2676.120361
193.254211 -935.587952 2599.596191
-25.124846 3.882538 2639.614258
-11.541878 -477.247406 2698.263672
3.064935 -940.550293 2648.266113
1 1 1
112.674866 701.037537 2785.252930
103.136902 475.713013 2733.129639
264.668488 475.050995 2711.353760
301.763733 327.879395 2445.709473
179.888580 471.686707 2209.252441
-58.394684 476.375061 2754.905518
-126.007523 171.433044 2714.772705
-48.727425 440.482788 2598.852783
94.773338 239.686310 2678.264893
197.306244 3.205078 2608.450195
218.868378 -476.199158 2677.940430
192.483643 -935.458862 2602.163574
-24.486702 4.114105 2638.350098
-10.954002 -476.608124 2700.372559
1.894581 -939.139282 2643.458252
1 1 1
111.110519 700.699768 2784.748047
104.461014 474.465027 2732.738770
265.946167 475.921570 2710.736328
308.876984 303.445068 2455.349609
179.077576 478.603271 2246.166260
-57.024128 473.008484 2754.741211
-127.508835 168.714294 2715.378174
-50.902618 430.718079 2590.299561
99.125259 238.351624 2677.946289
204.663452 3.238281 2608.047119
222.493011 -477.231903 2670.562500
201.684570 -938.379150 2606.282715
-17.084431 1.238159 2638.260498
-2.156783 -478.738037 2705.439209
7.396722 -940.207703 2640.225098
1 1 1
109.584740 700.847717 2784.510742
104.001923 474.375488 2732.032471
265.704742 476.658600 2711.792236
313.935730 284.721802 2466.187256
178.406937 484.408325 2288.080811
-57.700901 472.092346 2752.272705
-126.257812 169.353882 2719.694092
-54.039230 424.545837 2577.397217
100.460976 238.255463 2677.107910
207.938416 3.702957 2608.287354
218.857513 -476.013489 2677.423828
195.822418 -934.502197 2597.851074
-14.098348 0.567947 2636.079346
-9.651370 -478.057007 2712.488037
4.377551 -937.628296 2636.257568
1 1 1
108.951881 699.365845 2784.390625
103.497490 474.342285 2731.573975
265.493042 476.623077 2713.925781
317.464569 262.857178 2486.603027
184.904129 484.000183 2330.049072
-58.498043 472.061523 2749.222168
-125.132629 170.177673 2721.350830
-55.472961 422.207703 2570.351074
100.872498 238.133591 2676.951416
209.472000 3.490845 2610.211914
219.114151 -476.372406 2678.988281
197.438934 -936.813538 2610.924072
-12.976987 0.358917 2634.445801
-12.415480 -477.389984 2716.643555
3.321009 -935.361389 2631.518311
1 1 1
108.575958 699.184509 2783.826172
102.300682 473.708466 2731.025146
264.154755 475.861969 2712.023682
322.734222 245.927170 2502.298584
186.781372 485.141022 2369.956543
-59.553383 471.554962 2750.026611
-125.062881 170.089020 2724.183838
-55.435410 420.352295 2569.838867
99.028809 237.507339 2676.385254
206.870316 2.784592 2608.700928
215.160263 -476.959656 2678.698242
191.752975 -936.024292 2601.920654
-15.356428 -0.172165 2634.789795
-14.767923 -478.123413 2716.290771
-0.303627 -936.721985 2633.863037
1 1 1
108.233894 697.637329 2784.055908
100.928444 473.587402 2729.777100
262.406616 475.540070 2707.903809
326.856689 229.451492 2522.661377
192.466385 477.457642 2406.490234
-60.549755 471.634766 2751.650391
-127.041489 168.550659 2723.106445
-55.414528 419.170044 2570.030762
96.204803 237.717987 2673.848145
202.353607 3.189270 2602.900879
215.932968 -476.194794 2674.439209
189.094025 -935.108643 2597.194092
-19.391277 0.507843 2632.937500
-17.219599 -477.979004 2711.383301
-1.075413 -936.938538 2631.034668
1 1 1
107.395836 701.382324 2785.657715
99.088837 476.305237 2730.035645
260.546570 477.623962 2707.841797
334.442871 215.215637 2542.828125
206.865799 473.371948 2442.542480
-62.368900 474.986511 2752.229492
-130.004959 167.283752 2723.059570
-55.418045 418.373779 2570.582275
93.313637 240.479080 2674.008789
198.375107 5.558197 2602.746338
214.515976 -471.741638 2685.898682
187.561584 -928.366577 2596.617920
-23.298229 3.747650 2633.217529
-17.699198 -474.800140 2711.211426
-0.910994 -935.088501 2639.316162
1 1 1
106.514725 700.800659 2785.452393
97.531082 476.766174 2728.917236
259.327576 477.045380 2709.439697
340.725952 202.610901 2563.912109
220.319641 468.141266 2471.593750
-64.265427 476.487000 2748.394775
-127.998466 168.640900 2726.521973
-56.758270 419.260193 2570.661377
91.144135 241.050293 2672.482422
195.848953 5.526093 2602.674072
215.765396 -471.332397 2687.913330
188.971085 -927.438232 2595.443115
-26.334585 5.142700 2629.421143
-19.832397 -472.812927 2710.931885
-0.001535 -931.652405 2631.139160
1 1 1
106.782593 702.186768 2785.354004
97.818954 477.849396 2728.979492
259.955078 477.274963 2712.741699
337.858521 187.302612 2582.955811
224.275452 455.554352 2493.293945
-64.317154 478.423828 2745.217285
-127.003571 168.824005 2725.259277
-56.229019 418.493439 2570.523438
91.373459 242.033173 2672.962891
196.253143 5.822525 2605.797119
216.037720 -472.473083 2682.441162
192.705704 -930.987427 2602.389160
-26.397209 6.611374 2628.095459
-16.001520 -471.003723 2711.175049
3.566042 -930.171997 2632.844238
1 1 1
109.873390 700.596985 2785.802979
100.504906 477.214783 2727.304443
262.980591 475.462006 2715.583008
337.939117 178.157928 2597.477539
228.412613 449.083160 2512.941895
-61.970783 478.967529 2739.025879
-125.492058 169.905914 2724.625488
-56.928261 417.799927 2565.442383
93.874069 241.560608 2670.629395
198.818069 4.702789 2605.905029
219.320572 -473.059113 2685.950684
193.492722 -929.444702 2595.260254
-24.331623 7.110107 2622.003662
-12.231559 -468.904083 2713.297363
4.850703 -926.870361 2627.838135
1 1 1
108.828987 704.949585 2785.035645
101.765167 479.954407 2727.368896
264.361359 479.918030 2716.769775
338.964508 172.578430 2607.747559
231.860382 445.431549 2528.996094
-60.831020 479.990753 2737.968018
-125.751282 168.451080 2722.314941
-55.934898 416.675140 2565.381592
98.042747 244.162476 2671.072998
205.926743 8.345596 2607.501953
227.943771 -468.945068 2690.098633
196.844803 -924.059204 2594.446289
-17.286098 8.395523 2622.052246
-9.204852 -467.847595 2712.750000
10.744435 -927.062378 2635.121094
1 1 1
108.817192 708.554688 2785.160645
100.990082 483.155884 2728.236084
262.853424 484.296265 2710.679199
340.481293 169.783661 2618.889648
234.653503 444.802979 2546.312500
-60.873264 482.015503 2745.792969
-124.876678 168.723785 2721.672852
-54.101151 415.233276 2561.798340
96.538277 247.382675 2671.878418
203.298004 12.393005 2603.458008
215.900925 -466.051636 2680.586914
187.635025 -923.003357 2593.122559
-19.125050 10.825928 2627.583496
-17.130438 -465.885406 2716.069580
1.727827 -925.718262 2641.588623
1 1 1
109.440475 709.964722 2784.697510
99.984772 483.361755 2728.832031
262.165436 482.952881 2713.731201
341.732422 169.889679 2625.431152
233.271729 444.593140 2551.699951
-62.195892 483.770630 2743.932861
-126.445831 169.369781 2720.827393
-53.386383 414.119141 2558.479004
94.238388 247.372650 2673.506592
199.791260 11.102936 2607.817871
215.117493 -466.769409 2688.272949
186.814957 -924.089966 2602.302002
-22.807251 11.664154 2628.544434
-19.333740 -465.324951 2715.660156
1.144987 -924.936951 2640.045410
1 1 1
108.220802 709.930298 2783.470703
98.255501 483.284607 2728.235107
260.555908 482.640625 2713.823486
342.365509 167.943359 2630.215088
236.276901 439.772705 2549.300537
-64.044899 483.928589 2742.646729
-124.224396 170.189209 2717.402588
-53.292229 413.338135 2553.546631
92.463791 247.139954 2673.561523
198.059296 10.553329 2608.997314
212.393478 -470.226196 2665.268311
198.828918 -932.018555 2624.242432
-24.715137 11.437271 2628.778564
-15.377916 -465.964722 2713.025146
0.883015 -926.331787 2641.157471
1 1 1
111.474632 710.540527 2783.849854
99.840248 483.884796 2728.064453
262.269714 481.380890 2715.268799
339.187744 164.474731 2637.598389
238.653198 436.757141 2553.738770
-62.589226 486.388702 2740.860107
-124.107468 170.097198 2713.684814
-53.579041 413.624023 2551.748535
91.866341 247.896744 2673.021484
195.399628 10.189774 2609.194336
206.513779 -471.873840 2656.520752
201.757782 -935.889404 2638.461670
-27.614759 13.627609 2626.762695
-17.118515 -464.167847 2708.760742
-1.161225 -925.123535 2640.613281
1 1 1
111.908928 709.129517 2784.578125
98.414581 483.627014 2728.796875
260.237579 481.454712 2710.406982
339.087372 158.225403 2651.323486
237.470184 425.700073 2547.727783
-63.408436 485.799316 2747.186768
-123.559937 170.049347 2713.867920
-53.261429 413.448792 2551.331299
88.949249 247.783447 2673.364746
190.632446 10.447845 2605.301514
209.744446 -468.167114 2675.446777
193.324524 -926.548523 2612.449219
-31.664600 13.431946 2630.563721
-18.164890 -464.650635 2710.455322
-2.073383 -926.660156 2650.266602
1 1 1
109.593483 708.864563 2785.922363
95.565392 484.016663 2729.999756
257.225739 481.736542 2709.825684
343.044098 155.610779 2658.663818
242.103256 420.481049 2545.583496
-66.094963 486.296753 2750.173828
-124.278809 168.524384 2713.940430
-53.044266 413.030518 2553.217285
85.311752 248.221161 2674.484131
186.010437 10.860779 2605.122314
208.218124 -469.347595 2664.624756
199.110779 -931.673340 2631.704834
-35.894211 13.990570 2632.814697
-17.981514 -464.408234 2709.820801
-1.508810 -925.569092 2643.506348
1 1 1
109.634071 704.321899 2774.582764
93.942986 477.916870 2723.663086
255.641922 473.799133 2703.895508
339.009888 155.803467 2662.810059
242.595490 424.334015 2552.828125
-67.755959 482.034668 2743.430664
-128.647385 166.268250 2712.479248
-52.587082 413.609619 2555.558350
81.659851 241.286011 2672.478760
180.373672 1.828522 2607.725098
208.956146 -477.565613 2672.475586
193.132019 -939.089355 2621.933105
-41.620232 7.481750 2634.863770
-21.531343 -470.651184 2713.077148
-2.184084 -930.821533 2640.935303
1 1 1
110.141312 707.203003 2779.460205
92.737434 481.348755 2727.519043
253.354980 477.595337 2701.008057
339.469574 151.367462 2667.444336
244.991760 421.052399 2556.594238
-67.880104 485.102173 2754.030029
-130.356552 165.154449 2712.281250
-52.653778 412.996094 2555.471191
78.500519 245.174103 2674.701660
174.616577 6.420639 2603.669678
210.663544 -472.705322 2667.519043
189.868256 -934.085876 2610.565186
-46.089378 11.578262 2640.098877
-16.917873 -466.499023 2715.234375
-3.088903 -926.560303 2641.104004
1 1 1
110.845146 709.456787 2781.889404
91.589844 483.889008 2729.050293
251.292358 479.957214 2697.499512
340.729126 149.169189 2674.255371
247.817719 418.443909 2556.600830
-68.112671 487.820801 2760.601074
-131.683853 164.578766 2711.669922
-46.968742 415.104370 2561.246094
75.270355 247.924103 2675.850098
168.592041 9.259872 2600.989258
212.244522 -467.115417 2678.226807
188.037872 -925.626404 2602.191406
-50.690315 14.658524 2644.310547
-16.809284 -463.661621 2715.968750
-3.602509 -923.605957 2640.760742
1 1 1
111.024323 708.227600 2782.576904
90.828094 482.116577 2729.648926
250.225555 478.071045 2696.255127
338.863495 148.581604 2675.131348
248.702576 417.255676 2559.838135
-68.569382 486.162170 2763.042725
-132.842041 165.790222 2712.841553
-42.673660 416.669617 2563.627930
73.634911 246.267456 2676.153320
165.827301 7.642075 2599.741455
209.937103 -471.217224 2657.613770
197.364975 -933.202759 2633.426270
-52.943844 13.194565 2645.573975
-14.645710 -465.072693 2715.487305
-1.057196 -924.658875 2638.091797
1 1 1
109.779045 704.188904 2772.425781
90.431839 477.521484 2723.981934
250.726517 472.198517 2695.634521
338.863770 148.751373 2675.563721
245.921112 414.947052 2559.777344
-69.862839 482.844421 2752.329346
-132.982300 166.440521 2710.939697
-40.828651 416.829773 2560.998291
73.799057 240.808868 2674.377930
167.242310 0.440933 2605.307373
210.191071 -479.414612 2657.672852
206.879211 -943.510376 2648.562988
-52.909767 7.751602 2644.240479
-11.733154 -470.994690 2709.041260
1.963271 -931.354736 2636.491211
1 1 1
109.701836 704.315491 2767.848877
90.595932 476.767273 2721.500977
251.677414 470.399261 2698.480469
338.394745 149.353058 2679.783691
244.032990 414.556519 2561.216309
-70.485550 483.135254 2744.521484
-132.524734 166.744751 2706.483154
-40.173897 416.587769 2558.695068
74.422897 239.592377 2673.940430
168.857422 -1.955124 2610.572754
213.611282 -481.018433 2669.349365
202.651886 -943.665405 2631.745605
-52.357697 6.790115 2642.187012
-10.066753 -471.857666 2707.248535
1.308201 -932.934814 2639.023438
1 1 1
111.852066 704.559204 2767.045654
92.415642 477.063721 2721.114014
254.044739 469.395752 2702.755615
336.695801 148.677887 2679.383789
242.965210 413.323578 2557.572510
-69.213463 484.731659 2739.472412
-132.263397 165.874084 2704.736084
-39.555328 416.923767 2561.130859
75.773041 239.886002 2673.654785
170.091797 -2.555893 2613.592285
214.822495 -481.586914 2673.484375
197.180283 -942.240662 2614.501953
-51.830933 7.972488 2638.798828
-10.634197 -471.266235 2700.121094
1.059600 -933.987671 2645.765137
1 1 1
112.496094 702.271912 2765.650391
93.223488 474.764038 2720.045410
255.058212 467.089539 2702.908447
337.843384 150.337097 2679.194336
241.907883 412.767242 2553.471680
-68.611244 482.438477 2737.182373
-132.636597 165.439819 2703.863770
-39.073357 417.330566 2562.557373
77.032166 237.378296 2673.449219
171.899048 -5.273987 2615.092773
219.255722 -482.883881 2683.465820
194.378998 -940.286621 2603.640381
-50.217346 5.259125 2638.613281
-10.946133 -473.244293 2706.366699
4.123531 -934.884399 2643.958740
1 1 1
112.457703 705.249451 2774.955078
93.070900 478.549347 2724.984131
255.065460 470.553528 2709.236816
339.440491 151.178741 2678.100830
244.411072 414.171295 2555.520508
-68.923653 486.545166 2740.731445
-132.301117 165.707001 2703.429199
-39.129295 417.268219 2560.850830
76.482056 242.033752 2674.424316
171.086563 0.029831 2613.055420
218.501572 -478.052490 2678.434570
190.497513 -935.577026 2596.659668
-51.300148 11.006485 2634.673584
-13.740536 -467.473022 2703.747803
-0.284623 -928.410156 2635.586914
1 1 1
112.258545 707.953064 2779.109375
93.040390 481.335480 2728.081787
255.022736 473.856384 2711.744385
338.214874 151.591553 2680.049561
243.295746 413.098053 2554.874756
-68.941956 488.814575 2744.419189
-132.655029 165.850220 2706.723389
-38.865562 417.565857 2562.376221
76.952240 244.922882 2676.797363
172.057663 3.376236 2614.298096
220.367981 -473.394653 2687.845947
194.082275 -930.386230 2600.966064
-50.329475 13.644333 2636.727783
-11.147354 -464.420349 2707.823242
1.613701 -926.538208 2648.110840
1 1 1
110.860527 707.043457 2781.677002
91.895271 480.981110 2729.112305
253.356888 474.887054 2708.243652
338.091675 151.289124 2679.516113
242.606018 412.554199 2554.358154
-69.566353 487.075165 2749.980957
-132.841400 166.436096 2708.359619
-38.745323 417.154816 2561.832764
76.222565 244.749634 2676.835938
171.439484 4.332840 2610.227295
217.503357 -472.578979 2684.621582
193.868988 -929.497559 2595.709473
-50.339760 12.703476 2638.891846
-13.369675 -466.221375 2705.093506
0.618853 -929.082703 2651.477783
1 1 1
111.486084 708.313965 2783.465088
91.880280 482.535736 2730.106934
253.495010 475.568848 2710.465576
340.051941 151.144958 2676.760254
242.682861 412.264740 2553.529053
-69.734451 489.502625 2749.748291
-132.915466 166.217865 2709.173340
-38.696518 416.920624 2561.527100
75.261902 246.533295 2677.077148
169.576050 5.748764 2610.565430
218.011551 -470.991821 2684.710938
190.054672 -929.019653 2602.937500
-52.289005 15.312943 2637.529297
-13.772240 -464.851990 2691.869629
-0.914490 -929.296326 2660.060547
1 1 1
110.704102 704.440796 2772.987061
96.048576 477.996948 2724.268311
258.322266 472.651398 2712.998779
333.917114 148.469208 2678.522461
241.689911 411.332703 2548.742676
-66.225105 483.342468 2735.537842
-133.063202 166.170258 2709.696777
-38.839272 417.362579 2562.797363
84.844131 240.875092 2675.405762
185.185165 0.078781 2618.796631
237.512024 -476.249329 2692.964355
206.939590 -934.168518 2611.068359
-37.905800 7.427719 2634.289795
3.151192 -472.833679 2686.540283
14.619435 -938.127686 2668.007080
1 1 1
110.677803 706.742798 2778.622803
96.519737 480.726929 2727.451416
258.801422 476.030975 2714.481934
335.441559 149.724091 2678.757812
241.460510 412.119019 2552.270020
-65.761955 485.422882 2740.420898
-130.047668 167.595032 2709.853516
-38.798492 417.527710 2563.352539
85.536652 244.181061 2675.671875
185.888962 4.413483 2614.994385
221.173019 -473.998169 2683.510986
193.104782 -930.288330 2592.441162
-36.781815 10.856903 2632.790283
-10.814100 -470.219604 2685.479980
2.027104 -935.895020 2674.791016
1 1 1
111.402672 707.970093 2781.944824
96.466217 481.878052 2729.618896
258.718262 476.968842 2715.601318
336.719055 150.357697 2678.882080
241.593292 412.185974 2553.121826
-65.785828 486.787292 2743.636475
-132.024689 168.299438 2711.934814
-38.002335 417.744324 2562.272705
84.745438 245.586380 2676.705078
184.374527 5.925598 2614.171387
221.464447 -470.584503 2694.239746
189.509323 -924.216736 2592.232178
-38.325203 12.663788 2633.411133
-14.400066 -468.395844 2688.388672
1.283424 -934.071472 2675.596924
1 1 1
110.907295 707.459045 2782.605957
94.683693 481.047607 2729.954834
256.728546 476.163696 2713.534424
337.358765 150.676605 2678.945312
241.676575 412.197266 2553.534668
-67.361168 485.931549 2746.375244
-132.512573 166.649628 2711.474365
-39.004875 417.923096 2564.940186
82.186935 244.809586 2676.894531
180.929352 5.218872 2612.562012
213.590775 -474.669189 2666.890625
196.164551 -934.466309 2624.400146
-41.548996 11.924225 2635.106445
-15.577320 -467.897614 2699.108154
-1.401108 -931.249634 2658.392334
1 1 1
111.379074 706.506470 2773.498779
92.727333 479.105743 2726.838623
253.651321 473.166290 2702.949463
339.799866 149.394348 2680.529053
245.051575 413.918121 2558.567627
-68.196648 485.045197 2750.727783
-132.637787 165.726440 2711.316406
-39.311264 417.311523 2565.105713
76.888573 242.009781 2679.091797
171.634567 0.832306 2614.928711
203.559921 -480.540924 2658.182373
195.126938 -943.299805 2648.371582
-49.534946 8.995331 2647.761230
-20.213503 -469.725098 2718.404785
-6.624749 -931.260742 2659.614502
1 1 1
112.440414 709.160278 2778.401367
91.005737 482.094727 2729.527832
251.443420 475.335999 2702.355957
337.385864 147.679474 2680.792236
244.168060 413.231598 2559.117188
-69.431946 488.853394 2756.699707
-132.833130 165.871552 2714.177734
-39.573975 417.856049 2566.499512
72.694191 245.458694 2680.266602
164.485199 4.184418 2612.358154
200.926468 -477.661285 2648.581543
199.638153 -942.162964 2643.217285
-55.719902 13.460938 2649.652588
-19.871006 -466.052734 2710.810547
-5.708014 -926.632202 2642.853516
1 1 1
112.869026 705.821594 2781.323486
91.175217 478.560181 2730.314453
251.519028 473.417206 2701.923340
339.178558 147.337158 2680.383057
246.306274 413.518066 2556.112793
-69.168610 483.703186 2758.705566
-132.927521 165.942078 2712.091064
-39.289833 417.658142 2565.175537
74.452477 242.300049 2678.667480
167.774857 2.510223 2607.535400
215.233536 -474.535156 2672.352539
203.212143 -932.192322 2611.212646
-52.315380 9.569580 2646.505615
-10.180141 -469.763733 2705.492676
5.973343 -930.043091 2634.402832
1 1 1
112.520462 705.380554 2781.792725
91.590515 479.135376 2729.679688
252.267136 473.900360 2703.064453
338.593719 149.670258 2679.697266
243.934784 412.476105 2551.805176
-69.086105 484.370392 2756.294922
-133.460388 166.967377 2709.545654
-39.410187 417.374084 2562.066406
75.206863 243.007690 2677.215332
169.114014 3.286606 2606.481934
213.940491 -476.238892 2655.097412
205.751648 -938.056702 2632.652100
-51.467590 10.473404 2643.020020
-12.754459 -468.923767 2704.263916
5.009550 -929.340332 2633.598145
1 1 1
110.460983 704.735107 2782.524658
90.200523 478.795166 2729.321777
251.456085 472.594513 2706.964111
337.805359 150.339874 2680.349854
245.429932 413.673950 2553.844727
-71.055031 484.995819 2751.679443
-133.222443 166.478058 2709.770752
-39.074272 418.015533 2563.881104
73.769707 242.789886 2676.266602
168.071198 2.526688 2607.858643
206.846375 -477.928284 2656.448975
208.599304 -941.785828 2637.775635
-53.393425 11.042526 2638.564209
-18.017147 -468.020752 2704.371338
1.162117 -928.155762 2631.857666
1 1 1
112.722534 704.666626 2786.896240
92.400856 479.933289 2731.629150
253.758316 473.455139 2709.790039
338.408051 147.169922 2680.182861
246.903152 413.220886 2553.685547
-68.956612 486.411377 2753.468262
-133.106445 166.235748 2709.887939
-38.570007 418.267578 2564.928711
75.487518 244.436005 2676.520508
169.325256 4.492340 2606.422119
216.360901 -472.337799 2675.937988
200.961243 -930.383301 2612.185303
-52.176888 13.385132 2636.401611
-12.192009 -464.107605 2710.139893
2.869473 -924.000671 2635.088135
1 1 1
111.555878 704.464172 2775.570068
91.760735 475.872925 2726.892090
252.626175 469.906464 2701.655029
339.762878 149.620514 2681.589844
245.450989 412.952576 2555.953613
-69.104713 481.839355 2752.129150
-132.498398 166.077148 2706.433350
-38.545830 417.946106 2564.429932
75.163651 239.236664 2677.043457
169.018234 -1.496201 2609.866699
221.825180 -476.754517 2687.491211
194.646530 -933.444031 2609.320312
-51.885094 6.697037 2644.522949
-14.396843 -471.060913 2718.236084
1.535990 -932.017456 2650.402832
1 1 1
112.586357 704.291870 2769.422119
92.348259 476.074463 2723.739990
252.554520 469.983276 2694.723877
338.915161 150.327148 2683.302246
246.970642 413.862183 2558.160889
-67.858009 482.165588 2752.756104
-132.716507 166.012787 2704.227539
-37.960228 417.581909 2561.900635
74.817230 238.909561 2676.731934
167.285660 -2.437576 2609.801270
216.242950 -479.209045 2681.664551
192.260895 -936.412231 2599.329346
-52.713249 5.926926 2649.646484
-14.336166 -473.325500 2711.508789
0.452434 -934.987793 2648.229248
1 1 1
112.076721 701.095703 2767.887695
94.528084 473.716553 2721.934082
255.712296 467.857880 2699.663086
339.454468 150.648438 2681.199219
244.597351 411.736877 2551.054199
-66.656120 479.575195 2744.205078
-132.860443 166.503448 2710.662598
-37.876175 418.186279 2563.979004
79.411644 236.361816 2674.968994
175.027222 -5.017746 2612.703857
227.111862 -481.112732 2687.652832
201.323502 -937.521912 2598.860840
-46.436813 3.031937 2643.303955
-6.038544 -476.645203 2700.989502
6.627624 -938.444336 2638.033447
1 1 1
113.363251 702.447754 2767.580078
96.223167 474.729614 2721.588379
257.842621 468.869385 2702.187500
339.224457 151.320984 2682.607666
241.875519 410.531494 2552.224854
-65.396278 480.589844 2740.989258
-132.432831 166.252441 2706.838135
-38.761665 417.638916 2561.426025
81.999893 237.261002 2674.830078
178.691956 -4.229324 2614.757568
224.333954 -480.925415 2690.347900
195.173996 -936.311646 2596.165283
-43.138702 3.814133 2641.385986
-9.311035 -476.028015 2701.893799
3.991163 -937.676758 2637.842041
1 1 1
113.631233 700.405518 2765.913086
95.870453 472.873413 2720.141602
257.889130 465.854187 2704.899170
339.105988 151.658356 2680.797119
240.448486 409.293671 2551.101318
-66.148224 479.892639 2735.384033
-132.721924 165.631287 2704.914551
-39.015205 418.359680 2565.687256
81.223106 235.331955 2673.836426
177.808746 -7.028488 2617.066650
218.364059 -483.657288 2696.067139
191.941177 -937.713135 2594.437744
-44.657211 2.609482 2637.995850
-17.586613 -478.397522 2692.009521
2.622564 -941.959473 2657.940186
1 1 1
111.709183 699.417297 2765.598877
95.084358 472.093689 2719.401855
257.466095 464.529907 2709.675781
339.049530 150.824341 2680.411133
240.954803 410.335205 2549.295166
-67.297371 479.657471 2729.127930
-132.863892 165.815613 2707.471436
-38.473259 418.407532 2565.937744
81.251404 234.469482 2673.249023
178.926117 -8.348785 2620.417236
220.337830 -485.824310 2693.761719
193.521301 -941.315430 2598.514404
-44.089214 2.039337 2633.775146
-15.878302 -479.654114 2680.836182
7.145161 -943.792603 2677.867188
1 1 1
112.480820 699.299561 2765.931396
95.267960 472.799988 2719.231445
257.289307 466.232483 2704.318604
338.007141 150.400970 2682.207764
243.213470 412.033173 2555.594482
-66.753387 479.367493 2734.144287
-132.448242 166.419678 2705.239746
-38.000259 417.824097 2562.646484
81.301781 235.384491 2672.050293
178.577271 -6.540161 2614.630127
218.600586 -484.923248 2682.719482
188.697601 -940.603149 2588.958984
-43.906067 2.478149 2635.108154
-16.489803 -478.351990 2690.590088
3.189026 -943.351807 2683.498535
1 1 1
111.691383 699.737793 2764.593018
94.955589 472.810669 2718.696045
256.601471 467.105316 2699.645264
338.008240 150.703400 2682.103760
246.941681 413.398834 2558.490967
-66.690285 478.516022 2737.746826
-132.219681 166.206787 2703.617920
-37.342529 418.034882 2561.893066
81.053520 235.320221 2671.860596
178.110992 -6.086594 2611.947998
217.085739 -484.607849 2679.930908
190.687836 -942.880737 2599.518799
-43.808098 1.746140 2638.102295
-14.473389 -478.309998 2699.280518
2.893055 -942.168213 2667.960205
1 1 1
112.170517 700.143982 2763.923096
94.889587 473.594482 2718.564697
256.740875 467.482147 2700.907959
338.003571 150.849945 2683.554443
247.968079 413.974945 2558.028320
-66.961700 479.706818 2736.221436
-132.610886 166.105743 2703.303223
-37.498108 417.937927 2562.594238
80.841309 236.053986 2672.020752
177.869217 -5.681320 2613.359131
215.535065 -484.345459 2681.197266
190.694427 -943.207397 2602.972168
-44.283154 2.708298 2637.594482
-14.985334 -477.140564 2700.773438
2.734148 -939.882812 2653.515137
1 1 1
112.941986 701.050293 2763.575928
95.905266 473.208130 2718.101318
257.798767 467.489624 2700.358887
338.482758 149.941528 2679.760986
248.756439 414.531189 2560.218750
-65.988213 478.926697 2735.843750
-132.824707 166.043945 2702.140137
-37.760033 416.935547 2557.515625
82.456429 235.549866 2671.984131
180.129623 -6.033569 2613.688721
219.523346 -484.082367 2684.779053
191.573883 -940.423340 2594.427490
-42.114441 1.816742 2638.045166
-12.447960 -476.919006 2708.797607
6.258242 -937.630371 2644.414795
1 1 1
124.039124 711.088501 2694.451172
109.309120 476.795898 2678.718262
289.691772 464.931366 2662.852783
337.032379 149.790588 2688.951416
336.509949 -143.913177 2562.360107
-71.073540 488.660461 2694.583740
-71.073349 172.877594 2694.583740
-71.079582 -142.904938 2694.583740
91.557983 237.057556 2656.178711
184.586990 -9.967285 2623.895508
224.034912 -489.700226 2659.589600
199.595215 -942.678955 2573.029785
-36.973289 4.605682 2643.382812
3.685596 -475.777466 2671.380127
20.002567 -934.045898 2599.088867
0 0 0
122.722557 711.342468 2698.159668
108.880692 477.443146 2680.059570
289.419678 466.386047 2665.222900
338.369446 154.622650 2688.698730
337.179504 -139.176727 2562.306152
-71.658279 488.500244 2694.896240
-71.658089 172.717377 2694.896240
-71.664322 -143.065155 2694.896240
92.211090 237.785248 2655.823730
186.386276 -8.661346 2622.478760
223.563736 -488.684387 2658.581787
195.597229 -941.312134 2565.031006
-35.303307 4.916046 2640.697021
2.755669 -475.216553 2675.360596
19.381258 -933.305847 2601.511475
0 0 0
122.894402 713.849182 2701.013916
108.259628 479.777283 2682.002686
288.809937 468.147095 2667.599854
337.496460 155.950378 2688.293701
336.863403 -138.455048 2563.310059
-72.290665 491.407471 2696.405518
-72.290474 175.624603 2696.405518
-72.296707 -140.157928 2696.405518
90.850365 240.219086 2657.206543
184.296097 -6.479843 2623.567383
217.155609 -487.290039 2652.816895
192.724884 -942.383423 2567.772217
-37.413879 7.801620 2641.253418
1.794987 -472.603333 2670.550293
15.197912 -932.627563 2610.468018
0 0 0
122.833313 714.800476 2701.435059
108.054535 480.982971 2682.865723
288.678986 469.098846 2669.597900
337.193726 156.901733 2687.530029
338.435089 -137.424377 2562.364990
-72.569916 492.867096 2696.133545
-72.569725 177.084229 2696.133545
-72.575958 -138.698303 2696.133545
90.454376 241.459503 2657.806152
183.759888 -5.360962 2624.600098
220.319565 -485.344696 2661.807129
193.390396 -939.225342 2569.583984
-38.051449 9.233032 2640.893066
2.618149 -470.143158 2681.334717
17.708746 -926.716431 2601.159912
0 0 0
124.591927 714.986572 2702.642090
109.158104 480.796326 2683.654785
289.598022 468.934814 2668.153809
337.253815 158.444763 2687.931152
336.086090 -135.601013 2562.119629
-71.281822 492.657837 2699.155762
-71.281631 176.874969 2699.155762
-71.287865 -138.907562 2699.155762
91.238480 241.323608 2658.308350
184.118408 -5.432693 2623.443604
222.096054 -484.935669 2665.700684
193.528687 -936.062561 2561.057617
-37.480690 9.134476 2642.480225
4.086964 -469.565308 2689.823486
20.631882 -923.092102 2594.062256
0 0 0
123.875237 713.035767 2703.242920
108.791283 479.071472 2683.501709
289.147247 467.624695 2666.710938
335.568939 157.295380 2687.271973
337.020844 -136.970917 2561.989258
-71.564659 490.518250 2700.292480
-71.564468 174.735382 2700.292480
-71.570702 -141.047150 2700.292480
91.214363 239.592163 2657.962402
184.377686 -6.915558 2622.113525
227.070465 -484.768188 2675.784180
193.654999 -932.804138 2559.794189
-37.102798 7.141296 2642.732666
4.283897 -472.132660 2684.432861
20.402115 -925.311951 2585.679932
0 0 0
124.689011 714.433716 2703.547607
109.844635 480.422760 2684.686768
290.336487 468.795624 2669.568115
336.281189 156.815338 2687.197510
337.528992 -137.452637 2561.892822
-70.647202 492.049896 2699.805420
-70.647011 176.267029 2699.805420
-70.653244 -139.515503 2699.805420
92.286850 240.928802 2659.261230
185.555847 -5.704529 2624.552490
218.818176 -485.779022 2647.072998
202.693451 -941.728149 2600.092529
-36.097717 8.574219 2643.118896
5.908249 -470.932343 2681.897705
22.471611 -926.012817 2592.106689
0 0 0
122.840294 715.791687 2704.222168
108.630592 481.722534 2684.910889
289.160553 470.061493 2670.193604
336.266327 158.297333 2687.348633
335.119965 -134.773163 2559.312500
-71.899376 493.383606 2699.628174
-71.899185 177.600739 2699.628174
-71.905418 -138.181793 2699.628174
91.068123 242.256989 2659.218506
184.351227 -4.368469 2624.489746
215.190857 -485.388702 2641.945801
202.146286 -945.059937 2604.117920
-37.339920 9.951324 2642.562500
2.985924 -469.485413 2684.122314
19.149370 -923.867798 2590.296143
0 0 0
122.824799 714.007690 2704.034668
108.520042 479.606934 2684.473877
288.940399 468.016174 2668.426514
336.807709 160.345520 2684.838135
333.192352 -134.961121 2562.224365
-71.900307 491.197754 2700.521240
-71.900116 175.414886 2700.521240
-71.906349 -140.367645 2700.521240
90.854218 240.144684 2658.818359
183.971466 -6.434647 2623.309326
217.457672 -487.740967 2630.072998
202.866562 -949.629456 2610.888916
-37.594681 7.799484 2643.016357
2.553284 -471.672119 2684.583008
19.821791 -925.500854 2588.024170
0 0 0
122.910606 716.878296 2702.903809
108.628990 482.012451 2684.756348
289.075592 470.410187 2668.967285
336.675995 157.659271 2685.558594
330.491791 -135.924713 2558.977295
-71.817604 493.614685 2700.545410
-71.817413 177.831818 2700.545410
-71.823647 -137.950714 2700.545410
91.024994 242.495850 2659.571777
184.217194 -4.144638 2624.692627
215.455627 -485.833557 2630.247803
205.793060 -948.949951 2618.611084
-37.375198 10.103165 2644.081787
0.882210 -469.708130 2683.470703
22.875549 -925.434082 2598.036133
0 0 0
122.294083 717.003113 2702.886475
109.075119 481.853363 2685.252197
289.655090 470.604767 2670.829346
336.479126 160.519867 2685.604736
330.231781 -133.636200 2560.269531
-71.504868 493.101959 2699.675049
-71.504677 177.319092 2699.675049
-71.510910 -138.463440 2699.675049
92.118256 242.323486 2659.759033
186.044052 -4.113434 2625.409668
220.788269 -484.591003 2651.062500
201.073074 -941.133911 2589.799805
-35.721260 9.700653 2643.122070
4.428036 -469.868866 2683.611084
24.279503 -924.547180 2592.004883
0 0 0
122.620499 717.732239 2702.862305
109.125870 482.775726 2685.407959
289.769226 471.360901 2671.922119
336.311707 160.648254 2686.541748
332.883057 -133.045776 2560.004639
-71.517487 494.190552 2698.893799
-71.517296 178.407684 2698.893799
-71.523529 -137.374847 2698.893799
92.110153 243.213562 2660.255127
186.013123 -3.357544 2626.821777
221.482391 -483.696381 2658.019287
196.285477 -938.720093 2579.829590
-35.824253 10.660339 2643.382812
3.383858 -468.843781 2685.572510
21.657619 -922.635925 2589.142822
0 0 0
123.155457 717.794189 2702.855225
109.675766 483.101501 2686.058594
290.183685 471.636047 2670.951904
336.662231 161.002289 2688.524170
336.375092 -131.758545 2559.813232
-70.832123 494.566956 2701.165283
-70.831932 178.784088 2701.165283
-70.838165 -136.998444 2701.165283
92.408112 243.487305 2661.589355
185.979202 -3.167130 2627.843994
227.745773 -483.193176 2657.738037
190.953262 -937.170837 2573.459229
-35.698288 10.913345 2646.396240
2.635319 -468.901306 2685.718506
21.510452 -924.269043 2597.259521
0 0 0
123.463684 716.721924 2702.354736
109.513031 482.283691 2685.477539
289.834503 470.973511 2668.260498
336.651215 161.054749 2687.397217
338.154327 -132.074738 2559.499268
-70.808426 493.593842 2702.694580
-70.808235 177.810974 2702.694580
-70.814468 -137.971558 2702.694580
92.141830 242.683182 2660.939697
185.496887 -3.862305 2625.829834
223.954102 -484.435303 2652.400879
190.267776 -939.072632 2567.178955
-35.955631 10.027679 2646.973877
-1.007343 -470.542236 2678.698975
22.259642 -926.764038 2595.832764
0 0 0
122.478996 717.495972 2703.105469
108.766541 482.388794 2685.675049
288.855377 471.305695 2666.107178
336.856293 160.241150 2688.009521
338.800110 -132.907990 2560.128906
-71.322296 493.471924 2705.242920
-71.322105 177.689056 2705.242920
-71.328339 -138.093475 2705.242920
91.329041 242.818954 2660.883789
184.474701 -3.556458 2624.076904
220.198654 -484.609833 2645.866943
191.336853 -942.065430 2574.862061
-36.691616 10.054657 2648.108154
-0.439579 -470.666718 2676.250244
21.248707 -927.200195 2594.372803
0 0 0
122.296715 718.256409 2702.974854
108.971954 482.894714 2686.783691
288.962891 472.013000 2666.148926
336.785767 160.988220 2688.211182
336.597351 -132.072815 2560.114502
-71.018967 493.776428 2707.418457
-71.018776 177.993561 2707.418457
-71.025009 -137.788971 2707.418457
91.700729 243.260834 2662.503418
184.943008 -3.054382 2625.553467
223.350876 -483.494049 2654.687744
191.439850 -939.793579 2576.532471
-36.084007 10.308289 2650.892822
-0.178761 -470.270844 2682.052002
22.116236 -925.530029 2593.605225
0 0 0
122.093513 718.912048 2702.413818
108.920792 483.515747 2687.318848
288.720673 472.820282 2664.993896
337.372040 161.735596 2691.685791
334.646332 -129.340271 2559.260986
-70.879074 494.211182 2709.643799
-70.878883 178.428314 2709.643799
-70.885117 -137.354218 2709.643799
91.711288 243.826370 2663.548584
184.903641 -2.430283 2626.070312
223.590912 -483.123657 2650.928955
192.610611 -940.561951 2578.463867
-35.900070 10.704300 2653.486328
-0.959301 -470.178284 2680.875000
21.815813 -926.389282 2597.549072
0 0 0
121.097839 718.874207 2702.140625
108.303932 483.462585 2686.946533
288.234802 472.973083 2665.554688
338.272278 161.839722 2692.824219
336.823944 -128.767883 2559.303467
-71.626945 493.952087 2708.338379
-71.626755 178.169220 2708.338379
-71.632988 -137.613312 2708.338379
91.474495 243.771317 2662.924316
185.123779 -2.360580 2625.767334
220.678650 -483.323364 2650.613281
194.380035 -941.026245 2577.458008
-35.833672 10.520676 2652.036865
-1.354656 -470.629456 2674.841553
21.393524 -927.078003 2592.631104
0 0 0
120.143768 720.725830 2711.999756
106.734100 486.552612 2690.554688
286.602478 476.580017 2668.381348
339.261444 162.782898 2698.992188
336.029175 -120.084656 2550.711426
-73.134277 496.525269 2712.728027
-73.134087 180.742401 2712.728027
-73.140320 -135.040131 2712.728027
90.027069 247.307617 2662.631348
183.762054 1.939255 2621.093262
212.359573 -479.616516 2624.620850
202.533112 -940.051331 2604.531250
-37.121986 14.185959 2648.322754
-0.100620 -466.356567 2678.092041
18.986313 -921.033264 2586.257324
0 0 0
120.518677 722.285034 2717.943848
106.352272 488.094086 2693.591553
285.820862 477.300781 2668.848145
339.231964 166.484833 2701.615234
330.308014 -108.741028 2540.171387
-73.116325 498.887390 2718.334961
-73.116135 183.104523 2718.334961
-73.122368 -132.678009 2718.334961
87.849586 249.233887 2663.581787
179.555206 3.745712 2618.377441
210.218430 -477.939087 2623.162354
197.255142 -940.200195 2610.976074
-40.861404 17.001663 2648.766602
-6.523632 -463.559631 2681.631836
16.909060 -918.603638 2592.459961
0 0 0
119.868301 721.589233 2720.411621
107.250473 487.186462 2694.006348
287.125275 477.285034 2672.093018
338.397583 169.843536 2704.704102
325.104675 -90.290710 2521.580078
-72.624329 497.087891 2715.919678
-72.624138 181.305023 2715.919678
-72.630371 -134.477509 2715.919678
90.299301 248.359558 2662.776367
183.803345 3.452530 2618.090088
223.458862 -476.840332 2640.101807
202.409592 -935.210327 2588.580322
-37.107098 15.612808 2645.002686
0.220409 -464.099060 2685.506104
24.955650 -917.461243 2588.571045
0 0 0
120.020226 720.539917 2721.622803
108.218765 486.812744 2694.923828
288.148254 478.636597 2672.668213
338.686432 158.931427 2710.848877
319.719940 -65.678116 2490.441406
-71.710724 494.988892 2717.179443
-71.710533 179.206024 2717.179443
-71.716766 -136.576508 2717.179443
93.447525 247.894058 2663.276123
189.151428 3.955276 2617.963623
225.885788 -475.933777 2652.435791
200.963928 -930.742126 2573.754883
-31.798862 13.995438 2645.293213
4.198639 -466.054932 2683.412598
25.891714 -921.303345 2595.148926
0 0 0
120.427162 721.206543 2722.232910
107.872414 487.616882 2695.006348
287.935608 478.372131 2674.270020
336.851807 152.462433 2721.429688
309.569275 -29.535126 2468.128418
-72.190788 496.861694 2715.742676
-72.190598 181.078827 2715.742676
-72.196831 -134.703705 2715.742676
91.909370 248.835541 2662.846924
186.507202 4.377792 2617.955078
217.450409 -476.292480 2649.543457
191.012299 -933.229065 2578.059570
-34.614548 15.730576 2643.419922
-4.119240 -464.738037 2681.022461
18.538586 -920.219238 2593.816406
0 0 0
122.358414 721.889221 2723.553955
108.473610 488.140076 2695.102539
288.208710 477.895020 2672.151855
339.427429 156.223206 2724.721680
297.998535 23.255219 2446.929932
-71.261482 498.385101 2718.053223
-71.261292 182.602234 2718.053223
-71.267525 -133.180298 2718.053223
90.710098 249.546265 2662.497314
183.311447 4.661575 2615.799316
217.161789 -475.427551 2653.804932
187.730026 -929.744934 2566.652100
-37.418282 17.243332 2643.984863
-1.794933 -462.189819 2688.897217
17.325342 -916.537292 2595.270752
0 0 0
120.950127 718.959045 2712.698486
107.203186 483.856445 2690.249268
287.021912 473.080322 2668.122803
335.701904 159.104584 2729.851318
286.366882 88.663231 2435.921143
-72.615540 494.632568 2712.375732
-72.615349 178.849701 2712.375732
-72.621582 -136.932831 2712.375732
89.405289 244.736465 2662.065918
182.013718 -0.999908 2620.297119
223.018173 -479.135345 2671.641357
192.057724 -930.569153 2570.181885
-38.798943 12.232880 2647.468018
-1.206707 -466.972382 2693.735596
19.490757 -921.092773 2599.121826
0 0 0
120.432449 717.372925 2707.771973
106.586060 482.107880 2688.623779
286.081635 471.434174 2664.032715
332.366913 166.063232 2726.416992
273.402130 160.872040 2430.820068
-72.909500 492.781586 2713.214844
-72.909309 176.998718 2713.214844
-72.915543 -138.783813 2713.214844
88.807953 242.710754 2662.768066
181.249878 -3.240601 2621.812012
221.588669 -482.218872 2666.523193
192.905289 -933.589722 2562.692871
-39.190189 9.867859 2652.012695
-1.536758 -469.632996 2695.304443
21.475643 -923.679626 2600.769531
0 0 0
119.737137 716.169739 2704.813965
106.190155 481.619751 2688.045654
285.266510 471.032471 2660.601807
332.693604 166.038300 2720.702148
266.912476 236.607758 2449.256348
-72.886215 492.207031 2715.489502
-72.886024 176.424164 2715.489502
-72.892258 -139.358368 2715.489502
88.265366 242.082306 2663.492188
180.304123 -3.956375 2622.086670
221.312073 -483.200439 2664.351807
191.905319 -934.296509 2558.801025
-39.622959 9.046066 2655.790771
2.468147 -470.445984 2694.635498
19.858994 -925.689209 2605.003662
1 1 1
119.219681 718.114502 2704.830566
105.734741 484.213196 2688.025391
283.547913 474.518036 2653.693604
340.352417 162.523743 2711.345947
257.749573 300.423157 2476.950928
-72.078415 493.908325 2722.357178
-72.078224 178.125458 2722.357178
-72.084457 -137.657074 2722.357178
87.988205 244.621445 2663.771484
179.495407 -0.927277 2618.423096
216.253967 -481.217743 2628.262207
197.492661 -938.565308 2588.380127
-39.012074 10.986694 2660.612061
1.826183 -469.412811 2682.717041
20.457563 -927.800415 2614.194092
1 1 1
120.549995 717.940796 2706.338379
106.625916 484.846802 2688.012939
283.304230 475.936951 2648.126465
346.166779 163.756104 2694.171143
254.408081 358.645447 2505.358887
-70.052399 493.756622 2727.899414
-70.052208 177.973755 2727.899414
-70.058441 -137.808777 2727.899414
88.946304 245.301392 2663.210449
179.759201 0.284744 2613.914795
213.837784 -480.805115 2622.336670
204.554581 -941.651855 2599.329590
-37.225819 11.227249 2662.901123
5.597393 -469.109375 2686.012939
20.885426 -925.688721 2605.126709
1 1 1
120.953926 717.042725 2704.121094
104.510483 483.151459 2687.097656
279.111115 473.609039 2639.411377
344.133698 174.400116 2670.616943
252.391083 406.990021 2526.807373
-70.090134 492.693878 2734.783936
-70.089943 176.911011 2734.783936
-70.096176 -138.871521 2734.783936
85.241234 243.523254 2664.496338
173.238434 -1.967361 2612.598877
211.729782 -482.218140 2636.658447
192.185791 -941.329712 2587.826416
-41.294456 9.757462 2671.191162
1.785400 -470.790161 2690.578857
15.351368 -927.595947 2609.405029
1 1 1
118.951744 716.020996 2703.465332
103.047050 482.002502 2686.811035
276.211853 473.507629 2633.812988
360.081207 186.712158 2639.798096
249.868866 434.463989 2528.824707
-70.117729 490.497314 2739.809082
-70.117538 174.714447 2739.809082
-70.123772 -141.068085 2739.809082
84.634407 242.219910 2665.083984
172.522400 -2.777390 2610.822998
220.452667 -481.487976 2646.671875
194.154510 -937.039185 2571.593750
-40.078873 7.652054 2675.890869
9.542713 -472.462524 2686.528809
20.139345 -929.230042 2604.123535
1 1 1
115.323837 712.487488 2705.140137
98.373062 478.640259 2688.304199
268.405060 471.301758 2626.263916
375.545563 199.859192 2600.897949
244.978622 452.475037 2520.310303
-71.658936 485.978760 2750.344482
-71.658745 170.195892 2750.344482
-71.664978 -145.586639 2750.344482
80.144363 238.825378 2666.712402
166.404266 -5.499161 2606.995361
218.960480 -482.398926 2657.603760
187.496674 -934.321960 2562.304443
-42.572937 3.520187 2683.245850
4.342369 -476.994019 2690.783691
17.278278 -932.073120 2599.936279
1 1 1
113.888077 708.628174 2704.493652
94.877998 476.290283 2689.512207
264.248230 467.230042 2625.447266
381.784180 213.928680 2566.452148
238.962128 471.432617 2495.809326
-74.492226 485.350525 2753.577148
-74.492035 169.567657 2753.577148
-74.498268 -146.214874 2753.577148
74.495743 236.520859 2669.536133
158.017822 -8.806778 2610.257812
217.414978 -485.069031 2661.281006
182.727722 -937.412231 2565.613770
-49.790840 2.309647 2688.862305
-0.386868 -478.004211 2689.078613
11.919801 -933.047668 2597.594238
1 1 1
113.575195 711.286011 2713.163574
94.916557 480.417725 2694.746338
265.916504 471.704498 2634.985107
385.932495 230.488541 2534.727783
224.609375 484.003662 2468.862793
-76.083382 489.130920 2754.507568
-76.083191 173.348053 2754.507568
-76.089424 -142.434479 2754.507568
74.622269 240.938919 2671.592773
159.301346 -3.888733 2611.753174
228.459625 -479.026672 2661.427002
192.188049 -931.157654 2563.615967
-50.645386 6.808990 2685.125244
7.784416 -472.356812 2678.143799
19.895458 -927.070740 2584.841553
1 1 1
115.292709 712.422852 2718.008301
97.252411 482.180115 2697.163086
269.295654 474.795013 2640.121826
379.983673 247.254959 2503.375732
212.382095 496.890930 2428.473389
-74.790848 489.565247 2754.204346
-74.790657 173.782379 2754.204346
-74.796890 -142.000153 2754.204346
78.412651 242.861237 2671.324707
165.181580 -0.990997 2610.471680
231.916565 -476.746796 2658.677734
198.891586 -929.713257 2562.782959
-46.035789 8.075684 2680.500977
14.510296 -470.944244 2675.846436
26.296650 -927.177124 2590.508789
1 1 1
113.964706 711.988770 2710.458984
98.303604 481.435486 2695.144043
271.571442 474.430420 2641.849121
374.960419 271.100830 2475.712402
204.724075 513.520020 2382.010010
-74.964218 488.440552 2748.438965
-74.964027 172.657684 2748.438965
-74.970261 -143.124847 2748.438965
81.528152 241.684433 2672.118164
171.136978 -2.367645 2616.369873
229.117905 -479.398438 2663.125732
200.167160 -933.262207 2569.823730
-41.631580 6.234406 2681.814697
11.769958 -473.605743 2683.903320
27.384552 -928.856323 2594.018799
1 1 1
114.474419 709.272400 2706.668213
100.919357 478.567200 2693.505859
275.067657 472.307495 2642.978027
364.967499 293.539307 2452.375244
197.466827 522.322205 2331.858398
-73.228958 484.826904 2744.033691
-73.228767 169.044037 2744.033691
-73.235001 -146.738495 2744.033691
86.030273 238.547821 2671.924805
178.058441 -5.314667 2619.322510
224.637985 -484.654602 2640.019775
209.732269 -943.775146 2594.780762
-35.776062 2.371552 2681.364990
16.273304 -477.651276 2677.806641
27.939116 -933.912109 2592.558105
1 1 1
113.997398 717.178406 2716.275146
102.552078 485.047058 2698.229248
277.429474 481.083374 2650.018799
359.004028 314.785706 2427.190430
195.241913 527.005859 2278.976562
-72.325333 489.010742 2746.439697
-72.325142 173.227875 2746.439697
-72.331375 -142.554657 2746.439697
89.962616 245.364914 2672.268555
184.748672 3.249069 2616.706543
221.947601 -477.371277 2634.961914
210.907578 -938.510742 2595.852783
-30.002365 8.116501 2675.909180
15.335075 -472.601868 2673.625000
27.591408 -927.644897 2582.183838
1 1 1
115.689072 722.192810 2720.082520
104.803009 489.279480 2701.137939
279.734283 485.920837 2652.954102
349.497284 341.397278 2407.612305
189.230743 533.255676 2232.186523
-70.128250 492.638062 2749.321777
-70.128059 176.855194 2749.321777
-70.134293 -138.927338 2749.321777
92.599182 249.733490 2673.529297
187.788177 8.125626 2616.339844
218.411896 -472.994202 2638.852783
210.329758 -935.346985 2605.741943
-26.997478 12.249405 2675.501465
14.289043 -468.805481 2680.017822
25.546679 -924.527832 2591.732178
1 1 1
117.662369 722.229248 2721.475098
108.880844 489.468994 2701.804443
284.153900 486.731812 2654.791260
329.743134 364.704529 2392.324951
187.863464 533.515015 2187.227295
-66.392212 492.206177 2748.817627
-66.392021 176.423309 2748.817627
-66.398254 -139.359222 2748.817627
97.632027 249.902664 2673.814941
193.997940 8.655762 2616.960205
223.031540 -471.319275 2656.592529
209.993881 -928.312744 2586.750977
-21.231525 12.016907 2674.690674
16.927433 -469.211639 2685.270752
28.052004 -923.058960 2588.083252
1 1 1
119.593506 726.603333 2733.165283
109.775307 494.395142 2707.238037
284.071716 492.596954 2656.777344
315.822693 400.819550 2377.661377
186.162720 528.814575 2144.800293
-64.521111 496.193298 2757.698730
-64.520920 180.410431 2757.698730
-64.527153 -135.372101 2757.698730
97.904327 255.460510 2674.749023
193.071304 15.421616 2611.271240
219.609207 -464.070190 2659.481445
198.262238 -916.831421 2566.257812
-21.004597 17.630173 2673.248779
9.557274 -464.169495 2681.826416
22.013580 -919.305786 2590.981201
1 1 1
121.493500 720.364685 2727.997559
111.536865 487.832764 2704.384521
286.293396 484.384064 2655.597900
301.399689 436.401062 2364.816162
194.787445 522.099854 2109.039062
-63.219700 491.281494 2753.171143
-63.219513 175.498627 2753.171143
-63.225742 -140.283905 2753.171143
98.423630 248.633453 2674.321289
192.610168 7.316635 2614.303223
222.684845 -470.443604 2675.553955
197.191345 -921.797485 2573.434570
-21.989376 11.551620 2674.212891
5.891754 -470.496338 2679.865967
20.918404 -927.098267 2597.297607
1 1 1
122.925690 716.846863 2724.902344
112.079796 484.567139 2702.526123
286.677124 480.625366 2653.141846
284.203552 464.698181 2362.883545
204.335892 505.684174 2084.508545
-62.517525 488.508911 2751.910400
-62.517338 172.726044 2751.910400
-62.523567 -143.056488 2751.910400
98.623123 245.175842 2674.058105
192.362671 3.364441 2615.270020
215.646957 -476.841339 2643.257324
205.662766 -934.147339 2608.136230
-22.029755 8.204620 2675.910156
9.945337 -473.564636 2684.169678
22.131804 -928.300781 2591.709473
1 1 1
124.419495 714.232971 2723.873779
113.424179 482.605835 2700.603027
287.340851 478.922852 2648.873535
274.597260 481.846985 2356.437012
213.506958 495.124878 2064.612305
-60.492474 486.288818 2752.332520
-60.492287 170.505951 2752.332520
-60.498516 -145.276581 2752.332520
99.762466 243.263702 2671.712402
192.893250 1.660049 2611.057617
214.816650 -479.595154 2632.326660
209.355652 -940.384766 2609.657471
-20.691753 6.183090 2674.585938
12.879715 -475.535156 2676.967773
22.492739 -931.104126 2588.010742
1 1 1
125.120819 714.226074 2723.851074
113.655716 482.686310 2699.546875
286.841461 478.946350 2645.435791
271.300201 491.423889 2354.712646
219.652191 490.383240 2055.950439
-59.530029 486.426270 2753.657959
-59.529842 170.643402 2753.657959
-59.536072 -145.139130 2753.657959
99.585083 243.313446 2671.057861
191.856735 1.644104 2609.342529
219.401505 -477.585907 2653.247803
202.039078 -933.072754 2586.838867
-20.827845 6.237061 2675.795166
11.291746 -475.607544 2675.002441
22.069487 -932.747803 2594.831299
0 0 0
124.578407 713.984253 2722.832764
112.908195 482.796326 2699.085693
285.418182 479.413940 2642.831055
273.150208 490.715973 2353.845215
222.267929 491.929565 2054.181885
-59.601803 486.178711 2755.340332
-59.601616 170.395844 2755.340332
-59.607845 -145.386688 2755.340332
99.106438 243.338516 2671.159180
191.229416 1.803848 2608.691162
215.426193 -479.041992 2634.119385
208.320694 -938.892212 2607.049561
-20.620052 5.957565 2677.774170
13.174850 -475.785889 2679.300537
20.365345 -930.692322 2587.423096
1 1 1
124.683601 712.774719 2722.825439
111.276169 481.872253 2699.145996
283.545776 477.360535 2642.206055
274.590088 487.844116 2353.915527
223.760132 493.221832 2057.452637
-60.993443 486.383972 2756.085938
-60.993256 170.601105 2756.085938
-60.999485 -145.181427 2756.085938
95.860817 242.486328 2671.475586
186.217529 0.330261 2608.844482
210.190964 -481.101410 2630.875977
203.965347 -943.064331 2609.277344
-25.326580 5.870544 2678.765869
6.007418 -475.999817 2674.596436
16.040764 -933.162170 2595.402100
1 1 1
123.430481 713.061523 2722.828613
112.226181 481.491333 2698.724609
285.102692 478.961975 2643.562500
281.291412 481.423248 2353.478271
224.720215 494.521423 2061.218018
-60.650314 484.020691 2753.886719
-60.650127 168.237823 2753.886719
-60.656357 -147.544708 2753.886719
99.765991 241.994186 2670.656494
193.462418 0.943878 2608.715332
226.473419 -478.471741 2649.621338
208.134735 -933.866577 2581.197754
-18.850822 4.050201 2676.461426
18.688057 -477.346130 2670.755371
26.667593 -933.866577 2587.015137
1 1 1
123.814041 709.959900 2722.311523
112.454750 478.273743 2697.330322
286.020721 475.590454 2644.384033
290.150665 466.712341 2368.748291
228.986328 493.796906 2074.662842
-61.111229 480.957031 2750.276611
-61.111042 165.174164 2750.276611
-61.117271 -150.608368 2750.276611
100.049744 238.817596 2668.800293
194.218399 -2.286163 2607.760010
221.932419 -482.106781 2651.306641
200.532501 -938.401062 2578.267090
-18.928934 1.009064 2672.780518
11.073818 -480.905579 2668.702393
19.819679 -937.422729 2584.525391
1 1 1
123.772995 712.728271 2723.585938
114.250786 480.145996 2698.195312
288.550171 478.947235 2647.691406
299.578217 452.358551 2371.393799
233.723694 497.226440 2085.539062
-60.048607 481.344757 2748.699219
-60.048420 165.561890 2748.699219
-60.054649 -150.220642 2748.699219
104.041031 240.716644 2668.642578
200.860779 0.551193 2608.077637
226.497559 -479.263977 2654.750000
205.568893 -935.365479 2575.267090
-13.198236 2.023392 2670.102051
15.657716 -480.000671 2670.884033
28.705179 -935.623901 2582.494385
1 1 1
121.933495 711.680664 2724.705566
113.842133 479.970520 2698.466553
288.598175 479.619171 2649.514160
316.287201 426.683655 2377.213623
232.818939 502.523468 2097.288818
-60.913895 480.321838 2747.418945
-60.913708 164.538971 2747.418945
-60.919937 -151.243561 2747.418945
104.881386 240.576202 2668.195557
203.219086 0.966187 2607.868408
229.818665 -477.372040 2666.896973
198.020096 -928.626221 2566.833008
-11.377808 1.397614 2667.980713
10.883802 -480.883240 2674.781250
24.541162 -936.282166 2585.124512
1 1 1
119.612450 713.518311 2723.272949
112.951729 481.450012 2697.981934
288.278351 481.844666 2651.115234
327.137421 395.339111 2382.121826
230.223267 511.674194 2123.054199
-62.374912 481.055359 2744.848633
-62.374725 165.272491 2744.848633
-62.380955 -150.510040 2744.848633
105.541290 241.934998 2668.242676
205.785858 2.662323 2609.726074
223.523758 -477.900970 2643.953613
202.688782 -935.641602 2597.480469
-9.524165 2.177643 2667.280762
13.031104 -480.148621 2674.135254
23.794949 -935.897461 2585.813721
1 1 1
117.100624 711.340515 2712.588135
112.110077 479.411407 2693.513916
288.671143 479.493713 2651.811035
338.014191 364.625977 2395.078369
227.778961 518.076294 2162.601318
-64.450989 479.329102 2735.216797
-64.450798 163.546234 2735.216797
-64.457031 -152.236298 2735.216797
106.055313 239.460907 2667.405762
208.451508 -0.439026 2615.681885
224.419998 -481.457184 2650.363037
202.270615 -939.731201 2593.215088
-8.450409 -0.540161 2666.913330
11.816938 -482.951324 2675.965576
23.861267 -939.539917 2592.319092
1 1 1
116.826637 711.046021 2707.718994
113.253433 479.341431 2690.329102
290.357544 479.689880 2650.852051
348.495483 329.804565 2412.547852
229.388306 518.598755 2208.669678
-63.850658 478.992981 2729.806152
-63.850471 163.210114 2729.806152
-63.856701 -152.572418 2729.806152
108.271027 239.183136 2665.856934
212.015991 -0.761246 2617.149170
224.998016 -482.378113 2646.945068
203.229752 -941.025208 2584.838135
-5.438755 -1.189072 2665.620361
15.021824 -483.541443 2677.540283
27.430813 -938.989258 2588.028320
1 1 1
114.294029 712.078125 2706.300781
109.161774 480.832428 2689.569824
285.561584 479.988831 2647.063477
358.252289 301.896729 2436.284912
225.154480 513.042725 2259.735596
-67.238022 481.676025 2732.076172
-67.237831 165.893158 2732.076172
-67.244064 -149.889374 2732.076172
102.172737 240.695267 2665.331543
203.497604 0.040115 2614.993164
213.041397 -481.666321 2646.380371
186.102051 -938.124451 2569.875977
-13.130192 1.076096 2667.193359
4.125984 -481.339844 2681.341797
15.794964 -936.573853 2590.509277
1 1 1
112.622452 707.908875 2694.573242
105.699677 478.169128 2683.816895
281.955597 475.877258 2640.671875
362.130676 277.451965 2466.624023
230.216675 510.134521 2308.981934
-70.556274 480.460938 2726.961914
-70.556084 164.678070 2726.961914
-70.562317 -151.104462 2726.961914
97.760422 237.677765 2664.158203
198.032700 -4.220642 2618.010742
218.159134 -484.715698 2659.181152
187.559509 -937.758972 2565.441650
-18.390356 -1.406525 2670.988281
3.524469 -483.666473 2683.583252
21.168928 -939.680359 2598.053223
1 1 1
112.924149 707.911560 2688.713379
105.329056 477.141602 2679.552979
280.723755 474.122498 2633.128418
371.587524 254.239563 2495.307617
234.131775 497.227295 2352.433105
-70.065643 480.160645 2725.977539
-70.065453 164.377777 2725.977539
-70.071686 -151.404755 2725.977539
96.654327 236.468094 2662.430908
195.684845 -6.059326 2616.800781
220.581192 -487.038757 2649.267334
191.944290 -942.820679 2568.112305
-19.725651 -2.351471 2673.816895
10.102402 -484.196075 2683.778809
20.567310 -938.999939 2591.272949
1 1 1
113.245453 709.548035 2685.781494
104.917992 476.623749 2676.231445
279.283478 473.780701 2626.121826
374.291992 229.118668 2527.651367
237.700851 479.544891 2397.417725
-69.447487 479.466797 2726.341064
-69.447296 163.683929 2726.341064
-69.453529 -152.098602 2726.341064
96.057709 235.939606 2659.056152
194.270752 -6.490387 2611.109863
222.643997 -486.807068 2650.634277
192.091660 -940.572876 2558.766113
-19.875916 -2.998688 2672.651855
13.087540 -484.590454 2685.725098
21.563501 -936.077393 2578.734375
1 1 1
113.940804 708.754639 2684.828613
103.465500 476.253906 2674.207031
276.325897 472.671875 2619.298096
376.149872 210.054901 2566.843506
238.046005 459.251953 2443.413086
-69.394897 479.835876 2729.115967
-69.394707 164.053009 2729.115967
-69.400940 -151.729523 2729.115967
93.108360 235.604675 2657.300293
188.914078 -7.244446 2606.670898
218.521561 -486.252045 2658.468994
190.013474 -937.274170 2553.372314
-23.411646 -2.844635 2674.116211
5.678993 -484.695709 2687.467529
21.039707 -937.133301 2584.985352
1 1 1
112.751411 711.582886 2685.292725
100.467438 477.797577 2674.179688
274.370239 471.107849 2623.035400
374.586548 189.040405 2605.387695
237.617645 433.414856 2485.328857
-73.435364 484.487305 2725.323975
-73.435173 168.704437 2725.323975
-73.441406 -147.078094 2725.323975
86.139496 237.403748 2656.905273
178.601746 -7.098114 2608.224121
212.670761 -485.938202 2659.814697
183.898544 -938.020935 2558.602295
-34.978642 1.117950 2671.037598
0.031265 -480.419830 2677.591309
10.583426 -934.653076 2582.591309
1 1 1
113.891541 708.477417 2684.115234
104.233452 473.694763 2672.105713
280.349884 467.658661 2629.832520
382.319336 182.027435 2650.234619
235.940109 402.735657 2509.926758
-71.882988 479.730865 2714.378906
-71.882797 163.947998 2714.378906
-71.889030 -151.834534 2714.378906
91.579742 233.277344 2653.717285
187.168274 -10.849899 2609.347412
233.042282 -487.304321 2671.143066
202.502136 -935.406433 2554.644775
-29.316216 -3.430252 2661.310303
18.244480 -483.684265 2672.110596
27.061565 -938.938354 2581.547119
1 1 1
113.791962 708.559326 2683.492920
105.570953 473.926361 2671.235596
282.698273 467.965820 2632.933350
374.914429 166.981903 2664.338623
235.314331 364.635284 2480.614502
-71.556381 479.886902 2709.537842
-71.556190 164.104034 2709.537842
-71.562424 -151.678497 2709.537842
93.225090 233.585541 2651.544434
189.579926 -10.413193 2608.347656
226.014862 -488.724426 2661.392334
197.269150 -939.730591 2555.989746
-27.821457 -3.097366 2655.358887
12.746487 -484.035522 2667.180420
23.939693 -941.451416 2589.268066
1 1 1
114.030441 708.787781 2682.678223
106.411118 474.368011 2670.270996
284.204651 468.359039 2634.825928
358.464752 184.994690 2707.676514
250.338531 307.593201 2471.681641
-71.382401 480.376984 2705.716064
-71.382210 164.594116 2705.716064
-71.388443 -151.188416 2705.716064
94.195335 234.084015 2649.731689
191.105576 -9.888168 2607.437012
226.205338 -489.116150 2653.792480
195.009171 -942.791748 2561.493164
-27.146481 -2.511795 2650.947754
12.697628 -483.210999 2671.687988
22.158775 -939.239990 2585.573975
1 1 1
114.683319 714.267212 2693.285889
108.659348 479.849243 2674.463379
287.247925 475.183746 2642.984863
348.284485 196.032684 2722.845703
266.332245 237.927750 2453.832031
-69.929230 484.514740 2705.941895
-69.929039 168.731873 2705.941895
-69.935272 -147.050659 2705.941895
97.881729 240.035675 2648.861572
196.756088 -2.642471 2603.932129
226.049057 -483.411011 2631.539307
203.982956 -942.338257 2587.908447
-22.547867 3.086685 2642.587402
16.744534 -477.260681 2671.367676
24.669458 -931.679504 2576.885254
1 1 1
116.695877 718.245667 2698.071289
110.522125 484.859619 2676.317871
289.830261 479.974121 2649.280518
342.170013 196.533997 2733.428711
283.867004 169.830719 2454.007568
-68.786026 489.745117 2703.355225
-68.785835 173.962250 2703.355225
-68.792068 -141.820282 2703.355225
99.808823 245.260864 2648.562988
199.195633 2.662277 2604.206543
219.323990 -478.681274 2632.897217
204.970062 -940.155518 2602.493896
-21.004589 8.661942 2637.409668
13.981419 -471.133911 2677.470703
22.033926 -925.575012 2582.661621
0 0 0
115.040024 719.799500 2700.469482
110.413734 486.091370 2676.979004
290.014832 483.045013 2651.386963
341.083069 196.773529 2737.226318
298.990723 101.376610 2462.884277
-69.187355 489.137756 2702.571045
-69.187164 173.354889 2702.571045
-69.193398 -142.427643 2702.571045
102.178352 246.573151 2647.695557
204.198273 5.184769 2602.701416
227.493668 -475.034424 2644.524170
204.601669 -932.650879 2582.498779
-16.312332 8.925064 2634.122803
13.615372 -470.752197 2679.927490
24.433868 -923.995117 2579.783936
0 0 0
114.906616 718.578857 2691.165771
111.050201 484.530273 2673.256836
291.155457 480.868469 2651.678223
340.497681 183.855621 2735.611572
313.802795 36.822586 2469.259766
-69.055038 488.192139 2694.835449
-69.054848 172.409271 2694.835449
-69.061081 -143.373260 2694.835449
103.115944 244.581146 2647.752441
205.777267 2.383408 2608.997559
221.184586 -478.013245 2653.596436
199.635300 -936.181152 2587.859375
-15.413902 6.880600 2635.498535
10.881512 -473.270996 2679.241455
21.133266 -928.167847 2586.972412
0 0 0
116.306213 722.381348 2697.508301
110.929520 489.043671 2676.087158
291.231720 484.916626 2656.004150
341.760590 170.930206 2731.820312
320.883331 -18.814255 2478.758301
-69.372681 493.170715 2696.170166
-69.372490 177.387848 2696.170166
-69.378723 -138.394684 2696.170166
102.391312 249.306671 2648.698242
204.542480 7.036026 2608.980225
217.828125 -474.226624 2644.315186
195.364471 -932.617676 2576.873291
-16.836275 12.103317 2633.638428
7.214174 -468.582825 2672.854980
18.380871 -923.759766 2581.810303
0 0 0
116.843704 722.011963 2691.185791
109.297134 488.315277 2673.948486
289.415527 481.792206 2652.833252
340.890198 160.965302 2724.397217
324.453522 -65.739426 2489.170410
-70.821243 494.838348 2695.063721
-70.821053 179.055481 2695.063721
-70.827286 -136.727051 2695.063721
97.735016 248.413712 2649.433105
196.767044 4.506927 2611.952637
215.562210 -476.215057 2652.463867
186.396286 -932.497742 2573.759766
-24.421257 12.517365 2637.882812
-2.194874 -466.621033 2691.925781
13.057465 -918.399963 2586.747314
0 0 0
115.803856 718.636841 2687.007080
108.363548 485.326050 2672.102295
288.527832 478.106537 2651.443604
339.946655 152.976685 2715.683594
331.805206 -105.888611 2506.287598
-71.800743 492.545593 2692.760986
-71.800552 176.762726 2692.760986
-71.806786 -139.019806 2692.760986
96.161530 245.242798 2649.590088
194.573059 0.727036 2614.394287
223.940704 -478.785156 2661.500977
192.337585 -933.482910 2574.229736
-26.654047 9.592026 2639.761475
1.951012 -470.626038 2676.542725
18.883810 -926.245483 2591.531006
0 0 0
116.801857 715.595215 2686.430664
108.492897 481.938843 2671.225586
288.810211 473.992310 2652.210205
339.738892 152.493744 2701.449463
341.270081 -136.939392 2533.770996
-71.824425 489.885376 2690.240967
-71.824234 174.102509 2690.240967
-71.830467 -141.680023 2690.240967
95.494400 241.923676 2648.267334
193.213577 -2.970810 2613.633301
221.451523 -483.400635 2651.522217
192.631393 -939.988281 2573.334961
-28.221779 6.787796 2636.984863
0.111052 -474.075256 2667.773438
22.277243 -931.035095 2590.392578
0 0 0
116.853683 713.792725 2684.125000
107.321228 479.638611 2669.995605
287.632111 470.930054 2651.172363
339.680817 150.662018 2691.260742
350.026428 -156.440552 2551.411865
-72.989670 488.347168 2688.818848
-72.989479 172.564301 2688.818848
-72.995712 -143.218231 2688.818848
93.429428 239.578156 2647.988281
190.247818 -5.829330 2614.423584
220.366608 -485.487427 2660.275879
191.599899 -938.964600 2566.409424
-31.172552 4.864731 2637.538330
0.662481 -475.060181 2678.305176
19.916992 -930.355713 2590.609131
0 0 0
118.037498 713.587830 2683.988037
106.475227 479.840881 2670.384277
286.643677 469.391968 2651.116699
339.196899 148.198730 2683.070312
357.379303 -169.484833 2563.251953
-73.693214 490.289795 2689.651855
-73.693024 174.506927 2689.651855
-73.699257 -141.275604 2689.651855
90.277115 239.869125 2649.056641
184.708740 -6.518646 2615.897949
216.355118 -486.361237 2659.595215
189.043915 -940.159546 2565.859863
-36.550751 6.313385 2639.560059
-4.604212 -474.054474 2676.112061
17.269196 -930.416870 2594.141113
0 0 0
117.418877 713.188904 2683.416016
105.784912 479.868347 2669.867188
286.080139 470.012085 2651.448975
338.939484 146.525024 2678.156982
358.625183 -177.310425 2570.677979
-74.510330 489.724609 2688.285400
-74.510139 173.941742 2688.285400
-74.516373 -141.840790 2688.285400
90.507584 239.807114 2648.784180
185.933258 -6.305969 2616.392334
225.975861 -485.398987 2661.118408
195.778687 -939.513184 2569.379639
-35.472748 5.797729 2639.010010
1.406200 -473.720947 2681.676514
22.151510 -926.521362 2582.693359
0 0 0
117.531898 713.123901 2682.626953
105.845192 479.243042 2669.114258
286.194885 468.853821 2651.514893
338.487793 148.522400 2678.523438
358.537445 -177.388580 2573.792969
-74.504494 489.632294 2686.713623
-74.504303 173.849426 2686.713623
-74.510536 -141.933105 2686.713623
89.990631 239.186340 2648.354980
184.873718 -7.249527 2616.789307
223.735764 -486.584778 2660.587646
192.200623 -939.177979 2562.020996
-36.601585 5.508774 2638.402100
0.235413 -474.379944 2677.412354
19.890650 -929.231262 2587.453125
0 0 0
117.033821 710.871704 2683.787354
105.371445 477.410461 2669.213135
285.713440 466.819489 2651.616455
338.658936 148.256378 2677.296143
358.675903 -177.910706 2571.450195
-74.970551 488.001465 2686.809814
-74.970360 172.218597 2686.809814
-74.976593 -143.563934 2686.809814
89.184204 237.435623 2647.751221
183.729172 -9.042236 2615.484619
221.132248 -488.601715 2658.406982
192.042725 -941.916992 2562.232666
-37.735252 3.963776 2637.093994
1.704319 -476.205536 2669.371338
19.695482 -933.332031 2591.458740
0 0 0
118.350288 711.936279 2684.323975
106.571228 478.474060 2668.736816
287.055389 467.978943 2652.649414
337.832642 147.341980 2677.538330
357.238922 -178.685486 2570.218506
-73.912933 488.969116 2684.824219
-73.912743 173.186249 2684.824219
-73.918976 -142.596283 2684.824219
90.659363 238.525970 2646.759766
185.571915 -7.866501 2614.904541
223.498962 -487.205688 2659.918213
193.328461 -938.854126 2556.616455
-36.076916 5.022293 2634.660889
4.818832 -474.647339 2672.333740
22.985140 -929.904785 2583.987793
0 0 0
118.417938 711.536133 2684.093018
107.201408 477.498718 2668.151855
287.902588 467.190521 2654.801758
337.508972 148.615021 2679.592773
353.185150 -175.331512 2565.410156
-73.499763 487.806915 2681.501953
-73.499573 172.024048 2681.501953
-73.505806 -143.758484 2681.501953
91.864372 237.543884 2645.836914
187.492615 -8.741028 2615.323975
225.280258 -488.425140 2656.585205
192.391647 -941.479065 2560.624023
-34.437950 3.919128 2631.719971
2.826927 -475.949921 2670.898438
22.849432 -931.502563 2583.774658
0 0 0
119.705421 710.807373 2684.464600
108.884628 476.697876 2668.587402
289.689484 467.139221 2655.974609
336.932831 148.799103 2680.859131
353.059662 -172.816620 2560.178223
-71.920227 486.256531 2681.200195
-71.920036 170.473663 2681.200195
-71.926270 -145.308868 2681.200195
94.663353 236.640839 2646.653809
191.454971 -9.285141 2616.976074
223.152313 -490.223938 2642.240723
199.948959 -948.835083 2592.024170
-30.570812 2.452744 2632.464355
1.162266 -477.254944 2677.553955
25.503708 -932.243530 2588.353271
0 0 0
120.117622 712.617737 2684.657227
109.343773 478.348022 2669.628418
290.050140 469.041687 2655.488281
335.095154 147.794586 2681.223389
349.675110 -170.484528 2551.901611
-71.362572 487.654358 2683.768555
-71.362381 171.871490 2683.768555
-71.368614 -143.911041 2683.768555
95.266479 238.277466 2647.728516
192.146591 -7.507355 2617.146240
219.101639 -489.196075 2631.499512
199.202774 -950.523682 2603.129150
-29.768219 3.921204 2634.510986
-1.821384 -475.834259 2681.841797
22.704878 -930.282959 2589.778320
0 0 0
119.797348 709.702454 2684.756348
108.501411 475.933105 2669.138184
289.160583 466.280365 2654.553223
335.848480 150.949432 2681.082275
347.648773 -166.994232 2550.398682
-72.157738 485.585876 2683.723145
-72.157547 169.803009 2683.723145
-72.163780 -145.979523 2683.723145
93.903275 235.898605 2647.178711
190.230515 -10.062744 2616.263916
217.559586 -491.474243 2639.209229
194.577866 -951.587585 2591.906006
-31.620224 1.790924 2634.174561
-3.566128 -478.553925 2674.880127
19.727236 -934.818604 2592.344238
0 0 0
121.097618 710.270447 2683.832764
105.794838 476.707764 2669.373779
285.965546 463.841522 2652.055908
334.144257 146.845154 2680.470703
346.099274 -169.822723 2546.620850
-74.375847 489.574036 2686.691650
-74.375656 173.791168 2686.691650
-74.381889 -141.991364 2686.691650
86.684868 236.920685 2648.708496
178.232254 -10.768616 2617.406982
209.603897 -491.419067 2649.520508
182.237320 -948.831726 2581.473145
-43.082451 5.035797 2638.679443
-10.298985 -475.132294 2678.093506
10.344982 -931.331299 2594.183838
0 0 0
121.850220 711.896729 2683.340576
106.064613 478.112183 2669.066162
286.382141 464.733643 2653.582520
334.884003 145.992249 2678.396973
338.350037 -170.079559 2542.838867
-74.252907 491.490723 2684.549805
-74.252716 175.707855 2684.549805
-74.258949 -140.074677 2684.549805
86.487801 238.353439 2648.243652
177.620010 -9.619278 2617.914795
220.872772 -488.983154 2654.310303
191.642853 -943.834045 2569.980957
-43.798035 6.808670 2636.927490
1.288242 -472.542236 2672.159668
20.676798 -929.047852 2589.435303
0 0 0
120.992157 712.081909 2683.101074
106.796043 478.140686 2668.943115
287.309906 466.332733 2654.390137
335.348633 147.672058 2678.131104
325.691101 -167.931854 2542.229736
-73.717842 489.948639 2683.496094
-73.717651 174.165771 2683.496094
-73.723885 -141.616760 2683.496094
89.397751 238.241211 2647.786133
182.833847 -8.908279 2617.693604
222.477386 -489.381409 2638.718262
208.155792 -948.999878 2596.492920
-38.834946 5.591751 2635.564697
9.496857 -473.619019 2669.638428
26.032644 -931.414185 2593.965576
0 0 0
120.061989 710.703674 2683.488037
106.076935 477.473846 2668.994141
286.512054 465.665710 2653.370117
335.342285 146.945496 2678.761475
323.508453 -169.001526 2543.437744
-74.358185 489.281982 2684.618164
-74.357994 173.499115 2684.618164
-74.364227 -142.283417 2684.618164
88.493530 237.635345 2647.194336
181.695251 -9.453217 2615.801514
216.491257 -490.346130 2639.480225
197.841110 -949.181580 2581.916260
-39.875008 5.046906 2634.987549
0.698959 -474.703827 2671.364258
20.057621 -931.877197 2592.529541
0 0 0
121.749664 711.390869 2684.674316
107.095627 477.885986 2669.170166
287.459991 466.227112 2652.579102
335.832794 147.978149 2678.828613
328.259308 -168.510132 2544.320801
-73.268723 489.544861 2685.761230
-73.268532 173.761993 2685.761230
-73.274765 -142.020538 2685.761230
89.547501 238.080933 2646.917969
182.744049 -8.882721 2614.478760
219.577057 -489.312744 2644.843994
196.934479 -946.302551 2571.933838
-38.745312 5.434509 2634.852783
1.885750 -474.704315 2666.181152
22.201872 -933.117004 2595.449951
0 0 0
120.744629 710.047241 2683.753906
106.629730 476.427917 2668.697266
287.054291 464.780029 2652.713379
337.269012 147.230835 2676.692383
328.809174 -168.855988 2541.160156
-73.794815 488.075806 2684.681152
-73.794624 172.292938 2684.681152
-73.800858 -143.489594 2684.681152
89.189491 236.597076 2646.605469
182.531616 -10.385696 2614.699463
221.032120 -490.172241 2652.580078
190.782196 -943.786194 2562.488770
-39.033123 3.918137 2634.327881
1.886490 -476.054260 2668.297607
20.639103 -933.671143 2592.085205
0 0 0
120.540604 709.112427 2683.273193
107.233841 474.822937 2668.735107
287.712311 463.529327 2653.080078
337.942505 146.263336 2676.790527
326.533234 -169.230865 2540.062256
-73.244629 486.116516 2684.390137
-73.244438 170.333649 2684.390137
-73.250671 -145.448883 2684.390137
90.360893 234.891388 2647.304199
184.304688 -11.974594 2616.260986
218.869141 -492.803345 2640.550781
199.977722 -951.767822 2593.961426
-37.328785 1.894302 2635.485596
4.291428 -477.281616 2678.036621
22.917952 -933.281555 2592.896973
0 0 0
120.759895 710.981506 2683.558594
107.994843 476.190979 2669.017822
288.584473 465.548981 2654.228027
336.066345 144.130981 2677.353027
327.736450 -169.539673 2536.332031
-72.594803 486.832977 2683.807617
-72.594612 171.050110 2683.807617
-72.600845 -144.732422 2683.807617
92.115158 236.170929 2647.827393
187.122879 -10.383621 2617.555664
220.564377 -491.059082 2647.771484
197.086349 -947.607544 2578.025879
-34.651924 2.685379 2635.718262
3.387043 -477.146851 2674.283447
24.322493 -933.926880 2593.788086
0 0 0
