110.356735 713.562988 2719.144531
102.515411 398.036072 2669.627686
262.584686 398.040039 2628.088379
365.258545 196.201706 2710.044189
258.059662 461.275574 2580.323486
-57.553875 398.032104 2711.166992
-121.652115 141.430206 2779.483643
-99.815491 -20.743698 2805.913574
98.564507 150.870850 2654.379395
203.454254 -96.291672 2610.885986
199.640915 -558.000488 2615.716797
205.655380 -966.899414 2681.201904
-14.227061 -96.297073 2667.376221
-19.258774 -584.512146 2685.620361
9.581657 -998.521606 2811.340576
1 1 1
110.093971 713.213440 2718.892334
98.059875 389.805603 2664.290527
261.363281 390.661591 2618.572754
360.947479 194.533081 2700.931885
262.385345 451.269165 2576.655029
-65.243546 388.949585 2710.008301
-119.315285 134.293762 2781.123535
-99.728264 -30.949539 2804.635986
95.428787 142.885529 2650.269043
200.659103 -103.469147 2606.051025
199.208099 -556.886108 2615.083984
204.354004 -963.572144 2675.362061
-15.063711 -104.599915 2666.444092
-18.766441 -589.780518 2687.064941
10.130112 -1001.096191 2812.097168
1 1 1
110.496361 711.865601 2719.106934
95.524467 386.054291 2661.969238
260.288300 387.806519 2617.111084
360.788940 191.177261 2700.691650
238.560059 463.557007 2565.500488
-69.239372 384.302063 2706.827393
-118.171227 124.923676 2757.965088
-98.900536 -40.987427 2810.146240
94.253159 137.642548 2647.596436
200.834152 -109.622223 2603.860107
198.497116 -563.170898 2613.284912
203.020615 -968.554810 2670.293457
-14.870454 -111.916168 2662.587158
-18.872036 -586.184814 2688.922363
10.574200 -995.227234 2813.358398
1 1 1
111.571808 710.347412 2719.409668
95.485832 384.605865 2660.761475
258.800537 386.902649 2614.234863
359.130737 190.704056 2693.065674
236.703339 466.590271 2576.494141
-67.828865 382.309082 2707.288086
-120.635139 124.349640 2760.454346
-98.296844 -52.757019 2810.689453
95.023468 132.927338 2646.714355
202.758804 -117.229553 2601.842773
199.040848 -567.808472 2614.453857
202.403809 -970.594971 2670.943115
-13.636604 -120.272827 2663.491699
-18.668381 -587.214722 2688.242676
6.560978 -991.567749 2810.317383
1 1 1
112.471031 709.000671 2720.596680
95.517296 383.844879 2661.342285
257.236847 386.440125 2613.503418
355.935852 189.963562 2692.877686
245.197830 458.695557 2580.978760
-66.202248 381.249634 2709.181152
-120.971848 130.742416 2763.128662
-98.659790 -91.045486 2803.679688
95.286583 133.133713 2646.961182
203.016296 -115.844925 2600.643799
199.079483 -562.257690 2615.854980
203.330261 -962.963867 2674.145264
-12.904552 -119.309982 2664.516357
-18.060808 -593.838928 2686.048096
4.998999 -998.079590 2806.929688
1 1 1
112.514175 707.338989 2720.977783
95.044365 381.414612 2662.092285
255.987000 384.687408 2615.041992
355.113708 190.395645 2695.755371
240.761139 463.150940 2592.017334
-65.898293 378.141846 2709.142578
-127.334320 138.048996 2755.691650
-97.134819 -105.928284 2799.062500
95.749619 129.850769 2647.006104
203.319580 -119.539978 2600.678955
199.005951 -563.448730 2615.898926
202.114334 -963.357422 2673.785889
-10.409836 -123.886192 2663.160889
-17.502689 -594.367554 2685.063965
5.071596 -997.837036 2806.212646
1 1 1
111.818550 706.267334 2720.836670
95.026260 381.051361 2662.907959
254.881470 384.452087 2616.654785
354.432465 190.168259 2698.085938
255.591156 458.245056 2591.737061
-64.828964 377.650635 2709.161133
-144.835754 161.479340 2747.335205
-99.929840 -79.582184 2792.320068
95.913795 131.634430 2647.636963
203.624481 -115.509949 2601.457275
199.557144 -560.653931 2615.567871
201.638565 -958.858765 2674.922119
-10.021805 -120.055054 2663.274658
-16.898159 -595.603210 2684.028320
4.537325 -1000.736084 2806.455078
1 1 1
111.201439 705.733765 2720.426270
93.544334 378.910919 2662.456787
253.296402 382.497955 2616.374512
354.194153 189.914337 2701.609375
251.402283 455.584015 2581.772217
-66.207741 375.323883 2708.539062
-142.450806 154.902664 2747.689209
-96.266151 -74.153763 2798.795898
94.853737 131.748398 2647.756836
202.401825 -113.028671 2602.411133
198.848602 -558.621948 2614.575684
199.446091 -951.896606 2671.605713
-10.075546 -117.799576 2663.702637
-16.101202 -592.336609 2684.336426
4.094776 -1001.154358 2807.681641
1 1 1
110.612602 704.557739 2719.648926
93.542351 378.142273 2661.332275
252.468613 381.431824 2615.556396
353.875488 190.029724 2703.372559
242.363281 457.766174 2572.942383
-65.383919 374.852722 2707.108154
-136.190674 148.695053 2751.980225
-93.318977 -69.610031 2805.536621
94.589020 130.724228 2647.186035
201.716293 -114.498108 2602.485107
198.800674 -558.420288 2615.320312
199.399155 -952.270996 2673.125488
-10.444912 -118.889526 2663.594482
-17.212152 -594.131714 2685.380127
4.336897 -1000.979858 2809.136230
1 1 1
110.481125 703.967163 2719.640869
100.585678 387.809723 2657.580811
248.480118 388.428711 2615.659180
353.070557 197.669601 2710.237305
244.128815 463.774719 2577.067139
-47.308765 387.190735 2699.502441
-125.068161 140.974655 2778.150146
-91.436508 -73.075699 2806.823730
98.156204 134.840775 2645.274658
202.334610 -117.681976 2602.749756
199.315933 -559.649292 2615.726807
199.939026 -952.330872 2674.533203
-10.881146 -118.574371 2663.187256
-17.437943 -594.125244 2684.805908
5.053421 -1000.793579 2808.558838
1 1 1
109.750603 702.817627 2720.292480
103.111443 392.020935 2653.063965
249.679825 391.716797 2614.993896
353.017120 197.468491 2703.233154
243.332581 463.253845 2576.593262
-43.456951 392.325104 2691.134033
-117.234161 144.834900 2789.979492
-91.026329 -81.448517 2808.970459
100.128830 138.459595 2643.606689
204.070129 -115.323639 2606.376709
197.823868 -555.252380 2615.455078
195.457443 -944.396240 2650.681885
-9.777684 -114.879883 2661.922119
-9.400583 -562.608154 2667.152588
3.356145 -987.414856 2785.484131
1 1 1
109.348259 702.360840 2721.052979
102.674400 396.369385 2651.283936
250.338669 396.273621 2614.116211
359.006531 204.146408 2685.087158
256.993774 453.473999 2579.564209
-44.989872 396.465088 2688.451660
-110.210556 153.256287 2786.705078
-92.266243 -86.130966 2804.705078
100.567390 142.570602 2643.566650
204.452682 -111.296890 2609.170654
198.168869 -554.025818 2616.157227
195.918289 -946.088379 2657.379150
-7.531916 -111.159439 2662.528076
-17.403389 -569.447632 2659.197266
11.076366 -1002.669556 2788.997314
1 1 1
110.232285 701.567505 2721.135742
103.541992 397.443298 2649.798096
250.936584 397.261414 2612.294922
358.081116 204.153534 2692.030029
252.560852 466.886780 2580.848145
-43.852600 397.625183 2687.301270
-96.081429 176.843704 2810.011475
-100.861031 -95.021225 2798.050293
101.420578 143.647644 2642.691162
204.872910 -110.278275 2608.721924
199.380295 -553.247009 2616.033936
195.779007 -943.031616 2658.882568
-6.274573 -110.017746 2662.446533
-14.393322 -563.218445 2655.554443
11.085985 -1002.676025 2790.201904
1 1 1
110.950981 700.761719 2721.412598
103.455276 396.574585 2650.768311
251.652573 396.822144 2611.781494
357.464478 204.484207 2695.881592
246.963394 469.341736 2571.717773
-44.742016 396.327026 2689.755127
-97.492462 174.825546 2808.163086
-102.154663 -98.310287 2796.375488
101.810318 143.352356 2642.907471
205.401276 -109.694092 2607.361816
201.029144 -551.914917 2615.710205
196.891724 -939.995605 2660.748291
-5.070560 -110.045685 2662.731445
-16.756950 -568.802612 2654.978760
11.036036 -1004.176758 2793.068359
1 1 1
110.960678 700.161560 2722.613037
99.795761 384.047852 2648.967285
251.775238 385.755035 2604.770996
362.869019 212.596664 2699.927002
246.518402 271.116577 2540.095459
-52.183720 382.340637 2693.163574
-121.286407 165.726151 2763.261719
-97.605515 -99.524551 2788.102051
100.386787 135.839172 2641.411865
205.678497 -111.193375 2603.409180
201.293503 -551.576233 2612.783447
196.402740 -937.531616 2658.225830
-3.722866 -113.545609 2664.303711
-16.163397 -581.525269 2669.287109
10.843685 -1005.360962 2799.720459
1 1 1
110.565109 699.938721 2722.581055
100.385231 387.618347 2651.585938
252.439285 388.042542 2611.457275
364.954376 212.608917 2707.619629
255.207855 263.203552 2533.473145
-51.668831 387.194183 2691.714600
-125.487175 163.346207 2739.518555
-95.248955 -83.116272 2783.219727
97.991600 133.959366 2639.834717
204.660294 -119.395386 2599.300781
201.407166 -559.382324 2610.853027
195.988037 -943.216553 2648.682373
-13.464364 -120.003876 2656.866211
-16.316479 -581.219727 2676.957520
11.447422 -999.297974 2804.182861
1 1 1
110.656319 700.258667 2721.836670
101.813858 390.760193 2653.274170
252.538193 391.400330 2611.833252
366.647278 214.613556 2706.438965
320.403473 421.479309 2594.107178
-48.910473 390.120087 2694.715088
-129.912094 163.551193 2733.701904
-94.629700 -74.550888 2775.347900
99.824379 137.114761 2642.120361
204.830307 -116.076279 2601.548584
203.088989 -558.305115 2614.481934
196.450272 -941.983643 2651.455322
-9.160509 -116.985092 2660.384521
-17.079788 -585.945679 2676.860840
10.331676 -1001.686401 2802.935059
1 1 1
111.573273 700.207153 2721.129639
102.468445 392.503937 2653.629150
252.674973 393.230408 2611.734863
380.591705 230.711121 2682.184326
262.471344 484.324402 2569.380127
-47.738087 391.777466 2695.523438
-133.687866 166.319427 2731.325195
-95.735535 -71.589859 2771.997559
100.641968 139.524872 2642.693848
204.954895 -112.940872 2602.155029
203.928894 -557.694275 2616.295410
196.536194 -939.918213 2649.900635
-7.323902 -113.967514 2661.362061
-17.509476 -584.484253 2675.232666
10.479084 -973.863098 2799.290771
1 1 1
111.580482 701.325806 2720.174561
108.393120 409.713379 2654.645264
263.047211 408.640137 2614.392822
392.938080 217.176514 2653.591064
258.055481 485.922241 2545.335205
-46.260994 410.786560 2694.897705
-133.655777 182.768265 2729.323975
-93.079742 -50.545715 2775.417236
103.707008 150.944229 2643.539795
206.094452 -108.567932 2604.565918
204.430664 -558.815552 2617.627930
195.032715 -969.048096 2655.912109
-8.052657 -107.081879 2660.302734
-17.009007 -580.577515 2669.747314
11.012775 -1028.418945 2807.363037
1 1 1
111.669861 702.184204 2718.754150
112.807961 421.838196 2652.186279
273.388123 419.226685 2615.938232
374.570618 236.428635 2632.569824
261.975983 484.915894 2529.221924
-47.772224 424.449677 2688.434326
-132.679688 187.350784 2732.752686
-88.916824 -39.490448 2782.638184
106.425682 161.790024 2642.647705
207.615067 -100.007568 2608.826660
205.225830 -565.670105 2620.393799
188.211014 -994.765381 2679.461182
-7.528250 -96.508698 2657.391602
-16.693609 -571.917419 2664.049316
11.046867 -1020.417480 2804.573730
1 1 1
112.616028 702.852783 2718.086182
113.805580 424.219910 2655.310547
274.370056 420.110779 2617.950684
377.143738 250.927078 2599.201416
258.278198 489.739532 2484.374023
-46.758888 428.329102 2692.670410
-148.187805 215.516693 2751.395508
-85.441902 -19.473419 2775.561279
104.901474 172.346909 2644.745605
200.107773 -82.190506 2609.956543
210.286743 -561.295837 2629.612061
189.223145 -1012.147461 2682.789795
-8.113046 -76.861710 2658.404785
-17.350914 -552.430786 2661.855713
10.831196 -1002.320679 2802.781006
1 1 1
113.000710 704.922363 2718.712891
113.994774 419.298187 2669.318848
273.520874 415.911255 2640.049316
381.858307 321.333466 2499.441162
212.854950 532.641296 2473.891113
-45.531334 422.685120 2698.588379
-142.454468 203.494156 2748.121094
-87.620560 -1.757950 2782.763184
105.599236 167.472595 2652.701172
203.821869 -86.616623 2616.521484
209.957336 -567.730713 2630.773926
205.193253 -1001.599243 2701.099365
-9.414469 -82.089371 2655.645508
-18.293764 -557.436462 2661.700928
9.985386 -1004.507935 2798.012695
1 1 1
114.301430 705.652344 2719.430908
117.115463 419.389526 2687.101074
277.383453 414.880310 2666.521240
381.249329 326.982819 2492.832764
199.790100 558.123779 2335.117188
-43.152512 423.898743 2707.680908
-141.849258 206.923782 2754.593994
-81.910362 23.814529 2787.864990
106.960342 167.658661 2663.172852
205.752090 -87.137466 2625.254883
210.778336 -565.094604 2638.911865
211.342896 -992.684814 2716.270264
-12.141646 -81.006912 2653.234375
-13.053812 -566.077209 2673.883057
8.377491 -1005.456299 2788.781250
1 1 1
114.807457 706.316650 2720.240234
119.064865 424.126862 2696.465332
281.043030 418.949280 2677.066895
356.395782 364.508698 2479.437500
199.218719 553.994507 2262.706299
-42.913330 429.304443 2715.863770
-141.914856 209.682053 2756.353516
-80.783081 67.369781 2773.018555
107.960358 169.751556 2671.636230
206.620041 -88.132324 2633.661865
209.098557 -562.236938 2643.901367
211.735931 -986.828125 2725.407227
-12.908332 -81.115173 2659.952393
-16.351734 -567.231812 2660.685303
6.495617 -1006.827515 2782.292236
1 1 1
115.336739 706.485657 2721.533691
123.003304 439.366882 2704.829590
288.800018 432.744751 2689.954590
346.871399 363.015564 2465.775391
194.270050 542.967285 2207.619629
-42.793400 445.989014 2719.704102
-143.807434 226.640656 2756.758057
-72.163101 360.925293 2611.766113
109.950493 176.904968 2676.186279
205.836212 -89.908096 2637.769531
208.228775 -564.070740 2644.735596
209.051865 -984.609558 2727.236572
-12.040851 -81.205795 2657.316895
-16.321527 -567.035583 2657.767822
6.201643 -1005.475830 2779.727783
1 1 1
115.416039 706.425781 2722.737305
112.962143 439.657654 2699.776611
269.278107 436.539276 2683.579346
313.863281 347.793152 2488.089844
196.450836 530.199402 2153.554443
-43.353806 442.776031 2715.973877
-142.977722 223.711777 2750.958252
-26.880844 472.896759 2649.142090
104.878685 176.113251 2672.503662
203.916428 -89.568130 2634.130859
207.502716 -563.836487 2640.849121
206.484116 -976.883484 2720.293701
-10.325957 -85.294174 2656.330566
-16.401463 -567.531982 2660.908447
6.765617 -1004.129089 2782.577881
1 1 1
115.700027 706.374207 2723.486816
101.744385 438.362671 2688.053955
245.750259 439.049072 2662.976807
290.367157 379.190491 2473.700928
205.237228 525.596130 2155.325684
-42.261490 437.676208 2713.131104
-144.322540 221.201813 2744.628418
-66.390800 385.285400 2618.945557
99.284569 174.826462 2666.714600
203.758835 -88.200012 2626.753906
206.866837 -561.204224 2634.820801
207.693405 -973.076294 2714.493164
-10.109345 -89.219452 2663.996582
-16.740982 -570.150024 2666.441406
23.029690 -971.863525 2766.297363
1 1 1
119.001656 707.414307 2722.933838
96.065460 452.832397 2672.048584
245.339020 455.712006 2636.824463
272.712158 372.489380 2439.956543
154.717102 522.546509 2395.982910
-53.208099 449.952759 2707.272705
-150.975891 247.109818 2729.624023
-103.385132 518.935730 2778.867920
96.495499 189.446671 2652.338623
199.925247 -71.952072 2608.323975
203.457153 -547.099060 2621.744141
204.710419 -968.260254 2701.603271
-6.074181 -75.926010 2656.933350
-14.775552 -575.572449 2678.079102
20.493298 -989.590210 2784.583252
1 1 1
119.337814 707.381348 2723.669678
92.265442 451.596924 2674.083984
243.527313 454.948975 2642.091797
270.075836 374.887634 2417.487793
159.911469 509.040222 2387.832764
-58.996429 448.244873 2706.076172
-153.288727 257.980743 2734.164307
-150.524200 274.312988 2657.901855
93.840057 185.266922 2653.623535
197.465149 -78.801575 2611.579346
204.112305 -556.743408 2622.433105
202.984024 -978.113464 2702.862549
-6.635804 -83.324554 2654.746826
-16.047649 -567.579224 2676.285400
20.033066 -982.503723 2783.999512
1 1 1
120.917984 709.391235 2727.594727
90.427643 443.540588 2682.322510
237.770554 447.088257 2655.012207
269.204407 385.598877 2408.125977
185.669708 499.565186 2147.730957
-56.915283 439.992859 2709.632812
-145.683533 250.184586 2740.835938
-155.616577 332.536438 2657.026855
92.721840 179.353714 2660.381104
197.512802 -82.365250 2619.441650
205.557877 -559.308899 2627.793213
203.192123 -982.497681 2705.026611
-7.480712 -87.301041 2657.437744
-16.538811 -568.410034 2676.208984
19.105064 -982.294067 2778.801025
1 1 1
119.737534 709.619629 2727.902344
90.500702 452.408997 2671.235352
234.900635 454.781616 2647.263184
294.585266 403.520905 2409.715332
185.030640 503.501282 2136.943848
-53.899231 450.036407 2695.207520
-138.363983 242.351044 2742.513672
-149.324844 278.864899 2659.064941
92.370483 182.515396 2655.785889
196.642639 -85.695679 2623.336426
206.268707 -561.871582 2631.352539
203.692841 -984.323975 2706.262451
-8.162104 -89.060760 2657.336426
-17.363361 -569.426514 2675.361084
17.835354 -982.584351 2775.771484
1 1 1
119.715446 709.335632 2727.427734
91.715294 450.318420 2671.293945
234.462814 454.112823 2641.514648
291.101318 409.020050 2403.453369
186.123077 503.033691 2141.448242
-51.032215 446.523987 2701.073242
-142.137497 244.612991 2769.619873
-133.826218 339.902740 2664.743164
95.192047 176.920486 2653.123779
207.247040 -93.591278 2612.302490
206.162308 -554.308960 2632.301025
203.257416 -972.359741 2705.549072
-9.909442 -99.363586 2657.604736
-17.768347 -577.267578 2676.692383
16.855730 -992.440125 2775.491699
1 1 1
119.854576 708.673401 2727.025879
93.194618 447.962555 2671.145996
236.055740 452.206970 2638.883545
285.535400 408.825317 2399.986816
187.868622 503.199554 2157.370605
-49.666496 443.718140 2703.408447
-122.579689 232.349411 2788.172363
-133.669769 314.349731 2652.557129
97.118790 171.853882 2652.197998
213.236023 -100.921524 2607.913330
205.057312 -548.685242 2631.517822
203.375549 -967.019409 2705.770264
-11.150116 -107.588058 2658.586670
-16.204437 -582.289734 2677.615234
15.778215 -1000.376953 2776.882324
1 1 1
119.485504 708.981567 2727.367676
96.591896 441.736145 2676.794434
240.545242 445.246887 2640.854980
286.767151 410.594177 2400.137695
180.996033 515.495911 2180.705811
-47.361462 438.225433 2712.733887
-122.742004 228.129105 2789.889404
-121.974144 322.390747 2650.373779
97.454254 165.159531 2653.231201
210.259476 -108.687042 2601.720215
203.374374 -550.151367 2630.537354
203.331741 -968.901550 2705.202393
-13.626242 -114.147156 2657.615723
-14.474008 -582.547974 2678.671387
18.790707 -998.755005 2778.970459
1 1 1
118.790405 708.822998 2728.414551
101.173416 429.313049 2681.982666
249.771988 430.573059 2650.298340
316.027222 385.654327 2414.246338
179.091736 528.477905 2195.005127
-47.425156 428.053070 2713.666992
-123.788521 222.997726 2781.618408
-126.576164 337.991547 2656.843750
98.025314 160.680466 2656.535400
205.153839 -107.017075 2607.574951
203.605591 -560.598145 2633.533447
203.066940 -978.283630 2707.711670
-15.399406 -108.887192 2654.601318
-15.444534 -573.087097 2675.704346
18.017052 -990.273865 2777.786865
1 1 1
118.079773 707.907593 2729.573486
105.296219 424.610016 2694.645020
257.855713 425.552795 2664.520264
325.344727 374.693207 2424.385254
187.204269 538.362244 2218.728027
-47.263260 423.667236 2724.769775
-131.707916 209.614105 2771.461914
30.149384 219.089233 2644.736084
100.637566 156.641998 2662.666016
207.716232 -110.635513 2608.623047
203.019897 -564.140625 2640.239502
203.948654 -978.492676 2713.683350
-15.758398 -112.016525 2652.750977
-16.823132 -577.217651 2672.644287
16.349819 -994.953735 2775.062256
1 1 1
117.545815 707.677063 2730.140381
111.753654 422.613892 2704.046875
271.987640 421.812805 2676.402832
342.518890 355.474731 2443.487305
189.293793 546.079224 2255.186768
-48.480339 423.414978 2731.690918
-135.114502 204.059113 2765.405762
-75.869308 3.221970 2872.061035
104.100433 154.355820 2667.459961
209.508545 -114.467514 2611.367432
204.745056 -563.048218 2642.948486
204.140060 -981.525513 2719.033936
-16.614122 -113.337021 2650.378662
-16.576157 -576.758606 2670.838623
15.040283 -995.374512 2773.411133
1 1 1
116.492897 706.782837 2730.370361
114.367294 421.777863 2704.801514
277.824799 419.942780 2680.325928
346.332794 342.413544 2458.257080
196.650421 546.879028 2304.909668
-49.090225 423.612946 2729.277100
-140.224030 203.500778 2756.530518
-73.608727 16.755646 2869.367188
105.941078 153.711548 2668.626221
211.565948 -115.635178 2615.373291
205.672684 -562.350891 2645.086670
205.093521 -979.367554 2720.954346
-16.536207 -113.074356 2649.528564
-17.112309 -576.979736 2668.175537
13.856243 -996.378662 2771.481201
1 1 1
115.627121 706.913208 2730.411133
113.457611 423.201630 2709.616211
278.318756 421.600647 2686.314697
348.019989 329.861877 2481.362061
203.037567 539.972534 2335.129150
-51.403519 424.802612 2732.917725
-145.138123 228.507843 2742.186279
-70.070908 39.634903 2844.283691
105.494209 154.985413 2671.701904
210.808243 -114.330841 2617.777100
206.527603 -563.993042 2643.544189
205.189346 -981.010986 2719.421387
-15.746611 -112.130768 2649.798096
-15.761643 -574.765381 2668.603027
13.664008 -994.396790 2772.527832
1 1 1
114.553375 707.710083 2730.873535
113.174492 424.697540 2709.270996
278.207306 422.512421 2688.639404
353.063751 311.696075 2502.971191
210.120667 535.724182 2373.088623
-51.858330 426.882660 2729.902588
-147.124573 222.887375 2741.812256
-73.692177 78.322983 2818.147217
104.998863 157.025360 2672.223145
208.653000 -112.127502 2621.194824
207.112823 -567.782959 2643.169189
207.893097 -975.754333 2713.798096
-15.006533 -109.166138 2649.155762
-15.158046 -571.770630 2668.113770
13.145204 -991.655701 2772.413330
1 1 1
114.449860 709.038757 2731.968018
116.648300 432.724426 2704.897461
279.205872 428.705048 2690.577148
349.350983 292.667389 2512.683838
214.460999 525.852783 2402.786377
-45.909256 436.743805 2719.217773
-155.214447 235.450195 2744.801270
-75.309128 110.273209 2800.848145
106.773560 160.287781 2669.270264
209.206879 -114.925781 2623.749512
207.845505 -569.450256 2647.922119
210.621185 -977.892334 2712.215088
-15.409243 -109.371948 2643.536621
-15.856097 -571.983337 2663.385742
11.804278 -991.821411 2767.837646
1 1 1
113.503738 710.384888 2732.089355
118.582199 433.028900 2696.717529
277.275360 428.031860 2683.285400
383.307007 265.662476 2537.413574
224.504105 516.671753 2433.035889
-40.110977 438.025940 2710.149658
-158.395859 234.398239 2745.013916
-48.151955 473.073364 2624.721680
107.318558 160.821747 2664.910400
207.525940 -114.895477 2623.667969
207.577972 -572.232422 2647.681641
209.663940 -977.709839 2708.282471
-15.416115 -107.875336 2642.538574
-15.705516 -570.159058 2662.430664
10.538289 -991.153015 2769.205811
1 1 1
112.523109 710.802856 2731.648193
122.354195 430.761719 2683.381104
277.907593 424.711487 2666.175781
378.008087 243.041382 2563.942383
236.260849 502.655243 2465.367676
-33.199196 436.811951 2700.586426
-160.078278 237.154373 2743.465576
-53.013428 494.542786 2608.458740
109.016739 159.785919 2658.085205
206.577164 -115.503250 2620.523193
207.005234 -573.574646 2644.552490
207.297913 -977.573975 2703.285889
-15.218606 -106.876511 2645.055420
-13.029284 -568.632996 2663.370850
9.779291 -990.763916 2773.576904
1 1 1
111.634628 711.098145 2730.994141
120.699013 417.850037 2678.460205
273.118988 412.242676 2660.111816
373.075226 251.991028 2584.532715
238.142715 512.414490 2493.223389
-31.720972 423.457397 2696.808594
-161.981644 225.547058 2739.260498
-44.829659 475.805664 2607.557617
108.224617 153.207321 2655.711426
206.216003 -115.499313 2619.664551
207.884827 -574.583618 2643.471191
205.764420 -979.188416 2698.024658
-14.715559 -107.371506 2646.260742
-12.643818 -567.756165 2664.638428
8.881168 -992.110107 2776.711670
1 1 1
110.052307 710.920959 2731.727783
123.085541 419.865417 2670.921875
273.886414 413.556091 2649.215576
373.231689 241.299088 2597.474609
238.295853 502.386108 2515.332764
-27.715332 426.174744 2692.628174
-163.055481 231.158890 2739.022949
-50.447578 487.666260 2623.239502
109.249962 154.342255 2651.980469
204.941055 -115.763367 2617.273682
208.405685 -574.441040 2642.265381
204.256042 -980.314819 2692.706299
-14.112281 -106.598450 2648.804443
-11.909534 -568.444458 2668.159180
8.850549 -996.279236 2781.550049
1 1 1
108.620537 711.081177 2732.215820
118.711533 421.296509 2662.844971
266.963440 416.135590 2638.112793
383.193939 227.513031 2601.388916
261.007751 489.441223 2525.227783
-29.540371 426.457458 2687.577148
-163.265930 227.302490 2734.693604
-49.783989 482.940979 2613.342773
106.980309 154.990494 2648.095215
204.230896 -115.109406 2615.164551
207.526352 -572.292419 2638.653564
199.690475 -977.493469 2681.359619
-13.732731 -107.521667 2651.526367
-12.709899 -568.906006 2671.823486
8.892734 -998.482300 2787.355957
1 1 1
107.433098 710.316223 2731.874023
117.901878 418.417053 2661.724365
265.262329 413.944702 2638.614014
396.410217 218.925217 2596.433594
242.240021 495.451294 2539.783447
-29.458582 422.889374 2684.834717
-160.600006 211.162491 2719.740967
-50.115585 475.768066 2607.850342
107.629051 152.619400 2647.657959
205.732880 -116.467422 2616.594971
207.617828 -570.767456 2638.354736
197.973450 -974.740906 2677.258789
-11.020437 -109.889053 2650.588135
-12.968046 -569.525879 2671.333008
8.378061 -996.606079 2787.036377
1 1 1
106.663673 709.460876 2732.174316
117.723038 420.465027 2663.918213
266.533142 416.123657 2642.993896
395.052368 224.461060 2593.982178
254.959991 483.634827 2543.686279
-31.087082 424.806396 2684.842529
-162.035248 215.738342 2723.570801
-62.543213 471.658691 2603.449707
107.895363 153.907532 2649.330322
206.428940 -115.811264 2619.505615
207.615753 -571.598083 2638.569580
200.306808 -976.347168 2681.095703
-10.293555 -109.488663 2649.979248
-13.127166 -568.562683 2671.912354
8.319703 -992.627075 2786.381348
1 1 1
105.876442 708.290039 2731.428955
116.016541 419.149445 2663.351562
263.772980 415.507965 2641.872803
394.998474 221.923889 2597.111084
255.559158 481.162964 2548.065430
-31.739887 422.790924 2684.830322
-164.314957 214.693542 2725.889893
-65.169464 470.376709 2622.220215
107.433784 152.250519 2649.558594
206.465805 -117.300583 2620.122070
207.406952 -572.720276 2638.750000
200.904358 -975.961060 2683.911621
-8.763744 -111.996231 2651.409180
-13.921675 -569.812317 2673.030762
11.457888 -983.727539 2774.763184
1 1 1
105.153931 706.285156 2729.905273
115.618805 417.706482 2660.905273
262.054932 414.542023 2637.762939
376.402588 213.509354 2609.613770
259.821655 465.673126 2569.020020
-30.817307 420.870911 2684.047607
-152.505859 236.150497 2738.555664
-60.607437 480.425598 2632.207520
107.970284 151.846786 2648.861328
206.387131 -116.304932 2620.055176
207.024017 -571.548950 2637.916260
200.167526 -978.088440 2681.046631
-5.743591 -111.720856 2653.579590
-14.212656 -568.432861 2673.260986
13.061802 -980.808716 2774.924072
1 1 1
104.075073 705.007629 2728.175049
111.564697 415.018494 2657.871338
258.911926 412.461548 2634.567139
370.249115 209.073563 2610.673584
268.965668 462.883362 2556.396973
-35.782547 417.575470 2681.175537
-158.640747 226.964554 2734.507812
-60.909706 475.579224 2625.447266
105.275932 150.745865 2647.104980
205.034485 -115.367050 2619.566406
206.457809 -569.953369 2636.938721
200.537216 -978.498474 2681.959961
-7.060135 -111.686508 2653.110840
-14.467686 -568.969788 2674.223389
12.900103 -982.390015 2775.213623
1 1 1
103.342896 704.546997 2726.748779
109.989227 414.006653 2655.933105
256.962677 411.554596 2631.965820
371.094482 210.874329 2615.743652
255.857635 470.074799 2578.492432
-36.984238 416.458679 2679.900391
-161.234344 220.967072 2732.329834
-63.411552 461.285767 2613.149170
103.944412 150.058243 2645.868652
204.008682 -115.660431 2618.500732
206.477249 -568.711304 2635.303467
199.020416 -976.563416 2677.843750
-8.209486 -112.119873 2653.107666
-14.765709 -568.558594 2675.937256
12.444136 -983.831299 2776.084717
1 1 1
102.770836 703.977295 2727.176758
106.838348 412.600647 2655.750488
254.803802 410.900269 2630.216064
373.299866 211.496719 2623.676270
255.994537 466.254242 2590.055908
-41.127110 414.300995 2681.284912
-161.246078 217.653015 2730.585938
-69.618965 475.777832 2608.360840
101.972855 148.229050 2645.160889
202.499710 -117.353668 2616.383789
206.521042 -569.839478 2632.825195
199.872498 -977.178101 2677.783447
-8.284979 -114.931396 2652.758789
-15.305155 -569.079651 2678.725098
11.839918 -983.771729 2778.634033
1 1 1
99.612450 702.528809 2725.630859
105.066750 414.320984 2648.562012
250.570847 412.592285 2619.963135
376.028412 213.161362 2631.282471
263.436523 465.011536 2570.080811
-40.437340 416.049622 2677.160889
-163.998169 219.264435 2731.209229
-68.416801 452.156738 2601.154053
100.536972 149.038864 2641.550537
200.691452 -117.486954 2613.963379
205.991852 -569.912476 2628.635010
198.228882 -975.293030 2673.937988
-8.677073 -114.999527 2655.114746
-15.562434 -569.360168 2681.316406
9.630816 -982.330933 2784.632080
1 1 1
99.423820 703.042969 2725.461182
106.177986 416.423523 2649.933594
252.462784 414.365662 2622.489014
376.811462 210.918167 2634.566406
258.643158 460.158386 2573.792236
-40.106804 418.481384 2677.378174
-163.558289 217.440704 2729.195068
-132.664719 374.947174 2621.788818
101.042168 150.228394 2642.518555
200.935226 -117.444229 2615.398926
205.175323 -569.382019 2627.226318
196.691513 -965.877075 2674.115234
-9.122536 -114.489243 2654.808105
-16.480789 -569.629517 2681.353271
6.254328 -981.308289 2786.725342
1 1 1
98.865623 702.784485 2724.838135
105.562752 418.562897 2651.059326
253.551041 415.912323 2624.812256
378.152618 209.605820 2638.982422
260.821075 465.602051 2571.286865
-42.425529 421.213470 2677.306396
-146.839035 213.161957 2715.564209
-70.377609 446.284485 2582.242676
99.176811 152.064789 2641.965820
199.640244 -116.347061 2613.921631
203.289825 -567.261963 2623.612549
196.731003 -967.258667 2672.199951
-14.058503 -112.519577 2651.822998
-21.129002 -566.120361 2682.578613
-8.092587 -971.191467 2790.666748
1 1 1
98.128601 701.784912 2724.125000
106.138710 417.595612 2649.554932
253.477829 413.388428 2623.412598
374.058136 198.056213 2647.423584
237.652496 130.320999 2697.288330
-41.200417 421.802795 2675.697266
-144.470612 191.372742 2708.723633
-106.613831 404.501831 2614.860107
97.590538 157.997192 2643.155029
195.933640 -104.653442 2617.789551
202.367630 -560.882629 2623.114258
197.585419 -961.731567 2675.836670
-17.848900 -98.549011 2655.720703
-31.893459 -555.833252 2669.885010
6.846790 -961.322388 2753.501465
0 0 0
97.274872 701.778198 2723.763184
105.900116 416.551331 2645.483887
252.008438 413.346985 2615.285889
373.921478 201.703674 2642.552490
256.870819 464.802704 2580.718262
-40.208191 419.755615 2675.681885
-142.746384 181.504044 2714.599121
-101.910294 407.709839 2599.413818
99.650902 159.920700 2642.479004
197.733353 -98.998016 2617.910645
202.224716 -552.611877 2625.000488
198.328186 -976.514282 2684.679199
-10.929994 -94.421814 2661.037598
-30.428600 -564.710205 2668.049805
10.298531 -976.816956 2755.565430
1 1 1
94.671562 699.732544 2723.779297
107.440804 416.703186 2645.659668
253.836853 413.876404 2617.687500
369.213623 200.531586 2644.186279
335.432770 376.420441 2601.564209
-38.955242 419.529968 2673.631836
-152.372787 202.020844 2713.093506
-95.710861 413.194153 2609.204346
101.515327 162.331802 2640.353760
196.753510 -93.992981 2615.718262
200.662994 -546.647705 2624.007324
196.094528 -981.733398 2680.970703
-5.573796 -90.086212 2654.377441
-32.425434 -560.060303 2654.013672
10.530926 -989.959717 2753.598633
1 1 1
93.706406 699.485229 2724.462158
106.788826 412.424530 2640.303467
252.659775 409.070923 2614.156006
361.275635 195.756332 2642.414795
270.024078 447.942078 2587.399414
-39.082115 415.778137 2666.450928
-154.617432 204.014740 2715.822998
-83.557426 308.711761 2640.658691
100.256554 158.138535 2636.475098
196.706375 -98.515030 2614.187012
199.742935 -549.911316 2623.404785
195.305420 -974.363281 2677.402588
-9.257805 -93.779892 2651.106445
-29.241693 -562.410278 2661.841797
10.357664 -984.693237 2753.827637
1 1 1
92.808899 698.682922 2724.457275
105.613884 409.125122 2637.147949
252.285431 405.597900 2614.918213
364.272949 196.406021 2645.062256
330.114929 375.815125 2595.300537
-41.057659 412.652405 2659.377686
-157.365662 207.991425 2714.032471
-60.627907 290.367676 2692.310791
98.550468 151.482651 2631.424316
195.163391 -108.653122 2609.987305
198.467300 -558.572205 2620.052734
194.685669 -977.752930 2672.231201
-12.189281 -103.666550 2641.414062
-29.173670 -556.976929 2666.588379
10.614431 -975.132446 2757.704834
1 1 1
92.631332 698.909424 2725.492920
104.901321 410.071716 2638.125488
252.707642 406.643158 2612.906982
360.786865 197.640884 2644.306152
201.963196 468.843689 2583.006836
-42.904999 413.500305 2663.343994
-158.648773 203.253479 2714.518311
-115.076157 397.905182 2621.027344
97.892151 152.779099 2632.024658
194.716934 -106.922104 2608.208008
198.616074 -556.368896 2621.164307
194.683456 -970.186646 2673.404541
-12.950972 -102.104965 2643.639648
-28.650167 -558.372437 2664.902344
9.162607 -976.158691 2758.361816
1 1 1
93.080154 699.098877 2725.325684
103.994156 408.083801 2637.942627
252.480042 404.551208 2614.300537
362.117523 198.248886 2645.700684
267.962402 449.921997 2568.820557
-44.491726 411.616394 2661.584717
-165.947876 202.731888 2714.313965
-84.289505 261.477905 2666.304199
96.912506 151.490799 2631.805664
194.678543 -107.596603 2608.974609
198.607269 -553.603882 2621.275146
194.905762 -962.840454 2674.906494
-15.016832 -102.607773 2642.362793
-27.330181 -560.888306 2666.202637
7.183361 -975.540710 2762.790527
1 1 1
93.120728 698.889771 2725.432373
103.754852 409.222992 2637.260254
252.355209 405.098694 2612.768066
363.669800 201.129471 2650.164795
259.624542 457.889465 2583.401123
-44.845505 413.347290 2661.752441
-162.064941 200.822128 2708.612793
-81.928772 45.866104 2824.176270
95.451332 148.027588 2630.864014
194.572739 -116.149323 2606.761963
197.440170 -562.577148 2623.763184
195.093063 -968.474609 2673.164062
-20.277115 -110.186310 2642.173584
-25.469316 -562.359375 2672.376465
6.557043 -969.063843 2766.708008
1 1 1
93.037102 698.191650 2724.925293
103.740257 408.908234 2636.057373
251.962753 405.027466 2609.303955
365.406464 202.825058 2648.398926
274.967224 443.038818 2575.560547
-44.482227 412.789001 2662.810791
-164.628311 202.832886 2708.692627
-82.560898 40.951431 2816.607178
95.844116 147.546112 2630.222656
194.773895 -116.612946 2605.106445
197.110107 -559.697449 2622.721680
195.507248 -965.701050 2676.872803
-18.877956 -111.019073 2643.669434
-26.715038 -569.109375 2671.776367
2.735548 -951.983887 2746.543213
1 1 1
92.097763 696.943420 2723.907471
104.011642 408.321472 2635.347168
252.151855 405.024872 2607.477295
365.707977 205.541122 2647.970703
205.124832 284.483582 2520.282471
-44.128555 411.618042 2663.217041
-167.107651 198.783432 2710.801758
-83.440125 52.619598 2799.842529
97.483330 154.026352 2630.725586
197.540619 -102.640625 2606.051758
198.406998 -543.632568 2622.273926
196.170288 -952.940674 2679.853027
-15.630592 -97.896881 2646.156250
-29.750673 -581.071594 2666.676025
1.641363 -974.039185 2757.862305
1 1 1
91.202766 696.076050 2722.984375
102.840797 404.741516 2634.882324
252.531906 401.405212 2608.921875
366.341736 202.373138 2649.825195
240.779022 468.701080 2575.944824
-46.850319 408.077820 2660.842773
-168.771057 197.586060 2711.276855
-88.832451 57.228882 2789.221191
96.175743 148.075134 2629.436279
198.073959 -111.010910 2605.162598
197.863525 -550.422302 2620.509033
196.104446 -955.610413 2680.229492
-19.052584 -106.171585 2642.817871
-28.935371 -572.222900 2666.111328
2.521202 -966.972839 2761.256104
1 1 1
90.618927 695.912720 2722.051514
102.884674 405.187805 2635.791992
252.256180 401.995117 2609.839355
367.878357 203.641006 2648.789307
245.171326 475.710022 2561.775879
-46.486832 408.380554 2661.744629
-165.879578 191.659500 2709.416992
-92.302551 46.177338 2788.709717
96.151672 145.012222 2629.046875
200.039032 -117.527817 2603.082031
197.503983 -550.994141 2620.384033
195.956955 -957.015747 2679.719482
-21.201696 -112.798935 2641.521484
-27.331860 -574.229675 2666.128418
3.549755 -968.235718 2766.987549
1 1 1
90.765923 696.404663 2721.786377
102.359077 405.516327 2636.485840
251.864700 402.559418 2610.521484
367.383423 202.459900 2648.638672
259.371490 460.098999 2583.417480
-47.146538 408.473236 2662.450195
-164.231201 194.224045 2711.154785
-92.530396 86.013489 2764.291016
95.856934 144.399689 2628.782471
200.166458 -118.908569 2601.834717
197.432465 -553.776123 2620.023682
195.046371 -955.677490 2680.123535
-21.456886 -114.525330 2640.323486
-26.366646 -573.768188 2666.694824
3.809765 -966.514709 2768.481934
1 1 1
90.909454 697.019409 2721.070312
101.358246 405.409790 2636.644531
251.354721 402.561584 2610.208252
369.665955 203.320404 2650.358643
230.215973 482.870453 2552.929199
-48.638226 408.257996 2663.080811
-164.632446 195.020676 2711.154785
-93.032341 96.819435 2750.004639
95.075195 143.841614 2629.176025
199.554230 -119.829758 2602.186279
197.262314 -554.915161 2620.102783
195.102325 -957.322449 2678.905762
-21.969952 -115.623367 2641.228760
-25.856745 -571.862793 2667.148682
3.617268 -967.177002 2770.199219
1 1 1
91.349625 698.351685 2720.979736
99.939240 407.377716 2641.232178
251.285995 405.396027 2611.373779
369.544281 205.272385 2653.298096
263.171570 463.163269 2580.363281
-51.407516 409.359406 2671.090576
-164.285828 193.282806 2712.666504
-62.289062 100.569397 2655.075439
94.541412 143.392181 2631.392090
199.793869 -122.042175 2599.722412
196.684998 -554.395386 2617.869385
194.390427 -956.377930 2677.543213
-21.506699 -119.144531 2643.381592
-23.703934 -575.859009 2668.508301
2.388485 -971.376831 2773.759521
1 1 1
91.565598 699.485474 2721.417480
100.868813 406.600952 2640.098389
251.244370 404.526154 2611.363770
367.244019 199.013443 2653.124023
277.211639 448.909729 2587.692139
-49.506737 408.675751 2668.833008
-162.730072 195.957245 2712.762451
-69.505676 454.673004 2603.347656
95.314232 142.055450 2630.131348
200.760056 -124.021576 2598.953613
197.467316 -555.531860 2617.772949
194.301224 -957.037292 2677.922119
-21.240747 -120.958527 2641.375000
-24.399729 -576.773010 2668.140625
1.646175 -972.016357 2776.272217
1 1 1
91.947945 700.254761 2721.970703
99.355728 407.450928 2643.010742
250.651794 406.004456 2612.486572
367.246887 201.055588 2654.342285
278.097534 450.437958 2579.432129
-51.940319 408.897430 2673.534912
-163.099258 196.822708 2709.420898
-92.519463 294.039825 2637.921387
94.418083 140.738174 2631.175781
200.612213 -127.037094 2596.919922
197.555084 -557.602905 2616.136475
194.395340 -965.634277 2684.113281
-21.651354 -124.912094 2641.761719
-25.314991 -579.849731 2670.014160
1.303410 -971.749634 2779.322021
1 1 1
92.674675 701.081665 2722.455811
99.847458 407.178009 2640.109863
250.425858 405.742310 2611.783203
367.742798 200.715439 2653.737061
267.619476 461.761597 2571.893311
-50.730961 408.613708 2668.436523
-159.834915 198.565353 2708.464111
-27.375885 313.254364 2660.695557
95.153191 139.428070 2628.726807
200.039352 -129.366684 2596.729492
197.047913 -562.014160 2615.024658
193.839233 -964.786621 2680.291748
-19.121502 -127.277054 2637.958008
-23.226324 -574.769836 2668.923340
0.531712 -968.132080 2781.973633
1 1 1
92.918411 701.757446 2722.259521
101.001808 412.106995 2632.401367
250.385437 410.150970 2609.054199
368.452148 204.757187 2648.202637
271.817871 462.290039 2568.296631
-48.381809 414.063019 2655.748535
-157.789276 201.073715 2711.336914
-69.929604 436.181183 2577.155518
96.195381 140.022217 2624.443115
200.530701 -133.491653 2599.427002
198.061752 -566.241943 2617.060059
194.369217 -965.444946 2681.414307
-17.752789 -130.633469 2633.542725
-22.680208 -575.657166 2666.528320
0.773615 -969.767212 2783.739746
1 1 1
93.653793 702.105957 2721.262939
100.463081 409.829926 2634.158447
250.517822 407.533875 2609.083740
369.805023 201.957932 2645.433350
263.969849 461.898804 2562.835205
-49.591671 412.125977 2659.233154
-158.589722 201.758881 2711.669434
-131.701126 363.028503 2629.017334
94.888519 138.827972 2625.613770
198.590805 -133.846085 2598.808594
198.463974 -567.116638 2616.488525
195.632385 -966.537231 2680.813477
-19.962879 -130.501877 2635.329590
-22.649136 -575.239075 2667.868652
1.905499 -971.738342 2788.114502
1 1 1
94.578995 702.900269 2720.156494
100.713463 407.997742 2632.001221
252.544052 405.171814 2604.738770
373.056519 204.722305 2643.888916
271.741394 462.781860 2565.229980
-51.117115 410.823608 2659.263672
-156.033264 199.783234 2713.028809
-80.376717 431.584900 2583.855469
94.329575 138.517502 2624.380859
196.982239 -132.992126 2597.182129
198.964218 -566.259521 2616.770752
196.441147 -964.926392 2681.061035
-21.090878 -128.933319 2636.338867
-22.460659 -576.096558 2668.820068
1.615032 -973.181213 2788.767578
1 1 1
95.337082 702.745972 2720.084961
100.533051 407.375641 2631.940674
251.797821 403.824951 2603.183594
372.089081 203.941544 2642.179932
258.910553 466.051270 2560.239990
-50.731720 410.926331 2660.697754
-156.394028 199.022995 2714.723145
-65.169868 74.618912 2664.524658
93.000206 138.464813 2625.520264
196.333603 -133.048431 2598.022949
199.370850 -566.557129 2618.996338
196.966324 -963.819092 2682.255127
-25.398872 -127.843597 2640.176758
-22.701923 -576.005981 2667.160156
1.547613 -976.585571 2789.889893
1 1 1
96.528015 702.840454 2719.979004
100.369339 409.889954 2627.991699
251.474609 406.532227 2602.080566
373.012695 207.119659 2641.066406
264.439331 467.632172 2564.094727
-50.735931 413.247681 2653.902832
-157.169678 198.475357 2716.286377
-67.863281 71.184479 2662.958252
93.438293 139.049194 2622.669434
195.509750 -134.213730 2598.655762
199.355988 -571.557739 2620.112061
197.401871 -962.790649 2682.590820
-22.495247 -129.369400 2636.038574
-22.845629 -580.244324 2665.559326
1.508366 -980.889282 2791.321777
1 1 1
103.094788 701.301392 2715.965576
102.590546 404.245361 2636.898193
254.542587 401.440796 2620.217529
374.606201 215.110397 2633.672363
280.493683 468.628296 2568.424561
-49.361492 407.049927 2653.578857
-142.250290 198.463730 2739.110107
-64.962875 71.360886 2667.962891
96.581047 141.452209 2626.338623
196.667465 -123.299149 2604.132324
200.732208 -560.420837 2624.591797
199.095078 -954.468994 2688.824951
-15.524385 -119.382736 2627.425781
-20.613033 -590.278992 2662.289795
0.113806 -993.479126 2788.235840
1 1 1
102.205589 701.801025 2717.119141
102.616066 409.358154 2631.165039
253.009445 406.392822 2612.127441
373.915710 213.623596 2636.255615
273.164246 469.249481 2559.936279
-47.777309 412.323547 2650.202637
-135.861084 207.744202 2738.395508
-72.136154 54.712692 2666.978027
96.467644 143.084183 2624.069336
196.104645 -125.275620 2603.582764
200.665955 -562.413330 2622.457764
194.890076 -968.786316 2702.529541
-15.466198 -121.103989 2630.364502
-16.830311 -586.975830 2662.823730
0.165905 -992.459839 2790.245850
1 1 1
102.535408 701.636414 2717.737305
103.310242 411.925903 2628.083008
252.290939 408.132324 2608.679443
371.393433 212.371384 2639.008301
271.545715 466.499817 2554.984131
-45.670441 415.719421 2647.486572
-143.386688 203.588058 2727.184814
-80.918839 26.180374 2675.305176
95.766319 142.389694 2622.856934
194.763794 -129.859406 2603.754639
200.816177 -568.294556 2620.611816
192.712585 -985.776855 2716.670166
-18.319008 -124.433594 2631.507080
-17.747799 -582.850586 2662.807129
0.411062 -988.482422 2790.925537
1 1 1
103.168358 701.369751 2717.972168
103.912430 413.933411 2627.471924
252.053299 410.230103 2608.044434
371.951141 213.446594 2638.711182
261.232605 467.117584 2566.355225
-44.228439 417.636749 2646.899414
-147.317322 202.030869 2722.540771
-81.388962 20.064758 2689.976318
96.485413 142.599258 2622.560791
194.698059 -131.375763 2603.795898
201.011032 -570.444763 2621.067139
193.247375 -987.699097 2718.476318
-16.581268 -126.094055 2631.503418
-18.489925 -583.059265 2663.327393
0.190826 -987.043823 2790.437256
1 1 1
103.246666 701.793579 2718.608887
104.169304 415.214966 2627.400146
251.812958 411.343201 2608.043213
371.173096 212.724487 2639.310059
274.049988 464.486481 2565.166016
-43.474342 419.086731 2646.757080
-150.549042 202.608994 2721.615479
-77.991478 30.108948 2687.284180
96.341484 142.963959 2622.149170
194.002731 -132.053345 2603.068115
200.534500 -572.698547 2621.029297
193.821274 -977.284912 2691.270752
-16.975405 -126.520752 2630.728271
-18.737425 -581.797607 2663.302979
-0.442873 -986.233276 2789.920410
1 1 1
103.095047 701.920166 2719.184570
103.621796 415.450745 2627.478027
251.007385 411.470764 2606.247070
369.556091 210.870392 2638.055176
267.394440 459.429871 2557.599121
-43.763794 419.430725 2648.708984
-153.478821 202.171814 2722.244629
-77.557716 31.403320 2683.487305
95.698654 141.464523 2623.837158
193.551834 -135.378082 2604.959229
200.516800 -576.566772 2621.894287
194.776993 -970.387390 2676.575439
-18.000801 -129.665344 2635.433350
-19.315262 -577.876221 2662.103027
-1.093506 -982.121765 2789.350586
1 1 1
102.662750 702.123962 2720.273438
103.189774 415.911560 2626.910889
250.717697 411.983429 2606.381592
367.784058 209.100906 2637.664795
275.936371 458.759216 2564.519775
-44.338146 419.839661 2647.440186
-158.116608 199.680618 2713.177979
-77.172745 32.480225 2678.501465
95.379990 142.016159 2623.195557
193.279480 -134.693878 2604.770264
200.175156 -575.658752 2621.906982
195.173172 -964.414307 2671.152588
-18.139080 -129.064575 2634.190186
-19.271257 -578.648621 2661.961426
-1.599894 -983.241943 2788.777344
1 1 1
103.759605 703.292969 2720.726562
103.176361 416.244202 2626.453369
250.232742 412.411743 2606.380371
366.662537 208.629578 2636.906006
254.755096 468.794861 2553.931641
-43.880020 420.076660 2646.526367
-157.135406 197.993668 2706.156982
-127.807938 2.366089 2779.703369
95.533356 142.617432 2622.702637
193.283112 -133.755997 2604.565918
200.368790 -573.550049 2621.926758
197.035202 -961.358765 2672.302002
-17.502413 -128.262680 2633.337891
-19.397985 -578.477356 2660.748291
-1.863686 -984.670166 2788.436523
1 1 1
104.455444 704.568726 2720.428711
103.195198 416.458771 2625.928955
249.912048 412.851990 2606.331055
366.973755 208.909744 2637.544189
267.029358 467.871094 2557.934814
-43.521648 420.065552 2645.526855
-156.025375 198.714859 2700.275635
-122.101303 5.505600 2783.177979
95.948769 142.742218 2622.054199
194.120621 -133.565872 2604.098145
200.363068 -572.126404 2620.980713
198.057343 -956.152588 2678.659424
-16.715939 -128.382797 2632.260742
-19.324675 -578.239929 2660.568115
-1.844170 -985.383301 2789.135010
1 1 1
105.048157 705.616577 2720.493896
103.406578 417.384094 2625.831055
250.245331 412.840271 2609.299072
366.326172 208.421478 2642.963379
261.454865 467.300568 2561.967041
-43.432163 421.927856 2642.363037
-155.860291 202.372147 2694.985107
-77.324913 29.048691 2798.616211
94.146530 141.151413 2619.504150
193.033569 -138.427765 2601.001465
199.773193 -576.687866 2617.225342
197.988205 -961.313293 2674.519531
-23.260616 -131.734741 2625.353027
-19.161263 -572.358398 2664.522217
-1.324493 -979.457520 2792.769287
1 1 1
105.018852 706.210571 2720.805176
103.367523 417.160522 2627.542480
250.713730 412.059448 2611.022217
367.852600 208.086136 2644.403564
273.767578 457.888367 2565.441162
-43.978683 422.261536 2644.062744
-156.963455 203.656540 2693.983154
-79.217728 36.681778 2798.669922
92.711166 137.481033 2618.854980
192.957199 -146.037827 2597.733398
199.782928 -583.655090 2615.574463
198.726685 -969.854370 2671.844482
-28.847589 -138.359055 2622.601562
-19.577419 -565.704468 2666.619629
-1.919809 -972.660767 2794.292969
1 1 1
126.438606 710.047180 2675.524414
114.703041 409.632690 2647.389893
283.539551 408.465302 2635.551514
328.446045 137.904175 2677.225342
348.082642 -150.984558 2548.422607
-54.133476 410.800079 2659.228271
-82.285889 136.779449 2679.752197
-77.693451 -130.876648 2488.114014
111.222115 172.744690 2621.104736
212.284241 -64.866165 2587.489258
206.118347 -526.647400 2572.413330
195.387527 -954.403442 2644.772705
3.198144 -63.420456 2602.149902
-1.085022 -515.195984 2611.805664
52.760807 -961.786865 2690.925781
0 0 0
126.571320 709.405396 2675.585693
115.208931 407.573914 2646.667969
285.022461 405.804230 2638.792725
331.612762 125.558838 2674.766113
347.731079 -146.239166 2555.427246
-54.604622 409.343628 2654.543213
-75.308044 111.090088 2655.947754
-87.734749 -138.950272 2480.416260
111.453918 172.838135 2618.447021
213.069351 -62.995773 2585.339355
206.238998 -520.901306 2568.833252
195.060532 -951.735901 2636.773926
2.328444 -60.799545 2595.112793
-1.436144 -516.164917 2613.284668
47.359612 -951.065430 2693.057617
0 0 0
126.626793 709.256348 2674.562500
115.403061 407.877380 2646.943604
284.744965 406.227051 2638.995605
331.757812 129.977081 2678.666992
346.662781 -144.622620 2545.363037
-53.938843 409.527649 2654.891602
-76.895241 104.975952 2637.861816
-85.879425 -152.748169 2494.729980
111.777390 174.098373 2618.235107
213.705414 -60.709274 2584.572510
206.106827 -519.761108 2567.468506
195.099075 -954.557922 2637.766602
2.598014 -58.651962 2594.480713
-1.201585 -512.534363 2614.063965
44.622208 -944.039001 2694.949951
0 0 0
126.800552 708.939087 2674.067383
115.625114 406.988770 2647.395752
285.145935 405.825806 2638.060303
332.682190 132.190094 2679.971924
343.390503 -145.489563 2543.055420
-53.895702 408.151794 2656.731201
-90.021347 124.674744 2636.877441
-83.013710 -153.488953 2470.810059
112.482941 174.920059 2619.247803
214.885101 -57.872757 2585.287598
205.482635 -516.008301 2567.121826
195.212418 -956.245178 2639.500244
3.796443 -56.424576 2596.912109
-2.113821 -507.408203 2611.481445
44.636402 -937.288940 2692.971191
0 0 0
127.829239 708.952271 2673.639648
115.754410 406.610046 2648.249023
285.708771 405.392944 2637.257324
335.064789 128.650085 2677.855469
348.030792 -140.538788 2545.875488
-54.199966 407.827148 2659.240723
-88.667534 124.204651 2647.754639
-83.440773 -154.513214 2481.875000
112.357033 174.316330 2621.439453
213.934860 -58.729126 2587.840820
206.764023 -514.917114 2568.175049
195.066132 -955.759583 2641.231445
3.984459 -57.225616 2601.418945
-2.066996 -505.675903 2606.960938
43.303810 -935.834961 2690.554199
0 0 0
128.484497 708.706909 2673.716064
116.683807 407.923828 2648.798584
286.475220 406.282135 2637.255615
336.703033 128.977509 2675.353027
344.873077 -143.724182 2550.584229
-53.107609 409.565491 2660.341553
-90.299896 128.710968 2653.284912
-99.791153 -144.330261 2484.751221
112.658173 175.496323 2622.639893
213.396469 -57.944107 2589.358887
207.049591 -513.395996 2568.520020
195.136673 -955.248962 2639.290039
3.868609 -55.918228 2603.603516
-1.460752 -506.473572 2605.006348
42.581749 -934.356201 2692.789551
0 0 0
128.933380 709.049072 2673.793945
117.243469 407.473694 2648.949463
286.240936 405.605469 2636.891602
336.002441 129.240875 2674.606201
342.877228 -133.915802 2546.074463
-51.753994 409.341858 2661.007324
-87.755661 124.063477 2647.894775
-91.596283 -165.167480 2505.922852
112.779831 175.108704 2622.390381
213.091476 -58.414520 2588.355713
207.338531 -516.388855 2568.450195
194.976715 -955.378235 2639.724854
3.540898 -56.098022 2603.306885
-1.866384 -506.544403 2604.048584
43.140507 -935.191467 2691.902100
0 0 0
129.840103 708.640015 2673.929688
117.416130 406.867188 2649.165771
285.847900 405.460724 2632.898926
338.790741 121.876007 2668.125977
342.530762 -142.893829 2547.724609
-51.015644 408.273651 2665.432617
-90.332809 127.456970 2651.899902
-89.993286 -165.815796 2513.661133
113.094116 175.131668 2624.450195
212.382965 -57.469040 2589.728027
207.137680 -516.701172 2573.570312
195.181854 -955.074219 2644.210693
5.161236 -55.738663 2609.741211
-1.897379 -507.379211 2599.231445
42.412655 -933.950684 2689.723877
0 0 0
130.545258 708.512329 2674.384766
118.219681 406.275574 2649.213623
286.103119 404.912292 2630.458008
338.569305 121.875793 2665.134277
350.458618 -140.542938 2552.749023
-49.663742 407.638855 2667.969238
-92.055397 129.439270 2654.530029
-93.905312 -171.934204 2528.272217
113.770248 174.099731 2626.261963
212.814484 -58.916519 2591.748291
206.643494 -521.408875 2576.596436
192.950500 -958.394775 2648.500977
5.827139 -57.235703 2614.872314
-2.006904 -507.149231 2596.601318
43.482639 -931.887329 2689.264160
0 0 0
131.140762 709.117249 2674.761475
118.853363 406.884064 2649.823730
287.027924 405.169495 2632.666504
337.678131 123.555176 2667.398193
346.937408 -149.716919 2542.969482
-49.321213 408.598633 2666.980957
-94.198883 131.298950 2651.177734
-90.679741 -165.886871 2523.464355
113.978600 174.047516 2625.309326
212.924026 -59.847504 2590.203125
206.318848 -523.099121 2575.119873
192.828186 -960.723755 2647.680420
5.283630 -57.730560 2611.386719
-1.717222 -506.671600 2597.463379
45.643539 -926.269165 2690.389404
0 0 0
131.634796 709.259399 2674.694336
119.412872 406.726746 2650.104004
287.882660 405.722351 2635.115479
339.086334 119.770477 2669.036377
342.293365 -142.318970 2544.265625
-49.056900 407.731140 2665.092529
-95.887405 128.949768 2649.708984
-87.589294 -171.305542 2527.562988
116.120033 167.772690 2629.104980
221.559204 -71.829590 2598.432129
205.681290 -515.524536 2575.653809
194.374939 -950.636108 2646.337158
4.095193 -70.533112 2617.779785
-1.999982 -518.582397 2599.612305
43.614525 -937.118042 2692.522217
0 0 0
132.240036 709.663513 2674.858398
119.253532 406.435425 2650.912842
287.428741 404.994019 2633.830078
339.423645 120.590698 2667.711426
348.036804 -149.609528 2550.407227
-48.921684 407.876831 2667.995605
-96.860107 128.260681 2653.791748
-95.362190 -172.718323 2521.232910
115.007416 169.569626 2629.096680
216.917801 -68.206009 2596.497559
204.901962 -521.257568 2578.047363
193.920425 -957.480957 2647.430176
4.604814 -66.386307 2618.063477
-2.200160 -515.138977 2601.206055
43.949577 -931.800293 2690.206787
0 0 0
132.159515 710.924072 2675.380859
118.386017 406.715271 2651.387695
286.781647 404.351898 2634.739990
339.490509 122.379791 2668.062256
352.789948 -141.763458 2559.252930
-50.009609 409.078613 2668.035400
-98.463478 129.642975 2653.985840
-91.235107 -164.632355 2529.440430
112.830994 170.388672 2628.746582
214.676834 -67.445236 2595.487793
204.629852 -524.359436 2576.901611
194.211685 -961.286255 2646.205078
-0.124897 -64.430588 2616.723145
-2.143120 -508.123108 2602.123291
43.666828 -925.997742 2689.634521
0 0 0
131.993881 711.650391 2676.363281
118.086830 406.843323 2652.099121
286.381226 403.865387 2635.597656
337.676941 139.893036 2676.420410
350.992676 -120.908600 2542.972412
-50.207573 409.821228 2668.600586
-99.030533 130.945374 2654.563477
-96.097885 -165.486511 2525.390869
111.663094 172.436310 2628.886719
212.071609 -63.861053 2595.199219
204.792145 -523.437622 2576.829590
195.599106 -959.669800 2644.396240
-1.592895 -60.080322 2616.149414
-2.340812 -503.875000 2601.211182
42.466022 -925.731201 2688.253174
0 0 0
132.299149 711.397095 2677.730957
117.255623 406.846527 2652.819336
285.588776 404.367828 2635.883057
338.446655 134.049530 2673.874756
336.397552 -124.329071 2529.518799
-51.077522 409.325226 2669.755615
-104.109329 127.347748 2660.003662
-102.876465 -156.755798 2532.466064
111.457962 173.382614 2629.363281
211.101074 -61.633911 2595.298584
205.729935 -522.727905 2575.340332
195.824921 -959.026489 2643.396729
0.219538 -58.528687 2616.515869
-3.169474 -503.909515 2601.439209
43.014099 -924.120850 2686.411133
0 0 0
132.841064 711.123840 2679.040039
116.738266 406.379852 2653.611328
285.139984 403.881958 2635.704102
339.343964 132.818817 2677.343262
330.338196 -96.375351 2520.759277
-51.663456 408.877747 2671.518555
-104.343170 127.759949 2661.472412
-102.995979 -156.206329 2533.431885
110.738281 172.166962 2629.856934
210.547104 -63.615387 2594.851318
205.384644 -524.086975 2575.572754
195.616058 -958.529785 2642.897949
-1.070508 -60.476471 2617.353760
-3.723443 -502.218597 2600.812988
42.171665 -921.413147 2685.106934
0 0 0
132.311798 710.566101 2679.138916
115.669052 407.155579 2653.890137
282.627808 404.505371 2635.550049
339.697235 128.545959 2673.144531
337.333313 -57.571609 2477.940674
-51.289715 409.805847 2672.230225
-107.328194 129.219391 2664.384521
-100.304245 -159.815063 2537.418213
108.896004 171.783020 2626.243896
206.658890 -65.248917 2587.114746
206.127274 -518.487793 2577.775391
195.648041 -950.668701 2645.054443
-2.412998 -61.930191 2610.080566
-3.889361 -506.651611 2598.760010
41.512894 -925.977051 2679.756104
0 0 0
131.723907 710.376709 2679.874268
115.545967 407.450562 2652.990234
281.822174 405.353760 2633.775391
337.700226 129.380737 2673.540039
338.578735 -8.695786 2458.651367
-50.730236 409.547424 2672.205078
-110.053764 128.082214 2671.197998
-99.364464 -156.748444 2534.047852
109.172577 169.092453 2623.848633
202.722672 -70.525757 2583.159912
206.254852 -516.512207 2579.371582
195.717926 -948.651428 2646.976318
2.875712 -68.005585 2606.254150
-3.547405 -507.297394 2597.527100
39.189331 -924.818787 2674.949707
0 0 0
131.183228 710.933472 2679.896484
115.322433 408.268341 2652.472168
281.499847 406.337097 2634.761963
335.264160 129.900696 2673.965576
313.132050 70.768112 2406.796631
-50.854980 410.199585 2670.182373
-112.483551 129.228943 2675.470459
-102.830956 -147.158936 2529.669678
109.673965 171.175507 2625.325684
205.193649 -67.093063 2587.397217
205.968567 -519.165955 2578.943604
196.299347 -951.434937 2646.223145
2.857345 -64.741592 2608.961182
-3.680447 -506.408997 2599.469727
35.546154 -922.822388 2675.847900
0 0 0
130.488159 710.837708 2679.826416
113.860146 411.308380 2652.954834
278.471375 409.783264 2635.976318
334.569061 129.368164 2670.889404
301.237671 184.902573 2435.726074
-50.751091 412.833496 2669.933350
-117.845993 129.428619 2683.445068
-102.394577 -145.829773 2530.958008
108.851570 173.728241 2625.736328
205.226105 -64.791214 2588.060791
205.406601 -520.863953 2580.080078
196.759735 -952.998230 2647.110352
2.459892 -62.912582 2608.974854
-3.814612 -507.485718 2598.928711
32.934971 -940.843506 2680.227051
1 1 1
129.662674 709.979858 2680.430664
111.714706 423.024048 2654.120605
273.760925 422.493591 2637.764648
339.575256 150.023163 2655.266846
257.885590 127.282074 2478.442871
-50.331509 423.554535 2670.476562
-120.559662 142.108459 2688.638184
-104.516441 -127.647583 2542.419434
108.188210 179.803116 2627.069824
207.232422 -63.753601 2589.666260
205.282364 -522.060486 2581.320801
198.960861 -961.465698 2647.241943
2.090993 -63.082062 2610.371826
-4.862519 -506.903870 2598.288330
34.121609 -932.109863 2677.882324
0 0 0
129.289566 709.404297 2680.426758
106.049950 430.000793 2650.620117
264.379059 431.374481 2632.754883
339.679352 160.474182 2653.346436
299.283691 311.599091 2456.713623
-52.279167 428.627106 2668.485352
-121.455032 145.091492 2687.651855
-106.306938 -132.325958 2545.631348
105.358391 183.169067 2625.511719
207.110107 -62.773849 2588.843994
205.013809 -524.054810 2582.901123
197.895950 -965.578552 2649.514160
2.223565 -64.551468 2611.962646
-5.000544 -508.917786 2598.626709
35.434021 -929.664795 2677.714844
1 1 1
127.995476 709.065552 2679.839844
106.792915 422.504944 2647.403809
266.014069 423.944183 2623.493652
345.087708 171.996048 2642.021484
261.540710 139.920654 2482.929688
-52.428249 421.065704 2671.313965
-119.543335 138.520630 2697.428223
-97.025154 -150.151611 2544.424561
106.405914 173.815460 2629.856934
209.799805 -73.935913 2596.725342
206.684509 -535.764343 2592.333496
199.082275 -972.046265 2657.973145
2.238039 -75.812134 2627.894775
-7.119323 -499.208252 2589.166504
33.958107 -920.010681 2668.686768
0 0 0
127.214157 708.754272 2679.889160
103.239143 423.503418 2642.620361
260.135071 424.806091 2617.089844
352.057770 167.576111 2638.872314
285.040558 428.141113 2566.220459
-53.656757 422.200775 2668.150879
-115.082214 144.519989 2693.817139
-106.120605 -138.623749 2547.118408
103.135979 172.714813 2629.189941
211.627060 -77.172180 2598.088867
206.313965 -543.716553 2594.442383
197.475098 -985.996460 2658.806885
-5.561442 -78.975433 2633.430176
-6.602892 -498.477386 2589.111084
36.505875 -924.522583 2669.370850
1 1 1
126.740723 708.458984 2680.159912
102.984146 419.716705 2639.178467
259.995331 421.538452 2613.466064
375.913269 174.681107 2637.175293
317.241211 241.929276 2484.958008
-54.027039 417.894958 2664.890869
-109.253731 136.794861 2684.119629
-105.392891 -150.507111 2548.061035
103.475533 172.584946 2624.669434
209.766068 -73.319260 2592.834473
204.126877 -537.915894 2588.314697
196.240570 -981.096436 2653.457031
-1.832220 -75.774368 2627.486328
-5.886499 -507.259033 2596.376465
38.823647 -934.173340 2677.597900
1 1 1
126.539215 709.117432 2680.427734
109.993904 419.366516 2636.383301
260.262634 419.555237 2606.998047
384.065704 191.781738 2628.963867
275.216400 120.136955 2487.833496
-40.274815 419.177856 2665.768555
-111.264481 138.262848 2679.308350
-107.732735 -145.192017 2540.709473
107.563896 173.330292 2622.376709
209.002304 -72.575516 2588.058594
202.894318 -537.438843 2582.633301
196.287415 -979.224731 2650.343994
1.265462 -72.836380 2628.681641
-7.607347 -512.252563 2604.343750
37.393814 -933.994873 2684.103516
0 0 0
126.178665 710.211548 2680.005615
109.333527 415.955505 2642.377686
262.399506 417.128174 2613.428711
390.001892 201.200089 2606.591064
273.101593 117.623856 2492.313721
-43.732422 414.782867 2671.326660
-112.570160 142.392151 2679.535156
-110.696907 -150.880951 2536.386719
108.019485 172.324570 2625.560791
209.964813 -70.515305 2589.214600
203.967911 -535.865662 2583.490723
197.953018 -976.311646 2653.162354
3.446075 -72.097458 2628.273193
-10.609560 -497.012512 2609.720703
38.741776 -932.615356 2683.552734
0 0 0
125.016830 711.771484 2680.354004
107.223534 414.599152 2640.086670
263.782104 416.588440 2612.498535
387.765381 217.520065 2582.819824
272.647552 154.548935 2499.365234
-49.335026 412.609863 2667.674805
-111.761642 141.123871 2674.753906
-113.088249 -158.202423 2536.096191
107.273270 175.616638 2623.136475
209.686310 -62.065201 2588.148193
204.314240 -526.992188 2583.528320
198.785736 -967.781006 2653.209229
4.959691 -64.666550 2624.224365
-9.362612 -511.063721 2606.892090
37.512672 -938.007202 2682.960449
0 0 0
124.880646 712.734741 2680.988037
106.457588 414.191650 2643.679688
265.175171 416.542664 2616.320312
385.857483 221.645844 2558.909180
248.626205 507.136414 2469.550537
-52.259987 411.840637 2671.039062
-107.382622 145.544159 2675.317871
-105.927544 -154.177917 2543.685547
106.943947 174.078217 2625.867920
210.260849 -64.512024 2590.330566
204.302094 -528.528076 2586.541504
199.826096 -966.631226 2654.104492
4.599761 -67.558380 2625.781738
-7.863234 -509.786194 2603.154785
39.405155 -935.938110 2678.944580
1 1 1
125.553864 714.295532 2680.951660
105.163795 427.744873 2652.627930
263.016144 431.274139 2621.413818
376.996918 277.014954 2552.059326
252.439072 504.751465 2420.010742
-52.688557 424.215607 2683.842041
-100.658417 155.489502 2671.691162
-106.225456 -144.621521 2539.300049
106.383255 180.252213 2630.811523
210.085114 -64.949142 2588.729980
203.729919 -527.951843 2584.775146
199.157089 -967.091187 2651.113770
5.120305 -69.531754 2629.260254
-0.668334 -497.863953 2597.341064
40.520546 -913.091309 2659.576416
1 1 1
126.411095 713.906982 2681.967285
105.884628 428.784393 2652.576660
265.876129 431.826477 2625.947754
371.278107 279.780243 2542.638672
250.825943 505.425415 2358.375732
-54.106876 425.742310 2679.205566
-100.703873 157.894897 2674.109863
-107.807419 -135.433167 2543.608643
106.874222 180.880646 2630.201904
211.290253 -65.056564 2590.613037
207.822723 -525.032776 2586.465088
201.141037 -957.405884 2647.554932
4.437381 -68.989639 2625.041260
-3.388807 -502.114075 2597.241211
37.335239 -911.504517 2659.852295
1 1 1
127.188332 713.861755 2682.965576
121.057289 437.518372 2647.155273
270.697205 435.144226 2627.528320
359.924133 305.833710 2505.910400
222.709106 550.124939 2286.343506
-28.582630 439.892548 2666.782227
-92.808563 169.357056 2677.720703
-108.486183 -135.202576 2535.357178
114.408791 187.163147 2626.749756
211.223480 -64.833618 2592.773926
207.814667 -526.756470 2587.778320
200.563416 -960.164856 2652.467041
4.297109 -61.550568 2619.914551
-5.263610 -503.150024 2595.243652
36.903793 -918.788452 2664.852539
1 1 1
129.101730 713.749023 2685.145752
133.863953 439.483582 2662.825195
285.816803 434.113312 2639.595947
351.780701 339.329498 2468.724121
217.271515 557.061279 2234.788574
-18.088915 444.853882 2686.054443
-94.490440 172.336151 2675.934326
-112.516960 -143.027557 2536.901611
120.629959 188.167664 2634.356201
210.946884 -66.807938 2590.057373
207.318756 -530.074219 2585.791992
199.915298 -965.662476 2654.056885
3.845041 -59.488602 2621.717041
-5.902688 -501.547791 2598.113281
39.618515 -917.249878 2666.999023
1 1 1
129.270111 712.778625 2686.640869
134.390823 444.353455 2666.403076
283.103760 439.751526 2638.718994
339.152222 377.055908 2440.186523
215.884277 561.884338 2177.701416
-14.322104 448.955322 2694.087158
-93.918404 164.347382 2670.519775
-108.623848 -152.894775 2550.158203
120.838921 191.938309 2635.563721
209.738693 -63.647171 2585.652100
206.742508 -529.834961 2579.734131
195.320099 -965.652710 2648.851562
4.835348 -57.306473 2623.796631
-5.534358 -499.042236 2601.113281
42.564083 -916.686157 2671.023193
1 1 1
129.069168 711.720276 2688.157715
132.563553 446.829163 2667.094482
277.753906 442.414307 2633.800781
332.639954 396.631531 2420.432861
231.668030 539.825928 2149.124023
-12.626804 451.243988 2700.388184
-89.409073 173.529694 2675.991211
-106.668480 -126.273071 2546.749756
117.331482 197.506180 2633.729736
200.065353 -54.795670 2577.900391
205.366760 -534.514771 2579.063477
195.745041 -974.393616 2646.279541
4.133480 -48.837906 2622.829590
-5.930115 -491.477966 2600.060547
39.646904 -908.418152 2675.475342
1 1 1
130.798569 712.493896 2688.436768
117.792877 436.301758 2654.557129
263.566833 435.398804 2619.338379
299.021393 468.749268 2327.954590
197.553436 517.073547 2306.139160
-27.981079 437.204712 2689.775879
-73.648605 165.413269 2689.267578
-103.930237 -124.768463 2552.237793
109.418449 193.219727 2626.126465
200.332428 -50.477310 2573.708008
204.179016 -532.430786 2580.468262
194.710983 -972.031738 2644.748779
1.755630 -49.247299 2621.683594
-7.323057 -495.162109 2599.246338
37.277290 -907.780518 2674.295654
1 1 1
130.601273 711.408997 2687.114502
115.868507 434.638306 2654.953613
266.176208 434.115784 2619.271973
292.781982 463.486603 2352.748291
195.803223 518.393921 2292.706055
-34.439201 435.160828 2690.635254
-77.754333 173.162048 2689.584473
-98.215477 -124.507599 2556.844238
108.186348 191.208969 2626.157227
199.859863 -52.565781 2573.774902
203.147018 -531.786621 2583.173340
194.574432 -971.540405 2645.204834
1.148504 -51.874985 2620.946777
-8.860281 -497.911316 2598.219482
37.078506 -911.721313 2673.090576
1 1 1
131.313034 711.004944 2687.061768
113.003960 433.326477 2653.625244
258.975098 432.687256 2618.197754
295.029816 463.425995 2366.699463
196.649750 524.262634 2287.988770
-32.967182 433.965759 2689.052734
-77.449631 161.668304 2689.305664
-98.723000 -136.489685 2546.938477
105.139252 184.434097 2625.711426
193.688385 -64.880524 2574.397705
202.116104 -517.801636 2577.664062
186.392746 -937.447632 2642.264893
0.860684 -64.036072 2621.197510
-11.267479 -516.286743 2601.535400
39.959053 -926.600586 2675.710693
1 1 1
134.473434 708.941040 2689.562744
109.599022 423.439087 2657.945312
256.631134 423.981995 2620.622803
296.382324 461.942596 2378.026611
230.804199 529.301392 2120.205078
-37.433113 422.896210 2695.267822
-103.827126 141.824799 2687.896240
-100.402954 -136.369415 2551.495605
102.721901 176.213776 2627.256592
192.237717 -70.655640 2572.099609
201.846024 -513.179077 2574.318604
189.337921 -938.802856 2638.799316
-0.548163 -71.367462 2621.036133
-8.031477 -543.022827 2606.794434
50.799797 -931.731506 2668.858154
1 1 1
134.179535 708.963928 2688.918701
110.155907 425.067139 2662.121338
262.136536 425.366302 2631.997070
295.635162 460.872314 2392.166992
250.379578 511.762939 2281.883545
-41.824699 424.768005 2692.245605
-97.167557 145.238495 2680.954346
-101.319969 -151.529846 2531.957275
102.806374 182.538101 2622.633545
192.824539 -59.799301 2563.846436
201.926025 -513.485291 2568.536865
191.746246 -943.264282 2633.899658
-1.910851 -60.182602 2602.445068
-6.999332 -539.421936 2613.683838
47.795456 -934.724304 2680.255859
1 1 1
134.484573 709.115784 2689.357178
109.097961 421.044373 2667.207764
264.079742 422.421753 2634.175293
297.268463 452.970215 2408.923584
227.707870 513.451294 2278.701904
-45.883820 419.667053 2700.240234
-97.367691 143.492767 2701.094971
-101.628120 -147.558990 2536.845215
102.177513 178.522491 2624.625732
192.798233 -63.132538 2561.254150
200.723557 -520.963745 2567.909424
190.162415 -952.259155 2631.220947
-2.284112 -64.866272 2602.833252
-5.154160 -527.926025 2614.471436
48.057785 -929.707092 2684.194336
1 1 1
134.464569 709.051270 2689.694580
105.408615 422.254059 2670.997559
258.570221 425.888367 2635.167969
317.026672 424.299957 2435.750244
228.521332 510.146332 2274.096191
-47.752987 418.619751 2706.827148
-99.765854 146.246643 2700.242432
-102.037201 -142.668274 2542.637939
101.302673 178.342865 2628.704834
195.116165 -63.244827 2563.505371
199.856445 -522.990051 2567.433594
190.897202 -953.960449 2631.529297
-0.722697 -67.891830 2609.318848
-4.778969 -524.822083 2613.500488
31.876724 -918.552734 2679.018555
1 1 1
135.420258 707.912720 2691.293945
104.484306 420.290100 2670.131836
255.019424 424.640503 2631.183350
310.689087 385.196472 2444.722168
224.836349 535.423645 2294.759766
-46.050823 415.939697 2709.080322
-95.111908 145.926697 2693.539551
-102.154488 -144.868713 2543.132324
100.733925 177.541702 2628.522461
193.887253 -62.406219 2561.840820
199.445724 -523.197205 2568.692139
192.000504 -955.910034 2633.099854
0.079829 -68.007172 2611.985352
-4.254816 -532.162109 2616.393066
36.097008 -929.266235 2684.390381
1 1 1
135.523575 707.706421 2691.085449
105.799789 420.182281 2670.947021
254.373810 423.821289 2632.489258
299.496216 409.628113 2449.183594
251.839264 524.770752 2134.113525
-42.774246 416.543274 2709.404785
-83.697083 161.055008 2705.488770
-114.871391 -130.956070 2551.214600
100.766426 176.968094 2628.487793
194.260712 -63.832870 2560.524902
198.540085 -525.768555 2568.433350
192.616058 -960.999084 2632.329590
-2.794585 -68.659317 2611.532227
-4.570659 -536.051514 2620.544678
38.441631 -935.930725 2688.772949
1 1 1
137.638214 704.558716 2691.307617
106.925858 421.103943 2670.962402
255.652466 423.982239 2632.505371
306.870209 413.557922 2444.715088
219.407745 531.165771 2291.172852
-41.800770 418.225647 2709.419434
-87.933571 153.824188 2705.197266
-116.580956 -140.711456 2546.608643
100.585884 174.892853 2628.015625
193.338409 -69.400482 2559.446045
196.106232 -528.593506 2571.444580
193.436432 -964.759094 2634.981201
-4.846577 -73.235962 2610.691650
-8.184651 -576.758728 2631.514160
25.560646 -1038.209595 2728.081299
1 1 1
138.218948 704.156616 2690.901123
106.528564 421.001984 2672.201660
256.198914 424.409424 2631.917480
332.410828 446.501587 2418.378418
245.828568 528.700073 2145.969238
-43.141788 417.594543 2712.485840
-92.349937 148.339905 2702.776123
-117.036110 -136.609009 2535.418457
100.655380 173.844162 2629.474854
194.133560 -71.051804 2560.007324
196.863632 -528.593018 2573.933350
196.279312 -964.306641 2639.155762
-4.569158 -75.575516 2613.488770
-9.741704 -576.638855 2632.884521
25.946072 -1032.902588 2729.125488
1 1 1
137.608871 703.648071 2690.115967
106.963264 421.818176 2673.486816
258.215424 425.409424 2631.830078
348.188995 433.499908 2406.336182
246.404907 538.169800 2150.253662
-44.288898 418.226959 2715.143555
-116.954391 156.644409 2716.440918
-116.833176 -130.265594 2543.921387
100.921387 173.208084 2630.116455
194.692871 -73.032120 2559.256348
198.395752 -528.117004 2574.700928
195.862656 -962.448364 2639.543701
-4.933863 -77.771927 2614.235840
-10.122732 -576.244019 2632.586914
26.555101 -1027.605103 2729.742676
1 1 1
136.840881 702.911987 2689.133789
106.982536 423.008850 2674.245850
259.222992 426.661591 2632.313965
351.955688 422.972412 2393.654541
238.733643 549.459045 2175.897705
-45.257931 419.356079 2716.177734
-113.140442 155.854980 2689.072266
-117.250916 -129.676483 2542.789795
100.717712 172.735519 2629.698486
195.931595 -75.102982 2557.200684
198.875748 -528.279358 2574.454346
198.008118 -960.757935 2640.779785
-7.025815 -79.972610 2613.101562
-10.201554 -573.690063 2634.081299
29.681072 -995.524780 2735.345459
1 1 1
136.137512 702.593262 2688.159424
93.358223 423.326141 2685.791504
262.291901 434.682709 2640.794434
353.313293 422.238861 2398.037598
232.461502 566.812805 2208.052979
-75.575478 411.969574 2730.788574
-84.559166 154.947998 2681.506836
-122.089996 -129.403595 2531.183350
96.569183 178.371338 2636.023438
202.804321 -59.657669 2558.813965
200.760071 -504.383850 2571.430908
196.581985 -922.095337 2645.266602
-3.244042 -73.509262 2613.696777
-15.835058 -546.437378 2625.610352
26.683046 -986.410400 2732.612793
1 1 1
135.968933 702.602722 2686.718506
101.140114 423.744629 2678.712158
265.003601 431.389221 2636.418945
348.529938 402.319336 2403.461670
239.022629 563.770752 2248.132568
-62.723381 416.100098 2721.005371
-74.092850 153.399292 2682.525635
-124.825851 -125.335968 2542.085693
100.904854 180.838684 2633.895020
205.189392 -57.191208 2562.101318
201.949554 -503.310059 2570.614990
197.165482 -923.365234 2643.369385
-3.850195 -66.943344 2616.054443
-16.850185 -529.676270 2618.181885
26.927868 -966.853271 2704.109619
1 1 1
135.336121 702.639954 2686.699219
107.193474 437.972107 2658.964600
262.843719 439.699951 2629.046875
364.941467 319.286530 2467.454346
246.339249 561.599670 2302.278076
-48.456745 436.244263 2688.882324
-81.403107 151.166626 2664.323975
-125.819176 -126.561951 2557.016602
103.376259 190.039703 2624.786133
206.280777 -56.708023 2570.094482
203.645264 -506.348145 2577.350098
196.035080 -929.083374 2645.849609
-7.162692 -59.077377 2611.120850
-18.922821 -519.992798 2610.521729
27.330784 -954.404358 2695.927002
1 1 1
134.636093 702.590088 2686.744385
118.502365 438.098145 2661.950195
277.171509 436.365479 2635.166992
367.330383 285.075531 2475.000244
236.995087 551.699829 2353.310791
-40.166794 439.830841 2688.733398
-84.426498 156.862122 2678.855957
-123.512428 -122.156799 2546.716797
109.972389 191.352036 2627.379395
210.125305 -56.580917 2574.463135
201.270844 -517.905457 2576.427246
194.956619 -946.060120 2642.256104
-7.240462 -54.207260 2611.154053
-16.768917 -515.953186 2613.576172
30.182129 -944.831543 2701.334229
1 1 1
133.547104 702.671265 2686.153320
109.252121 441.934265 2666.467529
261.814880 442.243835 2645.638428
374.672516 268.320923 2479.114502
233.198425 531.689697 2401.987061
-43.310638 441.624695 2687.296631
-81.608032 160.960632 2682.384033
-116.702698 -130.338013 2533.289307
104.620811 189.723633 2628.796631
207.939438 -62.267929 2576.387451
201.130295 -520.502380 2581.448975
195.584641 -952.837158 2645.798828
-7.960418 -62.706039 2605.864014
-16.780685 -519.508118 2610.745361
30.563358 -949.392334 2703.506592
1 1 1
132.491318 703.268921 2685.250244
108.432861 437.553864 2660.320557
264.125305 438.050781 2637.913086
381.263855 268.313416 2527.282959
238.355301 513.823547 2459.035156
-47.259598 437.056946 2682.728027
-81.722565 157.592407 2679.927734
-112.981750 -134.830444 2536.990479
104.228905 185.795425 2625.526855
207.489197 -65.620010 2575.266846
201.709641 -525.497253 2581.946289
193.506378 -965.198364 2636.137207
-7.439299 -66.306015 2606.199463
-14.748710 -516.250732 2607.614990
31.950321 -944.130371 2699.053955
1 1 1
128.118179 704.604492 2681.341797
109.266472 436.673767 2657.152832
268.424896 436.897827 2634.492432
365.624817 243.528168 2546.632324
233.505585 506.608154 2501.025879
-49.891960 436.449738 2679.813232
-82.149643 159.374390 2679.697510
-113.469246 -131.450073 2528.401367
104.848846 184.745056 2623.634033
208.251297 -67.031891 2574.764160
202.011139 -527.898560 2580.836670
194.979904 -965.535522 2638.333496
-7.388846 -67.335449 2605.466309
-13.077635 -513.899536 2606.735352
33.372673 -942.561523 2694.073486
1 1 1
128.601990 704.475098 2681.099609
106.068764 432.924988 2645.911621
266.749634 433.932373 2618.816650
365.286377 229.593094 2563.176270
260.885529 158.508499 2467.456787
-54.612114 431.917603 2673.006592
-86.882416 155.691071 2678.608398
-113.639626 -138.494751 2524.677490
102.980629 182.130432 2618.273438
207.237366 -67.991104 2572.534180
201.030762 -528.459656 2577.769531
194.443939 -964.494141 2635.955566
-7.452369 -69.337112 2608.736328
-11.908449 -512.924866 2608.875488
37.038300 -933.921997 2685.778076
0 0 0
128.001984 704.325867 2680.653564
105.086716 420.175415 2637.295166
262.581512 420.110504 2593.657959
379.482697 197.385498 2578.801025
256.468658 173.251480 2457.270996
-52.408085 420.240295 2680.932373
-94.600670 143.563538 2689.799316
-108.901360 -154.947235 2547.198242
101.130714 169.353363 2623.390137
207.978409 -81.514328 2578.784668
201.893707 -541.781799 2583.783936
193.305634 -982.354858 2639.003418
-13.628972 -81.423019 2640.185547
-12.443724 -498.951111 2602.175049
34.665779 -916.051636 2673.560059
0 0 0
127.654617 704.774170 2680.039307
104.453964 416.691162 2635.066162
262.188354 416.127319 2588.618896
380.698425 178.373535 2594.907715
216.252289 142.382614 2470.111328
-53.280411 417.254944 2681.513428
-96.479256 148.693207 2690.675293
-108.245338 -152.677185 2549.430664
100.693260 165.813599 2625.340088
210.319397 -85.469254 2582.225586
201.691437 -544.493225 2586.247314
194.678314 -982.937988 2643.831787
-16.454300 -84.658646 2649.002441
-13.072972 -495.472961 2600.028320
32.947910 -916.442505 2678.157471
0 0 0
126.437546 704.749084 2679.184570
104.865875 420.212585 2643.136719
262.451843 420.141083 2599.566162
379.167450 160.490967 2614.958008
209.463806 163.481201 2473.971436
-52.720089 420.284088 2686.707275
-105.077682 149.973602 2698.409424
-107.524376 -148.803925 2549.257812
101.243889 167.727844 2630.450928
211.468826 -84.808548 2586.287842
201.495193 -544.607788 2589.100098
195.422318 -982.880127 2646.476562
-16.225023 -84.705246 2649.242432
-13.223858 -494.519409 2598.478027
30.987591 -917.284973 2681.292236
1 1 1
124.952003 704.405029 2677.805176
103.541008 417.986084 2646.318115
264.247040 419.109314 2609.198486
374.846954 148.053680 2629.211914
213.376190 155.932419 2490.696289
-57.165031 416.862854 2683.437744
-119.043304 119.181030 2685.565186
-108.673035 -144.248260 2545.787354
101.212112 169.461334 2628.714844
209.901550 -78.287476 2585.468750
200.092651 -538.523499 2586.030518
194.126602 -976.355469 2642.679932
-12.135115 -79.839386 2636.754395
-10.874506 -501.348633 2602.397705
29.277590 -926.725037 2699.319580
1 1 1
124.490860 704.495361 2677.503906
102.303307 417.428345 2645.571045
263.902588 418.055054 2609.814941
360.941040 144.397125 2639.269531
239.120972 346.166321 2522.177002
-59.295967 416.801575 2681.327148
-121.658859 106.754486 2680.731934
-109.076515 -143.837662 2550.656006
99.757599 168.759766 2629.706787
210.036255 -79.471222 2588.878662
199.298630 -535.539612 2581.692383
193.841187 -979.018616 2638.385010
-15.612474 -80.346375 2638.806396
-9.778766 -499.739929 2604.071777
28.879498 -921.142334 2695.038086
1 1 1
124.127312 704.392700 2677.261230
101.535187 418.809937 2646.561035
263.658661 419.393005 2614.638184
357.446655 153.983246 2648.470215
258.915588 286.669189 2476.699951
-60.588291 418.226929 2678.483887
-117.771164 122.459045 2684.689941
-111.561493 -141.370331 2535.521240
98.703232 170.148636 2627.636963
208.472885 -78.107742 2586.541260
198.154907 -535.098999 2580.624512
192.501221 -975.975708 2635.497314
-16.730335 -78.917618 2630.884521
-10.159832 -502.117981 2607.942139
27.085144 -922.856506 2704.719238
1 1 1
123.630905 704.596680 2676.619873
101.146042 420.313171 2646.897705
263.288422 420.340149 2618.484619
353.210419 160.457642 2654.743164
265.120331 219.029617 2456.556152
-60.996323 420.286194 2675.310791
-102.951828 131.375397 2681.403076
-113.719322 -134.320526 2536.912598
97.736870 173.276871 2627.208252
206.214386 -73.740829 2587.912109
197.447067 -535.719727 2579.880615
191.378342 -977.640747 2633.069092
-17.559006 -73.778061 2627.125488
-11.190006 -501.320190 2611.214355
29.320942 -920.258179 2702.137207
1 1 1
122.810974 705.083374 2676.324463
101.125427 418.014526 2647.997559
264.224060 418.892517 2623.598633
353.485992 154.280334 2659.505859
280.247314 138.917313 2435.999023
-61.973206 417.136536 2672.396484
-100.738861 125.972931 2676.559326
-112.978325 -135.634674 2541.682373
98.871452 173.345978 2624.125977
206.041473 -70.733521 2583.885010
196.937378 -531.900757 2578.984863
190.331009 -973.153687 2631.007812
-12.806527 -71.911621 2616.623779
-11.442502 -506.727905 2613.920166
26.016922 -943.365723 2692.374756
0 0 0
121.267624 705.312500 2675.317139
101.948578 415.159485 2649.770508
264.816071 415.605408 2626.501465
352.478821 132.635132 2676.436768
290.808044 61.666481 2441.662598
-60.918900 414.713562 2673.039551
-105.142601 124.324829 2679.639404
-108.487137 -145.493530 2536.455566
98.958717 171.792801 2624.179443
206.030365 -71.272522 2582.863770
196.470215 -530.245361 2579.446533
188.433136 -969.850708 2632.513916
-14.092667 -71.875244 2614.312988
-12.568824 -508.130493 2612.973877
29.054287 -949.683228 2683.812012
0 0 0
120.204315 704.829590 2674.930908
103.474136 406.329865 2651.153564
267.216309 405.985474 2627.190674
328.775787 123.157745 2675.239258
297.179657 -24.167709 2455.115479
-60.268032 406.674255 2675.116455
-105.492981 114.776733 2679.453125
-107.509750 -141.688385 2538.734131
99.298302 166.001755 2626.072998
205.489532 -74.558472 2584.840820
197.666031 -531.444458 2582.123779
193.178848 -958.407471 2657.814941
-15.244601 -74.094238 2617.144043
-13.940607 -507.595825 2610.460205
30.822485 -941.463867 2687.229004
0 0 0
119.098358 704.744324 2675.181885
105.332573 403.351868 2653.333984
270.099426 402.528564 2629.293213
320.933075 123.071411 2675.347168
320.730011 -71.560944 2472.754639
-59.434284 404.175140 2677.374756
-97.926178 130.433014 2691.358643
-101.054558 -148.112305 2536.240723
100.380966 164.126312 2627.589600
205.267120 -75.648056 2585.818848
198.719223 -530.745300 2583.101074
192.017639 -958.183472 2648.889893
-14.408411 -74.550400 2617.871582
-13.537396 -507.375793 2609.679443
32.393810 -937.285645 2691.505371
0 0 0
118.687393 704.563599 2675.375977
106.366791 401.092072 2654.234375
273.192047 399.549255 2638.042236
326.389648 103.143494 2671.807861
335.378601 -127.238281 2510.522705
-60.458450 402.634888 2670.426514
-103.513420 121.184814 2680.579346
-105.470161 -149.033783 2535.607666
102.094826 165.611343 2632.657715
209.087921 -70.898376 2600.281738
199.168381 -533.124146 2575.562988
190.990158 -965.304199 2637.128906
-13.442200 -68.840393 2621.880371
-12.549270 -504.791565 2616.476562
32.828655 -931.900879 2699.254883
0 0 0
118.436020 704.104187 2675.086670
106.380844 404.848419 2653.385742
272.050171 403.406860 2634.302734
323.074615 104.157532 2670.870850
348.953949 -163.136902 2538.665039
-59.288502 406.289978 2672.468750
-98.723679 130.219971 2693.014648
-106.392525 -137.699310 2534.315674
101.564522 166.875824 2629.549805
206.269089 -72.049774 2593.098389
199.243881 -530.327637 2576.566895
190.865753 -965.092407 2635.834473
-12.772680 -70.143768 2618.329346
-12.019785 -508.141632 2614.869385
32.406853 -933.782227 2698.149902
0 0 0
117.419632 703.439270 2674.612305
107.362343 401.301514 2653.287598
274.331390 399.142242 2634.749512
322.685638 99.675140 2665.256592
358.690826 -194.951263 2562.091553
-59.606678 403.460815 2671.825684
-99.031494 124.941284 2689.817139
-106.096870 -140.652466 2530.115967
101.460403 164.346756 2627.729736
204.600510 -74.018188 2590.065186
199.767685 -530.235596 2576.722656
191.307129 -961.639038 2634.804688
-13.483591 -71.197845 2614.278564
-12.135847 -511.017883 2614.769043
32.006554 -934.627747 2697.714844
0 0 0
115.864594 702.966003 2675.693848
107.320984 398.643494 2651.946045
274.865173 396.440460 2633.264893
320.718140 102.893097 2666.053955
375.024750 -205.790466 2603.297607
-60.223206 400.846497 2670.627197
-101.041794 122.398376 2686.839355
-102.301338 -141.943512 2526.380127
101.342621 162.272964 2626.202637
203.903351 -75.524719 2588.357178
200.273560 -532.156372 2577.716309
193.216202 -971.779907 2628.553467
-13.174837 -72.670380 2612.561279
-11.631095 -513.521667 2615.272217
33.932896 -938.821106 2695.404541
0 0 0
115.057419 701.773682 2675.754639
107.433815 395.508789 2651.004150
275.417511 392.729126 2633.935547
318.921326 106.240997 2668.602539
384.110382 -199.000183 2623.179443
-60.549877 398.288422 2668.072754
-101.914505 122.245972 2683.499023
-104.850266 -132.696045 2518.320801
100.713814 157.254150 2623.667725
203.164337 -82.806931 2585.238770
199.854050 -538.444275 2575.332764
193.294693 -980.160034 2622.704102
-15.176717 -79.194016 2607.423828
-11.053237 -513.681824 2617.807129
33.795322 -932.955933 2699.389648
0 0 0
114.979843 701.123413 2676.130615
106.988045 395.572449 2649.767334
275.067322 393.189453 2630.962402
316.402100 109.599030 2667.125488
376.025787 -187.296814 2619.077148
-61.091221 397.955383 2668.572266
-105.272324 122.655334 2685.131836
-102.295486 -125.163834 2517.140625
100.703758 157.645889 2623.748047
203.337631 -81.824860 2585.542725
199.527023 -537.467773 2578.342285
192.538879 -974.450012 2627.084717
-14.498698 -78.736450 2609.914795
-11.139410 -518.374329 2617.664551
38.779030 -944.740967 2694.619873
0 0 0
114.885437 701.500671 2677.712646
106.636581 395.213867 2649.560791
275.340851 393.315491 2632.951904
316.459991 111.264282 2670.910156
364.761993 -188.282074 2600.164307
-62.067688 397.112244 2666.169678
-92.630516 98.853882 2663.648682
-103.479813 -132.751953 2506.005859
101.248199 162.419846 2621.436279
203.946457 -71.590424 2582.670654
199.604019 -527.315063 2575.843262
192.239838 -962.500427 2626.127686
-12.226824 -69.157898 2603.952881
-11.238072 -527.827393 2620.399902
36.316845 -953.224426 2699.528809
0 0 0
115.427544 702.569824 2678.729736
105.526688 397.649170 2649.059326
273.396912 395.876648 2630.263428
315.781342 110.321777 2669.801025
361.290680 -177.039185 2598.709717
-62.343540 399.421692 2667.855225
-93.493423 94.118530 2658.497314
-104.280518 -124.642715 2496.099365
100.084106 161.932098 2622.679199
203.030258 -74.929428 2584.163086
199.742432 -530.672791 2577.018555
191.632919 -963.841797 2629.046387
-13.747196 -72.640518 2608.435059
-11.307385 -523.324219 2619.278564
26.181999 -914.472717 2686.682617
0 0 0
116.255814 701.672913 2679.771240
106.039604 395.375397 2649.423828
274.670990 393.390717 2629.353760
315.272003 112.990326 2668.969238
354.099335 -173.287628 2577.852051
-62.591770 397.360077 2669.493896
-105.638153 88.038025 2651.691895
-99.285034 -143.358536 2499.074951
100.193863 159.984985 2623.584229
202.908295 -76.683105 2584.823975
200.307495 -532.746216 2577.378906
191.227020 -967.940430 2631.459229
-14.212061 -74.127747 2610.665283
-10.371852 -521.647705 2617.003418
30.552002 -928.843811 2692.793945
0 0 0
116.458923 700.972168 2680.489746
106.889801 393.806763 2649.248047
275.601868 390.834473 2628.715332
318.895264 114.521545 2671.809082
350.304596 -166.095428 2567.798584
-61.822247 396.779053 2669.780762
-107.555832 98.224915 2660.880127
-98.860878 -141.827316 2503.903564
99.721786 157.104294 2624.614990
202.814484 -81.540710 2586.562988
201.154587 -530.889465 2576.800293
191.647903 -963.680420 2633.006348
-17.706944 -77.655640 2613.400879
-9.428090 -525.755615 2615.569336
29.388012 -935.503418 2693.136963
0 0 0
117.073097 700.890015 2681.076904
107.203850 393.914612 2649.733154
275.070587 390.942200 2628.610840
319.163025 113.703278 2671.628662
350.683746 -173.810913 2565.632568
-60.662895 396.887085 2670.855469
-109.467438 99.311462 2660.353516
-99.263680 -140.629242 2503.975098
99.870193 156.941055 2624.797852
202.087494 -81.972351 2586.078125
201.232422 -532.423340 2576.134033
192.031784 -964.075012 2634.971191
-17.014429 -78.092682 2613.646973
-8.570106 -527.204956 2615.652588
30.940273 -939.070557 2695.683105
0 0 0
116.939636 700.872681 2681.216553
107.197372 395.521576 2649.702637
274.075745 392.912659 2628.197021
318.380432 113.014221 2670.992432
348.916687 -166.149872 2560.630859
-59.681019 398.130493 2671.208252
-107.745941 113.027771 2668.230469
-91.097382 -148.896820 2508.484619
100.229599 158.116806 2624.434570
201.634033 -80.982224 2585.200684
201.726898 -531.866089 2575.661133
191.439377 -959.997559 2637.835449
-15.110379 -77.593704 2613.132324
-7.589071 -529.629761 2614.012451
32.631325 -941.451477 2696.282715
0 0 0
116.558884 701.139587 2681.268311
108.060234 396.897949 2649.601318
273.874847 394.491333 2627.196045
318.466827 116.721619 2670.010010
346.861755 -159.366425 2557.357910
-57.754391 399.304535 2672.006592
-105.075211 118.865906 2675.821533
-98.836678 -152.475616 2509.751953
101.340919 159.081421 2625.417969
201.420456 -80.285156 2586.803711
201.743210 -531.154419 2576.380371
191.480453 -956.786011 2639.719482
-12.177235 -77.185028 2615.665527
-7.733532 -528.688477 2613.454590
32.656731 -941.128052 2696.527588
0 0 0
116.429375 701.722046 2681.623535
109.759781 401.295776 2647.774170
273.041138 398.824127 2623.239990
317.497314 121.639923 2665.470703
346.580261 -161.678497 2562.029053
-53.521561 403.767395 2672.308350
-101.117477 131.596100 2695.107666
-104.844711 -139.116302 2523.023438
103.138931 163.764099 2627.640137
201.962143 -75.363693 2591.662354
202.631668 -525.514587 2580.890869
193.782730 -945.285034 2641.703857
-8.925978 -72.171432 2623.349854
-8.449067 -531.627502 2609.381104
28.671204 -943.359253 2689.683105
0 0 0
117.463562 702.414124 2681.625488
110.270515 402.455566 2649.015137
272.440857 400.372314 2622.173584
317.201508 123.763031 2665.107178
342.410828 -160.108032 2550.813232
-51.899799 404.538818 2675.856689
-95.852707 138.096954 2706.545898
-107.121750 -114.786591 2533.183594
104.033653 168.072510 2629.524414
202.561386 -67.656357 2592.693604
203.802887 -517.616760 2582.837891
195.150803 -941.677612 2643.345459
-6.967799 -64.964737 2627.373779
-7.040766 -527.708984 2607.203857
26.291204 -945.427734 2685.623291
0 0 0
117.885895 702.841064 2681.591309
109.789230 401.826508 2649.992432
272.615784 399.911743 2624.663086
316.756500 123.123596 2667.564453
344.739136 -161.191742 2550.812988
-53.037338 403.741272 2675.321777
-121.186241 140.803131 2709.177734
-103.989006 -122.281281 2533.191650
103.697113 166.855270 2628.592529
201.789963 -69.341141 2590.985596
203.478226 -519.704163 2580.961426
194.968781 -945.542236 2642.262451
-6.579962 -66.890793 2623.399658
-7.616038 -528.536316 2609.850342
26.690084 -940.706665 2687.827148
0 0 0
118.103668 702.692505 2682.030518
109.333176 402.280670 2649.702148
273.452606 401.132538 2631.940186
317.424316 124.123077 2674.956299
342.199890 -162.157867 2558.264404
-54.786289 403.428802 2667.464111
-138.773239 137.018616 2697.303711
-111.652359 -123.425751 2527.835449
104.739441 167.639084 2622.423340
201.694595 -67.712906 2584.154297
203.704636 -519.034729 2575.041260
196.052628 -941.909668 2638.849854
-1.403187 -66.292099 2606.134766
-7.774912 -530.989990 2617.460938
26.758455 -940.151001 2693.854248
0 0 0
118.086418 702.620239 2682.238037
111.094925 405.058594 2649.731445
273.528748 403.074646 2629.695557
317.712128 131.742432 2672.417725
341.760590 -161.226746 2555.600342
-51.338894 407.042511 2669.767334
-144.351608 135.480835 2698.406738
-112.631790 -132.040283 2520.995850
105.115623 168.457687 2624.684326
201.321747 -69.391281 2587.032715
203.427017 -522.872986 2578.180908
195.446625 -943.903809 2644.446777
-3.049107 -66.895126 2612.241699
-7.844690 -530.348999 2615.994629
26.387434 -950.325439 2700.384521
0 0 0
118.548477 702.322327 2682.369629
112.690453 406.901062 2650.299561
274.373871 404.105225 2629.685791
319.808075 133.870544 2672.635986
344.580353 -140.644348 2539.102783
-48.992989 409.696899 2670.913330
-130.401367 133.621521 2697.390625
-111.392883 -135.251678 2510.598389
105.462387 169.404800 2625.817871
200.812729 -69.865265 2588.258057
202.653824 -523.818848 2579.245605
194.839310 -946.877014 2644.872070
-4.344094 -66.317657 2614.414307
-8.424515 -528.748901 2616.381836
26.020309 -941.252686 2694.818359
0 0 0
119.496887 702.531006 2682.207520
112.360176 405.105469 2650.546875
274.603821 402.372681 2629.740967
320.710846 132.121857 2671.056396
343.366058 -153.302521 2547.286621
-49.883480 407.838257 2671.352783
-127.203400 135.196350 2702.854980
-110.540764 -131.842529 2523.579834
105.217201 168.388092 2625.937988
200.951172 -70.062119 2588.136230
202.372894 -524.584839 2580.341797
195.273926 -947.828308 2646.008789
-4.802708 -66.596451 2614.521973
-8.421279 -530.184021 2616.704590
22.643894 -944.113831 2698.278076
0 0 0
119.602058 702.616455 2682.124023
112.993500 404.671875 2650.760010
275.410767 402.046997 2629.939941
321.755249 132.355408 2670.965088
345.348145 -158.139954 2544.212891
-49.423786 407.296753 2671.580078
-126.654480 134.534393 2705.720703
-113.191048 -133.797485 2523.526611
106.003799 167.837173 2626.091797
200.872696 -70.643677 2588.366455
203.161423 -525.153931 2580.562012
197.122498 -946.445679 2648.361084
-2.844495 -67.351349 2614.480713
-7.036813 -535.906006 2619.758301
24.779121 -946.542297 2701.914307
0 0 0
119.512375 702.685425 2681.797607
114.044136 407.275909 2651.639404
276.271179 404.150696 2631.534668
323.139282 135.493225 2672.869873
346.827606 -145.525635 2548.847168
-48.182911 410.401123 2671.744141
-125.588074 132.414185 2707.889160
-116.288155 -137.615021 2524.234863
106.207352 168.223175 2625.562988
201.420776 -72.814758 2586.715576
203.087250 -526.534424 2578.796143
197.330627 -947.004211 2648.041504
-4.679645 -68.844360 2612.257568
-5.598218 -535.154419 2621.651123
27.314686 -945.079712 2698.798096
0 0 0
119.270218 703.001343 2680.889648
114.693558 407.822876 2651.419189
276.512573 404.183197 2630.734375
322.647827 137.016235 2672.921387
348.566437 -154.872284 2545.448486
-47.125443 411.462524 2672.104004
-124.539001 133.380646 2710.881592
-104.540878 -148.167664 2532.487549
105.975914 167.831787 2625.448486
201.641113 -74.507080 2586.134766
202.606552 -527.792114 2579.031250
196.393280 -949.057983 2648.945557
-7.124581 -69.811493 2612.820801
-4.282548 -540.409119 2624.842773
29.319569 -948.295654 2699.565674
0 0 0
