116.124146 704.357239 2747.522705
104.918968 475.700928 2704.273438
267.736755 470.831238 2700.752441
339.892151 160.327148 2705.888184
267.662598 404.404327 2539.726562
-57.898796 480.570587 2707.794434
-132.022247 172.194733 2700.602051
-36.862236 414.391144 2550.266113
96.861176 237.328400 2661.341797
200.547028 -4.386215 2615.993652
226.924316 -484.016479 2681.564941
193.866058 -940.718201 2594.441895
-22.940254 2.297989 2620.826660
-5.194681 -475.240784 2701.042480
6.150186 -936.277710 2633.564941
1 1 1
116.127167 703.274414 2744.893555
104.803543 474.431885 2702.098145
267.627655 468.989777 2702.550781
340.437347 161.157654 2705.945068
266.553040 404.504456 2536.662842
-58.020565 479.873962 2701.645508
-133.019882 172.602905 2698.305420
-37.266670 413.750824 2549.452393
96.947441 235.867340 2659.854736
200.886322 -6.433731 2617.922119
223.502045 -485.461121 2689.161865
191.528351 -942.619019 2603.605225
-22.703663 1.039352 2617.300537
-8.459395 -475.017517 2706.965576
4.165253 -936.008423 2638.746338
1 1 1
113.867729 704.030396 2744.081055
103.716537 475.046448 2701.668213
266.587982 469.732697 2701.850830
340.219513 161.578064 2706.475586
265.827240 404.758301 2535.072754
-59.154888 480.360199 2701.485596
-134.009125 172.801483 2697.152832
-33.381157 412.933350 2550.098145
95.977188 236.387817 2659.755371
200.027252 -5.917999 2617.967773
223.412537 -484.809784 2690.226318
188.983459 -940.328918 2597.320312
-23.551579 1.376373 2617.717285
-8.018139 -474.847137 2707.074951
1.654469 -936.389038 2641.965576
1 1 1
112.810974 706.342651 2743.673340
102.945274 477.212036 2702.321045
265.794678 471.660431 2704.818115
340.603271 161.284637 2706.238525
265.847290 404.419861 2533.971191
-59.904137 482.763672 2699.823975
-133.510864 173.404785 2697.079102
-31.745956 411.639465 2547.453125
95.432442 238.378296 2661.291748
199.719681 -4.266785 2621.976807
223.106827 -483.246613 2693.838867
190.225174 -938.630066 2599.462891
-23.880468 3.355865 2618.548096
-8.553738 -474.591064 2698.041260
3.013935 -938.272400 2657.600098
1 1 1
113.404877 707.633179 2744.964600
103.499176 479.377472 2703.186279
266.205536 472.936279 2709.148193
339.802917 161.143768 2704.114258
265.884460 404.218231 2533.419922
-59.207184 485.818665 2697.224365
-133.754303 174.202393 2701.534912
-34.911629 413.080048 2547.067627
95.552391 240.566895 2662.053711
199.324753 -2.666382 2625.014648
224.282166 -482.252563 2692.057861
190.492996 -938.532227 2602.427246
-24.113541 6.179016 2616.827637
-9.207020 -470.894440 2701.807617
4.239481 -933.481018 2649.146484
1 1 1
113.676872 708.386841 2744.112793
103.676735 480.036255 2702.492432
266.463684 473.965729 2707.139160
339.899750 161.570984 2705.555908
265.905853 404.141785 2533.146973
-59.110207 486.106781 2697.845703
-132.878845 175.102295 2701.267334
-36.405197 412.577148 2542.341797
95.958321 241.280334 2660.976074
199.984421 -1.642685 2622.649414
222.485443 -481.744812 2686.851074
192.312775 -938.531006 2598.454590
-23.504610 6.691513 2616.270020
-8.696288 -469.638428 2705.561523
3.048689 -931.958374 2648.308105
1 1 1
114.096382 710.475220 2743.687500
104.321434 482.483704 2701.782959
267.137970 476.702820 2706.365234
339.448181 160.786652 2703.777588
265.535767 404.544739 2533.320312
-58.495110 488.264526 2697.200684
-135.441299 176.549866 2701.133789
-37.171867 412.921509 2541.174316
97.011841 243.710861 2660.277344
201.471375 0.969635 2621.917236
225.184860 -478.568237 2689.807129
192.693909 -935.133545 2601.007568
-22.066872 8.906433 2615.626221
-10.147919 -466.902344 2708.179932
4.854312 -928.199707 2643.384521
1 1 1
115.584663 709.053711 2744.477295
105.496910 480.069427 2701.579102
268.344116 474.207764 2704.977295
345.722717 162.392242 2697.390381
265.308838 404.843658 2533.389404
-57.350304 485.931091 2698.180908
-137.222015 176.275482 2698.567871
-37.407387 413.120422 2540.634277
97.778107 241.367920 2659.733398
201.858154 -1.357773 2620.220703
226.472214 -480.142090 2692.882568
189.776825 -935.245728 2598.594482
-21.739555 6.690598 2615.554688
-13.077275 -470.587402 2700.342041
2.775170 -932.951660 2643.594482
1 1 1
115.237198 708.710999 2743.871582
104.646240 479.693115 2700.843262
267.504517 473.736267 2703.804932
348.861023 162.696198 2694.696533
266.008240 404.279419 2534.176514
-58.212036 485.649963 2697.881592
-137.611420 176.637268 2697.783936
-36.899483 414.052704 2541.427490
96.674690 240.985840 2659.073242
200.508606 -1.810944 2619.336426
222.941849 -481.318878 2687.792480
188.533524 -937.539124 2598.133301
-23.102316 6.368073 2615.270020
-15.436975 -469.277649 2708.720703
2.341052 -929.908081 2640.206543
1 1 1
114.061798 705.321045 2733.565430
104.055420 475.517578 2696.065186
266.920563 469.838928 2699.346436
349.927094 162.345612 2689.850342
265.660522 403.625183 2534.019043
-58.809738 481.196289 2692.783936
-137.808929 177.821228 2699.889160
-36.953598 414.128021 2540.877930
96.474091 236.184616 2658.164551
200.704956 -7.046951 2622.516602
222.740372 -487.166992 2686.698730
192.357040 -945.268921 2606.024414
-22.919426 0.750229 2618.011230
-13.051637 -474.323608 2714.391602
2.573721 -934.295044 2640.543457
1 1 1
114.148674 705.705139 2737.915771
103.150368 476.646759 2697.236328
266.026794 470.781158 2699.190186
350.454681 161.666779 2685.428223
260.510254 406.753265 2539.129395
-59.726067 482.512360 2695.282471
-138.912964 177.416473 2703.945557
-36.180580 414.761536 2543.482422
95.024971 237.677124 2657.179688
198.723938 -5.319595 2618.464355
217.711945 -486.625610 2673.511230
190.802704 -945.873230 2598.145508
-24.924791 2.734573 2615.781738
-12.047922 -473.310120 2706.879150
1.332341 -934.239380 2638.509277
1 1 1
113.011826 709.136353 2740.591309
102.488548 480.634277 2698.485840
265.328156 474.646484 2702.077148
349.729767 162.334564 2683.216309
255.567413 408.846222 2540.105957
-60.351082 486.622070 2694.894531
-135.454208 178.206238 2706.973389
-37.452904 414.782898 2542.736816
94.597603 241.725021 2657.947510
198.506485 -1.295242 2619.874756
220.268845 -482.279053 2677.074463
194.137085 -943.340881 2614.282227
-25.093178 6.926773 2614.943604
-10.851398 -466.297424 2718.881836
2.527552 -924.300110 2634.334229
1 1 1
112.075874 710.322388 2741.425049
101.467773 482.515991 2699.389893
264.314880 476.880981 2703.415527
346.366241 163.167114 2673.607422
252.458496 408.680969 2531.040039
-61.379333 488.150970 2695.364258
-134.225861 177.603027 2704.487793
-38.893082 414.883728 2545.175781
94.215240 243.654236 2658.420166
198.761139 0.923935 2620.214111
221.747269 -479.177490 2683.897461
193.543671 -938.375732 2609.642822
-24.835730 8.661057 2614.686768
-12.532099 -465.063843 2717.061279
4.216017 -924.805298 2642.966553
1 1 1
110.602852 708.369324 2743.346680
101.308426 480.515625 2699.934570
264.160797 475.784302 2704.783691
360.184021 172.584625 2655.806152
249.930664 415.699097 2522.879150
-61.543941 485.246948 2695.085449
-135.612305 176.298920 2707.248535
-40.004761 415.653931 2550.349609
95.613792 241.744171 2658.211914
201.725403 -0.275574 2619.818359
221.505707 -481.618683 2674.007568
197.156830 -943.180664 2615.832764
-21.887087 6.221008 2613.160156
-11.206137 -467.033356 2718.092041
5.342213 -925.931458 2638.214600
1 1 1
111.711021 707.145203 2745.804199
102.576630 479.090515 2701.122803
265.397369 474.241943 2706.881836
362.094879 179.793762 2630.905273
244.418747 424.840393 2506.226807
-60.244106 483.939087 2695.363770
-132.303391 176.147247 2711.624512
-45.780495 412.842102 2544.731934
96.983711 240.495468 2658.373047
203.173584 -1.428314 2619.577148
225.183990 -481.427155 2683.626465
193.996292 -940.131714 2609.326660
-20.392010 5.229156 2611.669434
-12.742177 -469.120972 2711.807129
3.091562 -928.978455 2637.089111
1 1 1
110.756012 707.988892 2744.055176
101.692589 479.962677 2701.615234
264.511963 475.427063 2701.258545
365.071198 191.908386 2603.974365
239.573120 439.635193 2486.221191
-61.126793 484.498291 2701.971924
-130.128937 175.553589 2708.332031
-49.322968 412.948181 2543.612793
94.950058 241.184723 2660.081543
200.067093 -0.709274 2618.302979
216.350006 -481.198669 2680.770996
189.007797 -940.143921 2604.841553
-23.652039 5.522812 2618.792725
-14.035880 -467.980408 2722.764893
-0.643723 -927.285706 2644.039795
1 1 1
111.727600 707.240540 2744.662109
102.171753 478.867859 2703.411865
265.010162 474.415466 2700.597656
366.542328 212.457703 2567.991699
228.753906 457.532318 2456.946045
-60.666656 483.320312 2706.226074
-136.058121 177.271545 2709.168213
-51.074516 412.974731 2543.147217
94.936340 239.953262 2662.740234
199.468979 -2.017380 2620.136963
216.212570 -482.109314 2685.859131
189.728195 -940.342529 2604.776123
-24.067123 4.094681 2624.000244
-12.583212 -471.996704 2714.222412
1.572002 -933.271179 2649.356201
1 1 1
112.253105 711.893555 2753.462891
102.461502 484.907776 2709.163818
265.320831 480.252869 2705.765137
365.766144 237.225189 2538.498047
217.812454 471.162415 2422.648926
-60.397827 489.562653 2712.562500
-137.534058 179.139160 2705.083008
-49.457817 420.666290 2544.788086
94.738708 246.539078 2665.574951
198.800339 4.975342 2619.653076
215.714844 -475.301758 2684.234131
190.430435 -933.097900 2599.927490
-24.768511 11.365448 2624.319092
-13.872074 -464.039978 2718.663818
1.776546 -922.859192 2639.174072
1 1 1
112.939400 712.503601 2758.356689
104.810410 486.016693 2713.028076
267.641510 482.539825 2707.475586
363.871796 259.107300 2512.237793
208.866760 486.179443 2386.233154
-58.020679 489.493561 2718.580566
-137.277924 181.578278 2703.037109
-48.176201 425.838928 2545.517822
98.187149 247.897552 2667.901367
203.353729 7.391403 2618.962646
217.550354 -473.097595 2682.698730
198.413681 -932.369324 2605.323242
-20.225948 12.165421 2626.586670
-7.526570 -464.902710 2711.728516
7.216692 -925.651489 2643.892578
1 1 1
113.854446 710.741699 2760.810547
104.911339 485.155975 2714.788818
267.739227 481.358582 2708.826660
358.435150 283.552734 2487.620605
200.866837 502.627441 2345.020996
-57.916527 488.953369 2720.750977
-136.639816 183.289642 2701.019043
-47.266762 428.485474 2542.856934
97.679993 247.201248 2668.856934
202.224716 6.639725 2618.832031
212.678528 -474.205261 2680.537354
193.048492 -933.692017 2604.138184
-21.327415 11.853317 2627.018066
-10.287386 -465.435852 2711.590332
0.815828 -925.011230 2635.155273
1 1 1
114.846336 709.038940 2761.536865
105.592552 483.418030 2715.735840
268.387238 479.604065 2708.771973
351.717041 315.775757 2465.311035
193.617752 518.319092 2299.841797
-57.202126 487.231995 2722.699707
-142.820465 185.645081 2701.510742
-46.811432 430.993011 2547.002197
98.045898 245.503601 2669.617188
202.260376 4.970825 2618.717773
218.142746 -475.229218 2683.969971
192.988403 -934.026001 2605.100830
-21.261902 10.207520 2628.279297
-9.756241 -466.988068 2713.550537
1.469877 -926.384399 2635.302734
1 1 1
113.607231 709.200989 2751.895996
104.563087 481.312500 2712.124268
267.418457 477.383423 2706.951660
336.333130 347.871185 2449.156982
189.915970 525.140198 2252.242676
-58.292301 485.241577 2717.296875
-145.934860 184.339691 2702.258789
-46.448921 432.045349 2552.695801
97.481903 242.596710 2670.505371
202.210587 1.183380 2625.335205
216.396317 -478.839569 2692.430420
192.992065 -936.924805 2608.952148
-21.409153 6.578461 2632.437744
-11.236493 -471.920471 2709.972656
2.545134 -932.641235 2640.573975
1 1 1
117.359535 707.561829 2757.603760
106.325912 480.535034 2714.426758
268.918762 476.338623 2704.798096
319.633423 385.909363 2433.102295
186.048248 524.455200 2207.728760
-56.266922 484.731445 2724.055420
-141.999573 183.690155 2703.150635
-45.887756 431.865295 2553.771729
97.569603 242.303802 2670.391357
200.477020 1.190628 2619.743408
215.934479 -479.308105 2683.057129
190.211853 -935.627686 2591.284424
-22.850435 6.954544 2632.968506
-14.461911 -472.521973 2704.449219
1.334877 -932.961731 2633.157959
1 1 1
116.638397 705.417786 2761.428955
106.611351 477.962097 2715.303711
269.054779 474.829773 2702.974854
299.295197 430.442749 2430.541016
185.669067 515.442688 2172.391846
-55.832069 481.094391 2727.632568
-140.520416 179.860077 2708.574219
-47.971268 423.562988 2550.838135
98.503540 240.150925 2668.895020
201.914322 0.189407 2614.022461
218.062027 -479.478027 2683.072266
192.964783 -936.150146 2592.608398
-21.122847 4.490128 2630.950195
-12.189775 -474.404297 2706.339111
4.264159 -933.886353 2629.215332
1 1 1
118.930557 703.929077 2764.866211
107.673256 477.930359 2716.985840
269.639099 475.041779 2699.822266
278.124664 465.202179 2422.788574
191.974304 507.553558 2142.649902
-54.292595 480.818970 2734.149414
-139.282623 178.943848 2708.304688
-43.432129 427.913574 2562.583008
98.360252 240.453369 2669.069336
200.273056 0.992691 2609.366211
214.450516 -478.833496 2677.897949
190.013824 -937.562744 2599.014893
-22.178551 4.960037 2632.939453
-14.032988 -474.607727 2704.080322
2.322203 -936.096313 2641.398193
1 1 1
117.790474 700.078735 2763.579834
106.011902 474.630615 2716.936523
267.403870 471.920288 2695.121094
264.573944 480.604065 2417.910645
195.511566 500.793335 2127.345947
-55.380070 477.341003 2738.751953
-138.630463 180.962341 2705.165039
-35.895859 435.033173 2573.120117
95.649109 237.033691 2669.791016
196.100143 -2.424210 2607.666748
214.221848 -482.164551 2675.862549
186.658554 -942.025452 2604.944336
-25.527508 1.297714 2637.624268
-16.247351 -479.031372 2703.211670
2.614792 -941.416931 2647.727051
1 1 1
116.736900 698.860352 2763.453125
104.498322 474.009766 2717.121094
265.144073 471.049194 2690.471680
257.791626 490.296936 2413.982422
195.443634 499.212860 2120.470215
-56.147430 476.970398 2743.770508
-138.811157 178.475647 2706.606445
-36.377205 435.724457 2579.275391
92.346191 236.440338 2670.259277
190.494202 -3.161865 2605.099854
214.349106 -481.544281 2680.224121
185.676056 -938.796997 2595.191162
-30.106077 0.903656 2641.695068
-17.175568 -479.031189 2709.582275
-0.600021 -939.807373 2641.899658
1 1 1
115.968933 697.134338 2763.368408
102.805466 472.181061 2717.261230
263.048706 469.348969 2688.022217
256.895630 493.146576 2410.496826
192.005920 500.261932 2118.072510
-57.437790 475.013153 2746.500244
-138.906189 180.237701 2707.806885
-32.664612 440.351715 2586.809570
90.048264 234.645752 2670.353271
187.274582 -4.833374 2603.376953
215.149490 -482.253052 2683.165039
188.997070 -939.453003 2596.271240
-32.692459 -0.945740 2643.513672
-13.638548 -480.601654 2711.823486
1.814932 -940.939331 2640.211670
1 1 1
114.858963 696.164307 2763.333008
102.869308 470.792938 2716.460205
263.748688 468.296082 2690.915039
252.450226 495.569519 2413.264893
188.861664 496.295746 2122.813232
-58.010052 473.289795 2742.005371
-137.450470 181.615326 2705.921631
-32.156647 443.895569 2587.485596
91.692642 233.231049 2669.291016
190.966675 -6.045044 2604.583984
220.000732 -484.124115 2680.039062
196.810989 -943.343384 2603.924316
-29.934727 -2.616638 2639.659668
-10.647696 -483.476349 2698.279053
8.951258 -945.823975 2644.956299
1 1 1
113.069969 695.495728 2763.799561
101.456436 470.540161 2716.796143
262.419495 468.470245 2691.467041
258.223572 494.785645 2417.133789
190.361877 493.527252 2125.071777
-59.506607 472.610077 2742.125244
-142.727005 179.806396 2710.461182
-41.985107 430.800476 2570.153809
90.943771 232.988922 2669.402588
190.910400 -5.983032 2604.624023
214.016327 -484.257355 2680.861572
193.621643 -942.983276 2600.578125
-30.048195 -3.141602 2639.394043
-11.653873 -483.322144 2703.819336
2.650116 -944.427124 2638.868164
0 0 0
113.289230 698.409851 2765.530762
100.484695 472.732361 2718.744873
261.587128 469.995422 2694.259277
262.612610 488.892548 2425.065674
191.864487 491.092346 2131.884277
-60.617756 475.469238 2743.230469
-140.863052 176.403931 2711.727539
-47.642593 423.504242 2561.940430
89.252899 235.203430 2671.395508
188.612595 -4.204285 2607.237549
214.402252 -482.801483 2680.659912
190.690094 -941.207275 2599.148438
-32.570385 -0.446686 2640.854736
-16.578903 -480.399994 2707.847656
1.411943 -942.054565 2646.577637
1 1 1
112.484093 700.324646 2774.397461
99.385269 475.563843 2723.502686
260.514099 473.235840 2699.065918
271.805542 468.946472 2427.530762
198.632965 491.948364 2137.703369
-61.743546 477.891815 2747.939453
-144.431564 176.201172 2713.367432
-50.580536 419.719482 2557.954590
88.226410 238.821579 2672.478027
187.681320 0.481186 2604.677734
217.588181 -477.360840 2681.360352
189.093246 -933.531250 2589.972168
-33.546227 3.677475 2638.229004
-14.901512 -475.321350 2711.033691
3.291744 -935.235352 2638.097656
1 1 1
110.260948 703.904785 2778.332764
97.588921 478.955414 2726.099365
258.933777 476.620392 2703.133545
277.408051 464.475891 2432.268799
204.152374 492.352295 2143.668457
-63.755943 481.290436 2749.065186
-150.710999 180.596313 2712.684814
-51.731743 418.304688 2556.831299
86.736954 242.440857 2673.906738
186.655548 4.323196 2605.947021
220.341309 -472.468628 2687.377686
190.422211 -928.706726 2596.346680
-34.885567 7.529404 2637.481201
-15.600447 -470.528809 2716.080322
2.639101 -929.477783 2636.788818
1 1 1
109.148010 704.704651 2780.801514
97.006523 479.626709 2728.017090
258.397919 477.496643 2705.314453
291.703735 439.738312 2435.637695
208.580551 494.957886 2153.423828
-64.384865 481.756775 2750.719727
-154.356018 182.296387 2709.344727
-54.723976 423.274597 2563.951416
86.434311 243.266846 2675.035645
186.660233 5.444672 2606.468506
219.086517 -471.660065 2686.748779
192.535645 -928.957214 2600.028564
-34.936035 8.369293 2637.639893
-14.513992 -471.240753 2705.129883
3.511269 -933.036255 2648.095215
1 1 1
108.078018 701.421143 2771.543945
96.668724 476.313721 2723.629395
258.560699 473.894012 2705.372559
303.811066 404.338440 2444.335205
209.803589 499.486084 2174.023438
-65.223244 478.733398 2741.886230
-157.217712 184.174408 2714.191650
-55.652222 425.303162 2566.118652
87.474457 239.288940 2673.513428
189.465988 0.602356 2610.858887
218.362076 -478.004150 2682.673096
194.936691 -937.274414 2606.672607
-32.905602 3.925995 2635.936035
-10.094193 -476.544556 2696.354004
3.384099 -939.825073 2649.586182
1 1 1
106.851944 701.389282 2767.431396
97.770126 474.973297 2720.348877
260.080627 473.020691 2706.570068
315.884735 374.147522 2448.197510
214.769867 505.875366 2194.946289
-64.540375 476.925903 2734.127686
-157.629654 183.098022 2708.122803
-56.198914 425.956055 2565.592529
90.786850 237.562866 2671.731689
195.257645 -1.188370 2613.652832
220.908524 -480.656494 2680.952148
198.592270 -940.139282 2605.370117
-27.650501 1.493240 2632.576172
-7.056612 -478.851501 2695.237793
6.104185 -941.682983 2642.456787
1 1 1
105.086601 700.879822 2764.875732
98.213631 473.152771 2718.402344
260.858734 471.284241 2710.537109
321.937897 349.062744 2458.630615
220.083954 514.201965 2226.789307
-64.431480 475.021332 2726.267090
-158.319138 182.046234 2705.096191
-54.399368 419.648285 2555.281494
93.143799 235.646149 2669.985352
199.778412 -3.143799 2616.166992
218.366852 -483.189941 2681.549805
195.667938 -942.400146 2604.190430
-23.630476 -0.577179 2626.970215
-9.991777 -479.918671 2698.013184
5.029316 -940.842163 2631.501953
1 1 1
106.253166 705.493225 2764.579346
99.771873 478.735016 2719.367432
262.576385 476.351807 2716.402588
337.946838 328.015137 2470.822510
222.910553 516.664001 2263.587158
-63.032635 481.118225 2722.332275
-158.181152 185.035980 2706.062500
-51.196358 424.937134 2558.701904
95.434631 240.925385 2672.358398
202.867935 1.479584 2623.313965
217.275436 -479.631592 2681.313721
195.906693 -940.439819 2614.358887
-20.673153 4.751923 2627.384766
-11.496044 -473.325806 2707.027588
3.760808 -934.423279 2640.576416
1 1 1
107.071182 706.459534 2763.931396
101.828972 479.725220 2719.076172
264.681976 477.307648 2720.168945
346.970428 308.502930 2488.923340
224.861816 520.900574 2302.988525
-61.024021 482.142761 2717.983398
-158.093658 187.517151 2703.546143
-43.357162 433.624756 2569.270508
98.611717 241.849869 2672.281982
207.182770 2.315033 2626.237793
221.217346 -478.557892 2686.718262
196.480042 -936.751953 2605.606201
-16.393856 5.634033 2624.737793
-10.335505 -473.307495 2699.697021
5.607414 -935.650024 2642.865234
1 1 1
106.403793 703.575867 2766.110596
102.286644 478.480591 2719.194824
265.161591 476.072510 2722.400146
350.993042 289.755737 2507.966064
226.832275 520.359558 2344.493896
-60.588291 480.888641 2715.989502
-158.039230 190.251892 2703.277588
-36.651291 438.882385 2576.466553
99.718475 240.842590 2671.164551
208.937225 1.551865 2625.334229
218.338684 -480.007507 2680.954590
193.559860 -938.503174 2600.686768
-14.636615 4.857346 2620.934326
-12.098158 -473.896057 2697.576416
2.895672 -936.214600 2639.556641
1 1 1
103.180145 699.270996 2755.227539
100.457092 474.151276 2713.198730
262.970245 472.384491 2723.094238
354.422821 273.819885 2521.037354
233.285492 518.067810 2376.697998
-62.056061 475.918060 2703.303223
-159.391525 183.232697 2703.409912
-38.309258 438.346985 2573.833984
100.573837 235.844315 2668.733398
212.332108 -3.676376 2631.065918
219.794815 -485.156799 2687.955811
195.474579 -943.335938 2605.361816
-10.950944 -1.248917 2617.470215
-11.693751 -479.149963 2699.291016
6.259839 -941.467712 2641.799805
1 1 1
103.337029 701.643555 2759.244385
100.066551 476.523193 2714.578613
262.629700 474.227600 2724.965820
356.715088 255.911301 2539.021484
233.984039 508.409180 2411.429443
-62.496605 478.818787 2704.191406
-157.691711 189.114288 2700.203369
-35.566299 440.870850 2568.720703
99.670464 238.568481 2668.189453
210.821655 -0.961411 2628.927734
214.169052 -483.315125 2677.692383
189.132797 -941.371887 2594.407715
-12.272905 2.188950 2614.672852
-14.599852 -474.255371 2704.399170
-1.528542 -935.212952 2636.531250
1 1 1
103.128067 700.910950 2751.249512
99.970955 475.778320 2711.113525
262.496063 473.565613 2722.687012
359.343994 240.446503 2557.511963
239.491486 501.205780 2440.722168
-62.554180 477.991028 2699.540039
-156.359070 189.066406 2696.101562
-34.216927 443.256836 2575.449707
99.760468 237.141693 2668.445312
211.102844 -3.013687 2633.720947
214.601318 -485.077393 2685.677002
191.486771 -943.804565 2605.551758
-12.002866 0.023788 2617.833252
-12.867736 -475.459900 2712.666260
1.217892 -935.794800 2640.471436
1 1 1
102.762680 700.382263 2757.258545
99.950645 475.379211 2711.950684
262.359955 472.488098 2725.110596
363.189301 226.234131 2574.759766
241.136902 489.660950 2469.117188
-62.458656 478.270325 2698.790771
-155.661743 189.022247 2694.044922
-33.576752 444.282288 2575.676758
99.440308 237.362427 2665.958984
210.420654 -2.639053 2629.001221
214.516724 -485.553101 2671.640625
189.313675 -945.147339 2597.485107
-12.560716 1.330338 2610.933350
-13.579926 -477.573792 2683.459473
-0.582078 -940.735229 2653.113281
1 1 1
100.632729 700.815552 2760.760986
97.724701 475.212921 2711.666016
259.935486 471.754791 2726.981201
362.609650 212.626343 2589.384033
249.999329 480.763123 2485.193359
-64.486084 478.671051 2696.350830
-156.315582 190.001160 2696.019775
-39.056633 438.853394 2563.603760
97.206863 237.613068 2663.500977
208.052963 -2.360931 2625.850342
212.765305 -484.536041 2676.114990
186.999435 -943.288452 2597.073975
-14.674904 2.387360 2604.821533
-18.071972 -475.920868 2682.671631
0.401478 -940.300354 2663.487549
1 1 1
101.133026 702.369629 2762.009033
98.690865 476.554688 2712.196777
261.018585 473.698425 2726.488525
363.801666 202.812592 2605.188232
259.555725 470.783051 2501.708740
-63.636879 479.410950 2697.905029
-156.661346 186.001434 2695.511230
-44.957176 426.205200 2551.917725
98.813141 239.078796 2663.347656
210.372650 -0.357925 2624.309814
220.104019 -481.513428 2682.654541
192.152740 -938.926758 2597.016846
-12.501801 3.563705 2604.687256
-15.677750 -473.517456 2690.288330
6.273445 -938.310059 2671.260010
1 1 1
102.725166 703.910889 2763.636719
100.052299 477.512909 2712.485596
262.055603 473.991394 2729.778076
367.412933 193.914093 2620.096924
262.570740 455.520020 2509.473389
-61.951012 481.034424 2695.193115
-157.318512 183.992523 2698.254150
-42.153297 421.890503 2556.499756
100.244186 240.293091 2662.379395
211.671677 0.655304 2624.146729
218.517731 -480.713257 2681.708740
190.779282 -938.513428 2597.883057
-10.799521 5.491241 2600.399658
-16.667057 -471.304138 2687.993408
6.123503 -936.415527 2670.808350
1 1 1
101.594254 701.498047 2753.956543
99.625496 474.912445 2708.069824
261.189056 471.518677 2728.941162
367.656219 189.422363 2634.556396
262.775177 447.071716 2515.190186
-61.938076 478.306213 2687.198486
-157.707748 182.527954 2697.132812
-40.785141 419.046448 2558.085693
100.516724 236.827835 2662.457520
212.342407 -3.587051 2631.176270
214.284119 -485.612183 2683.250000
192.468918 -945.325317 2609.447021
-9.526486 1.073502 2602.514160
-14.812020 -475.635742 2690.944824
2.038747 -941.219238 2677.550293
1 1 1
100.542374 699.319519 2748.106201
98.163605 472.103577 2704.962402
259.893311 469.152588 2724.791016
364.335632 181.716125 2652.779297
264.613159 443.720062 2527.437500
-63.566101 475.054596 2685.133789
-153.346283 181.259216 2694.563965
-39.717491 416.806641 2553.877441
99.137039 233.597260 2661.526855
211.127563 -6.934753 2631.702393
212.997620 -489.313263 2680.799561
190.191528 -948.070190 2601.262451
-10.906615 -2.883392 2604.480225
-14.931095 -480.231659 2689.564209
-0.202198 -945.896545 2673.641113
1 1 1
103.145370 699.204773 2746.199219
99.222939 471.338531 2703.518555
261.257965 467.734131 2720.448730
360.172821 173.859467 2662.903320
267.061371 435.626831 2530.175537
-62.812111 474.942932 2686.588379
-156.168610 183.122742 2696.298096
-38.795502 415.587830 2549.612305
98.401543 232.730759 2660.580566
208.831635 -8.351761 2629.266602
211.080994 -490.770508 2678.243408
188.877960 -949.298340 2596.896973
-13.671340 -3.402267 2606.018555
-16.189949 -479.568848 2697.419678
0.624708 -943.284180 2658.497314
1 1 1
101.374084 701.390503 2746.734375
97.375229 473.268921 2703.427734
259.436218 469.326111 2720.243164
354.588257 169.927094 2672.955811
264.360046 423.576538 2532.230225
-64.685760 477.211731 2686.612305
-152.582382 184.062286 2698.153320
-37.588936 415.258942 2546.014160
96.123993 234.818787 2659.576172
206.120087 -6.337891 2627.267578
209.931900 -488.883606 2674.985596
190.226105 -948.706543 2600.797119
-16.374573 -0.924774 2604.181641
-17.349043 -476.494293 2698.772461
-0.857687 -940.742432 2662.459473
1 1 1
103.892586 701.488220 2749.001221
99.144562 473.675079 2704.380859
261.271301 469.461731 2720.581543
345.793732 164.461304 2682.479980
265.474518 415.346375 2536.671875
-62.982162 477.888428 2688.180176
-151.791733 183.532043 2704.080322
-37.768303 414.940094 2545.532227
97.419754 235.382599 2659.668457
206.995514 -5.802368 2626.077881
214.226807 -487.914856 2677.469482
192.597076 -948.072571 2605.695068
-15.605622 -0.017395 2603.834229
-14.557785 -472.486023 2712.049561
3.914402 -933.902954 2652.966797
1 1 1
104.750412 699.455505 2746.142822
98.662292 471.869080 2702.000488
261.190765 468.407135 2712.089355
349.424652 164.247040 2690.253906
266.027374 410.346313 2537.871582
-63.866177 475.331024 2691.911621
-151.868637 186.244659 2703.549805
-37.499130 415.354706 2546.278809
96.268524 233.321014 2658.707031
205.533600 -7.605438 2622.344727
213.164368 -489.678925 2674.205811
191.438202 -950.427368 2606.267822
-17.784100 -2.848663 2608.482422
-17.286131 -475.263275 2717.443848
1.100151 -935.734863 2649.432617
1 1 1
105.641998 701.811462 2754.210449
99.253212 475.016113 2706.199219
261.921844 470.920898 2714.420898
344.692596 163.108215 2694.138916
266.100983 407.712646 2538.460693
-63.415413 479.111328 2697.977539
-145.952972 181.634796 2702.777344
-37.085014 414.694641 2543.414062
95.637276 237.196289 2659.283936
203.666656 -3.434235 2618.011475
214.253113 -485.290497 2671.332275
188.411957 -945.603333 2601.885986
-19.623983 2.187164 2606.725830
-15.321712 -471.678253 2709.084229
0.028566 -932.304443 2639.906494
1 1 1
106.772606 704.195068 2758.246582
99.700729 477.904968 2708.200195
262.491821 473.546814 2713.658936
349.334229 163.544128 2698.079834
266.004913 406.717773 2538.870361
-63.090332 482.263123 2702.741455
-138.988190 179.823761 2706.397461
-37.271202 415.362915 2545.114258
94.964111 240.386017 2659.826172
201.981918 -0.124756 2615.199463
216.433121 -480.754547 2677.206543
189.807236 -940.091675 2601.947754
-21.526932 5.858917 2607.704834
-14.097738 -467.406921 2712.818115
0.025198 -928.221313 2643.843994
1 1 1
107.454002 706.140015 2750.755127
99.972107 478.823914 2705.708496
262.820831 474.469360 2710.170898
342.678101 160.779144 2702.539795
265.573761 405.947205 2540.911621
-62.876598 483.178436 2701.246094
-139.483551 177.904327 2707.698975
-37.987595 415.576782 2549.926514
94.833328 240.643860 2660.819336
201.478928 -0.525269 2618.993408
216.922775 -480.742676 2684.193115
191.469040 -940.693665 2612.251221
-22.089825 5.452911 2612.866943
-16.366594 -470.176208 2706.251221
2.129240 -932.605530 2652.022705
1 1 1
107.320168 708.514893 2757.518555
98.569374 481.452698 2709.139160
261.411560 477.759369 2708.023926
339.294312 158.858856 2705.777344
264.553253 405.720947 2545.312500
-64.272804 485.145996 2710.254395
-137.785248 177.980530 2703.363770
-33.773758 422.433868 2557.681396
92.853958 243.771179 2661.721191
198.992081 3.552811 2613.537109
219.157700 -477.003174 2674.779053
189.039139 -936.790710 2603.612549
-24.714987 8.626541 2615.069336
-16.363255 -468.790833 2698.510254
0.164919 -932.501587 2655.668457
1 1 1
107.325653 708.398193 2750.375732
95.911339 481.655090 2705.230957
258.727509 475.717590 2705.326172
338.134979 157.426758 2708.362305
265.319366 404.798462 2547.694580
-66.904839 487.592560 2705.135742
-137.903992 176.999756 2702.678711
-34.610649 419.788391 2554.523926
87.256248 243.596512 2660.283447
190.356720 1.462524 2615.401367
211.542618 -477.005066 2689.982666
183.907715 -935.132202 2608.506348
-33.154411 9.613373 2615.270508
-21.062439 -468.522583 2694.434570
-5.267937 -932.803650 2656.390137
1 1 1
107.423340 708.464417 2756.828125
95.254601 482.804749 2708.657227
258.053864 475.737000 2707.698975
339.061157 157.206665 2710.192627
262.600830 401.548126 2546.173828
-67.544655 489.872498 2709.615479
-138.368103 170.591095 2703.093750
-40.382988 421.864807 2550.800293
84.664948 245.323166 2661.135742
185.823105 2.990189 2612.956543
215.031174 -476.063721 2680.741455
187.067780 -934.981873 2603.650635
-37.672501 12.692978 2614.271973
-15.570507 -464.848145 2694.632568
-2.000040 -928.861206 2651.994873
1 1 1
108.852661 709.096863 2751.592773
99.352745 481.683716 2706.919678
262.093384 475.916748 2711.025146
338.493530 157.570374 2704.149170
260.551483 398.526733 2537.223389
-63.387882 487.450653 2702.814209
-138.219193 171.312592 2703.087158
-45.434311 417.075073 2547.406738
92.055588 243.626434 2661.780273
196.528976 1.608414 2619.460449
231.879974 -476.324524 2692.369385
202.413696 -934.402710 2610.832031
-27.012135 9.529922 2613.821289
-0.915077 -467.484680 2696.469727
14.194503 -931.445740 2653.183105
1 1 1
108.653107 710.858521 2757.934082
100.659500 483.179321 2709.981201
263.437958 478.050598 2715.201660
336.753235 158.788910 2704.076172
258.367889 398.226318 2533.818359
-62.118961 488.308044 2704.760742
-137.603775 172.149567 2703.551025
-42.248634 417.013428 2552.377930
94.687653 245.490753 2662.676025
200.437408 4.282120 2618.953857
220.949066 -475.654724 2682.154297
197.420410 -935.125610 2607.054932
-23.005795 11.322250 2611.787842
-8.649178 -466.842957 2689.887939
8.451767 -931.358093 2654.413330
1 1 1
107.919365 711.630371 2760.108887
101.048935 484.498413 2711.565674
263.767639 479.502899 2718.862305
338.883545 158.898132 2702.544189
260.342010 402.513641 2540.427979
-61.669785 489.493958 2704.269043
-137.295288 173.068024 2703.780273
-41.333611 416.224731 2553.230225
95.931221 247.006989 2663.098145
202.516342 6.086227 2619.639404
223.281616 -472.807556 2691.168945
196.128021 -929.625732 2603.107910
-20.889336 12.944870 2609.621826
-11.795316 -463.686951 2697.218750
6.769090 -927.247437 2652.032227
1 1 1
107.572861 709.594788 2751.679443
100.463867 481.097382 2707.924805
263.233673 476.518219 2714.791748
338.447388 157.452850 2705.273193
262.709442 403.789978 2545.335938
-62.305927 485.676544 2701.057861
-137.641998 176.030823 2702.885742
-35.696991 423.485107 2561.642822
95.652992 242.897781 2663.118164
202.577148 1.554764 2623.025391
217.179382 -478.695190 2686.829102
194.506348 -937.643738 2609.278320
-20.892902 7.841599 2613.597656
-12.809997 -469.984619 2694.978027
2.903302 -934.817261 2672.360840
1 1 1
108.002792 712.573669 2756.976807
101.514923 485.203613 2710.851318
264.198303 480.494995 2719.486572
338.232422 156.231628 2705.640381
263.775726 403.611938 2543.998291
-61.168457 489.912201 2702.216064
-138.312469 176.008636 2702.944336
-36.518013 426.437561 2566.666992
97.092705 247.289581 2664.435059
204.358948 6.142929 2623.947266
217.172729 -474.948425 2682.209961
196.130066 -934.602417 2607.687012
-19.017965 12.608200 2612.090332
-9.501480 -466.714844 2683.815918
7.311958 -932.098633 2673.331543
1 1 1
109.240211 713.350830 2759.126221
102.169098 486.453064 2711.903076
264.843597 480.964691 2720.405518
338.118073 157.113464 2702.824463
264.313721 403.788208 2542.508057
-60.505367 491.941467 2703.400635
-137.654144 177.005371 2700.972900
-31.901169 429.142029 2567.144287
96.650284 248.828827 2664.105469
202.809006 7.436752 2622.145020
213.082611 -473.690613 2681.202637
192.607803 -932.823486 2603.020020
-20.546062 14.972397 2610.470703
-12.243224 -461.001648 2700.499023
1.558074 -923.783691 2658.052002
1 1 1
109.502075 714.449768 2752.691406
102.296333 485.993958 2709.131348
265.071594 480.954559 2715.604980
338.579102 158.069397 2705.913574
263.729004 405.203491 2542.031250
-60.478935 491.033325 2702.657715
-138.307739 178.489197 2703.483643
-29.346230 431.120026 2569.972168
96.702042 247.791199 2664.367676
202.865173 6.128540 2624.048584
212.967834 -475.697510 2677.197998
196.039474 -936.959229 2613.061768
-20.649681 13.048370 2615.159424
-11.946320 -463.543274 2703.036621
1.683060 -926.891357 2659.332275
1 1 1
110.059296 713.969849 2757.984375
102.937042 485.435120 2711.272217
265.636871 479.959198 2719.193115
337.800018 158.040710 2702.960205
263.369629 404.000366 2540.334473
-59.762806 490.911072 2703.351318
-138.643570 177.237701 2706.739746
-33.878197 424.650146 2563.791016
97.220505 247.654724 2664.308594
203.202911 6.114899 2622.782959
217.622955 -474.958038 2681.382080
194.056839 -933.045898 2600.426514
-20.194973 13.633728 2611.906982
-12.379145 -465.155090 2686.524658
3.968287 -929.705444 2658.973877
1 1 1
111.960098 712.331421 2760.114502
103.425613 484.890289 2711.006836
265.961182 477.884125 2720.715332
338.411133 157.027466 2702.976074
264.215912 404.376038 2545.136719
-59.109921 491.896454 2701.298340
-137.810638 175.114716 2705.354736
-36.624481 420.575867 2561.208008
96.096893 247.487793 2662.378662
200.362106 5.274994 2620.416016
216.393692 -475.468842 2681.538086
187.351913 -932.998169 2598.033691
-22.825764 14.895599 2607.084961
-14.227323 -464.557526 2678.156738
-0.111359 -929.861694 2668.500732
1 1 1
110.991791 711.581665 2762.194824
102.320259 484.026794 2711.864258
265.046509 478.134155 2715.633545
339.694733 158.006348 2701.989258
264.367737 404.427582 2543.184814
-60.405968 489.919434 2708.094971
-137.915955 174.064148 2701.681396
-38.404449 418.273376 2557.768799
94.867081 246.734406 2662.664551
199.200958 5.393997 2616.054199
222.789536 -474.080383 2683.731445
188.870773 -931.252991 2599.455566
-24.373169 13.490067 2610.875488
-12.273521 -465.064819 2687.524414
-0.974596 -930.803833 2685.391113
1 1 1
108.603073 708.495789 2752.273682
101.720200 479.728485 2706.748535
264.136230 474.418518 2716.828857
338.273987 157.948120 2700.541504
263.899811 403.711426 2539.951660
-60.695835 485.038452 2696.668213
-136.527863 172.572815 2704.882812
-38.884293 417.483337 2558.444336
96.760612 241.669083 2661.257080
203.348984 -0.037231 2622.688965
224.970963 -479.583710 2690.951660
195.728958 -938.210632 2612.963867
-19.746916 7.256592 2608.842285
-5.561873 -471.893036 2681.594238
5.688974 -937.820190 2677.790039
1 1 1
108.603958 708.242432 2749.806152
100.795364 480.003845 2706.294922
263.364044 475.603394 2706.892334
339.167999 158.486633 2703.315186
263.939575 404.317322 2540.420654
-61.773312 484.404297 2705.697510
-137.234451 173.258728 2703.971436
-45.092010 414.054749 2548.838867
94.510353 241.769714 2661.791504
199.963608 0.511002 2617.698730
217.366730 -480.313110 2677.150635
188.768097 -939.859497 2604.212891
-23.512936 6.560135 2616.877441
-16.052307 -471.458740 2697.235352
0.990522 -936.620728 2677.775879
1 1 1
110.895241 709.737549 2756.043457
100.586899 482.374329 2709.203369
263.301422 477.161194 2707.952637
345.575226 161.734711 2704.171143
263.924072 404.514191 2540.597900
-62.127640 487.587494 2710.454102
-138.625702 173.134155 2702.991211
-42.634521 415.298645 2550.559326
92.610847 244.539307 2662.865723
196.226608 3.129013 2615.670410
217.107697 -477.057251 2679.309570
188.068054 -936.396362 2604.933105
-26.957016 10.279526 2617.385742
-17.752880 -467.584229 2698.901855
1.060417 -931.129883 2659.103027
1 1 1
111.160995 709.804382 2759.662109
100.310417 483.169373 2711.116699
263.039673 478.078186 2706.645264
344.269745 160.853912 2701.094238
263.518463 404.432861 2541.713623
-62.418827 488.260590 2715.588135
-138.330215 175.078186 2703.002930
-35.743500 422.778320 2558.264648
91.558899 245.710602 2662.992676
194.482101 4.757919 2611.800049
218.498856 -475.247253 2675.992432
192.582108 -935.225342 2604.411133
-28.867352 11.745712 2617.937256
-9.021446 -464.580566 2705.616943
1.284781 -927.325684 2654.003906
1 1 1
111.068436 709.523071 2760.962158
100.580421 482.426636 2711.454102
263.340912 477.834503 2705.628662
341.132507 159.426270 2702.544678
263.851410 404.660889 2539.488525
-62.180058 487.018738 2717.279541
-138.167404 176.539948 2702.502441
-36.480591 426.355408 2561.810059
92.144699 245.034149 2662.895508
195.410797 4.490128 2610.338867
221.442291 -473.991882 2683.919922
194.480606 -932.826172 2605.838379
-27.992863 10.793228 2618.334961
-9.092293 -467.384399 2695.379395
2.920819 -931.570679 2659.304199
1 1 1
111.247047 712.545593 2763.112793
99.642815 486.226593 2712.099365
262.452362 481.319275 2706.996338
340.069427 157.713593 2702.275879
264.715118 403.881744 2542.496826
-63.166725 491.133911 2717.202393
-138.080673 176.768433 2699.750488
-35.795967 421.067719 2553.948242
90.939301 249.057434 2662.491211
193.988586 8.519897 2609.380371
220.922150 -468.984039 2688.916260
193.196655 -926.728027 2604.945801
-29.517004 15.256653 2616.385742
-12.777508 -462.583160 2696.560547
1.002157 -926.013367 2650.639648
1 1 1
112.481178 713.055542 2764.185059
101.077126 488.097839 2713.007812
263.906311 482.213654 2711.260986
340.043579 159.362732 2697.635986
265.271729 403.572998 2539.853760
-61.752048 493.982056 2714.754639
-138.031876 176.379181 2698.869385
-36.499176 417.477478 2550.034912
91.972336 251.105896 2662.618652
194.669891 10.073700 2611.030029
223.222137 -467.192780 2691.704102
193.374939 -924.629639 2606.621826
-28.934803 18.154175 2613.428955
-8.057173 -458.958649 2697.080322
1.613962 -922.270020 2647.471436
1 1 1
111.181328 711.799744 2764.234863
101.424088 486.304077 2712.442139
264.288452 480.887878 2713.038574
339.019623 158.178375 2701.827637
265.514404 404.154724 2542.154053
-61.440281 491.720215 2711.845703
-138.017975 176.188599 2700.943115
-37.494385 415.903931 2547.487793
93.723450 249.219147 2662.262207
197.829239 8.416031 2612.491699
219.029068 -472.260620 2665.365479
199.832748 -933.983154 2629.577148
-25.783611 15.852432 2611.672852
-6.880882 -462.484314 2688.482910
6.123885 -927.119263 2660.729004
1 1 1
111.803566 710.132202 2753.247803
101.521942 483.446594 2706.885742
264.360321 477.714600 2709.682861
338.980469 157.071045 2701.911377
266.118042 403.832458 2543.109375
-61.316402 489.178589 2704.088623
-139.037079 177.114441 2703.973877
-37.652748 414.557281 2543.801514
93.938797 245.553070 2660.845215
198.146255 3.724472 2616.724854
212.511978 -478.105347 2664.558594
200.540634 -942.044312 2641.774170
-25.434948 11.594650 2612.884521
-11.018088 -467.200500 2687.956299
4.569646 -932.304932 2664.999268
1 1 1
112.621460 711.557617 2758.751221
102.264412 485.518311 2709.194336
264.961792 478.783539 2715.200195
339.512451 157.049316 2701.956055
266.168701 404.083496 2543.836914
-60.432980 492.253113 2703.188477
-135.497009 173.543518 2698.977783
-32.233955 414.072754 2544.352051
94.210487 248.041473 2661.075195
197.866486 5.940445 2617.079834
215.243698 -474.639282 2676.308838
195.382706 -934.737061 2618.875977
-25.553349 15.188797 2608.832275
-10.611933 -463.447754 2685.033936
2.959351 -928.831665 2663.028809
1 1 1
112.916435 709.911316 2760.508545
102.603134 483.335876 2708.965820
265.397339 477.050903 2712.653564
339.248108 157.019592 2707.476807
266.116791 404.234344 2544.191162
-60.191101 489.620850 2705.278076
-133.756317 171.277100 2697.490723
-34.282822 415.116211 2547.772949
94.557465 246.067352 2659.767090
198.270676 4.484177 2613.100098
219.109634 -475.489990 2677.267334
193.725647 -935.032532 2610.489990
-25.247093 13.113480 2608.036621
-8.887379 -465.302185 2685.425293
5.013603 -931.011963 2671.807617
1 1 1
113.631683 709.636108 2761.889648
103.220123 482.735992 2709.946289
265.957733 477.748505 2707.028809
338.111938 157.501587 2705.239990
266.031738 403.171295 2536.861816
-59.517498 487.723480 2712.863770
-135.889832 175.646179 2700.249023
-30.798592 422.140045 2552.136719
95.059753 245.581696 2660.179688
198.706451 5.000793 2608.408691
218.411926 -474.871582 2674.535156
192.308960 -934.373901 2603.749023
-24.907681 11.854004 2612.417480
-10.860419 -462.863129 2708.479736
4.312337 -924.856750 2659.450195
1 1 1
113.301193 711.862732 2762.585205
101.660103 485.274750 2711.319580
264.375122 480.224731 2705.546387
337.553925 158.247162 2704.628418
266.377808 403.580322 2536.100586
-61.054913 490.324768 2717.092773
-136.946884 179.323242 2696.133057
-29.211884 429.579224 2554.750732
92.526718 248.214111 2661.264160
195.066467 7.687592 2607.246582
213.123566 -471.930389 2676.022705
187.892883 -931.974365 2606.400391
-28.279789 14.619354 2615.170898
-14.291034 -461.218231 2706.438232
0.598417 -923.224121 2651.325684
1 1 1
113.722305 712.886353 2762.920166
100.939621 487.105042 2711.213379
263.714783 481.157928 2706.982910
337.778625 158.124237 2701.811523
266.555237 404.254425 2537.530762
-61.835541 493.052124 2715.443848
-137.971817 179.662262 2696.061523
-32.382561 422.600647 2545.332764
90.975899 250.108490 2661.003906
192.735168 9.030075 2607.890869
216.256134 -470.007935 2679.016357
188.767090 -929.516235 2605.869629
-30.710823 17.193832 2613.697998
-13.248487 -461.342346 2687.327881
3.073629 -925.294250 2663.049316
1 1 1
112.079185 710.986572 2765.092285
99.716064 485.795837 2712.455811
262.507996 480.427216 2707.185303
337.383698 159.560272 2698.903320
266.688354 403.461914 2533.338867
-63.075851 491.164459 2717.726318
-138.991241 179.832764 2697.035156
-29.726242 425.077057 2551.462646
90.241859 249.054733 2660.970215
192.513168 8.628433 2605.866699
220.956818 -469.901306 2678.653320
192.207611 -929.250244 2604.451660
-30.977850 15.998825 2613.102539
-9.456167 -462.836914 2685.043457
2.406149 -927.908691 2670.185547
1 1 1
111.299194 711.423096 2763.676270
99.529404 486.184204 2711.364014
262.308472 481.376343 2704.903076
337.191589 159.282288 2701.447266
266.606476 404.371887 2536.128662
-63.249664 490.992035 2717.824951
-138.495804 177.914978 2697.517578
-28.958214 419.200806 2550.077881
90.499512 249.379547 2660.078369
193.216232 9.274353 2604.357178
222.829422 -468.496033 2681.595947
193.284103 -926.963379 2602.323730
-30.276995 15.875458 2613.228271
-8.801668 -462.683777 2687.756592
3.502626 -927.577087 2662.322754
1 1 1
111.877312 711.976685 2763.464355
100.392868 486.941132 2710.782715
263.203217 482.184845 2704.818848
337.592773 158.642181 2700.725586
266.672729 404.635437 2537.564697
-62.417496 491.697418 2716.746582
-138.751373 177.958069 2695.749756
-28.310013 423.682587 2553.681396
91.606461 250.051147 2659.843018
194.589325 9.895966 2604.809082
221.720459 -468.596710 2678.449951
195.014679 -928.634033 2608.121582
-28.949217 16.426361 2612.997559
-10.623482 -460.730194 2696.598389
5.310393 -923.784546 2651.031006
1 1 1
111.537842 712.487610 2763.865479
100.370071 487.386353 2711.141846
263.178589 482.902191 2704.780518
338.791656 157.325409 2702.356934
267.364014 404.249573 2542.531494
-62.438446 491.870514 2717.503174
-138.380188 178.974365 2696.382568
-29.390259 426.707947 2554.631836
91.852188 250.503113 2660.120605
195.105988 10.541397 2604.732178
220.160706 -467.368408 2682.757568
194.674377 -926.437378 2605.837646
-28.437370 16.698349 2613.466553
-9.813965 -461.015259 2694.188965
5.538476 -924.961182 2654.621338
1 1 1
112.165024 712.978638 2764.066406
101.531113 487.326721 2711.386475
264.373444 482.674347 2706.109131
338.396515 157.662567 2701.181641
267.285004 403.260620 2538.561523
-61.311199 491.979126 2716.663818
-138.689697 179.486786 2695.189697
-27.793533 428.436157 2556.606934
93.104172 250.486115 2660.150391
196.476013 10.451416 2605.291260
219.200119 -468.268799 2678.926514
195.827621 -928.162842 2606.169678
-27.121555 16.839569 2612.537354
-11.902005 -462.604004 2682.448242
9.688466 -927.298828 2663.974121
1 1 1
113.449455 711.694702 2763.663818
102.246185 485.741699 2710.371338
265.112579 481.112213 2705.802734
337.696320 159.331329 2704.597168
267.057831 403.521973 2537.016357
-60.620209 490.371155 2714.939941
-137.847122 178.243103 2693.090088
-27.088371 429.785645 2559.861572
94.076447 248.892792 2659.130371
197.720474 8.865601 2604.752930
220.148422 -469.415222 2681.376953
195.707733 -928.188354 2602.211914
-25.907061 15.222198 2611.025879
-10.783702 -464.617615 2678.799316
7.141253 -929.996582 2669.123291
1 1 1
113.719681 712.612915 2761.475830
103.480347 486.397400 2709.456055
266.366638 481.735168 2708.664795
338.842194 159.159210 2710.312256
266.571564 404.533508 2538.114502
-59.405945 491.059631 2710.247314
-138.294754 169.392822 2693.177246
-29.084373 428.737061 2560.274902
96.450684 249.417648 2658.666992
201.278183 9.236267 2607.334473
224.358871 -469.289154 2682.308105
198.374084 -928.901428 2608.646729
-22.436142 15.639526 2608.421387
-8.482886 -464.414093 2675.248779
7.262910 -930.128296 2667.539795
1 1 1
120.751648 713.263123 2712.520508
115.871117 478.593140 2684.635498
296.744720 475.550049 2670.037842
335.867035 177.672852 2671.410645
338.816986 -118.216278 2541.016113
-65.002495 481.636200 2699.233154
-65.001663 165.853241 2699.233154
-65.007896 -149.929291 2699.233154
109.036026 239.780334 2649.728027
213.268829 -0.901093 2605.856689
213.614639 -483.543518 2615.449219
202.842148 -946.414795 2622.132080
-8.866949 2.836182 2623.784424
3.806096 -477.842194 2666.883789
17.015900 -937.983582 2613.748291
0 0 0
122.447289 714.941772 2716.695801
116.931473 480.744324 2686.360352
297.848877 477.774292 2672.148438
336.415649 173.612366 2671.141846
341.793701 -121.580475 2539.257568
-63.985943 483.714355 2700.572266
-63.985115 167.931396 2700.572266
-63.991344 -147.851135 2700.572266
110.136612 242.180161 2649.717041
214.422333 1.792435 2604.347900
214.996552 -480.878845 2617.083984
207.295776 -944.496216 2620.382324
-7.738826 5.439529 2621.799561
6.470823 -475.890808 2656.553711
18.337509 -936.819702 2605.685547
0 0 0
121.981064 714.581482 2719.288818
117.018906 481.099609 2687.522705
297.959930 478.251465 2673.508789
335.973297 175.384094 2672.597168
340.281403 -118.605103 2538.018555
-63.922100 483.947754 2701.536621
-63.921272 168.164795 2701.536621
-63.927502 -147.617737 2701.536621
110.360474 242.656387 2650.012207
214.800568 2.464401 2603.897217
221.865402 -478.625977 2638.278564
200.097443 -938.529663 2600.363037
-7.396487 5.961929 2621.106201
3.012145 -475.381775 2657.874023
17.912476 -937.051514 2613.012207
0 0 0
123.438179 717.584106 2721.078369
117.677704 484.360168 2688.941162
298.511230 480.986511 2673.726807
335.781372 175.823242 2672.438721
340.397034 -118.595795 2538.783447
-63.155842 487.733826 2704.155518
-63.155014 171.950867 2704.155518
-63.161243 -143.831665 2704.155518
110.068802 245.950363 2651.369141
213.497116 5.469040 2604.455078
215.108292 -476.541870 2623.569580
202.003235 -938.234619 2618.926025
-8.577305 9.612076 2623.139160
-1.197474 -470.736816 2670.903809
17.366077 -927.279724 2595.124512
0 0 0
124.479408 718.124512 2721.974365
118.195885 484.895630 2688.974121
299.041992 481.922791 2673.783203
335.497711 178.813751 2670.808105
339.057800 -116.826263 2539.861328
-62.650230 487.868530 2704.165039
-62.649403 172.085571 2704.165039
-62.655632 -143.696960 2704.165039
111.054573 246.597900 2650.592285
214.955124 6.474777 2602.883057
216.297577 -476.010010 2613.146240
206.738922 -938.859436 2619.727783
-7.128593 10.125534 2621.537842
0.034549 -470.654053 2665.673584
23.154408 -928.014038 2592.561768
0 0 0
124.017990 716.891663 2722.423096
118.216141 484.223083 2688.977295
299.097961 481.550293 2674.140137
335.581512 179.955048 2672.229004
336.632751 -115.151398 2540.042725
-62.665665 486.895874 2703.814453
-62.664837 171.112915 2703.814453
-62.671066 -144.669617 2703.814453
111.512718 245.978867 2650.172363
215.874252 6.093521 2602.257080
215.425674 -476.470093 2616.098877
207.501663 -940.042847 2622.725830
-6.255644 9.375809 2620.477783
-0.294777 -470.964966 2669.581299
22.171104 -927.140747 2587.853760
0 0 0
122.538574 711.298340 2712.646240
118.108284 478.035217 2683.885742
299.086365 475.268341 2670.335205
335.561768 179.406525 2671.776123
339.466492 -115.543823 2539.296875
-62.869804 480.802094 2697.436279
-62.868977 165.019135 2697.436279
-62.875206 -150.763397 2697.436279
111.818253 239.253662 2648.633301
216.655258 -1.226852 2605.060303
214.747726 -483.982544 2612.738037
206.010056 -947.607544 2627.958008
-5.598815 2.171066 2621.701416
4.413806 -477.742981 2674.299561
20.329468 -933.640991 2588.778320
0 0 0
123.072021 714.028809 2717.258057
118.236488 480.515320 2686.126953
299.211578 477.200348 2672.630371
337.351410 174.769257 2670.442627
339.071655 -118.803162 2534.920898
-62.738609 483.830322 2699.623535
-62.737782 168.047363 2699.623535
-62.744011 -147.735168 2699.623535
111.116608 241.996613 2649.240234
215.118622 1.442429 2604.066406
210.446457 -481.386597 2607.155273
208.546967 -945.102356 2626.099121
-7.125159 5.513351 2620.640625
1.525807 -474.875793 2669.124512
18.398487 -932.277710 2591.931152
0 0 0
123.278259 713.700195 2719.563965
117.901871 479.841095 2686.899658
298.815033 476.653503 2672.568115
336.389557 175.797913 2671.381104
337.467072 -117.870148 2536.017334
-63.011276 483.028687 2701.231201
-63.010448 167.245728 2701.231201
-63.016678 -148.536804 2701.231201
110.682884 241.511703 2648.779785
214.549118 1.225037 2601.860107
211.858292 -481.492645 2612.664795
211.409348 -945.534302 2624.166016
-7.621306 5.139587 2619.459717
2.935587 -473.770874 2679.604004
18.910883 -928.869690 2590.008545
0 0 0
123.316109 712.673462 2720.719482
117.743362 479.449188 2687.424561
298.690308 476.498291 2673.455811
335.610596 173.869995 2670.326904
339.112000 -119.037994 2533.376953
-63.203568 482.400085 2701.393311
-63.202740 166.617126 2701.393311
-63.208969 -149.165405 2701.393311
110.859856 241.220795 2648.582520
215.081421 1.180496 2601.163574
214.061310 -481.574829 2612.944336
206.483566 -945.626953 2623.284180
-7.128714 4.804306 2618.317383
3.489779 -475.013184 2670.984131
20.654152 -931.542358 2588.799805
0 0 0
122.797592 711.872986 2721.787842
117.678246 478.584595 2687.798828
298.572723 476.338562 2673.063232
335.610809 174.438965 2671.836182
338.238007 -117.685730 2533.191895
-63.216209 480.830597 2702.534424
-63.215382 165.047638 2702.534424
-63.221611 -150.734894 2702.534424
111.526855 240.393524 2648.589355
216.450256 0.823349 2600.331787
215.378113 -482.011597 2609.561523
208.150421 -945.951904 2625.576416
-5.699341 3.581589 2618.427979
4.914198 -477.016907 2663.559814
20.828211 -937.029541 2610.107666
0 0 0
123.139816 708.984009 2711.828857
119.028343 475.025208 2682.779297
300.076050 472.498352 2670.291748
336.182617 173.374542 2670.989746
339.651459 -115.743896 2526.336670
-62.019382 477.552094 2695.266846
-62.018555 161.769135 2695.266846
-62.024784 -154.013397 2695.266846
113.219681 236.327240 2646.864502
218.586227 -3.922409 2603.281494
219.361191 -485.649170 2631.619141
202.725449 -946.567383 2603.199463
-3.764208 -0.819077 2618.617920
7.819241 -479.601257 2678.594238
21.036453 -935.330811 2597.692139
0 0 0
123.371384 712.595581 2716.849854
119.141251 479.217896 2685.560059
300.203003 476.427124 2673.217773
336.698120 169.593292 2670.575195
337.674377 -113.259613 2514.470703
-61.920490 482.008636 2697.902344
-61.919662 166.225677 2697.902344
-61.925892 -149.556854 2697.902344
112.907669 240.772324 2648.028320
217.845673 0.613251 2602.918457
220.279617 -480.245880 2643.749512
194.876007 -935.922974 2575.700684
-4.497494 4.040283 2618.074707
7.230035 -475.796570 2669.595947
18.916111 -932.358032 2589.322754
0 0 0
122.997086 711.401428 2719.360107
117.904533 478.074829 2686.609863
298.956116 475.373047 2674.041748
337.899933 176.006866 2676.167236
330.365601 -99.769653 2508.503662
-63.147045 480.776611 2699.177979
-63.146217 164.993652 2699.177979
-63.152447 -150.788879 2699.177979
111.642395 239.861130 2647.608398
216.547974 -0.011490 2600.889893
219.577423 -480.238403 2649.713867
193.080017 -935.415283 2570.515625
-5.787449 3.306351 2616.323975
4.977114 -476.868042 2665.877197
17.295858 -936.552124 2607.733887
0 0 0
123.081055 710.930115 2710.611816
117.841591 476.437775 2682.726562
298.886505 473.490845 2670.088867
340.450165 165.003937 2678.579590
318.704742 -96.380524 2481.330322
-63.203346 479.384705 2695.364258
-63.202518 163.601746 2695.364258
-63.208748 -152.180786 2695.364258
111.466614 237.721024 2647.064453
216.256485 -2.805191 2603.642578
216.828873 -484.397827 2628.087891
198.326920 -943.610107 2603.868408
-6.073212 0.813736 2619.162109
7.937310 -479.980469 2661.223145
17.339415 -941.829346 2623.434570
0 0 0
122.032387 708.712646 2706.234131
117.260109 473.757751 2680.904297
298.302490 470.679962 2668.245361
339.225128 162.002167 2683.284668
310.278717 -79.578781 2459.868408
-63.782276 476.835510 2693.563232
-63.781448 161.052551 2693.563232
-63.787678 -154.729980 2693.563232
110.840515 234.750137 2647.203613
215.584763 -6.147278 2605.729980
216.425507 -488.262054 2626.791016
198.798492 -949.909363 2614.002441
-6.742939 -2.367645 2621.275879
4.932109 -482.986694 2666.485840
19.065531 -942.382874 2607.274658
0 0 0
122.250809 710.773010 2705.045898
116.438263 475.605164 2680.747070
297.395966 472.831909 2666.910889
337.114746 160.004730 2690.135254
299.610535 -40.768448 2436.602539
-64.519424 478.378448 2694.583252
-64.518593 162.595490 2694.583252
-64.524826 -153.187042 2694.583252
110.269089 236.448975 2647.998047
215.214554 -4.410110 2606.753174
221.887344 -485.172913 2645.837158
197.454559 -942.214600 2589.491211
-7.014736 -1.004349 2623.744873
4.521914 -481.686768 2668.743652
21.901093 -940.178345 2600.917480
0 0 0
121.106575 708.336731 2704.954102
117.022278 473.708374 2680.589600
297.857941 471.704834 2665.192383
336.552399 160.501404 2696.062256
282.082794 15.064529 2417.282227
-63.813374 475.711914 2695.986816
-63.812546 159.928955 2695.986816
-63.818775 -155.853577 2695.986816
111.519501 234.638046 2647.069336
217.058044 -5.662537 2604.094482
219.189545 -487.476959 2628.295410
203.009216 -948.143066 2602.681641
-5.024595 -3.202026 2623.003662
7.100070 -483.742706 2669.520264
23.602270 -940.496033 2589.857666
0 0 0
120.672691 709.555725 2703.908691
116.612900 474.452362 2680.700439
297.547272 472.580322 2666.472412
330.772430 162.749451 2698.034180
264.933197 88.165764 2404.644287
-64.321472 476.324402 2694.928467
-64.320641 160.541443 2694.928467
-64.326874 -155.241089 2694.928467
111.560486 235.266556 2647.920410
217.605331 -5.068710 2606.404053
215.303345 -487.214966 2628.771729
200.335587 -949.498047 2607.866943
-4.589184 -2.769791 2623.876709
8.139825 -483.241760 2671.047363
22.098440 -940.742981 2594.026611
0 0 0
120.694405 709.290955 2703.386719
116.966263 474.106659 2680.107422
297.804993 472.462555 2664.679443
327.385742 169.375610 2693.512207
248.107620 158.966766 2403.601074
-63.872448 475.750763 2695.535400
-63.871620 159.967804 2695.535400
-63.877850 -155.814728 2695.535400
112.000725 234.906830 2647.394287
218.074371 -5.302521 2605.208008
218.911743 -486.628784 2640.630127
198.081467 -945.604675 2587.432861
-4.004002 -3.283478 2624.154297
8.408741 -483.031494 2677.914062
22.261065 -938.671204 2590.538330
0 0 0
119.647881 708.097168 2704.125244
116.258942 474.241577 2680.027100
296.863647 472.846863 2662.168701
348.692841 165.687775 2677.254150
234.861786 244.009491 2433.315918
-64.345749 475.636292 2697.885498
-64.344917 159.853333 2697.885498
-64.351151 -155.929199 2697.885498
111.178543 235.040527 2647.329102
217.001419 -5.016968 2603.664795
217.643784 -485.828674 2646.707275
193.472092 -942.383423 2573.577881
-4.805122 -3.304077 2625.597412
6.014128 -483.515747 2675.489502
20.576740 -939.404541 2588.906982
1 1 1
121.881607 707.393921 2706.489746
117.791237 473.727203 2679.247314
297.463623 473.457581 2654.524414
361.324280 168.828552 2662.623047
221.786362 320.335022 2475.898926
-61.881126 473.996826 2703.970215
-61.880299 158.213867 2703.970215
-61.886528 -157.568665 2703.970215
112.780991 234.680420 2645.442383
218.170288 -4.532043 2596.446533
219.276001 -485.789429 2635.374268
196.808014 -944.110596 2569.048096
-2.628808 -4.200684 2626.828369
9.909193 -484.654541 2674.025146
24.365086 -941.057617 2589.881836
1 1 1
122.274986 709.959534 2704.181641
118.395676 476.037292 2678.284180
297.163879 476.056396 2647.820801
371.313324 162.555542 2636.750244
221.999878 373.104065 2522.589111
-60.372509 476.018188 2708.747559
-60.371681 160.235229 2708.747559
-60.377911 -155.547302 2708.747559
112.968750 236.756546 2646.287109
217.322235 -2.512482 2595.582764
215.049362 -484.288025 2627.426514
203.788300 -945.572876 2599.925537
-2.238589 -2.535950 2632.997314
2.077712 -483.484009 2675.637451
23.061148 -940.438354 2596.194580
1 1 1
122.000778 710.067444 2704.056641
116.350662 476.403900 2678.777100
293.860474 475.557556 2641.871826
372.487274 177.300720 2608.365479
218.607956 419.025269 2545.385254
-61.159168 477.250244 2715.682373
-61.158340 161.467285 2715.682373
-61.164570 -154.315247 2715.682373
108.760559 237.060547 2647.758301
210.188522 -2.802582 2594.073975
209.534988 -484.752747 2624.200195
197.498184 -947.443115 2605.309814
-7.847615 -1.763031 2639.405029
-2.892206 -482.517059 2684.615479
16.271858 -936.762573 2591.348145
1 1 1
121.091827 709.024902 2703.463623
114.096268 474.944336 2679.347656
291.314514 473.401489 2640.655762
369.747314 189.149902 2578.185059
223.647934 447.526855 2553.747559
-63.121964 476.487183 2718.039551
-63.121136 160.704224 2718.039551
-63.127365 -155.078308 2718.039551
105.353790 235.568451 2648.850098
205.372711 -4.754318 2594.606934
207.629791 -487.065125 2617.636230
205.406097 -950.393433 2617.311523
-12.150087 -2.860550 2642.098145
0.219169 -484.515869 2664.558838
15.536640 -943.757690 2616.687256
1 1 1
121.584114 707.953186 2703.672852
113.199059 474.586548 2679.467285
289.612518 472.631378 2637.195068
363.874329 204.571289 2550.104492
222.994324 471.419952 2547.371582
-63.214394 476.541687 2721.739502
-63.213566 160.758728 2721.739502
-63.219795 -155.023804 2721.739502
103.244858 235.252045 2648.995361
201.601868 -5.282837 2592.569824
216.364670 -484.923615 2639.466309
196.198227 -941.144836 2583.404785
-15.020537 -2.882050 2644.477051
3.344672 -484.161530 2674.352539
16.385639 -940.578064 2600.934326
1 1 1
120.934929 711.887451 2712.876709
107.569809 480.186890 2685.643799
281.156342 476.992035 2633.815674
361.882904 221.207031 2531.174805
213.017487 489.077911 2528.507324
-66.016724 483.381775 2737.471924
-66.015892 167.598816 2737.471924
-66.022125 -148.183716 2737.471924
93.430588 241.391663 2653.007812
186.013885 0.632187 2588.507568
207.062714 -477.567688 2648.031982
179.984894 -930.967773 2566.433350
-27.431160 4.560654 2652.236084
-9.284626 -477.020447 2680.587646
8.605246 -934.021240 2605.951416
1 1 1
118.996025 707.728882 2707.863281
105.021156 476.241058 2684.863281
279.527557 471.340515 2635.883057
360.413422 241.592636 2503.068848
202.857666 504.063843 2494.427490
-69.485222 481.141602 2733.843506
-69.484390 165.358643 2733.843506
-69.490623 -150.423889 2733.843506
89.930923 237.130249 2655.023438
181.915466 -4.987473 2595.129883
222.790436 -479.373047 2669.976074
190.286530 -929.724365 2569.728027
-32.234100 1.026352 2655.237305
-4.357174 -480.318481 2679.065430
18.356503 -937.388184 2603.273438
1 1 1
117.043427 705.511902 2704.858887
102.394440 473.298157 2684.405273
277.148132 467.730835 2636.028809
357.205902 258.793182 2482.029297
200.604645 522.561584 2446.863770
-72.359268 478.865417 2732.781738
-72.358437 163.082458 2732.781738
-72.364670 -152.700073 2732.781738
86.864716 234.041733 2655.840332
178.581757 -8.631332 2597.586670
215.359406 -486.663574 2641.523682
197.587204 -943.954285 2597.231201
-35.911766 -1.798019 2656.964111
1.801907 -482.759521 2671.861572
18.021605 -940.539978 2597.406982
1 1 1
118.125488 707.735596 2704.859375
104.061028 475.121063 2685.744873
279.031494 469.632812 2637.962646
356.100464 277.897278 2463.516846
197.148727 527.049194 2387.110352
-70.909447 480.609314 2733.527100
-70.908615 164.826355 2733.527100
-70.914848 -150.956177 2733.527100
88.869667 235.780304 2657.607422
181.085526 -6.929489 2600.138428
219.808273 -485.601868 2643.658936
202.772263 -943.287231 2584.257324
-33.728920 -0.191422 2658.801514
7.546715 -481.046265 2671.800781
22.921669 -938.766357 2595.872559
1 1 1
118.706406 705.876099 2704.364502
105.095909 473.214661 2686.664795
280.538696 467.719727 2640.580566
349.547485 298.946106 2443.762695
202.309662 534.898071 2327.073486
-70.346886 478.709595 2732.749023
-70.346054 162.926636 2732.749023
-70.352287 -152.855896 2732.749023
90.346786 233.778168 2659.064453
183.313782 -9.032043 2603.169922
224.128021 -486.133636 2661.268311
198.582764 -938.198120 2569.957275
-32.118454 -2.284637 2659.758301
9.569508 -482.729309 2682.434570
22.234652 -937.460632 2590.887939
1 1 1
118.641060 705.932800 2713.616943
106.048401 473.661133 2691.270020
281.505920 469.392273 2645.061279
343.768524 324.973022 2424.876221
203.016342 538.274292 2267.136719
-69.409119 477.929962 2737.478760
-69.408287 162.147003 2737.478760
-69.414520 -153.635529 2737.478760
92.095810 234.599899 2660.375977
185.870865 -7.082306 2601.110596
223.260376 -484.746185 2659.307617
198.981674 -936.703491 2561.315186
-29.584433 -1.840332 2657.853271
11.421953 -482.686981 2666.647705
24.216885 -940.445923 2592.752441
1 1 1
118.313850 704.282837 2718.246094
106.403671 472.084503 2693.709229
282.070251 468.531982 2648.209473
335.886200 349.989777 2407.442383
211.174957 539.305908 2211.810059
-69.262924 475.637024 2739.208984
-69.262093 159.854065 2739.208984
-69.268326 -155.928467 2739.208984
93.051918 233.252075 2660.808105
187.559326 -7.761612 2599.970215
221.216583 -486.575745 2651.379395
197.514771 -941.854980 2567.724121
-28.158978 -3.399094 2655.843750
9.516338 -484.350525 2673.063721
22.314529 -939.978638 2586.539795
1 1 1
119.469971 706.204712 2720.557617
107.565887 473.432983 2695.210938
283.036072 470.784546 2648.888916
319.936462 393.496277 2394.218506
215.913605 534.203613 2160.688965
-67.904297 476.081390 2741.532959
-67.903465 160.298431 2741.532959
-67.909698 -155.484100 2741.532959
94.989639 234.703033 2661.220703
190.155014 -5.653076 2598.788086
217.303299 -486.200287 2632.105469
205.521530 -946.006470 2593.800293
-25.328224 -2.400726 2655.672852
12.214954 -482.885773 2683.220947
23.049513 -936.223877 2584.886719
1 1 1
122.135544 707.552124 2722.714355
110.530525 475.229126 2695.850098
285.717651 473.010376 2648.440674
305.963501 436.747040 2379.107666
225.240997 523.286194 2117.284180
-64.656578 477.447876 2743.259521
-64.655746 161.664917 2743.259521
-64.661980 -154.117615 2743.259521
98.044754 236.630463 2660.878906
193.127335 -3.330551 2596.797363
216.066849 -484.683228 2623.763428
210.945969 -946.761353 2607.411865
-22.009377 -0.605850 2655.018066
8.741421 -481.536011 2684.252197
23.966091 -935.130493 2586.894287
1 1 1
123.352203 705.759888 2722.785645
111.914490 474.170166 2695.827637
286.493195 472.404785 2646.242920
300.484131 465.876495 2375.050049
240.189941 512.976318 2091.417725
-62.664234 475.935547 2745.412354
-62.663406 160.152588 2745.412354
-62.669636 -155.629944 2745.412354
99.706146 235.482178 2661.342285
194.699310 -4.289856 2596.408936
214.289825 -486.131989 2619.174561
210.754730 -949.341614 2614.100342
-19.703709 -2.121765 2657.304932
8.915335 -483.189117 2687.677490
24.013020 -936.569458 2588.821533
1 1 1
121.421082 700.022278 2722.821533
111.006966 469.372162 2694.245850
285.209625 467.913879 2643.331299
300.739349 485.437408 2369.022705
246.591324 507.080688 2076.149658
-63.195671 470.830444 2745.160400
-63.194843 155.047485 2745.160400
-63.201073 -160.735046 2745.160400
98.800888 230.746124 2659.317871
193.557098 -8.775314 2593.127686
211.815872 -490.620605 2618.545166
206.572845 -954.381042 2613.683594
-20.367487 -6.984512 2655.652100
1.948250 -488.777161 2677.400635
23.464737 -944.128479 2590.121826
1 1 1
120.403137 701.260193 2723.337158
109.495377 470.555481 2694.872314
283.199921 469.533325 2642.277832
298.869385 494.720337 2370.507324
251.284485 507.524445 2073.166504
-64.209183 471.577667 2747.466797
-64.208351 155.794708 2747.466797
-64.214584 -159.987823 2747.466797
97.571335 231.886856 2660.129150
192.307022 -7.409424 2593.091309
218.693970 -487.548889 2633.916992
199.095200 -947.990479 2594.267578
-21.012432 -6.154144 2657.680664
4.353838 -487.747742 2681.822021
22.628983 -943.324707 2594.385742
1 1 1
118.907188 698.712341 2715.100586
108.868469 466.870178 2691.034180
282.846039 465.413818 2639.341797
301.923859 488.353271 2372.750977
254.215027 509.731506 2076.428223
-65.109116 468.326538 2742.726562
-65.108284 152.543579 2742.726562
-65.114517 -163.238953 2742.726562
97.578583 227.715347 2659.774414
193.112091 -12.333710 2596.775146
219.840088 -491.674225 2646.841553
199.706238 -949.629700 2582.928467
-20.534702 -10.545258 2660.254150
2.617702 -492.438232 2681.049561
25.925421 -947.274414 2590.831299
1 1 1
117.643036 696.515442 2708.481445
108.448929 464.376038 2688.529541
282.490540 462.746521 2637.039062
303.959045 484.675201 2372.872314
253.817490 513.607422 2081.117676
-65.592697 466.005554 2740.020020
-65.591866 150.222595 2740.020020
-65.598099 -165.559937 2740.020020
97.872284 224.812469 2660.361084
194.158325 -15.751633 2600.577148
223.356308 -493.820801 2660.657471
195.700363 -946.490723 2568.983643
-19.567045 -13.750565 2663.808105
7.555861 -495.652161 2677.671631
25.705568 -952.393433 2596.751709
1 1 1
116.452057 700.256287 2715.174316
106.175056 467.494995 2691.466553
280.184357 466.219971 2639.848145
308.478088 479.336792 2375.937988
250.472275 516.645264 2087.097656
-67.834251 468.770020 2743.084961
-67.833420 152.987061 2743.084961
-67.839653 -162.795471 2743.084961
95.290695 228.264130 2660.683838
191.250885 -11.749603 2598.206543
219.118042 -491.318756 2644.982422
191.459381 -946.944824 2565.263672
-22.438219 -10.183838 2661.595703
2.526625 -492.159088 2678.027100
21.106543 -945.937988 2582.663330
1 1 1
114.592812 699.727844 2708.527832
105.201965 466.452576 2688.902588
280.168640 464.733917 2640.774170
320.218811 454.152893 2379.973877
249.300598 522.005737 2099.312744
-69.764709 468.171204 2737.031006
-69.763878 152.388245 2737.031006
-69.770111 -163.394287 2737.031006
94.916580 226.945816 2660.063477
192.085754 -13.616425 2601.666504
222.706146 -492.414032 2655.177490
194.678986 -947.260193 2568.755615
-22.823368 -11.505432 2660.782227
3.774509 -493.418304 2677.292480
22.965117 -947.948608 2584.941406
1 1 1
115.530197 702.264099 2705.193115
106.077240 468.878052 2687.820312
281.076599 467.185760 2639.737793
331.607605 422.076813 2384.481934
242.503113 526.942871 2122.123291
-68.922104 470.570374 2735.902832
-68.921272 154.787415 2735.902832
-68.927505 -160.995117 2735.902832
96.300636 229.146301 2660.675293
193.966751 -11.624466 2604.009521
226.209869 -490.601929 2655.833740
193.410583 -944.458374 2564.782227
-20.918676 -9.546463 2663.051025
4.504492 -491.352783 2683.851807
26.571413 -945.556335 2590.167969
1 1 1
115.354614 700.037354 2703.528809
105.502991 466.532806 2685.993164
281.105652 464.451233 2640.203857
340.308228 391.040710 2394.742188
240.824036 531.208557 2154.143311
-70.099670 468.614380 2731.782471
-70.098839 152.831421 2731.782471
-70.105072 -162.951111 2731.782471
95.446152 226.864258 2658.320312
193.217514 -14.082474 2602.530762
220.890427 -493.838196 2649.688477
190.202606 -948.000549 2558.619141
-22.438885 -11.526108 2658.764160
-0.243477 -493.699768 2672.581787
22.857962 -949.732056 2588.876221
1 1 1
114.178253 698.017151 2703.698486
104.468613 465.186279 2684.956787
280.324432 463.416382 2640.096191
346.153076 360.021606 2410.378174
232.808014 536.604187 2196.698486
-71.387192 466.956177 2729.817383
-71.386360 151.173218 2729.817383
-71.392593 -164.609314 2729.817383
94.948502 225.513428 2657.093262
193.402344 -15.246140 2601.685547
220.417450 -495.909485 2637.982666
197.150970 -954.934692 2585.170898
-22.545565 -13.072708 2656.773926
0.812693 -494.962952 2676.967773
23.221474 -949.682922 2586.113770
1 1 1
112.403191 700.931946 2702.784912
103.736259 468.247620 2683.696777
279.973572 466.621521 2640.349121
350.077759 330.511292 2428.695312
219.331192 534.004639 2249.541504
-72.501045 469.873718 2727.044434
-72.500214 154.090759 2727.044434
-72.506447 -161.691772 2727.044434
94.598007 228.592545 2655.533691
193.673264 -12.061005 2600.754150
217.284653 -493.025024 2636.426514
195.604385 -952.238525 2577.613525
-22.753773 -10.064087 2653.987061
6.253767 -491.701965 2673.015869
21.776215 -947.887573 2588.424072
1 1 1
111.397850 702.673218 2702.331299
103.893311 470.022797 2682.963379
280.529388 469.049561 2641.257812
351.539459 304.756775 2449.356201
207.161789 533.024170 2315.091553
-72.742752 470.996033 2724.668945
-72.741920 155.213074 2724.668945
-72.748154 -160.569458 2724.668945
95.812775 230.386307 2654.331787
196.192276 -9.847794 2600.091797
219.883728 -490.245178 2642.675049
195.427338 -946.647583 2565.392822
-20.727798 -8.652573 2651.308594
7.681505 -490.005737 2677.040039
22.761053 -944.067871 2581.848145
1 1 1
110.678986 706.676636 2702.081055
104.713638 474.184204 2680.822510
280.632477 475.004700 2636.283691
348.764069 273.880707 2477.661133
205.728577 526.212891 2374.112305
-71.205200 473.363770 2725.361328
-71.204369 157.580811 2725.361328
-71.210602 -158.201721 2725.361328
98.456970 234.558044 2651.695557
200.233276 -4.564285 2595.217041
224.376617 -484.254028 2644.896729
195.837646 -938.388977 2555.249756
-15.832674 -5.571976 2649.920166
9.970131 -487.065491 2676.415283
26.221493 -942.069885 2585.621826
1 1 1
109.783157 706.753052 2702.966309
103.502151 476.292236 2679.339844
277.762909 477.999939 2629.016602
350.870636 248.432632 2500.829102
208.843475 514.461121 2432.507568
-70.758621 474.584534 2729.663086
-70.757790 158.801575 2729.663086
-70.764023 -156.980957 2729.663086
97.250671 236.741882 2649.562988
198.047867 -1.759430 2588.872559
219.313431 -480.813446 2645.453613
189.575165 -934.736267 2553.607910
-16.049475 -3.857513 2650.699707
3.098028 -485.526733 2679.127441
21.537567 -940.260742 2587.114990
1 1 1
109.296356 705.054565 2692.918213
102.057144 474.971130 2673.775879
274.095917 476.556000 2616.572998
352.010559 224.267914 2519.916260
211.133301 495.683472 2483.016846
-69.981644 473.386230 2730.978760
-69.980812 157.603271 2730.978760
-69.987045 -158.179260 2730.978760
95.632492 235.010666 2647.805176
194.892426 -3.976181 2586.694336
212.994431 -484.730042 2623.162598
195.996735 -943.275269 2593.916504
-16.476736 -5.923386 2656.974609
5.989195 -487.699158 2680.894775
20.241039 -944.181763 2597.546143
1 1 1
110.107391 707.423767 2697.844971
99.799004 475.232330 2675.743896
272.575073 472.871094 2620.684082
354.734375 198.273529 2548.063965
215.807693 476.054016 2522.234375
-72.977074 477.593567 2730.803711
-72.976242 161.810608 2730.803711
-72.982475 -153.971924 2730.803711
87.671341 235.755280 2647.957520
181.605545 -5.171265 2586.371582
199.183884 -486.623596 2615.694336
188.400253 -947.861938 2611.089355
-30.518200 -2.272278 2653.970703
-7.965542 -484.243408 2673.916016
7.093346 -939.813110 2585.630859
1 1 1
108.603195 708.937500 2690.336426
97.953842 474.683411 2673.590332
271.904205 469.735046 2622.496338
351.754486 179.213257 2574.520264
213.141663 457.659821 2535.680908
-75.996521 479.631775 2724.684326
-75.995689 163.848816 2724.684326
-76.001923 -151.933716 2724.684326
84.045319 234.895752 2649.461670
176.938400 -7.930115 2593.962402
208.494263 -488.512268 2624.866699
198.965240 -951.264343 2619.267822
-36.664822 -1.853729 2656.703613
0.605637 -482.292786 2683.978760
14.477832 -937.375610 2592.835205
1 1 1
108.727272 707.822205 2686.599365
99.519173 472.943237 2671.031494
273.806671 467.786530 2620.867432
352.874695 177.604034 2596.759521
207.782501 443.738373 2532.102783
-74.768318 478.099915 2721.195557
-74.767487 162.316956 2721.195557
-74.773720 -153.465576 2721.195557
85.764999 233.009048 2647.909180
178.986496 -10.090240 2593.996826
220.780487 -488.693939 2638.489258
199.976990 -945.653198 2583.072266
-34.964840 -3.760010 2655.576904
7.075378 -484.298920 2672.656738
23.125242 -941.782104 2596.142578
1 1 1
108.877319 707.870544 2684.340088
103.037117 472.652649 2669.592529
279.591339 469.422363 2628.956055
349.931549 172.268646 2615.489258
201.967682 423.008301 2526.556641
-73.517113 475.882935 2710.229004
-73.516281 160.099976 2710.229004
-73.522514 -155.682556 2710.229004
93.346420 232.522797 2646.577637
192.206329 -9.593109 2598.578369
227.562668 -489.722565 2631.123291
214.879364 -950.383179 2604.120850
-24.894884 -5.620972 2648.547119
15.359541 -486.285858 2669.461182
31.775949 -943.455872 2590.415283
1 1 1
109.545532 707.343018 2684.133301
105.440926 471.394897 2669.687988
283.355164 468.875824 2635.193604
354.695251 163.696716 2635.373535
198.769012 390.825684 2502.251465
-72.473320 473.913971 2704.182373
-72.472488 158.131012 2704.182373
-72.478722 -157.651520 2704.182373
97.516815 231.209488 2646.357422
198.809052 -10.522308 2601.851807
223.788437 -490.746216 2642.276123
204.449921 -948.627869 2584.444824
-19.623627 -7.429535 2644.201904
6.974026 -488.637970 2670.469482
26.685259 -945.270935 2588.810303
1 1 1
109.115250 707.861572 2683.024414
106.321281 471.128021 2669.625000
285.443512 468.753784 2642.101318
356.844971 167.342041 2652.704834
202.641388 348.138062 2484.201416
-72.800972 473.502258 2697.148682
-72.800140 157.719299 2697.148682
-72.806374 -158.063232 2697.148682
99.562355 230.885864 2646.361816
202.791824 -10.814178 2606.197998
222.300049 -491.509674 2645.989502
199.313065 -948.478210 2575.364014
-17.184965 -7.898407 2639.999268
5.984760 -489.285675 2668.597900
24.580795 -946.556030 2590.119873
1 1 1
110.266533 708.859070 2682.960205
108.513824 471.758850 2669.797607
288.391907 469.637878 2647.169922
349.423584 181.169250 2671.863281
211.126053 296.530243 2455.922363
-71.364258 473.879761 2692.425293
-71.363426 158.096802 2692.425293
-71.369659 -157.685730 2692.425293
102.737823 231.495895 2646.401855
207.369995 -10.068863 2609.117432
220.645874 -491.838745 2633.014893
201.175537 -952.339478 2593.411621
-13.446347 -7.465225 2636.894775
2.958987 -488.282410 2676.303711
27.096100 -942.557373 2584.336670
1 1 1
111.387497 709.668518 2682.418213
109.268356 472.195618 2670.247314
289.505676 470.277405 2649.871338
334.710114 191.583099 2691.936523
225.118439 232.751450 2438.365479
-70.968964 474.113892 2690.623291
-70.968132 158.330933 2690.623291
-70.974365 -157.451599 2690.623291
104.086670 231.896088 2647.034424
209.521835 -9.580734 2611.316162
220.711075 -490.937744 2644.840088
197.357803 -948.234375 2578.366943
-11.711868 -7.226181 2636.326904
4.135077 -487.786133 2680.156006
23.169506 -942.752319 2589.909424
1 1 1
111.785324 710.872742 2682.146729
110.314804 473.386047 2670.517578
290.717926 471.930237 2651.104248
328.850983 185.294067 2701.476318
237.889679 166.868454 2428.105713
-70.088303 474.841888 2689.930908
-70.087471 159.058929 2689.930908
-70.093704 -156.723602 2689.930908
105.870903 233.075470 2647.242432
212.165512 -8.128769 2612.050781
225.676422 -488.281921 2658.851074
195.160629 -940.166626 2564.587402
-9.311492 -6.341476 2635.883789
4.528164 -486.652710 2683.547363
23.691864 -940.387329 2587.131348
0 0 0
111.085632 706.781433 2673.008545
110.104370 469.008118 2667.165039
290.650269 467.326050 2648.878906
331.911896 186.137451 2700.235840
250.915344 97.846848 2435.171387
-70.441544 470.690186 2685.451172
-70.440712 154.907227 2685.451172
-70.446945 -160.875305 2685.451172
105.924423 228.361206 2648.030762
212.587723 -13.318390 2617.669922
218.571884 -494.872467 2642.111572
201.775208 -952.947571 2600.048096
-9.098778 -11.253021 2640.123047
3.845161 -491.819275 2685.852051
21.137817 -946.052124 2591.177734
0 0 0
109.871117 706.922424 2677.945312
109.794243 470.234924 2668.721436
290.484344 469.662292 2651.749023
335.462463 177.075073 2693.120850
264.675690 31.487106 2443.655273
-70.895851 470.807526 2685.693848
-70.895020 155.024567 2685.693848
-70.901253 -160.757965 2685.693848
107.005547 229.771973 2647.145020
215.159576 -11.042542 2615.147705
223.282974 -493.235291 2629.642822
202.097549 -953.950073 2599.901611
-6.725882 -10.339386 2635.989502
5.682080 -491.634552 2672.675537
23.286127 -946.283813 2579.926025
0 0 0
111.157845 713.050781 2689.910400
110.496735 477.183289 2674.036621
291.415863 476.971497 2659.809082
336.092010 179.105896 2688.432861
286.829071 -16.246368 2465.126221
-70.422379 477.395142 2688.264160
-70.421547 161.612183 2688.264160
-70.427780 -154.170349 2688.264160
108.128220 237.248306 2647.490234
216.853790 -2.816757 2612.207275
223.525070 -484.518555 2639.833740
196.536804 -941.056946 2575.093018
-5.334385 -2.556625 2629.680420
4.529717 -483.998413 2665.850342
24.181171 -940.604858 2584.463135
0 0 0
111.109238 709.182617 2686.385986
110.721046 473.950134 2671.900879
291.719666 473.775940 2658.517822
337.636200 186.287262 2684.303467
306.235199 -48.967468 2495.475098
-70.277565 474.124329 2685.283936
-70.276733 158.341370 2685.283936
-70.282967 -157.441162 2685.283936
108.635651 233.824219 2646.822021
217.678757 -6.408646 2613.526367
221.658218 -487.889832 2647.580566
195.509567 -943.796265 2571.222656
-4.578248 -6.194748 2629.959961
3.022325 -486.891174 2674.833984
23.464085 -943.908569 2595.529297
0 0 0
110.869583 709.190186 2684.625244
109.861862 473.373230 2671.457031
290.727417 473.413208 2656.365723
337.337311 180.587891 2676.837891
322.023804 -79.540833 2514.431641
-71.003693 473.333313 2686.548340
-71.002861 157.550354 2686.548340
-71.009094 -158.232178 2686.548340
107.906357 233.125549 2647.384277
217.006042 -7.097610 2614.045166
222.688614 -488.616882 2649.100830
189.817398 -943.078064 2563.848145
-5.104348 -7.146683 2632.577881
1.968745 -487.349365 2682.803467
22.227537 -942.533142 2593.842773
0 0 0
110.962967 711.490112 2683.744873
109.315125 476.441101 2671.615234
290.088593 476.047394 2655.408691
337.372070 180.177582 2669.237305
334.547028 -99.287079 2537.182617
-71.458359 476.834839 2687.821777
-71.457527 161.051880 2687.821777
-71.463760 -154.730652 2687.821777
106.729218 236.087006 2648.609863
215.139771 -4.508850 2615.653564
217.761780 -486.331146 2647.387451
189.118073 -942.749023 2569.577393
-6.853145 -4.025360 2635.555420
-1.918046 -484.907135 2678.996582
21.313862 -941.247375 2596.884033
0 0 0
110.244278 712.158997 2683.295166
109.023056 476.708618 2671.918945
289.791565 476.112183 2655.593750
333.630432 180.876617 2663.147705
343.687653 -110.561188 2554.887451
-71.745453 477.305054 2688.244141
-71.744621 161.522095 2688.244141
-71.750854 -154.260437 2688.244141
106.215103 236.285385 2649.609863
214.399719 -4.504059 2617.277100
224.069244 -485.933136 2653.002930
188.136002 -940.917725 2569.159180
-7.585420 -3.771637 2637.324463
-2.139220 -485.106750 2675.603271
23.790306 -942.303223 2599.110596
0 0 0
111.283020 713.516113 2693.583008
108.561852 479.066467 2676.372803
289.331482 477.890289 2660.065186
334.420013 181.075256 2663.511963
349.696991 -116.210571 2566.345215
-72.207756 480.242676 2692.680420
-72.206924 164.459717 2692.680420
-72.213158 -151.322815 2692.680420
104.574471 239.173065 2649.474609
211.582718 -1.442551 2612.563232
215.805618 -483.636475 2629.808594
193.312607 -943.256226 2591.060059
-10.408540 0.001846 2632.589600
-2.203464 -480.996948 2674.617432
20.454865 -935.808228 2584.918213
0 0 0
111.008850 714.546265 2688.225342
108.115410 479.162048 2674.391357
288.788940 477.292419 2657.131104
335.140594 182.680969 2667.167236
351.775543 -117.498230 2575.161133
-72.558128 481.031677 2691.651611
-72.557297 165.248718 2691.651611
-72.563530 -150.533813 2691.651611
103.312759 238.992630 2650.133545
209.449249 -2.324783 2615.277344
215.874542 -484.800476 2629.447266
199.407684 -946.740540 2611.503174
-12.429028 -0.028793 2636.474121
-0.082022 -479.617554 2690.372559
19.186245 -932.881226 2592.242432
0 0 0
109.897804 711.652649 2686.547363
106.648697 476.605225 2673.054199
287.188416 474.434204 2654.498047
335.605133 182.009766 2670.033447
347.055847 -117.431488 2572.903320
-73.891006 478.776245 2691.610352
-73.890175 162.993286 2691.610352
-73.896408 -152.789246 2691.610352
101.302643 236.392456 2649.144287
206.813675 -5.153381 2613.840332
210.123947 -487.798401 2614.958252
201.621414 -950.679077 2617.434814
-14.900493 -2.487244 2636.628418
1.605067 -482.551941 2685.406250
18.039516 -934.483154 2580.595215
0 0 0
110.409431 714.574341 2686.710938
107.418602 479.245056 2672.640381
288.074005 477.178162 2655.230713
336.519104 179.863312 2675.445312
343.293213 -118.103180 2572.550049
-73.236794 481.311951 2690.050049
-73.235962 165.528992 2690.050049
-73.242195 -150.253540 2690.050049
102.340790 239.042343 2648.466064
208.189728 -2.429504 2613.601807
216.097595 -485.142731 2616.281250
203.593552 -948.628418 2616.777100
-13.663780 0.108765 2634.981689
2.294434 -480.009247 2684.121338
21.735012 -932.909912 2583.880859
0 0 0
111.037170 713.974426 2684.782471
109.058022 478.217712 2671.734863
289.758057 476.188599 2654.754883
336.564087 181.828674 2677.010254
340.131653 -116.413300 2574.070068
-71.642021 480.246887 2688.714844
-71.641190 164.463928 2688.714844
-71.647423 -151.318604 2688.714844
104.195236 237.895462 2648.703857
210.284790 -3.672729 2615.247070
216.359039 -486.499695 2617.383057
204.304840 -950.361023 2616.606689
-11.619888 -1.180878 2636.098633
2.304368 -481.029755 2688.571289
22.390259 -934.579590 2591.206543
0 0 0
110.865364 713.746094 2683.807617
109.320107 478.133484 2671.729980
290.038513 476.287231 2654.904053
337.648682 182.599731 2678.913818
339.420319 -114.531372 2572.464355
-71.398308 479.979736 2688.555908
-71.397476 164.196777 2688.555908
-71.403709 -151.585754 2688.555908
104.761574 237.759399 2649.144287
211.167450 -3.748322 2616.227295
215.270523 -486.293823 2630.228271
199.714737 -947.651855 2595.402100
-10.761364 -1.481049 2636.889893
0.903387 -481.494049 2688.589600
22.404106 -934.559082 2589.160889
0 0 0
110.906387 712.023926 2692.840820
108.227112 477.455414 2674.765381
288.838989 475.685211 2656.846436
338.297058 183.358826 2680.556885
336.968903 -113.109222 2572.108643
-72.384766 479.225616 2692.684326
-72.383934 163.442657 2692.684326
-72.390167 -152.339874 2692.684326
103.213608 237.563507 2647.930664
209.101639 -3.415359 2610.093262
216.239487 -485.416199 2635.456299
195.505020 -944.248779 2576.911865
-12.701427 -1.241440 2632.098633
-4.182233 -481.932007 2677.365479
20.301189 -936.472595 2585.969238
0 0 0
111.082817 706.981079 2687.849121
108.223160 471.400696 2672.057129
288.864502 469.182434 2654.474854
337.274445 181.553223 2677.908936
335.572571 -114.599701 2568.470215
-72.418198 473.618896 2689.639404
-72.417366 157.835938 2689.639404
-72.423599 -157.946594 2689.639404
102.861450 231.285370 2647.263916
208.417221 -10.191971 2611.674805
220.127579 -491.497437 2646.722656
193.029068 -950.062439 2583.914551
-13.417737 -7.467911 2633.266602
-2.598981 -487.514954 2684.414551
21.187840 -941.203674 2588.565186
0 0 0
110.012039 709.357788 2696.354736
107.503235 474.854187 2675.571533
287.833527 473.594543 2655.166504
335.652008 172.620392 2677.747559
337.003265 -122.169708 2564.718994
-72.827072 476.113800 2695.976562
-72.826241 160.330841 2695.976562
-72.832474 -155.451691 2695.976562
102.623627 235.131775 2647.245605
208.485443 -5.364166 2606.388916
220.915344 -486.238098 2647.653320
194.245422 -941.093445 2562.785400
-12.997417 -3.817078 2631.450439
1.884171 -483.530029 2684.815186
22.037655 -936.578979 2585.151611
0 0 0
110.981544 708.010864 2701.113281
108.983337 474.326965 2677.065674
289.402374 473.830627 2657.331299
336.089111 176.852417 2679.294922
331.553589 -117.337311 2564.867920
-71.435684 474.823334 2696.800049
-71.434853 159.040375 2696.800049
-71.441086 -156.742157 2696.800049
104.975510 234.862335 2646.447266
211.743179 -4.907059 2603.712158
224.016708 -484.493286 2657.268311
196.744415 -936.939453 2559.281494
-9.807810 -4.297562 2627.945557
4.098285 -483.992065 2681.995361
23.653316 -937.692505 2585.100830
0 0 0
110.484474 707.473511 2702.493164
109.229362 472.946228 2677.915527
289.735809 472.618652 2658.932861
335.978851 176.482544 2678.926270
330.610931 -117.633087 2564.223877
-71.277077 473.273834 2696.898193
-71.276245 157.490875 2696.898193
-71.282478 -158.291656 2696.898193
105.532181 233.512756 2646.890625
212.666550 -6.121872 2604.210205
223.886444 -485.765564 2658.536621
191.793564 -939.292358 2565.884277
-8.996569 -5.719589 2627.521240
3.420572 -485.332092 2682.756836
24.546755 -939.746948 2589.596924
0 0 0
111.212158 708.892334 2702.694336
111.413773 473.660950 2677.870850
292.296539 473.553680 2663.594482
337.137512 177.601227 2677.664795
332.622864 -115.786987 2561.036377
-69.469009 473.768188 2692.147217
-69.468178 157.985229 2692.147217
-69.474411 -157.797302 2692.147217
108.794724 234.254242 2646.485840
217.276962 -5.218323 2606.332031
229.576553 -483.979675 2667.791504
194.728897 -933.427673 2558.443115
-4.925613 -5.086578 2623.869629
7.038647 -484.352386 2682.131592
27.275223 -937.100220 2581.222656
0 0 0
111.842979 707.839722 2702.770020
112.176811 473.382446 2677.916504
292.924744 474.688293 2661.861328
336.918762 177.921417 2678.426270
332.677979 -113.793732 2557.704590
-68.571114 472.076599 2693.971680
-68.570282 156.293640 2693.971680
-68.576515 -159.488892 2693.971680
111.126251 233.952271 2646.614502
221.047821 -4.676163 2605.455322
226.737976 -484.679810 2656.518799
196.402176 -938.504639 2566.350830
-0.896457 -6.279648 2625.169678
7.125220 -485.482605 2684.551270
27.388273 -939.321472 2588.594238
0 0 0
111.234451 710.293335 2702.821289
113.175476 475.319122 2678.949463
294.043274 477.407776 2664.181396
336.791626 178.965302 2678.823486
333.395538 -111.740631 2555.637451
-67.692307 473.230469 2693.717529
-67.691475 157.447510 2693.717529
-67.697708 -158.335022 2693.717529
113.410950 235.843872 2647.964111
224.693085 -2.349030 2607.911621
227.190414 -481.966827 2663.395020
196.970840 -934.783447 2566.790039
2.599772 -4.913727 2626.045898
4.928337 -484.433533 2683.113037
26.370108 -937.882751 2585.435059
0 0 0
112.031357 709.469727 2703.836914
114.123131 474.495392 2679.658936
294.994202 477.186096 2664.856689
336.920929 181.106476 2680.452637
332.841034 -108.448517 2554.596191
-66.747932 471.804688 2694.461182
-66.747101 156.021729 2694.461182
-66.753334 -159.760803 2694.461182
115.168816 234.990097 2648.899414
227.265289 -2.863159 2609.051514
227.969528 -482.266968 2666.910400
195.260040 -933.698730 2564.124756
5.163721 -6.167236 2627.228271
2.606058 -485.030396 2689.359619
24.186001 -937.532593 2587.414551
0 0 0
112.139595 707.639709 2703.320557
113.883575 472.947235 2679.438232
294.761993 475.796082 2664.658447
336.218750 180.374390 2676.824219
332.496124 -109.723022 2552.178955
-66.994858 470.098389 2694.218018
-66.994026 154.315430 2694.218018
-67.000259 -161.467102 2694.218018
115.157188 233.417694 2648.854492
227.489822 -4.362656 2609.196045
226.315628 -484.295166 2662.619385
194.641495 -937.734375 2568.552246
5.371772 -7.861038 2627.345459
-0.579940 -487.812073 2679.425049
21.993038 -942.537292 2588.773438
0 0 0
113.436737 710.543823 2703.086182
115.132393 474.619019 2680.305908
295.965729 477.228546 2664.907959
338.078522 180.973114 2676.697754
331.216370 -109.327423 2552.677246
-65.700951 472.009460 2695.703857
-65.700119 156.226501 2695.703857
-65.706352 -159.556030 2695.703857
116.028122 235.023956 2650.219971
227.958328 -2.968781 2610.679443
223.673279 -483.637909 2656.405762
195.204376 -939.361145 2573.158203
5.889392 -6.173401 2629.588623
1.213857 -486.604980 2677.788574
21.577877 -941.921082 2589.236572
0 0 0
113.484550 711.443420 2702.973145
115.745674 475.693359 2681.039795
296.725159 477.891174 2667.490967
338.354095 182.486725 2674.819336
332.887207 -109.291229 2554.278076
-65.233803 473.495544 2694.588623
-65.232971 157.712585 2694.588623
-65.239204 -158.069946 2694.588623
116.432442 236.048828 2651.338867
228.249573 -2.246124 2613.318359
218.712921 -483.797821 2644.704834
198.831848 -943.738647 2598.490234
5.988842 -4.945282 2629.957520
1.407122 -485.595459 2676.403320
20.779669 -941.538147 2590.710693
0 0 0
113.120659 710.487122 2703.415039
115.561378 475.223877 2681.185059
296.478241 477.863770 2666.848389
339.034363 184.172882 2675.912109
336.607849 -107.875336 2555.916504
-65.355492 472.583984 2695.521729
-65.354660 156.801025 2695.521729
-65.360893 -158.981506 2695.521729
116.727837 235.545685 2651.770752
228.979324 -2.511566 2613.553467
216.399033 -484.639038 2628.050537
202.698654 -946.743164 2608.612061
6.809268 -5.753418 2631.159424
3.874821 -485.707764 2684.222412
19.333403 -938.959167 2585.436279
0 0 0
113.150070 708.494507 2703.138672
114.966835 473.557678 2680.450684
295.742065 476.361755 2664.490234
337.901184 183.138062 2676.766357
338.659058 -108.155334 2554.940918
-65.808372 470.753601 2696.411133
-65.807541 154.970642 2696.411133
-65.813774 -160.811890 2696.411133
116.082695 233.885345 2650.981445
228.200974 -4.065186 2611.711914
214.696686 -486.394135 2626.180908
200.594330 -949.288818 2605.966797
6.196129 -7.508789 2631.312500
3.486424 -487.802887 2681.493164
17.558399 -943.408630 2594.131836
0 0 0
114.313736 707.744141 2703.506592
115.624931 473.075043 2681.117432
296.341980 475.725830 2664.438965
338.218353 179.760925 2673.126465
339.325043 -111.642761 2551.517090
-65.092110 470.424255 2697.795898
-65.091278 154.641296 2697.795898
-65.097511 -161.141235 2697.795898
116.381836 233.452896 2651.233887
228.100891 -4.541626 2611.109619
220.675568 -485.641083 2645.616943
198.069580 -942.969299 2584.036133
6.176599 -7.796875 2631.591064
6.481659 -488.162750 2681.282471
17.564575 -943.300781 2590.527100
0 0 0
112.598045 705.869324 2705.690186
114.094955 471.283783 2681.505859
294.727448 474.013550 2663.933350
337.221802 179.384521 2674.412354
335.402161 -111.351013 2551.243408
-66.537537 468.554016 2699.078369
-66.536705 152.771057 2699.078369
-66.542938 -163.011475 2699.078369
114.682922 231.826004 2650.351562
226.182907 -5.955643 2608.407227
218.624893 -486.855164 2648.687988
196.034454 -943.681885 2576.326660
4.358872 -9.307907 2629.987305
4.621255 -490.351746 2672.127930
16.906450 -948.129761 2597.219727
0 0 0
113.390282 707.387085 2704.266602
114.596024 472.761353 2680.626953
295.291016 475.068054 2663.629639
336.876648 177.705688 2676.518066
331.992035 -111.882050 2550.789307
-66.098984 470.454651 2697.624268
-66.098152 154.671692 2697.624268
-66.104385 -161.110840 2697.624268
114.804993 233.192078 2650.335938
225.964249 -4.960831 2609.608154
216.308060 -486.815125 2631.293945
207.303452 -947.278076 2602.952637
4.063678 -7.793564 2630.481689
6.568408 -488.074097 2680.243896
18.880045 -943.567871 2592.531494
0 0 0
113.909599 707.916748 2703.044922
115.845047 472.657043 2680.672119
296.522156 475.144165 2663.489746
336.519073 178.482452 2676.737305
333.857605 -111.448700 2551.705078
-64.832077 470.169922 2697.854492
-64.831245 154.386963 2697.854492
-64.837479 -161.395569 2697.854492
116.312576 233.021729 2650.900879
227.719162 -5.086441 2610.579346
217.424118 -487.346863 2627.855225
207.606552 -949.600769 2606.539062
5.841051 -8.140732 2631.679932
6.739067 -489.420837 2669.387695
21.598326 -947.685242 2599.081787
0 0 0
