106.841843 707.599915 2744.133057
99.617111 478.834381 2699.924561
262.523499 475.005432 2702.439697
338.398224 152.356354 2683.199951
253.283997 410.283020 2544.800537
-63.289276 482.663330 2697.409424
-140.089462 175.882385 2702.276611
-25.174469 410.789307 2537.685791
94.703339 240.538971 2655.423828
201.626541 -0.385040 2612.649902
215.592743 -481.317780 2671.532959
193.904343 -941.670532 2608.580811
-22.047400 4.872162 2609.196289
-12.265929 -470.483185 2704.342285
3.840394 -933.794922 2656.987305
1 1 1
106.756134 707.027771 2743.697998
99.822334 478.301453 2699.306396
262.674438 474.193481 2703.993408
338.699646 152.678040 2682.604248
252.593948 410.223267 2543.440186
-63.029743 482.409363 2694.619385
-141.044006 177.940552 2703.136963
-25.293831 410.853333 2536.273193
95.096451 240.026184 2654.673340
202.175522 -1.069336 2613.258057
213.965317 -482.489899 2669.309082
193.373245 -943.435120 2606.124268
-21.434399 4.571198 2606.822510
-13.872099 -472.077087 2695.335205
1.578821 -936.176208 2655.219971
1 1 1
105.401939 708.985107 2743.980225
98.868179 480.031250 2699.838135
261.748016 476.473206 2704.497314
337.834778 152.849335 2684.302979
252.277817 409.870422 2541.480957
-64.011658 483.589325 2695.178955
-139.537384 177.459839 2703.070557
-31.665932 411.987183 2539.150391
94.942703 241.760162 2655.109375
202.831970 1.046509 2613.579102
216.069855 -479.233734 2678.243652
191.708527 -937.314209 2598.157959
-20.797527 5.931610 2607.182129
-14.563482 -469.533325 2701.919678
4.400810 -932.711060 2653.432617
1 1 1
105.402229 704.164490 2744.122070
97.778389 476.410522 2699.206055
260.701721 473.011810 2701.958740
338.417206 153.424103 2685.149902
252.253998 409.561920 2540.378174
-65.144936 479.809204 2696.453369
-138.612946 170.034637 2703.499756
-31.143188 414.666321 2543.789307
93.566101 238.165039 2654.363281
201.210297 -2.413834 2611.410400
214.017792 -483.408386 2670.962891
188.593750 -942.749084 2597.140381
-22.502655 2.252975 2607.630615
-14.507433 -473.282288 2702.075439
1.602583 -936.230469 2649.836914
1 1 1
106.910828 704.590759 2743.183105
99.055984 476.395996 2698.661133
261.988831 472.848022 2701.211182
338.232971 155.199615 2684.550049
248.041046 407.543091 2536.195557
-63.876877 479.943970 2696.111084
-136.282013 172.031219 2702.261230
-34.235374 413.955627 2545.131104
94.568420 238.140717 2653.895020
201.935165 -2.550278 2610.879395
212.242264 -484.380859 2663.744385
191.001480 -945.785400 2602.721924
-21.773453 2.321152 2607.378418
-11.617460 -473.846619 2698.390625
4.835606 -936.933838 2646.981689
1 1 1
107.512703 705.630676 2742.731201
98.727234 477.817078 2698.356201
261.641937 474.329285 2697.274414
338.117065 155.598175 2684.283203
245.625427 406.750336 2534.127197
-64.187454 481.304901 2699.437988
-135.418106 167.261414 2703.305420
-37.863197 417.227661 2545.201660
93.329742 239.576172 2653.621582
199.805115 -1.059814 2608.144043
214.260620 -481.860504 2668.614746
188.817017 -941.968567 2599.270508
-23.940609 3.730316 2609.629883
-15.063789 -470.385773 2710.493652
-0.641938 -932.015747 2647.685547
1 1 1
106.861115 704.777893 2742.998779
97.695351 477.238403 2698.580566
260.612518 473.604065 2696.289062
338.560394 153.798157 2685.639160
247.591858 409.093262 2542.640381
-65.221809 480.872803 2700.872070
-135.206848 171.630585 2702.158691
-38.359550 414.865753 2543.870117
91.752182 239.002167 2653.888672
197.646515 -1.728973 2607.623779
209.947052 -482.547089 2668.902344
188.640991 -943.382507 2602.276855
-26.028496 3.260803 2610.769775
-17.548393 -471.272522 2709.979736
1.845089 -932.242188 2643.430420
1 1 1
106.425308 705.590332 2743.124268
98.371506 477.670532 2699.663086
261.285065 474.739258 2696.030029
337.280304 153.903076 2684.312256
246.061798 407.303345 2536.937256
-64.542053 480.601837 2703.296143
-135.605133 166.673035 2703.351562
-39.645203 417.901489 2546.265137
93.096939 239.331238 2655.441895
199.665344 -1.020462 2608.726562
215.674408 -482.034119 2667.691895
190.107483 -942.729431 2601.144043
-24.020605 3.004318 2613.714844
-12.866878 -472.594421 2707.367188
6.182382 -934.795654 2650.117432
1 1 1
105.344025 707.215454 2743.193848
96.978127 479.379364 2699.757812
259.816284 476.768372 2693.687012
337.138092 153.950012 2683.156006
247.613586 408.465210 2534.772217
-65.860023 481.990356 2705.828613
-136.804214 172.337189 2704.180176
-38.370697 416.576843 2544.938721
91.498825 241.093430 2655.270020
197.820938 1.014832 2606.614014
212.872452 -479.733002 2668.107910
187.945435 -940.100403 2598.802979
-25.781883 4.600159 2614.950439
-12.068189 -471.602234 2705.226318
-0.285153 -933.744019 2645.462158
1 1 1
104.245613 699.881409 2734.226318
95.851189 472.099304 2694.009033
258.745880 469.567871 2689.370361
337.053528 153.964935 2677.579590
248.619095 409.049805 2532.128906
-67.043495 474.630676 2698.647705
-137.917328 172.679169 2703.088867
-45.064873 413.129272 2540.546875
90.970093 233.208496 2652.966309
197.917953 -7.420135 2608.739258
211.995651 -488.656952 2666.546631
190.405624 -950.278931 2605.289551
-25.739956 -3.944458 2615.107910
-11.728940 -480.086517 2705.803467
3.335464 -942.436646 2647.982910
1 1 1
103.720009 706.896606 2749.247559
95.255547 481.302490 2701.937500
258.156158 478.695526 2697.187012
337.025024 155.480621 2674.292725
248.433548 408.962921 2525.851562
-67.645058 483.909454 2706.687988
-138.460312 173.840546 2708.045654
-48.641861 411.110168 2538.450684
90.082474 243.566101 2655.009766
196.740936 4.040024 2604.820801
210.102051 -478.353027 2650.905029
188.823593 -941.343201 2601.899658
-26.922127 7.619400 2611.343262
-12.001727 -469.545898 2696.206055
0.759881 -932.180969 2639.843018
1 1 1
102.119957 705.245178 2756.250488
94.047348 480.244629 2704.438232
256.898651 478.596313 2698.050049
341.494446 159.231262 2657.636230
247.991516 414.721863 2520.845947
-68.803970 481.892944 2710.826416
-138.747345 174.430817 2707.027344
-50.497635 410.034698 2537.420898
89.685989 243.094849 2654.444824
197.133392 4.813385 2600.065430
208.138474 -477.831238 2644.884277
196.974945 -942.451477 2617.711426
-26.484137 7.076752 2608.837402
-11.848207 -467.104645 2708.118408
1.991069 -927.847290 2639.154297
1 1 1
102.214256 706.072144 2759.755615
95.026459 481.669312 2706.111328
257.833191 480.735352 2698.506836
344.739563 167.113220 2641.314209
242.199661 422.237427 2514.766602
-67.780289 482.603302 2713.715820
-138.380768 175.717651 2710.018555
-51.394531 409.500031 2536.912598
91.262527 244.802490 2654.619141
199.271408 7.294449 2597.906250
213.231033 -473.498901 2657.359375
194.421906 -935.909668 2608.651611
-24.274208 8.576859 2608.347656
-10.743261 -465.996094 2706.502686
4.103189 -927.219727 2640.412109
1 1 1
101.916489 703.626770 2752.011719
94.243408 478.052032 2702.309570
256.855194 477.352722 2691.616699
350.902710 172.577454 2618.160156
236.010483 425.064514 2494.410400
-68.368378 478.751343 2713.001953
-137.657532 175.335571 2706.511230
-51.834351 409.183746 2536.651855
90.059448 240.484818 2654.217285
197.531219 2.437424 2598.783203
206.616531 -479.626587 2648.069580
196.523666 -943.953247 2626.676514
-25.780252 3.397781 2613.467285
-11.896384 -471.765076 2708.958984
-0.451712 -933.377319 2644.649902
1 1 1
101.161255 704.341309 2757.659912
91.772354 478.911713 2705.711426
253.696198 478.994965 2688.411621
354.400543 183.249634 2594.599121
233.780792 437.711761 2476.636230
-70.151489 478.828461 2723.011230
-136.878357 173.698853 2704.783447
-52.291237 410.039856 2537.585449
86.497055 241.863037 2655.194092
192.471069 4.871552 2592.791016
198.835068 -477.981415 2635.024170
197.413696 -943.190063 2629.941406
-30.027548 4.757172 2616.562500
-14.641823 -471.551117 2705.881104
-4.170726 -933.041016 2640.300781
1 1 1
101.564438 704.695496 2759.969238
91.447327 479.202881 2707.676270
253.028107 479.491089 2687.073242
355.687256 195.613312 2562.808594
224.963196 445.539062 2446.631592
-70.133453 478.914642 2728.279297
-136.951935 172.357269 2703.901855
-52.350143 410.661865 2539.493896
85.264084 242.440536 2655.871338
189.983459 5.876038 2589.925293
207.744400 -474.140594 2651.690918
193.691757 -937.334595 2617.445557
-31.821775 5.480377 2618.207520
-14.661987 -469.909271 2712.058838
-0.307018 -930.514038 2641.373291
1 1 1
101.535446 705.270203 2761.117920
93.171364 479.757141 2709.235107
254.952316 480.014404 2689.830566
358.342072 214.305786 2535.909668
218.873077 456.944336 2415.274170
-68.609581 479.499878 2728.639648
-136.978577 171.679016 2703.447021
-52.370239 410.888306 2540.499023
87.352676 242.940186 2657.583008
192.568817 6.299805 2592.613037
212.317902 -471.537781 2669.421875
196.109940 -932.690430 2612.616699
-29.500854 5.946655 2619.248779
-10.170588 -469.725006 2711.358154
2.891040 -930.455200 2641.041260
1 1 1
102.214050 704.137329 2763.194824
94.586914 478.759399 2710.651123
256.471008 479.524353 2691.894531
354.664185 233.656540 2505.963135
215.504883 466.936584 2380.387695
-67.297180 477.994446 2729.407715
-136.497253 171.334534 2707.221436
-52.725273 411.683472 2544.510986
89.695610 241.965485 2658.777832
195.925842 5.696640 2594.029541
214.124176 -471.607666 2675.944336
192.127533 -930.797668 2603.981201
-26.317211 4.646469 2619.779541
-9.113638 -472.539490 2703.844482
4.350344 -934.459229 2642.433838
1 1 1
103.532784 702.459900 2763.734131
97.230080 477.473602 2711.218262
259.343628 478.153503 2694.530273
351.333252 260.828247 2482.487549
205.879669 477.841248 2338.120361
-64.883492 476.793701 2727.906738
-135.747757 170.665558 2706.112061
-52.951759 411.920410 2546.615479
92.855095 240.725937 2659.072998
199.776474 4.445038 2595.470703
217.554657 -473.127716 2676.822998
193.799759 -932.436462 2603.110596
-22.816254 3.511505 2618.384766
-10.852583 -472.850464 2707.796143
5.231783 -933.345337 2637.329346
1 1 1
105.371437 705.793335 2773.015381
98.113144 480.827332 2717.331543
259.177643 482.985626 2693.565918
346.587799 285.859375 2458.749268
197.141037 491.814087 2294.875732
-62.951359 478.669037 2741.097168
-131.951035 169.382782 2707.583496
-53.124321 412.069824 2547.723145
93.078339 244.892609 2661.782959
198.722763 10.441010 2589.903076
210.821396 -468.011841 2667.182373
188.232742 -928.248291 2597.585693
-22.635693 7.474762 2622.565674
-15.070031 -469.018951 2711.932861
2.119714 -929.776123 2642.989746
1 1 1
106.290970 706.495117 2767.633057
98.604019 480.830902 2717.100586
259.511139 482.725220 2691.743652
333.306946 311.938568 2437.372314
190.532867 498.489838 2247.961914
-62.303097 478.936584 2742.457520
-130.461365 168.182220 2705.293701
-53.210503 412.092773 2548.193359
93.077652 244.266998 2664.358887
197.966293 9.002960 2594.217285
210.976395 -467.895233 2680.330811
188.170853 -927.546631 2606.330322
-22.863728 6.403229 2629.017090
-13.919558 -471.549744 2709.817627
1.237000 -933.252563 2647.047607
1 1 1
107.744339 708.650330 2765.436768
99.571808 482.225739 2717.037842
260.450134 483.588684 2691.167725
319.157043 347.470215 2418.677979
185.139282 500.218109 2200.620850
-61.306515 480.862793 2742.907959
-130.225891 168.592010 2712.645264
-52.930847 412.372864 2551.659424
93.363998 245.306473 2665.951172
197.574615 9.322662 2597.108643
213.566483 -467.241150 2684.903809
189.829468 -926.049561 2605.837646
-23.262241 7.451752 2632.620361
-13.204359 -472.643433 2697.933594
1.517406 -936.076355 2652.073242
1 1 1
110.799995 705.881409 2774.354004
100.563011 480.990173 2720.367676
261.395294 481.963013 2694.045898
305.075043 388.730103 2407.845703
185.277069 490.752930 2159.352783
-60.269276 480.017334 2746.689453
-129.617401 167.299591 2715.322998
-52.606895 412.880310 2554.806152
92.954208 245.069778 2665.156006
195.747757 9.817184 2591.875977
211.560760 -467.946106 2672.890869
189.014603 -927.438904 2597.302246
-25.056957 8.481583 2628.012695
-14.839969 -472.486084 2687.515137
1.234279 -936.902100 2653.195557
1 1 1
114.315742 705.526550 2779.319092
102.427750 481.054535 2723.313477
262.981842 481.242859 2695.314697
287.029755 425.353271 2405.436279
192.977310 478.190033 2129.640137
-58.126339 480.866211 2751.312256
-129.317291 169.656830 2713.169922
-45.829689 414.376709 2554.331543
92.706123 245.710403 2665.983398
193.210556 10.495544 2589.431152
210.368652 -466.781464 2673.207031
188.010849 -926.809082 2600.735840
-27.241566 10.237000 2627.875488
-15.672287 -470.617065 2688.779785
0.760838 -935.645996 2662.747070
1 1 1
114.139618 698.859009 2770.299561
103.442307 474.039642 2717.362061
264.592041 473.501831 2693.285645
274.977600 446.150970 2403.223633
204.923462 467.043793 2111.508301
-57.707428 474.577454 2741.438477
-128.194458 170.852600 2710.597900
-42.544846 415.752563 2556.070068
94.515945 237.983002 2662.888184
196.251999 1.557037 2591.880859
218.286545 -474.330505 2681.955566
194.560593 -934.111267 2608.243652
-25.072830 2.295685 2624.947754
-12.491447 -478.355957 2687.587891
5.635817 -942.830566 2653.333740
1 1 1
114.389488 698.118286 2766.278564
102.941269 472.532593 2715.544434
263.842468 471.864746 2689.727295
272.499573 452.582031 2401.109863
210.109833 464.224213 2102.512939
-57.959946 473.200439 2741.361572
-129.085663 169.418793 2713.301514
-40.625137 417.005005 2559.839111
93.544441 236.023590 2663.097900
194.599091 -0.943848 2592.928955
206.834488 -480.062073 2662.936523
194.731720 -943.079529 2623.538330
-26.303848 -0.026978 2628.373779
-14.384864 -480.636230 2691.667236
2.529489 -945.091797 2655.362061
1 1 1
114.380005 698.378418 2764.265137
102.627251 472.574036 2715.139404
263.099731 472.457642 2686.777588
271.763031 457.300018 2397.052979
210.767670 463.283661 2098.495361
-57.845226 472.690460 2743.501221
-127.029892 171.200439 2706.646973
-39.349083 423.761780 2562.645996
93.467453 235.698700 2664.284668
194.480042 -1.256577 2593.958252
213.946915 -479.766968 2667.874756
193.103729 -940.774780 2609.885986
-25.864719 -1.096725 2632.901611
-12.498527 -481.442871 2697.944580
2.555224 -944.264465 2646.062256
1 1 1
115.109085 703.950378 2774.295166
101.493073 478.705933 2721.083984
260.881805 478.997009 2687.483887
273.317108 457.098450 2395.555664
209.914658 467.014252 2099.744629
-57.895679 478.414825 2754.684082
-127.577805 169.142303 2704.860352
-38.932930 422.661682 2567.320068
90.394867 242.800446 2666.393555
188.769592 7.094910 2588.625488
205.239136 -472.845306 2654.139648
185.793182 -935.151245 2601.882568
-30.176273 6.695038 2634.780762
-17.749260 -474.235504 2695.461914
-1.002625 -937.821777 2650.434082
1 1 1
114.744797 703.339600 2768.279297
101.971115 477.334686 2718.513672
261.856232 477.525085 2687.160156
274.644135 454.038177 2397.784180
204.930176 468.787323 2102.455566
-57.913986 477.144287 2749.867188
-127.303543 167.580719 2707.935791
-45.388145 418.252808 2562.512939
91.907951 240.926804 2665.761230
191.587326 4.649597 2591.488281
213.626358 -473.758118 2666.042969
194.530640 -935.857422 2609.407471
-27.897760 4.388245 2634.529297
-9.924717 -474.532288 2707.188965
3.667069 -934.312500 2636.204590
1 1 1
115.719177 704.273865 2765.764404
102.658417 477.763855 2716.800293
262.875793 477.241699 2687.055420
285.816284 435.015778 2402.889160
203.043823 477.407898 2114.970947
-57.558960 478.285980 2746.545166
-128.657349 167.795502 2710.965088
-49.082909 415.297974 2558.893555
92.295959 241.112762 2665.137695
191.912750 4.103271 2593.057129
212.493118 -474.713013 2666.176025
191.912735 -936.820923 2608.787354
-28.045748 4.820099 2633.893066
-13.991953 -475.599335 2696.739502
2.443701 -937.692444 2642.710449
1 1 1
114.588722 701.613525 2764.525635
102.936218 475.552124 2715.620361
263.672913 475.493927 2688.854980
291.903595 419.000183 2407.960938
196.291351 479.783112 2128.309570
-57.800461 475.610352 2742.385742
-130.333771 167.399200 2710.995605
-51.214539 413.535583 2553.929932
94.320541 238.732590 2664.394531
196.061935 1.873077 2594.792480
211.671677 -479.365936 2648.073486
203.204437 -943.145264 2633.176514
-24.652206 1.953003 2631.544922
-9.452815 -477.549713 2701.206543
5.611487 -938.719482 2637.433105
1 1 1
114.615730 701.713196 2764.393066
103.998856 475.501831 2715.671143
264.920685 475.622498 2689.900391
297.951508 403.500824 2413.988037
192.203308 484.708496 2140.663818
-56.922974 475.381165 2741.441895
-129.168488 167.197174 2706.996826
-46.754173 415.164673 2557.544189
95.897217 238.759140 2663.973145
198.260452 2.099274 2594.584717
210.881851 -480.088074 2641.520264
201.466095 -945.058533 2635.195557
-22.669304 1.933624 2629.965576
-13.261960 -477.606720 2700.686768
5.967269 -939.487976 2641.968506
1 1 1
111.448074 699.309326 2765.830322
101.117409 473.558350 2716.407959
262.138611 473.762024 2691.178955
304.474274 385.250671 2419.506348
191.788696 489.828003 2156.384766
-59.903801 473.354706 2741.636963
-132.087799 170.095978 2706.997070
-43.858086 416.253052 2559.981689
93.256996 236.886642 2664.329102
195.935791 0.354736 2594.930908
208.488998 -480.201508 2655.932861
192.646332 -943.119751 2619.133789
-25.142616 0.075104 2629.569580
-18.568567 -479.606842 2699.985840
2.437298 -941.935791 2644.465332
1 1 1
109.520157 702.280884 2774.559814
101.086128 477.162201 2720.308594
262.523468 478.009491 2698.069092
317.267731 365.143036 2420.762451
190.484436 493.974152 2174.775146
-60.351204 476.314911 2742.548096
-130.011871 168.522034 2705.015137
-42.269516 416.798798 2561.300781
94.650124 241.305511 2664.603271
199.062866 6.030609 2593.627441
218.164398 -473.607147 2660.633057
194.887375 -934.885498 2606.148682
-22.634628 4.867035 2624.168457
-13.541267 -474.965698 2693.441162
6.466614 -937.354370 2637.400146
1 1 1
107.792816 702.446106 2768.923340
100.235085 477.120911 2718.152100
262.136414 477.888275 2699.848389
332.104889 347.547394 2429.898438
195.014420 499.824402 2199.455811
-61.666237 476.353516 2736.455811
-129.035095 168.278961 2707.024658
-41.561790 417.129944 2561.945068
95.322189 240.686707 2664.783203
201.582138 4.779449 2598.845703
210.910431 -476.213135 2657.354492
200.535751 -939.982300 2632.007812
-20.763533 3.725586 2623.982910
-12.592753 -474.938782 2700.766113
5.649194 -937.468750 2644.983643
1 1 1
106.217789 700.314819 2766.091797
99.604507 475.804016 2716.758057
261.716064 476.512115 2700.179932
339.546204 329.768982 2437.452148
195.477661 505.168854 2228.301758
-62.507069 475.095886 2733.336182
-128.023880 168.643280 2704.514160
-46.836029 414.360168 2551.914307
95.291908 239.101425 2664.475586
202.259796 2.884933 2600.813232
207.233093 -479.350098 2648.840576
202.764832 -944.374512 2636.125732
-20.301161 1.912766 2623.572998
-15.809517 -477.427612 2696.403076
4.158131 -940.427490 2645.360107
1 1 1
105.673119 702.526245 2765.177490
99.397972 477.307556 2715.846680
261.735901 477.814880 2701.596191
343.770660 315.381989 2447.730469
206.484543 509.198608 2253.713867
-62.939964 476.800171 2730.097168
-128.014526 168.322693 2702.759033
-43.705711 415.370361 2552.015137
95.574806 240.520844 2663.863770
203.200912 4.082458 2602.097412
213.970993 -476.277344 2664.641846
197.174194 -937.895508 2617.625977
-19.697639 3.385834 2621.664307
-15.051311 -476.069122 2693.962891
3.992671 -938.705688 2639.311768
1 1 1
106.771317 704.680908 2764.714111
100.299538 478.830200 2714.936768
262.895142 478.304138 2704.429443
349.385345 296.191711 2464.862061
213.352005 506.131927 2284.910400
-62.296040 479.356262 2725.444092
-128.007172 168.161987 2698.875732
-41.679893 415.323486 2551.288574
96.174492 242.042236 2662.958252
203.697433 4.893021 2603.764893
211.537415 -476.203369 2662.302002
196.246445 -939.084351 2617.581543
-19.598537 5.615494 2618.194580
-15.596972 -473.228577 2694.475830
3.485752 -935.749146 2638.710205
1 1 1
104.787674 705.452698 2765.498535
101.168343 479.845337 2714.793945
263.891754 480.439453 2706.151367
353.194611 281.096436 2480.941895
223.186340 503.888062 2311.989990
-61.555058 479.251221 2723.436523
-128.001541 167.575378 2699.449707
-40.622696 415.786896 2552.088623
99.231522 243.204987 2662.059570
208.999146 6.972458 2603.392334
223.309021 -472.565369 2672.234863
198.271362 -932.531982 2607.118164
-14.409762 6.156784 2615.258057
-9.522839 -471.385376 2699.012207
7.538071 -933.297668 2637.995605
1 1 1
102.853813 703.997681 2764.388916
100.431900 478.787140 2713.874512
263.282104 479.383026 2708.179688
356.091156 267.542175 2496.980225
226.805679 503.529694 2345.311768
-62.418304 478.191254 2719.569336
-127.506973 168.790009 2700.232422
-39.983582 415.372986 2549.528076
99.476265 241.997025 2661.770508
210.326721 5.616013 2605.756592
220.283356 -473.090576 2681.300293
192.973099 -932.271362 2608.686035
-13.285461 4.797806 2613.576416
-12.433180 -471.774902 2702.760498
3.058694 -933.749023 2641.641357
1 1 1
103.512733 704.793640 2764.317383
100.264481 479.210632 2713.071289
263.185455 478.683472 2710.513916
358.052765 251.776688 2510.986084
233.869965 493.307739 2372.756592
-62.656498 479.737823 2715.628662
-127.246323 168.891876 2700.108154
-39.723099 414.412109 2546.904053
98.670456 242.568481 2660.300537
208.935181 5.564362 2605.773926
215.153442 -473.641296 2679.033691
189.622772 -933.078125 2605.519043
-14.782315 6.288269 2609.285645
-12.844350 -470.856476 2695.524902
-1.518779 -933.706238 2640.848145
1 1 1
102.920197 703.867432 2764.287109
98.721443 479.207855 2712.430908
261.677277 478.034180 2711.316162
358.525970 235.887558 2526.991943
237.696716 488.933289 2403.402832
-64.234413 480.381531 2713.545654
-130.123474 171.947662 2700.050537
-40.021584 413.686859 2543.222168
96.657074 242.523392 2659.853516
206.454193 5.033249 2606.510986
209.820068 -475.324951 2671.896729
188.392487 -935.729248 2602.524170
-17.268766 6.644608 2608.041260
-16.135370 -470.204834 2696.040283
-0.729352 -933.686401 2648.465088
1 1 1
102.138115 701.267273 2763.775391
97.854797 475.841248 2709.994141
260.782196 474.104431 2712.083740
361.766266 220.445312 2547.999268
246.499695 476.890228 2426.705811
-65.072601 477.578125 2707.904541
-131.558411 172.471100 2700.526611
-38.863922 414.246887 2546.907471
96.011124 239.227997 2657.082031
206.033966 1.422211 2605.604736
213.168991 -478.861664 2671.615967
191.011078 -939.384888 2602.637207
-17.699066 3.807251 2602.735107
-15.432383 -473.115814 2690.389404
2.249563 -937.222656 2650.441162
1 1 1
103.178169 701.827759 2764.010986
98.523903 475.699890 2709.213867
261.335022 472.793823 2714.818359
360.888550 207.226959 2564.495850
253.589783 469.293762 2445.556152
-64.287209 478.605957 2703.609375
-135.273682 173.233643 2701.255859
-38.819885 414.197510 2545.875000
96.139374 239.192795 2655.849854
205.543396 0.690369 2606.333984
214.171753 -479.662537 2671.946777
193.144257 -941.314331 2610.729980
-18.033716 4.681061 2598.637695
-16.585331 -471.348846 2690.954590
2.142086 -935.368774 2649.801758
1 1 1
102.682884 704.189453 2762.634277
97.503326 477.557190 2708.183838
260.297729 474.312317 2714.857910
362.942017 197.111694 2579.247559
261.370972 463.824402 2465.937012
-65.291092 480.802032 2701.509766
-136.638840 173.119354 2698.624756
-37.931053 414.896790 2548.492920
94.945213 240.895264 2655.519043
204.132233 2.006012 2607.435303
215.658356 -477.319458 2679.558350
190.771057 -936.535767 2604.385254
-19.358040 6.460693 2598.273193
-16.818724 -468.367157 2696.455322
0.622314 -931.794983 2648.762939
1 1 1
103.440254 704.194824 2763.445801
97.482948 477.937042 2707.956543
260.229553 474.181274 2715.774170
365.973755 185.556122 2590.626465
262.067108 450.869690 2479.744141
-65.263649 481.692810 2700.138916
-134.316376 170.559265 2699.809814
-36.997223 414.419373 2547.600098
94.581924 241.407639 2654.716797
203.404144 2.299973 2606.843750
210.861282 -477.215210 2678.374268
191.485352 -935.872131 2597.853760
-20.042360 7.456497 2596.110352
-14.421446 -467.582092 2693.219482
-0.845138 -931.078613 2644.714600
1 1 1
102.440529 704.983276 2762.852051
96.769348 478.858704 2707.284424
259.471924 475.174377 2716.156494
362.984406 177.777313 2604.315918
264.776703 443.761139 2497.652588
-65.933243 482.543030 2698.412354
-134.160294 172.780182 2699.902832
-36.638168 413.710083 2545.707031
94.292786 242.235779 2654.438477
203.513123 3.083527 2607.683350
212.783936 -477.825134 2668.056885
191.905884 -939.064148 2606.653564
-19.880676 8.142181 2595.501709
-13.203594 -467.282349 2690.706299
0.624871 -931.551331 2650.984131
1 1 1
102.857788 705.617065 2763.556152
97.383293 479.363342 2708.097412
260.050201 475.641785 2717.689941
355.991089 169.888428 2624.164062
271.239502 435.363129 2503.577637
-65.283607 483.084930 2698.504883
-134.080673 174.389709 2700.448242
-36.368774 413.520264 2544.421875
95.097366 242.777390 2655.074219
204.485474 3.636490 2608.636475
213.093628 -477.685059 2666.342041
193.488464 -939.579346 2607.663086
-18.862585 8.746353 2595.465576
-14.750574 -464.279358 2701.523682
2.098877 -926.057800 2642.678711
1 1 1
102.706619 705.784241 2762.906982
97.207718 480.357300 2707.142090
259.923767 476.697388 2715.937012
348.497162 166.444916 2640.577393
275.652649 430.808716 2507.972412
-65.508331 484.017212 2698.347168
-133.539215 175.694275 2699.728027
-31.771286 411.468750 2540.123047
94.741829 243.733246 2654.295410
203.986023 4.596527 2607.486816
210.123169 -476.854797 2664.741455
191.797333 -938.652771 2603.937012
-19.434128 9.621857 2595.410645
-12.301506 -463.636108 2700.555908
0.621055 -925.956665 2643.311035
1 1 1
102.269333 705.798462 2762.588379
96.281837 480.296631 2706.904053
259.129517 477.606689 2710.280029
339.750305 163.222290 2656.294678
278.911896 429.044800 2519.332764
-66.565834 482.986572 2703.528076
-133.682617 168.869904 2696.773682
-29.003349 415.683899 2542.020752
93.466644 243.655533 2654.151367
202.515335 5.166656 2603.717773
212.350296 -475.543243 2666.284912
190.345291 -936.028076 2597.410400
-21.212450 8.862213 2599.079590
-12.072274 -465.489685 2699.053711
0.946906 -928.731445 2649.219238
1 1 1
101.664810 701.407715 2742.427734
96.086349 474.530090 2697.041016
258.839020 471.646301 2703.788574
337.289734 158.554352 2671.147217
276.657501 418.599396 2522.824951
-66.666321 477.413849 2690.293457
-133.924957 173.492432 2697.393066
-28.453514 413.328278 2541.033936
93.718094 236.367020 2652.378418
203.077881 -3.775726 2612.347900
213.779877 -484.284790 2676.534912
191.896591 -945.146851 2609.678955
-20.378210 0.183655 2603.083740
-9.501122 -473.688049 2705.276611
3.884874 -935.375488 2643.253906
1 1 1
104.293823 702.322266 2742.356201
97.803535 474.474731 2696.207520
260.664612 471.426270 2699.567383
335.647430 158.277100 2683.085205
280.737000 413.830627 2523.034912
-65.057533 477.523224 2692.847656
-132.459885 175.242157 2695.708496
-29.208061 419.828186 2545.303955
94.260361 236.214340 2651.776367
202.524399 -4.138901 2609.651855
209.935608 -485.637878 2665.973389
193.238052 -946.886780 2600.222900
-21.090019 0.046768 2605.038574
-13.337019 -474.462036 2704.548340
3.343954 -936.360107 2644.059570
1 1 1
103.976562 703.532043 2743.809814
97.543243 475.639709 2697.281250
260.458954 472.610107 2699.462646
331.323029 154.137482 2697.042236
281.242004 410.102966 2532.013428
-65.372467 478.669312 2695.099854
-132.730591 175.121460 2692.857910
-27.751884 416.741760 2544.878174
93.712326 237.407867 2652.525391
201.706879 -2.903519 2609.266846
207.666138 -484.597290 2664.461914
196.174713 -947.233276 2608.881104
-21.944059 1.255539 2606.272217
-15.797421 -474.925293 2697.247314
5.792694 -938.608643 2663.272705
1 1 1
104.925362 702.238464 2744.034668
98.568764 474.226257 2697.292969
261.445129 470.848145 2701.530518
324.661865 155.568665 2705.522949
289.555878 405.248230 2529.384033
-64.307610 477.604340 2693.055420
-129.864822 172.060516 2690.427490
-27.590874 413.749146 2543.667480
94.794052 235.989075 2652.460938
202.835785 -4.567200 2610.538086
211.300644 -485.773987 2669.554688
198.349030 -948.098633 2611.125000
-20.797121 0.071014 2604.719727
-14.341127 -476.405365 2694.375000
4.697962 -940.791931 2662.906494
1 1 1
106.658218 700.092896 2744.652100
99.218414 473.212555 2696.633545
262.100739 469.256378 2700.765625
326.334503 155.280670 2714.266846
291.075958 398.426636 2530.697266
-63.663925 477.168732 2692.501465
-129.428558 170.031982 2691.217529
-31.968819 413.364868 2542.493896
94.600212 235.179504 2650.777832
201.796936 -5.569366 2607.758545
212.316864 -485.665588 2674.599365
191.342758 -944.695801 2598.259521
-21.832916 -0.137726 2602.085693
-15.397968 -473.723724 2705.147461
0.724319 -935.432983 2648.995850
1 1 1
108.132668 703.272339 2753.949951
100.508270 477.084290 2701.262939
263.301605 471.920105 2707.073242
328.190186 152.154022 2716.637451
288.301544 394.474640 2533.031250
-62.285080 482.248444 2695.452637
-131.191422 173.003326 2693.093018
-34.721275 412.633728 2537.502197
94.757202 239.876343 2651.568848
200.773834 -0.877106 2605.864014
211.734116 -481.312408 2670.455566
191.515762 -941.708618 2601.399414
-22.761576 6.213928 2597.885498
-15.094908 -468.420135 2696.341064
1.466146 -931.620605 2651.005371
1 1 1
109.906464 709.638794 2758.603516
102.172272 483.612335 2704.738525
264.866852 477.669128 2712.301758
328.605804 151.083160 2719.320557
287.154694 391.764343 2532.344238
-60.522308 489.555542 2697.175293
-132.084991 174.995728 2694.040527
-36.029411 412.120667 2535.270508
95.913490 246.782257 2653.270752
201.351990 5.871887 2606.995361
213.512817 -475.418854 2664.376709
196.257889 -938.596924 2624.945801
-22.042589 14.032471 2596.610596
-14.615025 -460.426025 2696.247803
1.104815 -923.613037 2647.753662
1 1 1
110.535721 710.374939 2760.938477
102.478088 484.822998 2706.896240
265.187103 478.846741 2714.364014
327.802673 151.539825 2722.166016
286.213013 390.480469 2530.282715
-60.230942 490.799255 2699.428467
-132.542679 175.996826 2694.526855
-35.600395 412.193298 2535.513184
96.200218 248.222397 2654.333496
201.621750 7.519104 2606.897217
213.208298 -472.984985 2670.624756
194.159866 -934.171082 2611.776611
-21.777046 15.724487 2596.644287
-12.479545 -459.142548 2694.287842
0.746672 -923.031494 2650.941650
1 1 1
112.748024 710.080322 2763.604736
104.054039 484.536102 2708.524170
266.730652 478.058533 2716.367432
330.405212 152.766968 2715.589600
289.111450 389.850220 2527.141846
-58.622597 491.013672 2700.680908
-132.767014 175.499237 2694.764404
-31.678780 411.960968 2540.472412
97.218086 248.143250 2655.076660
202.063934 7.303375 2607.013672
216.719650 -473.118744 2670.969727
192.843262 -933.917358 2607.572510
-21.299667 16.197418 2596.244629
-13.114583 -458.794434 2693.477539
0.322303 -922.797363 2650.425537
1 1 1
111.738930 708.207764 2763.927734
102.748566 482.447815 2708.115723
265.410858 475.742126 2716.128662
333.218628 151.370087 2712.299805
284.011169 394.965576 2533.733887
-59.913742 489.153503 2700.102783
-130.365234 172.764160 2694.366699
-33.932831 412.055786 2541.330566
95.631546 246.039413 2654.750977
200.187363 5.027359 2606.887451
217.693985 -473.990051 2679.583984
191.313080 -932.976074 2604.361816
-23.158308 14.234665 2595.885010
-15.536572 -462.609131 2683.105225
-1.909429 -927.553101 2668.272217
1 1 1
111.359604 708.177979 2763.090332
102.070084 481.997284 2707.841309
264.720581 475.480286 2716.263916
334.100220 152.189941 2708.155518
283.533813 399.478516 2535.698486
-60.580410 488.514282 2699.418701
-135.191071 174.878998 2698.171631
-31.670067 411.058228 2542.310791
95.351288 245.540009 2654.630615
200.298569 4.608551 2607.202393
217.215683 -474.284241 2681.216553
193.434158 -933.113037 2603.014404
-23.033596 13.556915 2595.637451
-13.706209 -463.186310 2683.548828
-0.024545 -928.692749 2677.727539
1 1 1
111.244797 708.279541 2762.672363
102.456284 482.387390 2708.337891
265.160675 476.261658 2715.950439
335.550629 152.597412 2703.073486
281.576111 402.037384 2533.209473
-60.248108 488.513123 2700.725342
-136.595413 174.937866 2697.585938
-30.688156 411.059296 2543.626465
96.017761 245.818817 2655.584961
201.284012 5.044617 2608.058350
216.247498 -473.467499 2685.007568
193.341736 -931.627808 2602.217529
-22.125525 13.455872 2597.605713
-11.851238 -463.526306 2684.265381
2.303189 -929.284485 2678.202393
1 1 1
112.525894 707.241882 2763.469727
102.688591 481.344299 2708.358154
265.443665 475.051941 2714.508789
334.775330 153.797089 2699.537598
280.079620 403.397766 2529.204102
-60.066479 487.636658 2702.207520
-137.797791 174.969116 2696.798340
-33.925659 412.050293 2542.262207
95.548126 244.850098 2655.362793
200.149658 4.035782 2606.590332
217.562958 -474.735779 2681.448486
190.910156 -933.158264 2600.991699
-23.334324 12.676010 2598.144531
-13.587647 -465.687195 2676.549072
1.186116 -931.508057 2679.317627
1 1 1
111.653702 707.572876 2763.863281
102.426537 481.591003 2708.660156
265.062927 474.771606 2716.820312
334.386993 156.397705 2698.269775
283.302887 405.868469 2525.870605
-60.209866 488.410461 2700.500000
-138.399292 175.985565 2700.396973
-31.416702 411.592926 2542.254883
95.163483 245.077408 2655.763672
199.563858 3.881699 2608.469971
218.168365 -474.441650 2685.911621
191.788406 -933.080322 2606.345947
-23.762999 13.245895 2597.264404
-13.388928 -465.649658 2672.481445
4.073413 -931.383118 2680.698486
1 1 1
110.793747 708.384766 2763.059082
102.085381 482.163879 2708.600586
264.770325 476.289612 2716.646484
333.688202 159.203827 2696.632080
280.102936 405.239655 2523.098633
-60.599567 488.038086 2700.554688
-138.705200 176.989288 2701.195557
-34.308662 412.510071 2541.227051
96.137596 245.529144 2656.097900
201.876282 4.861633 2609.118896
221.753494 -474.119751 2681.968750
194.966522 -933.123230 2604.568359
-21.496670 12.927216 2598.071533
-10.521504 -463.977600 2684.369873
3.485768 -929.109131 2668.984131
1 1 1
110.184593 705.881897 2753.157227
102.652145 478.479279 2704.389893
265.367584 473.337280 2712.403564
334.846375 155.602539 2696.322021
276.988708 403.673035 2527.374023
-60.063290 483.621277 2696.376221
-134.849609 173.494202 2698.589111
-35.452652 413.076416 2542.506592
97.492203 240.860687 2656.692139
204.040955 -0.288025 2614.495850
220.515213 -478.847443 2690.839844
193.581314 -937.054993 2608.952637
-19.376431 6.772217 2603.492920
-11.400536 -468.934357 2696.585693
3.409988 -932.944336 2661.922607
1 1 1
110.963890 708.973633 2758.710449
103.174133 482.125061 2708.033691
265.960358 477.083832 2714.417725
334.912537 152.793945 2699.661621
275.294495 402.230347 2533.008545
-59.612087 487.166321 2701.649658
-133.935165 175.253906 2697.798584
-36.624695 413.202393 2541.289795
97.781540 244.926117 2658.232910
204.152084 4.266022 2612.815186
215.963638 -475.756805 2679.624512
190.583450 -934.422668 2599.769531
-19.374187 11.188293 2604.049072
-12.177750 -465.052124 2694.770264
2.681905 -928.497925 2650.340088
1 1 1
111.945778 710.842407 2760.985107
103.747246 484.237976 2709.329102
266.414490 478.521240 2717.683105
333.964722 152.401642 2699.832764
273.982727 399.521118 2530.350586
-58.920006 489.954712 2700.975098
-133.459076 176.622131 2697.395020
-32.585274 412.537659 2541.880371
98.043816 247.303772 2658.249268
204.023895 6.444580 2612.905273
215.363007 -472.648132 2686.318848
189.928375 -930.155518 2600.253418
-19.343126 14.294525 2601.433594
-14.299391 -460.871399 2697.758301
3.006292 -923.167114 2642.476074
1 1 1
110.085205 708.673157 2764.123047
101.773216 483.111786 2710.375732
264.480164 477.382935 2718.086914
336.479950 152.698273 2701.418457
273.457764 399.351318 2532.620361
-60.933743 488.840637 2702.664551
-133.231903 176.812256 2699.702393
-30.410477 413.125916 2546.514648
95.928070 246.477707 2657.907227
201.782852 5.910721 2610.732422
215.317383 -474.421997 2674.828369
190.734695 -934.416382 2604.560547
-21.616985 13.776535 2600.145020
-16.096659 -461.172546 2697.687988
-1.726862 -924.031494 2644.904541
1 1 1
108.752037 705.285645 2763.690430
101.294685 480.143524 2709.947021
264.072998 475.185028 2716.624023
337.238953 151.851135 2704.704834
274.645081 398.644714 2535.344727
-61.483631 485.102020 2703.270020
-132.617126 176.905273 2698.350098
-33.372299 413.976013 2544.424316
96.234192 243.467941 2657.555664
202.928116 3.388138 2609.748291
219.388504 -476.814087 2674.643311
196.854660 -938.213501 2612.997070
-20.580730 10.196579 2600.580322
-11.905287 -466.176147 2690.374023
2.129061 -930.625183 2660.861084
1 1 1
109.459740 703.895935 2764.474365
101.459679 478.726685 2710.362549
264.310638 474.199707 2715.161865
335.120087 149.426422 2705.350098
274.276398 398.015869 2533.414062
-61.391289 483.253693 2705.563232
-133.308075 176.951874 2699.676514
-34.974388 414.489258 2543.294922
96.421005 242.025269 2658.065430
203.191071 2.215729 2609.063477
217.834000 -477.529053 2677.841553
193.985092 -937.819214 2608.486572
-20.426397 8.431946 2602.473145
-12.534330 -467.418732 2695.256836
2.192836 -931.433716 2656.657471
1 1 1
109.672768 702.738647 2763.364014
101.693649 477.362976 2709.179443
264.589905 473.284363 2712.831543
337.061035 149.215729 2703.670654
274.722473 398.014221 2534.473877
-61.202587 481.441589 2705.527344
-135.653214 177.974213 2700.838379
-36.240021 414.496887 2540.406250
96.927704 240.562439 2657.299316
203.994888 0.961792 2607.926270
217.070572 -479.557770 2671.400391
193.655365 -940.606934 2606.623047
-19.671368 6.562012 2602.912109
-12.336840 -467.347229 2704.893799
3.393638 -929.393433 2648.622070
1 1 1
110.321655 704.186279 2763.309082
102.140938 478.043945 2710.008301
264.966644 473.339233 2715.431396
338.029968 148.607239 2703.334229
275.157501 399.261963 2540.049316
-60.684772 482.748596 2704.585205
-137.327042 178.488586 2704.416016
-37.405708 414.563782 2542.513428
97.021545 241.220001 2658.263916
203.692322 1.166000 2610.242676
215.684647 -478.375977 2680.766113
191.360519 -938.397278 2609.302246
-19.888027 7.626144 2602.796387
-13.392237 -467.441895 2699.438721
1.130531 -930.298035 2647.557129
1 1 1
109.799545 704.624084 2763.287354
101.364822 478.352020 2710.104248
264.235535 473.558197 2713.817627
338.514252 147.801880 2703.168945
275.696136 399.499634 2541.449951
-61.505909 483.145844 2706.390869
-137.664215 179.244446 2704.213623
-37.062958 414.656189 2542.393799
95.582253 241.601196 2658.096924
201.618042 1.559189 2608.639160
210.669128 -479.314087 2669.404785
192.352509 -940.825439 2606.760010
-22.018673 8.141556 2603.540039
-17.530495 -467.020935 2700.041260
-0.985258 -929.989502 2648.456299
1 1 1
110.903221 703.798340 2753.272461
102.685982 476.249817 2705.605469
265.515839 471.312378 2710.753174
337.238190 147.388977 2706.083252
275.123199 399.314575 2539.965820
-60.143883 481.187317 2700.457764
-137.350311 177.635254 2700.606934
-36.782265 414.827881 2542.296143
96.994965 238.662201 2657.735596
203.092346 -2.315186 2613.399658
214.905380 -482.497589 2679.264404
194.837860 -943.035706 2610.050537
-20.484436 4.464325 2606.331787
-15.573074 -471.434174 2699.167725
4.118214 -934.892822 2653.071533
1 1 1
110.193085 704.902893 2758.276367
101.768875 476.963562 2708.253174
264.647980 472.112122 2710.319336
335.603943 149.183258 2701.547852
274.687958 399.692627 2536.456299
-61.110226 481.815002 2706.187012
-138.189651 178.326508 2703.311523
-37.243324 415.181580 2544.592773
95.329269 239.705475 2658.807129
200.728333 -0.883789 2610.779785
214.625244 -480.605225 2679.818115
188.800659 -938.647827 2598.045654
-22.949009 5.778564 2607.942383
-15.899448 -471.150330 2695.075928
-0.560773 -935.212769 2653.429688
1 1 1
109.423119 705.009155 2760.770996
100.522522 477.899170 2709.977295
263.424469 473.199524 2709.983398
335.797943 150.588348 2698.275391
274.425446 401.172546 2535.287842
-62.379429 482.598816 2709.971191
-138.098648 178.165466 2702.660400
-36.934814 414.977448 2543.442871
93.683655 240.779358 2659.869873
198.680725 0.433136 2609.766846
214.465454 -479.550720 2676.734619
189.633530 -938.863525 2601.518799
-24.991140 6.885956 2609.758057
-16.553347 -468.376984 2705.213623
-0.853886 -930.453552 2647.385254
1 1 1
110.853783 702.904419 2752.010010
101.209671 475.178436 2704.967773
264.066315 469.836975 2707.523438
334.381958 152.784027 2699.633545
274.551544 402.064331 2534.552734
-61.646973 480.519897 2702.412109
-138.065643 179.094910 2701.329834
-32.338646 421.727173 2550.814209
94.173225 237.644409 2656.900879
198.948990 -3.556900 2610.588623
218.051331 -482.744324 2682.150391
191.541077 -941.064758 2601.312012
-24.675432 3.777664 2607.079346
-14.602818 -473.346741 2692.209961
3.945613 -937.019775 2652.276855
1 1 1
112.059479 707.519897 2757.135742
102.853500 479.453491 2708.422363
265.749969 474.482086 2709.697754
335.686646 153.389740 2701.815186
274.218414 402.110504 2532.771729
-60.042973 484.424896 2707.146973
-138.537064 178.549500 2701.668213
-33.596054 419.019226 2546.396484
95.994026 242.108459 2659.376953
200.961395 1.350601 2611.207031
216.694321 -479.448425 2670.902588
195.170944 -941.065674 2614.668945
-22.692287 8.176254 2609.456055
-11.826711 -467.814819 2700.843994
5.200664 -930.661194 2650.396729
1 1 1
111.342636 706.407227 2759.701172
102.827271 478.385284 2709.944580
265.748627 474.086121 2711.676758
336.341644 154.696686 2703.410889
273.695862 402.583252 2532.186768
-60.094082 482.684448 2708.212402
-134.770416 174.771210 2701.338379
-34.867348 417.120239 2544.273438
97.102295 241.235443 2659.821777
203.223358 1.134232 2610.888184
218.437256 -478.677002 2678.394287
194.370270 -938.084839 2606.458008
-20.468716 7.036972 2608.509766
-13.793228 -467.686157 2706.630859
6.374182 -929.094299 2644.995117
1 1 1
110.393051 705.521606 2760.982422
102.209038 477.649353 2710.520752
265.129822 473.470642 2712.962158
336.169830 153.348877 2702.211426
274.136444 402.639160 2533.601562
-60.711769 481.828064 2708.079346
-132.886139 176.383789 2700.168945
-35.282707 416.262787 2545.184814
96.885727 240.574417 2659.979980
203.411209 0.630692 2611.115234
215.709122 -479.904907 2674.285156
193.850784 -941.087891 2612.323242
-20.286369 6.368271 2607.763184
-15.012372 -469.888855 2698.239746
5.543229 -933.003784 2652.244873
1 1 1
109.458405 701.244202 2752.116455
101.386902 473.204102 2705.477783
264.333130 469.564880 2706.599854
334.596619 152.182648 2699.104492
274.679138 402.157532 2534.440674
-61.559322 476.843323 2704.355713
-132.431641 171.184540 2697.579102
-36.336014 415.610596 2547.937744
96.409271 235.577026 2657.627930
203.302917 -4.548553 2610.548340
210.208008 -486.971802 2654.392090
197.908813 -950.535522 2632.177734
-20.439648 0.448486 2609.007812
-15.637953 -474.242859 2707.382324
4.671032 -936.325562 2651.034180
1 1 1
108.407402 702.581177 2758.188721
100.052742 475.096802 2709.189941
263.003601 471.359924 2709.979248
335.796112 153.589050 2702.554932
274.002991 402.393494 2534.087158
-62.898121 478.833710 2708.400635
-132.217941 171.093628 2699.791748
-36.903343 414.723145 2544.170166
94.858597 237.980438 2658.908936
201.534210 -1.701416 2609.169678
204.000076 -484.935699 2645.724854
203.466049 -949.723328 2640.232178
-22.205318 3.429535 2608.086182
-14.669233 -473.109070 2696.650146
3.760824 -936.485168 2650.958740
1 1 1
108.810371 705.769775 2760.727295
101.131119 477.833832 2710.252930
264.049622 473.814270 2712.825684
336.902954 154.797211 2700.781006
274.150085 401.903687 2534.948242
-61.787388 481.853394 2707.680176
-133.104080 174.043243 2699.895508
-37.202835 414.382446 2542.195068
96.093460 240.895752 2659.078125
202.911652 1.197937 2609.669678
208.304962 -482.244141 2645.079346
204.908295 -947.694641 2647.768311
-20.800053 6.717407 2606.136963
-12.854181 -468.563995 2701.388916
6.540382 -930.613892 2644.126221
1 1 1
109.174255 705.627869 2751.988281
100.937958 476.150330 2705.640625
263.846741 471.576843 2708.250977
334.450409 151.398407 2700.884277
274.201996 401.684509 2535.103760
-61.970814 480.723846 2703.030273
-133.053192 176.522614 2700.449707
-36.914391 414.686005 2542.175781
95.034088 238.553864 2657.811035
200.970703 -2.182434 2611.773438
206.952545 -485.087555 2654.167480
200.376968 -950.466309 2641.251953
-22.710257 4.097198 2608.189453
-15.339581 -471.189697 2703.803223
0.802159 -933.384155 2645.609863
1 1 1
109.891090 706.108643 2758.127686
100.959419 477.588623 2709.367920
263.876984 472.833221 2710.586426
335.718597 152.193207 2699.945801
275.007385 401.649780 2536.946777
-61.958141 482.344025 2708.149414
-132.032883 173.765717 2701.230225
-36.644524 414.558929 2543.116699
94.405441 240.354950 2659.809326
199.703354 -0.143570 2611.087158
206.984390 -483.626892 2646.170898
203.502823 -949.404053 2644.695068
-24.000408 6.386124 2609.414307
-13.157579 -469.022644 2704.194824
1.147386 -930.929077 2642.802490
1 1 1
108.917099 703.436401 2750.185547
99.879814 474.614807 2706.141602
262.806213 470.802551 2704.929443
333.385651 150.113800 2704.473145
275.884674 400.415955 2537.394775
-63.046593 478.427094 2707.353760
-131.990921 175.866516 2702.603516
-37.365417 414.910583 2544.928955
93.968872 236.721405 2659.828857
199.925232 -3.789566 2612.683838
213.990570 -485.644531 2662.272217
196.780518 -948.147217 2624.213623
-23.809372 1.445541 2614.348389
-11.978646 -474.863220 2704.364990
3.319947 -937.549683 2649.418213
1 1 1
108.103462 700.856079 2746.732666
99.631065 472.420197 2703.967285
262.492920 468.505890 2706.906494
333.678406 150.045624 2704.248779
275.169281 400.480347 2538.180420
-63.230782 476.334503 2701.028076
-131.009277 174.440735 2698.813721
-37.009560 420.945770 2547.037109
94.723999 234.283646 2658.730957
201.656479 -6.540909 2615.513184
212.904846 -488.686401 2664.519287
198.381241 -951.660522 2620.504150
-22.022614 -1.164902 2611.476074
-7.565965 -478.572510 2694.890625
3.110918 -941.638245 2641.917480
1 1 1
108.291092 699.336182 2744.989990
99.931183 470.970276 2702.868408
262.816284 467.131897 2706.344482
330.836365 147.523071 2703.623047
274.452698 401.769867 2537.497314
-62.953915 474.808655 2699.392334
-131.507278 175.721710 2699.898926
-36.821487 417.957947 2543.572266
95.261772 232.653564 2658.515137
202.398361 -8.297852 2616.547852
215.673325 -489.960236 2670.174316
195.959686 -951.385620 2611.723633
-21.213657 -3.028442 2611.775879
-13.314863 -478.978943 2703.519775
6.398987 -941.104980 2645.809570
1 1 1
109.403030 700.620117 2754.135986
100.386406 472.695862 2706.466797
263.289673 468.585571 2706.897949
333.885498 148.737427 2705.324707
274.615601 401.423279 2538.508789
-62.516853 476.806152 2706.035645
-131.285233 172.381836 2694.959717
-36.617645 416.254028 2543.803223
94.518600 235.112991 2658.586670
200.499298 -5.291962 2611.002441
214.920227 -487.122711 2663.286621
190.352142 -948.248657 2601.687256
-23.197701 0.352203 2610.410645
-13.510406 -475.988403 2700.318604
1.740266 -938.490601 2643.866455
1 1 1
115.918930 714.879395 2685.834229
119.640793 481.885803 2669.594971
300.883301 485.990906 2661.001709
382.338684 181.275635 2676.248291
231.237289 81.897934 2417.383057
-61.601711 477.780701 2678.188232
-61.600883 161.997742 2678.188232
-61.607113 -153.784790 2678.188232
123.964317 241.616486 2646.002930
239.580322 3.867920 2617.134033
222.211838 -476.659485 2658.723389
197.448441 -931.362793 2575.588623
16.995344 -1.173584 2627.687744
8.133434 -481.616150 2675.796143
19.238493 -938.442505 2593.272217
0 0 0
115.556023 714.818665 2683.834473
119.577202 481.603973 2669.210205
300.854309 485.735229 2661.196533
385.254761 182.112427 2681.409180
234.454346 82.600914 2422.419922
-61.699917 477.472717 2677.223877
-61.699089 161.689758 2677.223877
-61.705318 -154.092773 2677.223877
124.042725 241.261826 2646.320557
239.811630 3.456268 2618.510498
223.820984 -477.105774 2662.029297
198.118408 -930.059448 2567.170166
17.204866 -1.616913 2628.351318
10.767359 -482.318024 2674.279785
20.298866 -939.212158 2591.855713
0 0 0
115.449715 715.097168 2682.816406
119.495567 481.416718 2668.952637
300.789215 485.538788 2661.198242
386.187378 182.304260 2682.987061
235.257416 83.322220 2423.870361
-61.798107 477.294647 2676.707031
-61.797279 161.511688 2676.707031
-61.803509 -154.270844 2676.707031
123.992294 241.047302 2646.307617
239.804779 3.208862 2618.901367
221.679260 -478.093292 2651.581543
196.285873 -932.704163 2562.784424
17.173275 -1.853088 2628.423828
10.576775 -482.408722 2675.947266
19.954285 -938.485962 2589.161621
0 0 0
114.877472 715.279358 2682.836914
118.994118 481.401306 2669.587891
300.259705 485.704620 2661.255127
386.942566 183.061401 2685.993164
236.560226 84.745338 2426.305176
-62.271473 477.098022 2677.920654
-62.270645 161.315063 2677.920654
-62.276875 -154.467468 2677.920654
123.663795 241.024689 2647.029785
239.633987 3.290359 2619.355225
224.728027 -477.227356 2662.951904
194.457657 -928.520081 2559.948242
17.032957 -1.994247 2629.588135
8.557794 -482.096802 2681.105225
20.753864 -937.529297 2591.351562
0 0 0
115.088203 715.693726 2692.351807
118.952271 481.867493 2672.666016
300.156586 486.384399 2663.224854
387.611237 183.936005 2687.626221
237.380661 85.580467 2427.865234
-62.252045 477.350586 2682.107178
-62.251217 161.567627 2682.107178
-62.257446 -154.214905 2682.107178
123.514084 242.013397 2645.467285
239.340942 4.932816 2612.471436
221.258347 -476.255859 2646.634521
197.233322 -931.363525 2560.749512
16.810850 -0.614212 2624.065674
6.371882 -480.554016 2676.807617
21.066305 -934.698486 2581.234619
0 0 0
113.420227 712.622681 2688.101562
118.559334 478.461609 2670.729492
299.650818 483.458282 2659.621338
387.643158 180.953339 2681.229004
235.391785 80.744362 2423.359863
-62.532158 473.464905 2681.837646
-62.531330 157.681946 2681.837646
-62.537560 -158.100586 2681.837646
123.622208 238.408905 2645.285645
239.883209 1.424408 2613.020996
222.481689 -478.977539 2657.222168
197.020996 -934.225525 2570.826172
17.486938 -4.711975 2626.662598
8.988141 -484.414337 2681.854492
22.328190 -940.613098 2596.935547
0 0 0
112.938988 711.507324 2685.975098
118.142654 476.659241 2669.825195
299.171875 481.922333 2657.812012
384.763916 179.443054 2687.796631
236.516693 82.780464 2426.266602
-62.886566 471.396118 2681.838379
-62.885738 155.613159 2681.838379
-62.891968 -160.169373 2681.838379
123.485512 236.520630 2645.129883
239.982941 -0.386337 2613.058350
216.567642 -481.616089 2633.861572
206.132507 -941.337708 2596.920410
17.673790 -6.849594 2627.810791
6.366850 -486.893860 2679.293457
22.286058 -942.325562 2590.485596
0 0 0
115.425949 710.981934 2685.907715
119.466408 475.957153 2669.159180
300.713623 480.101715 2661.753662
381.013275 175.798981 2687.649658
235.490051 80.718040 2424.018555
-61.780815 471.812622 2676.564697
-61.779987 156.029663 2676.564697
-61.786217 -159.752869 2676.564697
123.940224 235.815689 2644.256348
239.739868 -1.780121 2614.804932
213.969864 -483.333893 2633.190186
205.302811 -945.263794 2607.956787
17.088211 -6.871460 2623.902100
4.570067 -487.121338 2673.235352
22.486122 -942.311523 2583.333740
0 0 0
116.195335 714.448608 2694.388916
120.152122 479.699432 2673.723389
301.457794 483.855835 2667.013672
376.561920 177.986603 2689.864746
234.029114 85.999092 2423.516357
-61.153538 475.543030 2680.433105
-61.152710 159.760071 2680.433105
-61.158939 -156.022461 2680.433105
124.619110 239.894638 2645.875977
240.392914 2.641541 2613.909424
221.668808 -477.937073 2650.924316
200.664215 -933.129761 2580.362061
17.779278 -2.461853 2622.147705
5.091015 -481.023651 2684.492188
22.086721 -931.369751 2574.494629
0 0 0
116.801582 715.794189 2698.130127
120.454361 481.505493 2675.274658
301.706421 485.890747 2667.114990
373.284729 178.695282 2682.158447
230.909821 82.227783 2417.314697
-60.797703 477.120300 2683.434326
-60.796875 161.337341 2683.434326
-60.803104 -154.445190 2683.434326
124.930893 241.873093 2645.926270
240.693817 4.933151 2611.568115
227.114807 -474.493042 2663.374268
197.782913 -925.769775 2568.710938
18.121029 -0.451797 2621.587646
4.482757 -480.256348 2672.965088
22.613956 -935.503174 2588.184082
0 0 0
116.582779 716.014038 2700.496094
120.714729 481.635468 2676.268555
302.047760 485.959412 2670.108643
371.574005 178.244629 2684.126709
231.732483 80.657639 2418.344971
-60.618328 477.311523 2682.428467
-60.617500 161.528564 2682.428467
-60.623730 -154.253967 2682.428467
125.404778 242.091583 2646.184082
241.437500 5.202682 2612.317383
224.290833 -475.082764 2656.406738
196.814026 -929.163940 2569.533691
18.752155 -0.107285 2619.881836
6.094176 -479.751526 2673.903809
20.375507 -935.903076 2590.753174
0 0 0
116.707436 717.427368 2701.693848
120.343201 483.159424 2677.843750
301.697845 487.423706 2671.957520
370.354553 179.213776 2675.380371
227.716583 79.564484 2411.859619
-61.011425 478.895142 2683.729980
-61.010597 163.112183 2683.729980
-61.016827 -152.670349 2683.729980
124.995399 243.624542 2647.645264
240.997070 6.707870 2613.832764
215.501129 -474.315002 2634.024170
202.621826 -933.351196 2600.125732
18.298107 1.471451 2621.060791
5.430410 -478.257446 2674.812256
17.024900 -934.747070 2591.752686
0 0 0
119.053932 719.840393 2702.277344
121.458389 485.551331 2678.395996
302.828247 489.391968 2672.525391
369.707397 180.872314 2680.374756
229.473938 81.221024 2415.567383
-59.911472 481.710663 2684.266602
-59.910645 165.927704 2684.266602
-59.916874 -149.854828 2684.266602
125.552902 246.006729 2648.179199
241.009796 8.820328 2614.357666
218.334747 -472.934814 2620.453613
205.280334 -934.472290 2609.585449
18.285028 4.103958 2621.567139
5.054608 -475.657593 2675.205811
17.083958 -931.695312 2589.119385
0 0 0
118.657570 719.048096 2702.574951
120.689171 485.400208 2678.690674
302.028870 488.853394 2671.756592
368.640747 180.402161 2683.567627
230.888931 80.064415 2417.718750
-60.650555 481.947021 2685.624756
-60.649727 166.164062 2685.624756
-60.655956 -149.618469 2685.624756
124.076492 245.904236 2648.005371
238.811157 8.528595 2613.062256
212.368790 -473.324615 2620.065186
207.310944 -936.279602 2615.648193
16.116472 4.287903 2621.577881
3.437311 -475.726440 2673.138428
15.101768 -933.957703 2600.362305
0 0 0
117.104767 716.892334 2702.706055
119.328407 482.298828 2678.904785
300.685516 485.346680 2672.166992
366.192078 176.690948 2684.789307
231.181885 77.125313 2417.249023
-62.028694 479.250977 2685.642578
-62.027866 163.468018 2685.642578
-62.034096 -152.314514 2685.642578
122.221672 242.768768 2648.428223
236.471054 5.110153 2613.814453
218.000565 -475.402466 2647.048828
198.600540 -931.271362 2587.590332
13.758827 1.367294 2622.088867
3.565804 -478.125732 2678.605957
14.361279 -934.899658 2596.821777
0 0 0
118.272293 716.484436 2702.287598
119.375603 482.356934 2678.058105
300.708252 485.123016 2670.575928
366.374084 176.665741 2686.728516
231.050110 80.430534 2418.130371
-61.957058 479.590851 2685.540283
-61.956230 163.807892 2685.540283
-61.962460 -151.974640 2685.540283
121.764427 242.843414 2647.405029
235.495880 5.028336 2612.157715
217.351593 -476.368347 2637.996582
196.024277 -934.361328 2579.085938
12.810617 1.631454 2621.346191
2.155932 -477.110718 2683.711426
16.659161 -932.197388 2593.443115
0 0 0
117.036880 712.799927 2693.073975
118.315140 477.973572 2674.246582
299.524506 480.855988 2664.479004
367.804382 173.422577 2687.745850
232.197830 77.452286 2419.195312
-62.894245 475.091125 2684.014160
-62.893417 159.308167 2684.014160
-62.899647 -156.474365 2684.014160
120.672043 238.055115 2647.170898
234.303818 -0.093323 2614.097168
220.890091 -481.328369 2647.903564
194.278763 -937.745239 2574.409668
11.754078 -3.633331 2626.093262
3.363053 -481.762665 2693.305664
15.990520 -934.895813 2593.453857
0 0 0
117.655907 712.938293 2697.466797
118.150085 478.300110 2675.707764
299.446075 480.422485 2667.470703
369.211090 174.036713 2698.766113
235.786179 82.470695 2427.597656
-63.145939 476.177734 2683.944824
-63.145111 160.394775 2683.944824
-63.151340 -155.387756 2683.944824
119.653946 238.553650 2647.033203
232.478012 0.110397 2613.300781
220.550568 -481.044922 2650.877441
191.502502 -935.709961 2565.311523
9.837603 -2.495987 2623.416504
0.314176 -482.257751 2675.718750
16.834846 -939.309448 2599.598633
0 0 0
116.838142 717.013184 2700.187256
117.539703 483.148560 2678.115723
298.831848 485.381927 2669.650635
368.974365 178.601990 2695.821045
233.567581 87.377480 2425.521484
-63.752430 480.915192 2686.580811
-63.751602 165.132233 2686.580811
-63.757832 -150.650299 2686.580811
119.147675 243.409241 2649.300781
232.068680 5.041214 2615.288330
221.295517 -476.415527 2650.423096
193.145767 -932.909058 2572.807373
9.442614 2.298630 2625.683350
3.331454 -477.805420 2676.412598
17.347982 -936.105713 2605.423828
0 0 0
117.958572 717.601562 2702.035156
118.948982 483.583191 2679.463623
300.274414 485.619324 2671.619141
366.925659 177.524658 2690.436279
232.394424 80.942650 2421.564453
-62.376442 481.547119 2687.308105
-62.375614 165.764160 2687.308105
-62.381844 -150.018372 2687.308105
120.363602 243.922882 2649.955566
233.114700 5.512756 2615.630859
225.483002 -475.608032 2655.991455
196.047714 -931.338074 2573.262207
10.441734 3.012360 2625.264160
4.564122 -477.232971 2675.372803
18.551327 -935.222290 2601.179199
0 0 0
119.558441 717.715332 2702.947754
120.063995 484.085175 2679.988281
301.437805 485.869568 2673.319824
365.880859 177.237305 2690.983887
232.271957 81.068016 2421.504883
-61.309830 482.300781 2686.656738
-61.309002 166.517822 2686.656738
-61.315231 -149.264709 2686.656738
121.333908 244.430969 2650.398926
233.972672 5.872421 2616.715088
222.767166 -475.644897 2650.974121
194.933655 -932.558594 2573.855469
11.234963 3.681107 2624.904053
4.715638 -476.370972 2677.053467
19.332420 -933.567566 2597.772705
0 0 0
121.030670 716.031982 2703.419434
120.649796 482.278381 2679.964111
302.025085 483.535797 2673.150146
367.164215 175.162201 2692.679932
233.446365 79.386284 2423.114990
-60.725494 481.020935 2686.778076
-60.724667 165.237976 2686.778076
-60.730896 -150.544556 2686.778076
121.175323 242.700821 2649.740723
233.068283 3.895355 2615.333496
220.796036 -477.739349 2648.189697
194.481979 -935.495972 2575.255859
10.333410 2.351196 2623.701172
1.760944 -477.805695 2674.715820
18.909857 -934.888916 2594.931885
0 0 0
121.211601 717.646973 2702.629150
120.058258 483.956299 2680.398926
301.407410 485.116089 2672.888672
364.212402 176.349731 2693.809326
232.406281 83.222908 2422.380859
-61.290878 482.796570 2687.909180
-61.290051 167.013611 2687.909180
-61.296280 -148.768921 2687.909180
120.371353 244.281860 2650.947021
232.036911 5.319519 2616.883545
219.016907 -476.283691 2650.277588
194.811554 -934.023804 2576.208252
9.331977 3.895294 2626.106689
1.489858 -476.929138 2670.101562
16.534412 -937.313171 2619.212891
0 0 0
120.179184 716.141846 2703.247314
119.285477 481.966980 2680.873779
300.572754 483.130127 2672.057373
366.857574 175.236847 2695.010742
234.067368 80.640129 2424.572266
-62.001801 480.803864 2689.690186
-62.000973 165.020905 2689.690186
-62.007202 -150.761627 2689.690186
119.388046 242.298157 2651.362793
230.807373 3.343521 2616.438232
217.366974 -478.319580 2648.971436
196.812469 -936.136353 2574.179199
8.173850 1.915115 2627.265381
4.242995 -479.066162 2670.230225
14.888531 -939.325134 2613.590820
0 0 0
122.837753 717.802856 2705.040527
121.257896 483.729004 2682.058594
302.646729 483.495758 2676.511475
368.297180 175.023834 2692.445557
232.968430 81.461372 2422.906982
-60.130928 483.962280 2687.605713
-60.130100 168.179321 2687.605713
-60.136330 -147.603210 2687.605713
120.033279 244.123505 2652.088867
230.205261 4.374741 2618.712402
217.664673 -477.084717 2654.406250
194.819962 -933.385254 2571.749268
7.412072 4.661240 2625.525879
4.143081 -476.041077 2671.700195
18.284111 -934.512878 2602.201172
0 0 0
122.478889 716.275696 2703.947266
120.412216 482.595581 2681.930176
301.756775 482.632324 2674.780518
366.290222 173.966736 2691.507324
232.195526 80.616501 2421.279297
-60.932343 482.558838 2689.079834
-60.931515 166.775879 2689.079834
-60.937744 -149.006653 2689.079834
119.308441 242.896790 2652.700684
229.547592 3.220566 2619.081299
218.928680 -478.496643 2651.733643
194.808167 -935.421021 2572.790283
6.861749 3.175430 2627.861084
4.056026 -477.189209 2677.504150
20.301193 -934.477417 2600.073975
0 0 0
123.257454 716.579041 2703.380127
121.404495 482.305847 2682.405762
302.770355 482.389587 2675.470459
370.070892 174.160461 2689.043945
232.001862 80.600899 2420.897949
-59.961349 482.222107 2689.341064
-59.960522 166.439148 2689.341064
-59.966751 -149.343384 2689.341064
120.422424 242.527100 2653.827148
230.795563 2.799759 2620.990479
226.466446 -478.436340 2660.354980
198.043213 -934.197754 2576.375000
8.085143 2.696915 2629.506592
6.164299 -478.390076 2670.993896
23.078106 -936.844360 2600.283447
0 0 0
123.822060 718.013794 2703.209717
122.022499 483.122467 2681.941650
303.392365 483.274750 2674.940430
371.849091 175.249786 2687.312988
231.433792 81.656120 2420.399902
-59.347359 482.970184 2688.942871
-59.346531 167.187225 2688.942871
-59.352760 -148.595306 2688.942871
121.112900 243.366135 2653.162354
231.564896 3.703308 2620.084229
224.798752 -477.598938 2658.819092
195.127716 -931.769409 2567.153564
8.841706 3.516296 2628.681885
4.955505 -477.467834 2671.625000
19.834774 -934.998718 2594.438232
0 0 0
125.314545 718.612549 2703.503662
123.684868 484.789917 2682.779785
305.062531 485.031494 2675.900146
372.500946 176.806732 2688.875488
232.211578 82.847229 2422.024902
-57.692802 484.548309 2689.659424
-57.691975 168.765350 2689.659424
-57.698204 -147.017181 2689.659424
122.935448 244.961975 2654.598633
233.554474 5.282379 2622.193359
227.845871 -475.849792 2663.389648
194.330872 -930.384033 2574.758301
10.817588 4.985718 2630.641602
6.906128 -475.685364 2677.077393
19.354019 -931.955200 2592.328125
0 0 0
123.872658 719.040894 2702.682129
122.023773 484.451660 2682.645264
303.326508 484.941681 2674.146240
372.533081 177.016754 2684.704590
230.946930 80.838409 2419.333496
-59.278976 483.961609 2691.144287
-59.278149 168.178650 2691.144287
-59.284378 -147.603882 2691.144287
121.368286 244.580215 2654.831055
232.040741 5.009689 2621.798096
215.988235 -476.593994 2636.090088
202.462509 -935.947266 2598.038818
9.384857 4.407883 2632.235596
1.389754 -476.377258 2676.915283
16.462498 -933.283813 2595.824951
0 0 0
124.430969 719.226379 2703.769531
122.171387 484.541077 2683.298340
303.517670 484.554962 2675.730225
373.320190 176.959595 2690.945312
233.627945 81.623680 2424.269531
-59.174908 484.527191 2690.866455
-59.174080 168.744232 2690.866455
-59.180309 -147.038300 2690.866455
121.029015 244.671555 2655.483398
231.236801 4.810562 2623.021484
218.590088 -477.058411 2643.520752
201.883163 -936.289124 2591.032471
8.536474 4.793503 2632.315430
2.419412 -476.210266 2675.022217
16.524128 -932.561951 2590.512939
0 0 0
124.852928 718.721863 2703.294434
122.432777 484.434937 2682.795166
303.771912 484.156097 2674.983643
377.829224 177.647186 2691.912354
234.942459 82.637215 2426.817383
-58.906368 484.713745 2690.606689
-58.905540 168.930786 2690.606689
-58.911770 -146.851746 2690.606689
120.880821 244.527420 2655.330078
230.673569 4.448715 2623.068604
224.251801 -476.941162 2655.550537
198.208115 -932.193237 2577.452393
7.984172 4.791122 2632.661377
2.379876 -475.776794 2679.993896
17.034094 -930.627014 2587.993408
0 0 0
123.970345 717.487915 2703.079346
121.886536 482.600281 2682.397705
303.147339 482.578796 2673.030518
380.476410 177.383209 2697.416260
237.747284 83.522324 2431.827637
-59.374268 482.621765 2691.764893
-59.373440 166.838806 2691.764893
-59.379669 -148.943726 2691.764893
120.419754 242.734558 2654.563721
230.254623 2.855637 2620.978027
220.284653 -478.756592 2652.259033
196.686539 -933.850952 2567.822754
7.651329 2.882004 2632.481445
5.421464 -477.746033 2679.545410
17.140726 -932.793091 2587.908203
0 0 0
124.802246 717.122314 2703.971436
122.918327 482.028503 2683.346924
304.262512 481.581329 2675.932373
377.455841 175.150452 2697.418457
236.920486 82.815315 2430.130371
-58.425846 482.475708 2690.761475
-58.425018 166.692749 2690.761475
-58.431248 -149.089783 2690.761475
121.164795 242.234650 2654.921387
230.765076 2.166183 2621.942871
221.646744 -479.381592 2656.008057
196.663193 -934.683777 2570.574463
8.057431 2.715378 2631.048828
5.814252 -478.354248 2673.249512
17.760113 -935.499329 2593.509766
0 0 0
123.334717 716.980835 2703.410889
121.909027 481.648590 2683.751953
303.099854 482.003448 2673.513672
374.899506 175.453674 2697.820801
235.977417 84.780220 2429.124268
-59.281784 481.293732 2693.990234
-59.280956 165.510773 2693.990234
-59.287186 -150.271759 2693.990234
120.800385 241.793808 2655.817627
230.957275 2.156937 2621.596191
220.833115 -479.411316 2655.953857
196.741302 -934.386780 2567.381104
8.426202 1.721115 2634.170410
4.859115 -479.421875 2675.637695
17.785597 -937.041565 2598.314453
0 0 0
124.436096 718.781738 2704.136719
122.935593 484.313202 2684.655762
304.174652 484.338409 2675.027588
371.465515 176.568909 2696.676025
234.764099 85.198601 2427.078125
-58.303471 484.287994 2694.283936
-58.302643 168.505035 2694.283936
-58.308872 -147.277496 2694.283936
121.485703 244.457886 2656.734863
231.312286 4.618042 2622.902588
218.295853 -477.465637 2635.148193
199.849075 -937.027893 2594.624512
8.759349 4.587097 2634.725342
3.782904 -476.727997 2674.042725
19.056356 -932.884766 2589.018799
0 0 0
124.505211 719.373169 2702.997070
123.468506 484.526672 2684.431885
304.777893 484.473206 2676.159180
371.244873 176.433716 2696.471436
235.171936 83.242088 2427.179199
-57.840870 484.580170 2692.704590
-57.840042 168.797211 2692.704590
-57.846272 -146.985321 2692.704590
122.159248 244.582123 2657.287598
232.176407 4.604721 2625.063721
218.197815 -477.757324 2626.519043
200.573166 -939.569885 2608.394287
9.523578 4.670395 2635.222900
4.033844 -476.281067 2678.607910
21.066242 -931.494873 2588.820801
0 0 0
125.644363 718.523682 2703.929932
123.899368 484.136475 2684.357666
305.253784 483.936035 2677.035889
371.801636 176.073578 2699.638916
236.540176 83.508224 2429.722656
-57.455048 484.336914 2691.679443
-57.454220 168.553955 2691.679443
-57.460449 -147.228577 2691.679443
122.528549 244.218964 2656.970947
232.511261 4.178375 2625.088623
213.064636 -478.140656 2622.598633
208.229691 -941.194580 2615.854492
9.804206 4.424530 2634.079834
3.442665 -476.774536 2674.540283
21.476158 -933.237305 2591.593018
0 0 0
124.626472 716.422729 2703.902100
123.205009 480.882904 2683.779785
304.536011 480.864807 2675.816406
366.490662 172.736481 2706.432861
238.133728 82.238571 2432.474121
-58.125999 480.901001 2691.743164
-58.125172 165.118042 2691.743164
-58.131401 -150.664490 2691.743164
121.968811 240.989227 2656.175293
232.072220 1.084442 2623.681152
214.900620 -481.437317 2621.066650
203.601883 -944.961304 2614.203125
9.393015 1.106659 2633.460449
3.297337 -479.853821 2676.738037
21.143732 -935.953125 2591.538330
0 0 0
123.303017 712.428711 2693.883545
122.429695 476.774902 2679.257324
303.839172 476.679749 2673.807373
361.784912 169.421082 2718.002441
240.979156 83.086655 2439.307129
-58.979778 476.870056 2684.707275
-58.978951 161.087097 2684.707275
-58.985180 -154.695435 2684.707275
121.603989 236.461182 2655.967773
232.177109 -3.910980 2629.331543
220.351074 -485.377594 2652.596191
200.292175 -942.481689 2595.062744
9.379466 -3.794098 2636.024902
1.188091 -484.907227 2677.218750
23.721203 -941.403198 2595.366455
0 0 0
122.284615 712.822021 2698.375488
121.292267 477.028473 2680.938232
302.653961 477.289978 2673.989746
356.018585 178.298737 2718.887939
277.660675 36.417282 2457.748779
-60.069427 476.766968 2687.886719
-60.068600 160.984009 2687.886719
-60.074829 -154.798523 2687.886719
120.666473 236.914215 2655.567383
231.399078 -3.039490 2625.929932
221.607986 -484.925049 2649.545166
194.775650 -939.270874 2569.314209
8.682288 -3.360596 2634.463135
1.682980 -484.170349 2679.207520
21.049973 -937.390259 2581.397949
0 0 0
122.613037 710.975647 2690.617188
122.195534 474.664337 2677.595215
303.624207 474.408020 2672.978516
348.489380 172.634430 2716.438232
293.503845 15.151230 2454.625977
-59.233131 474.920654 2682.211914
-59.232304 159.137695 2682.211914
-59.238533 -156.644836 2682.211914
121.288284 234.252319 2655.287842
231.787323 -6.317093 2630.145508
221.502838 -488.320007 2655.145996
197.747925 -944.660278 2579.126709
8.974756 -6.002304 2635.815430
2.046060 -486.834839 2680.454590
22.162138 -941.271606 2587.962891
0 0 0
124.116875 710.070068 2686.735107
123.278564 474.256622 2675.427246
304.744995 473.676605 2672.429932
347.736267 167.810181 2722.716064
297.671448 25.592468 2450.981201
-58.187866 474.836639 2678.424561
-58.187038 159.053680 2678.424561
-58.193268 -156.728851 2678.424561
122.173462 233.662872 2655.076660
232.490509 -7.287018 2632.885742
222.820236 -489.545776 2654.737305
196.114334 -945.447876 2573.925781
9.646204 -6.574738 2636.566406
6.951967 -487.200378 2683.623779
23.200167 -941.138306 2587.642822
0 0 0
125.522255 712.400024 2686.288086
124.021950 476.398041 2675.411377
305.497131 475.425049 2672.479736
345.406158 166.876251 2725.850586
295.652863 52.571838 2439.656494
-57.453228 477.371033 2678.343018
-57.452400 161.588074 2678.343018
-57.458630 -154.194458 2678.343018
122.405777 235.781281 2655.225098
232.214157 -5.432907 2633.238770
220.551514 -487.571594 2657.617188
194.025238 -941.618896 2566.018799
9.365055 -4.238052 2636.838867
2.443080 -484.975281 2682.232422
23.164696 -939.532471 2589.985840
0 0 0
126.682114 712.527466 2684.576904
125.338104 475.924469 2674.204834
306.828430 474.702576 2672.617188
356.204315 170.936737 2722.432617
285.251007 106.111496 2431.252441
-56.152222 477.146362 2675.792480
-56.151394 161.363403 2675.792480
-56.157623 -154.419128 2675.792480
123.540802 235.310333 2653.925293
233.183136 -6.054062 2632.670898
220.095474 -488.475830 2641.791504
196.154785 -947.087646 2583.085938
10.303858 -4.553543 2634.620605
1.915536 -484.834656 2684.350098
23.815525 -938.584900 2588.315674
0 0 0
126.396622 715.293213 2684.728271
124.507591 478.760437 2674.387695
305.996338 477.537170 2672.233154
364.603821 179.967285 2717.704102
274.875275 155.177582 2432.512207
-56.981148 479.983673 2676.542236
-56.980320 164.200714 2676.542236
-56.986549 -151.581818 2676.542236
122.642761 238.161102 2653.901855
232.213928 -3.189316 2632.093018
218.580261 -485.517700 2647.841064
195.312286 -942.770020 2575.751221
9.341943 -1.687119 2634.739014
0.419376 -481.793579 2686.194580
21.495543 -935.580017 2589.985840
0 0 0
127.968010 714.007141 2686.305664
125.881973 477.879913 2674.316406
307.378967 476.559387 2672.949463
378.304199 180.482819 2710.870117
266.750427 221.530670 2444.635986
-55.615036 479.200439 2675.683350
-55.614208 163.417480 2675.683350
-55.620438 -152.365051 2675.683350
123.971329 237.354553 2652.981445
233.503601 -3.981644 2630.807129
221.548676 -486.195007 2652.171143
194.942490 -942.031982 2570.686768
10.617766 -2.359970 2632.485840
1.238948 -481.900452 2688.787109
23.523556 -934.190430 2586.166260
1 1 1
131.142303 718.374207 2694.108887
127.457573 483.361267 2677.205322
308.734192 481.339905 2670.241943
384.601135 178.699005 2698.465576
256.974884 287.758209 2461.431641
-53.819038 485.382629 2684.168701
-53.818211 169.599670 2684.168701
-53.824440 -146.182861 2684.168701
123.830620 243.207367 2652.497314
231.564423 1.811707 2623.511719
213.399719 -480.053925 2620.062988
200.160278 -939.656555 2594.688721
8.842902 4.295197 2632.066895
-1.243264 -474.971527 2690.637695
19.722183 -926.511475 2584.424805
1 1 1
130.922150 719.253357 2698.050049
125.012779 485.329041 2678.189941
305.150208 483.003784 2659.715332
386.263000 177.809479 2681.803711
247.240097 344.177765 2491.350586
-55.124641 487.654327 2696.664551
-55.123814 171.871368 2696.664551
-55.130043 -143.911163 2696.664551
119.253601 245.344574 2652.239746
224.301392 3.929764 2614.925293
205.819458 -478.276001 2609.722900
199.858856 -939.791443 2611.930176
2.687439 6.790421 2637.653809
-6.905838 -472.529297 2695.970703
15.700859 -925.355591 2595.830078
1 1 1
130.484634 719.914795 2699.968750
123.152771 486.460266 2678.493164
302.580444 484.090576 2653.441162
391.318665 169.229462 2673.019287
253.078735 380.777954 2516.729736
-56.274902 488.829895 2703.545166
-56.274075 173.046936 2703.545166
-56.280304 -142.735596 2703.545166
116.287262 246.551529 2652.013672
219.542313 5.188477 2610.158936
209.198166 -477.375793 2610.419678
202.364731 -940.162109 2619.369141
-0.698808 8.097137 2640.909424
-1.448423 -472.381287 2687.476807
17.888062 -926.626343 2593.341064
1 1 1
132.185043 717.100342 2691.429688
123.903107 483.608582 2674.917725
302.972137 479.609619 2646.760742
390.190674 185.136108 2644.012695
249.079971 419.658295 2531.577881
-55.165924 487.607574 2703.074707
-55.165096 171.824615 2703.074707
-55.171326 -143.957916 2703.074707
114.985710 243.401367 2652.321289
215.942566 0.740417 2612.447998
211.988922 -481.082092 2633.836670
195.547745 -940.414978 2596.031982
-3.805923 5.647858 2647.001709
0.038919 -475.082275 2691.718018
18.211855 -929.243835 2596.747559
1 1 1
132.658234 720.163269 2697.648193
123.693237 486.472931 2678.190674
302.362976 482.228241 2647.186523
389.722839 192.313263 2614.003662
245.481415 448.203918 2540.995850
-54.976501 490.717621 2709.194824
-54.975674 174.934662 2709.194824
-54.981903 -140.847870 2709.194824
113.732880 246.484131 2653.647461
213.434174 3.890076 2610.074951
212.264099 -478.429504 2614.900879
196.525787 -940.056763 2603.165283
-5.889124 9.100586 2648.133545
0.843741 -472.480438 2680.728760
21.002537 -928.011597 2593.224609
1 1 1
130.989807 722.615784 2700.340576
117.604340 488.772552 2680.239502
293.854462 483.176147 2638.848633
388.371063 214.136810 2580.601562
238.462082 476.093323 2533.614746
-58.645786 494.368958 2721.630371
-58.644958 178.585999 2721.630371
-58.651188 -137.196533 2721.630371
104.281097 248.928909 2655.935547
199.334015 5.644043 2606.180420
200.918335 -476.973541 2611.132812
184.487640 -939.775940 2609.912842
-17.418293 12.526489 2657.082764
-3.404582 -468.286407 2697.648926
11.297185 -922.626953 2603.338623
1 1 1
129.814255 720.424744 2701.113281
114.736061 488.083923 2682.161133
289.974701 481.604553 2636.281006
389.198303 231.070892 2544.822266
225.192505 491.621368 2514.650879
-60.502552 494.563293 2728.041260
-60.501724 178.780334 2728.041260
-60.507954 -137.002197 2728.041260
99.746910 248.233475 2658.782715
192.281815 4.407379 2607.252930
207.742538 -477.842834 2616.446777
196.378586 -941.405762 2618.003906
-22.766293 12.358673 2663.555664
0.934748 -468.600891 2696.821533
17.362860 -922.908752 2602.339600
1 1 1
129.692734 719.908325 2701.984863
113.121811 488.031372 2683.674072
288.098053 480.970703 2636.427979
382.603394 247.032455 2510.905273
211.929611 506.102173 2481.057373
-61.854450 495.092041 2730.920166
-75.520782 104.956696 2712.370605
-78.964798 -56.510315 2681.636230
97.239815 248.187485 2660.698242
188.727081 4.011017 2608.731201
215.954224 -477.284698 2629.172363
195.981903 -938.825073 2599.613770
-26.011440 12.676178 2666.713623
5.156038 -468.180786 2695.945557
18.231091 -921.692078 2597.203857
1 1 1
130.324829 723.900696 2712.425537
113.685211 493.103760 2689.803223
287.699097 486.235413 2639.000000
377.762177 268.485870 2476.967041
204.427155 522.415710 2434.112061
-60.328659 499.972107 2740.606445
-69.196663 184.540802 2728.636963
-75.254654 -126.672668 2675.455811
96.432816 253.771301 2663.065918
186.012741 10.222183 2605.138916
215.745758 -471.362061 2617.056396
198.913544 -934.182922 2606.675293
-27.651896 18.655533 2667.518311
7.402529 -462.256104 2692.226562
18.714886 -915.286987 2590.986328
1 1 1
129.921936 721.537354 2707.141846
113.479156 491.476318 2689.281006
287.668274 484.350342 2638.934570
366.375885 295.740570 2445.476318
190.652420 537.997131 2383.547852
-60.709961 498.602356 2739.627441
-67.825836 183.044525 2730.065918
-73.362007 -129.035370 2682.167480
96.670784 251.838348 2665.045410
186.788971 7.826035 2609.904541
216.545685 -473.894592 2622.559326
204.712769 -937.374390 2624.141357
-27.064157 16.574692 2671.715088
7.658838 -464.601929 2692.487305
22.431784 -918.989258 2598.221191
1 1 1
131.248016 723.457092 2714.504639
115.291260 492.331451 2691.956299
288.127716 485.746460 2637.188965
355.647797 327.341675 2415.747314
179.334137 557.432983 2325.088623
-57.545200 498.916473 2746.723633
-63.251522 183.277679 2739.083496
-68.301613 -129.504639 2695.949951
97.561554 253.079590 2664.770996
185.977325 9.783615 2603.950928
217.131195 -471.982239 2613.839600
202.798920 -935.718384 2619.170654
-26.313633 17.871826 2671.220459
11.439827 -463.144409 2691.180420
21.697990 -916.027466 2589.552002
1 1 1
136.479233 717.333557 2720.686279
118.368782 488.379211 2694.993896
289.611725 481.791534 2635.508545
340.791809 362.141876 2389.897461
167.993195 578.750061 2261.442139
-52.874168 494.966888 2754.479248
-57.448021 179.276306 2748.373047
-62.047565 -134.075287 2709.535156
98.938934 249.530273 2665.511719
184.671295 6.635773 2599.498779
213.371033 -475.212921 2613.181641
203.623749 -939.161011 2622.623535
-25.653122 14.726898 2672.560303
11.931694 -466.461456 2688.548584
21.826717 -919.659424 2588.010254
1 1 1
138.710236 713.131226 2725.615723
119.772118 484.876343 2695.870117
289.707977 479.284912 2632.624512
320.366608 406.553192 2365.448242
161.672668 596.083618 2198.423096
-50.163734 490.467773 2759.115723
-53.828476 174.744019 2754.234375
-58.011883 -139.069061 2719.268066
100.070465 246.347855 2664.021240
184.708252 4.386261 2593.339844
214.722137 -476.970703 2616.301270
206.120941 -941.089966 2618.117676
-23.970627 11.252472 2671.004883
14.065586 -470.033539 2682.192139
23.103352 -924.039062 2585.197998
1 1 1
139.605865 708.789978 2706.313965
123.818726 478.754333 2686.950684
294.000671 472.314758 2624.313477
294.159454 455.765686 2350.712402
157.759048 606.224854 2140.657471
-46.363220 485.193909 2749.587891
-49.298588 169.448853 2745.685303
-53.098980 -144.738159 2714.207275
106.106819 239.244141 2663.451904
192.863342 -4.219070 2601.502441
228.042374 -482.288025 2652.377686
211.262329 -940.888489 2603.917236
-16.073534 3.686966 2678.403809
21.746759 -477.637451 2689.653320
28.051407 -932.162292 2594.850586
1 1 1
138.535843 706.243286 2704.093018
122.262497 475.944397 2686.062988
289.518372 469.346252 2616.350830
273.119568 497.402161 2341.869873
163.968292 605.658997 2093.713623
-44.993366 482.542542 2755.775146
-47.343891 166.783905 2752.654785
-50.792763 -147.706116 2724.318604
103.800468 236.236053 2664.456299
188.114105 -7.526733 2600.012695
212.786331 -486.550964 2651.292480
196.955460 -943.354736 2581.231201
-17.437214 0.582153 2685.686523
12.847099 -481.239441 2686.223633
16.835222 -936.506348 2594.925293
1 1 1
136.804642 706.372314 2693.478271
121.478027 474.746521 2681.788330
286.667175 467.192841 2607.356201
252.626129 536.244141 2331.925293
164.896667 600.022339 2059.230225
-43.711117 482.300232 2756.220459
-45.592953 166.532837 2753.725098
-48.719872 -148.202728 2728.218506
102.976562 234.652588 2665.093262
185.894806 -10.079041 2602.699707
219.595032 -486.581665 2669.475342
196.534561 -938.049927 2571.789307
-16.944622 -0.803680 2694.096680
15.786961 -482.381104 2685.243408
18.381283 -939.993896 2607.611816
1 1 1
138.239410 704.618652 2688.175293
122.551620 473.001770 2678.526367
285.044861 464.985657 2598.475586
242.349670 557.640503 2327.969482
164.808533 599.608704 2044.561157
-39.941605 481.017944 2758.577148
-41.447975 165.244995 2756.581543
-44.280609 -149.689484 2733.623047
103.521149 232.772491 2663.953125
184.277954 -12.379517 2600.220459
223.109528 -489.440826 2661.886719
197.476959 -942.834717 2569.617188
-15.296600 -2.534088 2698.539307
18.325462 -483.920502 2682.797363
18.179815 -939.910645 2596.031982
1 1 1
134.667618 706.749634 2695.553711
117.302673 475.264832 2681.910889
275.775024 467.768250 2594.340332
238.620178 562.272278 2326.025879
164.207245 609.376282 2042.045654
-41.169697 482.761353 2769.481445
-42.375366 166.984833 2767.885498
-44.939579 -148.110809 2747.220947
96.647789 235.305115 2665.074707
173.355347 -9.260330 2594.436768
208.345795 -488.198914 2641.837402
197.953262 -947.017822 2590.481934
-21.369518 -0.048843 2702.040283
13.236954 -481.496643 2688.369873
11.748598 -934.597656 2588.074951
1 1 1
133.314438 709.168701 2698.719482
115.517220 478.073822 2683.200684
272.221436 470.808533 2592.267090
242.297470 563.124207 2324.523438
163.799622 615.022156 2044.276489
-41.187004 485.339111 2774.134277
-42.151844 169.560272 2772.857666
-44.471577 -145.665894 2754.258545
93.934433 238.264755 2665.167480
168.514038 -6.002686 2591.332520
215.829956 -482.568115 2649.806641
199.443695 -939.964722 2581.581055
-23.810747 2.914062 2702.936035
14.624491 -478.125580 2685.385498
16.648302 -933.292786 2594.735107
1 1 1
134.618774 710.158447 2702.296631
114.564758 479.645477 2685.246094
270.424408 472.004486 2592.735352
248.143860 559.552002 2323.773438
164.569229 615.643433 2045.154541
-41.294891 487.286469 2777.756836
-42.066936 171.506226 2776.735840
-44.164341 -143.825684 2759.995850
91.157143 240.133743 2665.592285
163.406189 -4.067551 2589.161377
217.941940 -479.742065 2650.095947
196.109238 -936.489014 2574.492676
-27.907127 5.311569 2702.715576
10.998600 -475.540588 2681.063477
14.680914 -931.616089 2594.531738
1 1 1
135.076508 708.060059 2702.578857
115.397675 477.843445 2684.014648
272.904419 470.753357 2594.245361
251.086136 554.782043 2328.392578
165.705444 612.682800 2051.024414
-42.109070 484.933472 2773.783936
-42.726887 169.152313 2772.967285
-44.622425 -146.265198 2757.900879
92.476166 238.419098 2662.707275
166.255463 -5.358154 2586.286377
225.598602 -479.612335 2654.053467
201.953796 -934.926270 2568.820068
-27.146149 3.347687 2696.513428
14.952885 -477.090698 2671.747070
19.259752 -933.504028 2586.621338
1 1 1
133.783249 706.169678 2703.728027
115.335587 476.164062 2684.112061
273.745789 469.859100 2595.824707
257.548370 539.894775 2328.707520
165.847076 613.160828 2060.603027
-43.074600 482.469025 2772.399414
-43.568962 166.687256 2771.746094
-45.281361 -148.799652 2758.186279
93.196365 236.782455 2661.483887
168.308670 -6.469910 2584.654053
228.445404 -480.294189 2655.407959
199.140762 -935.899963 2572.203369
-26.194384 1.271606 2693.057373
16.369921 -479.366516 2673.680176
19.022438 -935.856201 2588.687500
1 1 1
134.840637 705.477112 2704.781006
115.368141 475.297668 2684.781738
276.388977 468.583069 2601.521484
275.299316 522.462524 2331.851562
166.674149 615.457092 2072.868408
-45.652687 482.012268 2768.041992
-46.048176 166.230072 2767.519287
-47.594563 -149.313019 2755.315186
92.919601 236.088516 2660.658691
169.376602 -7.245010 2585.393799
224.598648 -481.323730 2658.617432
196.188248 -936.085510 2569.960693
-28.434488 1.003738 2687.677490
11.318541 -480.066589 2674.716064
16.978786 -935.915405 2586.488037
1 1 1
136.726746 705.386597 2694.820312
117.477203 473.795166 2680.816895
281.533264 464.983368 2604.158447
286.079987 500.697968 2333.908691
167.705353 619.372803 2091.366943
-46.578846 482.606934 2757.475342
-46.895191 166.824493 2757.057373
-48.291210 -148.764130 2746.073730
94.771210 234.335327 2659.749756
172.855713 -10.538162 2591.586182
227.257050 -485.372131 2660.587402
198.627625 -941.103394 2576.739990
-28.725277 0.289169 2685.779053
9.650772 -481.008240 2681.391846
18.600677 -936.164795 2589.930908
1 1 1
137.988800 704.300903 2688.340576
118.294121 472.032471 2677.616943
284.841248 461.849854 2606.733643
297.501770 474.829742 2339.446533
170.493301 620.537598 2118.943115
-48.252998 482.215149 2748.500244
-48.506081 166.432587 2748.165771
-49.765938 -149.192963 2738.280518
95.506897 232.411957 2658.498535
174.987610 -13.461212 2595.854492
227.781693 -489.927490 2653.015381
196.865616 -946.369995 2573.799805
-29.548279 -0.955933 2682.905762
6.173294 -482.375885 2672.411621
18.871761 -938.632385 2587.281494
1 1 1
135.798141 705.716248 2695.630615
117.106781 473.730652 2680.308594
286.247681 464.983765 2615.710449
312.815582 446.444977 2353.744141
174.603165 615.207886 2149.020508
-52.034100 482.477539 2744.906738
-52.236626 166.694885 2744.639160
-53.373257 -148.960541 2735.742432
96.001480 234.306824 2657.466553
178.765549 -10.488464 2594.954834
221.815582 -489.417450 2633.597412
205.183807 -949.808472 2597.078857
-28.973194 0.254456 2674.294189
10.087154 -480.968201 2664.889160
20.384766 -938.468384 2586.454346
1 1 1
132.906265 707.477112 2709.279785
115.150467 476.201172 2685.425537
286.862244 469.677887 2627.860107
327.528839 417.789917 2370.888916
181.746429 609.043762 2187.947021
-56.561325 482.724426 2742.990967
-56.723385 166.941711 2742.776855
-57.748531 -148.737976 2734.770020
96.240921 237.379395 2656.083496
182.793671 -5.448837 2591.385742
231.212982 -481.747375 2649.429199
197.873688 -935.709839 2574.461426
-28.130915 2.564102 2662.097168
10.175299 -478.636108 2666.197266
18.869314 -934.513062 2578.870605
1 1 1
128.941727 710.825012 2705.626465
114.476967 479.032898 2684.694336
288.311157 473.412903 2633.754639
336.243958 390.363861 2385.997803
188.843384 605.479248 2230.019287
-59.357246 484.652832 2735.634033
-59.486931 168.870056 2735.462891
-60.411266 -146.829163 2728.256592
98.434685 239.839874 2656.338379
189.125351 -2.803757 2596.705811
234.178223 -479.086426 2659.948730
200.545410 -933.305847 2577.869141
-24.340536 4.097488 2659.259033
12.448420 -477.276367 2666.789795
20.986492 -936.053589 2598.435303
1 1 1
126.711021 713.427979 2703.760986
114.384117 481.730835 2684.462891
289.304260 476.748901 2636.916260
347.610535 353.169586 2412.017334
196.678513 588.766052 2279.545166
-60.536018 486.712769 2732.009521
-60.639748 170.929962 2731.872559
-61.473099 -144.785187 2725.386963
100.149010 242.267517 2657.184082
193.257523 -0.253082 2600.727051
226.312729 -479.529053 2639.851562
203.563522 -938.753479 2599.922363
-21.429720 5.861450 2659.083496
10.094473 -475.751801 2672.605713
22.380341 -933.237732 2595.754639
1 1 1
122.925758 715.291992 2702.810303
111.382401 483.731171 2684.243896
286.693817 479.263611 2637.779785
360.799103 319.585815 2434.514893
207.710510 571.224854 2329.859863
-63.928997 488.198730 2730.708008
-64.011986 172.415894 2730.598389
-64.763199 -143.312103 2724.761475
98.210571 244.115891 2657.584961
192.634628 1.758682 2602.409180
219.261185 -479.119202 2625.761963
197.906143 -940.708008 2606.777832
-22.557148 7.242538 2659.442871
5.165379 -474.715088 2670.224854
18.506908 -932.182373 2592.466553
1 1 1
122.419800 718.021851 2703.335205
110.192917 486.758667 2683.879395
285.624146 481.505310 2637.778809
371.916626 290.280243 2458.764648
216.732178 550.665405 2376.633789
-65.238327 492.012024 2729.979980
-65.304657 176.229156 2729.892334
-65.981766 -139.509247 2724.639160
95.976242 247.207718 2657.077148
189.452530 4.431839 2601.974854
218.933609 -474.750061 2646.108643
191.273773 -930.454468 2581.473389
-25.933393 10.881668 2658.574951
1.961193 -471.082581 2670.457275
17.951679 -929.164307 2596.560303
1 1 1
122.266930 715.239014 2693.595459
108.835327 486.220520 2678.746338
283.800201 480.573425 2630.895508
379.475128 263.652588 2488.873047
224.862961 527.171265 2417.202637
-66.129547 491.867615 2726.597168
-66.182510 176.084747 2726.527100
-66.792725 -139.662079 2721.799316
94.775200 246.295441 2655.650391
188.139191 2.903198 2603.175293
222.213654 -474.789307 2660.553711
193.083191 -927.515869 2572.458984
-26.709057 9.837524 2661.933594
3.946890 -472.023743 2671.210449
20.535139 -930.929443 2602.607666
1 1 1
122.107826 707.973389 2687.725586
106.497864 479.838043 2674.895752
281.041046 473.101379 2625.637695
385.246765 240.829376 2516.927734
235.862000 509.095978 2453.879150
-68.045319 486.574707 2724.153809
-68.087646 170.791840 2724.097656
-68.637482 -144.961853 2719.842773
91.400803 239.750183 2654.235352
183.473099 -4.473984 2603.330566
222.337402 -481.955627 2661.849365
188.797089 -934.457031 2568.656982
-30.865620 3.798630 2663.819336
1.252106 -477.973450 2673.610596
15.018537 -936.732178 2603.218018
1 1 1
122.304802 706.748901 2686.388428
101.390244 477.565765 2673.998535
273.512939 467.505859 2617.871582
389.651947 221.401108 2548.562012
248.117508 491.881348 2479.241211
-70.732452 487.625671 2730.125488
-70.766273 171.842804 2730.080566
-71.261688 -143.916382 2726.251221
81.101280 237.787140 2654.755859
166.595352 -8.174088 2601.018555
203.006821 -487.732971 2635.883545
181.813309 -946.090088 2593.843994
-44.970730 4.191116 2670.007812
-8.388752 -477.297485 2676.402588
5.066373 -936.409607 2608.140137
1 1 1
123.724487 710.948242 2694.142090
98.975662 480.790833 2677.240723
270.203430 468.940979 2618.570312
392.815430 208.180176 2576.318115
257.258484 475.469482 2489.794189
-72.252106 492.640686 2735.911133
-72.279114 176.857819 2735.875244
-72.725540 -138.905823 2732.428711
75.080505 241.528534 2655.828125
156.285233 -5.007233 2598.403564
210.843430 -481.749878 2644.818848
183.220505 -937.080872 2574.010498
-53.914528 9.539703 2670.427490
-3.523739 -470.493866 2668.798096
10.358550 -930.371765 2606.130615
1 1 1
123.271461 709.856689 2687.982666
98.904793 479.139954 2674.575439
271.321808 465.353394 2619.942139
383.375519 194.577362 2604.136719
259.451630 458.448700 2504.037842
-73.512230 492.926514 2729.208740
-73.533798 177.143646 2729.179932
-73.936104 -138.623596 2726.078125
73.751816 239.777847 2655.597656
154.465698 -8.049438 2603.074219
220.693451 -483.126404 2653.968018
191.992325 -939.422485 2580.880615
-57.268013 8.880920 2670.165527
0.684505 -470.314880 2675.133789
16.673817 -928.599182 2602.687500
1 1 1
123.595261 710.686218 2684.932373
100.685211 478.899475 2672.864746
275.148346 464.550262 2625.745605
384.668640 184.774719 2634.577637
260.757690 432.264526 2505.252930
-73.777924 493.248718 2719.983887
-73.795128 177.465851 2719.960938
-74.157623 -138.304352 2717.169434
76.072845 239.395340 2654.671631
158.648743 -8.924820 2607.529053
221.458237 -486.110291 2633.690186
204.646423 -946.246521 2606.587158
-55.727783 8.707199 2665.427979
7.281731 -469.953552 2665.984375
20.820543 -929.487122 2601.428223
1 1 1
126.612778 714.935425 2683.908447
105.423645 482.189026 2671.924316
281.526855 467.634186 2631.513184
383.852722 176.896637 2662.794678
264.215881 398.869507 2499.348877
-70.679550 496.743866 2712.335449
-70.693237 180.960999 2712.317139
-71.019897 -134.811584 2709.804688
81.233810 242.705139 2652.764893
165.186050 -5.716644 2608.789551
224.477997 -484.057251 2629.378418
207.916306 -946.124146 2610.951904
-51.098103 12.159149 2658.421387
11.770176 -466.509674 2651.878418
22.003857 -928.378296 2614.086182
1 1 1
129.066360 717.485474 2693.426025
109.567604 485.121826 2676.023926
287.364136 471.748413 2643.765137
377.526489 176.502106 2682.927734
273.923859 360.749146 2489.343506
-68.228920 498.495239 2708.282715
-68.239838 182.712372 2708.268066
-68.534119 -133.062134 2706.006836
87.296097 245.885757 2652.452637
174.239563 -1.565201 2609.065674
229.437347 -480.860168 2619.888916
208.224533 -943.705811 2613.772949
-44.190392 14.864578 2648.697021
13.430836 -464.382629 2653.739502
25.269777 -925.101257 2602.167725
1 1 1
129.729065 716.016968 2688.160156
111.143517 482.863220 2674.255127
289.909729 469.337952 2647.465576
364.231415 187.229187 2705.473877
280.564789 308.481140 2466.703613
-67.622688 496.388519 2701.044678
-67.631386 180.605652 2701.032959
-67.896530 -135.170441 2698.998047
89.776566 243.344315 2652.600098
178.131653 -4.476074 2614.502441
220.999680 -485.044556 2625.999023
206.380768 -948.624634 2622.143555
-41.312431 12.126862 2647.387695
7.104191 -467.516205 2667.777344
22.505592 -926.621094 2603.270996
1 1 1
128.835114 714.545898 2685.521240
111.207558 481.076599 2674.180664
290.539581 467.799683 2650.617676
351.104553 189.106537 2719.745850
283.628479 255.070129 2448.416504
-68.124474 494.353577 2697.743652
-68.131401 178.570709 2697.734131
-68.370232 -137.206726 2695.902588
90.760185 241.365662 2653.629883
180.371109 -6.493515 2618.618164
222.083893 -486.974121 2638.771973
201.346558 -947.720154 2600.615723
-39.745476 9.802933 2647.540039
6.229774 -470.350891 2666.660400
22.727942 -929.844482 2603.369629
1 1 1
128.656845 714.677979 2684.196045
111.389275 480.565582 2673.476318
291.058136 467.493835 2651.961914
348.050110 194.552246 2732.380127
293.940308 198.887024 2444.030762
-68.279579 493.637329 2694.990723
-68.285072 177.854462 2694.983154
-68.500137 -137.923981 2693.334717
91.508118 240.778198 2653.137207
181.909302 -7.032730 2619.592285
220.315308 -487.758362 2642.780518
198.871613 -946.938843 2585.778809
-38.655373 9.014359 2646.003906
6.561916 -471.338806 2664.849609
23.355898 -930.079529 2595.754395
1 1 1
128.538818 715.557739 2683.531250
111.867126 480.741577 2673.357178
291.816528 467.737915 2653.992188
343.020996 189.273529 2741.196045
302.378082 141.045441 2450.278564
-68.082260 493.745239 2692.722168
-68.086586 177.962372 2692.716064
-68.280266 -137.816895 2691.232666
92.404526 240.868073 2653.576660
183.416504 -6.988632 2621.907715
220.249374 -487.263855 2654.579102
196.431259 -943.680725 2578.204346
-37.532654 8.977768 2645.684570
8.550068 -471.039307 2670.553467
22.089237 -928.182129 2591.206543
0 0 0
