41.094452 796.211121 2786.077881
34.995583 562.000977 2775.630127
208.035416 558.473938 2742.352295
268.710510 261.121399 2789.497314
271.130707 -38.069427 2687.567627
-138.044235 565.528076 2808.907959
-188.671417 221.274292 2806.257324
-207.088837 -69.700531 2688.036865
26.838085 320.982544 2758.757812
128.220978 77.731323 2720.819580
164.918045 -398.821259 2793.335205
137.213440 -852.465698 2676.132812
-90.859802 82.196838 2762.951416
-38.230007 -397.450867 2779.433350
-18.858044 -865.054199 2745.200928
-1.241577 5.092377 -1.600342
1.326996 -2.161804 3.344482
41.190136 796.725830 2785.002930
34.885914 562.894043 2775.984131
208.131638 559.492188 2743.747314
268.859863 261.333679 2789.135986
273.197723 -37.866638 2687.244873
-138.359818 566.295898 2808.220947
-189.847687 213.136230 2806.600830
-206.186203 -76.119324 2687.183350
27.105942 321.828796 2759.612793
128.986923 78.610229 2722.836182
164.286026 -397.999481 2795.864502
137.205841 -847.272949 2684.531982
-90.334976 82.916870 2763.646729
-37.971058 -397.205719 2776.380859
-22.176449 -863.363892 2761.762207
2.067017 0.202789 -0.322754
-0.007599 5.192749 8.399170
42.039600 795.885864 2785.017822
35.861439 562.002441 2775.555420
209.175613 558.802124 2743.635254
268.798279 261.376892 2788.124023
274.941162 -37.894562 2686.506836
-137.452744 565.202759 2807.475586
-187.583359 225.897400 2807.009766
-211.121552 -64.222290 2687.460938
28.254187 320.985596 2758.415527
130.351456 77.943039 2721.070801
160.707352 -400.256470 2784.627930
139.088318 -847.742554 2684.014160
-89.057587 81.994492 2761.480469
-40.777061 -397.355713 2794.204346
-15.560207 -867.465454 2716.362305
1.743439 -0.027924 -0.738037
1.882477 -0.469604 -0.517822
41.317867 794.243530 2794.481201
35.323456 561.372925 2778.864746
208.709091 558.406799 2747.296631
270.389130 259.751343 2788.822021
275.032410 -38.328857 2683.730225
-138.062180 564.339050 2810.432861
-192.286346 218.943024 2800.515625
-208.009277 -73.286835 2686.352783
27.297054 320.756348 2757.388672
129.022339 78.262222 2715.930176
158.999466 -400.144653 2778.616211
134.542694 -847.707336 2676.716064
-90.481041 82.017288 2755.895020
-45.818836 -397.127869 2798.241211
-14.333252 -865.753052 2693.622070
0.091248 -0.434296 -2.776611
-4.545624 0.035217 -7.298096
40.546257 790.992065 2799.715088
34.787956 559.059143 2780.031250
208.177765 556.350525 2748.452881
269.650177 259.936340 2788.378174
276.289856 -36.567291 2679.080566
-138.601837 561.767761 2811.609619
-190.794495 226.419983 2798.545654
-205.867523 -68.464478 2688.544189
26.609554 318.711670 2755.741211
128.186142 76.649658 2711.462158
162.761139 -400.216675 2782.490967
135.594543 -850.121521 2675.950439
-91.323837 80.078735 2751.440186
-45.305931 -397.473877 2807.921631
-12.802700 -868.826965 2680.140381
1.257446 1.761566 -4.649658
1.051849 -2.414185 -0.765625
40.655186 786.537354 2791.318115
34.643845 554.153503 2776.254395
207.672226 551.158447 2742.824951
269.452209 258.638763 2787.736572
276.419342 -34.577393 2670.183594
-138.384537 557.148499 2809.683838
-193.377365 220.696503 2796.770752
-208.044968 -71.063812 2683.037842
26.482601 313.476288 2755.575439
127.854332 70.903152 2713.734375
162.087296 -405.094055 2790.701660
134.382599 -853.997742 2680.965332
-91.211632 74.695023 2756.058594
-44.082447 -401.306335 2824.107666
-9.367855 -874.826416 2681.902100
0.129486 1.989899 -8.896973
-1.211945 -3.876221 5.014893
41.822399 786.926636 2787.625977
35.672451 554.179199 2774.293701
209.266571 550.909485 2744.114258
269.129364 253.765320 2784.542480
281.049957 -36.482025 2660.332764
-137.921661 557.448914 2804.473145
-193.655167 222.188446 2794.529297
-208.773895 -71.159454 2681.292969
27.803343 313.349640 2755.122559
129.835403 70.450043 2716.844971
161.560577 -406.706818 2787.455566
138.824982 -848.570312 2683.460449
-89.966942 74.590118 2755.057861
-44.678185 -402.587891 2816.731201
-7.519741 -871.334229 2668.655029
4.630615 -1.904633 -9.850830
4.442383 5.427429 2.495117
41.804779 786.134644 2786.776123
36.011940 553.355347 2774.062744
209.757904 550.609558 2744.620361
270.657440 251.875061 2786.456055
280.216644 -36.897034 2658.494629
-137.734039 556.101074 2803.505127
-198.855286 213.580383 2793.240234
-206.965485 -78.787994 2681.280029
28.987017 312.473053 2755.071777
131.933655 69.852875 2717.445312
158.391022 -409.389832 2773.014404
147.468933 -862.567139 2711.274170
-88.009460 73.328705 2754.716309
-43.158600 -403.736938 2818.385742
-6.923397 -867.868774 2675.985107
-0.833313 -0.415009 -1.838135
8.643951 -13.996826 27.813721
41.064949 789.068970 2786.365967
36.129951 555.772095 2773.590088
210.067108 553.273804 2745.234375
269.672577 251.710083 2785.698975
279.870544 -35.102814 2653.379883
-137.807220 558.270386 2801.945801
-195.937973 211.783997 2794.106689
-209.353302 -79.056976 2682.435791
29.524769 314.895020 2754.295898
133.017990 72.436554 2717.053223
161.289673 -405.898468 2779.933105
141.778137 -853.892334 2697.964355
-87.178810 75.599274 2752.950195
-43.344566 -403.613220 2792.346680
-12.906485 -867.786255 2723.904785
-0.346100 1.794220 -5.114746
-5.690796 8.674805 -13.309814
39.592415 793.085022 2786.101074
34.712502 559.401611 2774.679199
208.635696 557.019714 2746.185547
269.153778 254.715149 2785.767578
276.839508 -27.352570 2643.770996
-139.210678 561.783508 2803.172852
-193.486877 207.387207 2797.009277
-207.396606 -82.413696 2684.087402
28.369122 318.458099 2756.101318
132.115189 76.006882 2719.487549
158.067062 -402.324768 2784.140625
137.954071 -851.163452 2689.618652
-88.063721 79.022263 2755.559326
-45.050060 -398.869141 2810.147217
-13.749285 -867.607788 2703.924805
-3.031036 7.750244 -9.608887
-3.824066 2.728882 -8.345703
39.779137 793.031372 2785.505371
34.925293 559.387695 2774.516602
208.736099 557.062500 2745.327148
270.540894 259.190887 2785.868896
272.405609 -17.827576 2634.315186
-138.885513 561.712952 2803.706055
-191.615753 222.127289 2800.223389
-206.770432 -68.156281 2682.269287
28.644749 318.411591 2756.314941
132.385391 75.963608 2719.636475
162.387085 -401.851807 2786.585205
136.214935 -854.408691 2683.288818
-87.656998 78.907333 2756.590088
-44.807625 -399.231995 2811.687744
-11.002808 -869.640015 2692.248779
-4.433899 9.524994 -9.455811
-1.739136 -3.245239 -6.329834
40.411098 792.786438 2785.343994
35.521858 559.474243 2774.532959
209.344147 557.230591 2745.391113
269.787659 261.057129 2784.641846
265.628357 -7.482056 2619.136475
-138.300415 561.717896 2803.674805
-188.322281 216.032196 2801.717773
-208.155411 -69.908875 2676.698975
29.286037 318.529541 2755.888916
133.078568 76.164581 2718.798340
163.126450 -401.332489 2788.201904
136.165146 -852.980408 2680.229004
-86.978149 79.005035 2755.691406
-43.772396 -400.823547 2784.946777
-13.528179 -867.709229 2738.595947
-6.777252 10.345520 -15.178711
-0.049789 1.428284 -3.059814
40.881882 791.412720 2784.641113
35.479034 558.065369 2773.871094
208.859131 555.979980 2742.284424
272.394409 245.530365 2782.310303
260.929260 -1.123779 2586.959961
-137.901062 560.150696 2805.457764
-191.657074 212.013428 2802.866943
-208.813965 -73.772919 2669.865967
29.244450 317.094513 2755.558350
132.769943 74.803513 2717.249268
161.127777 -402.575439 2788.282471
134.440094 -855.428528 2676.873779
-86.750229 77.443832 2757.241943
-46.668751 -401.788879 2800.635010
-11.864292 -868.969177 2711.670166
-4.699097 6.358276 -32.176514
-1.725052 -2.448120 -3.355225
40.372494 789.599365 2785.300293
36.380558 556.792236 2773.993408
210.107269 554.932678 2744.368652
270.700012 232.767609 2782.673096
254.659088 18.257111 2556.716309
-137.346161 558.651733 2803.618164
-190.940338 221.786865 2801.692139
-209.431641 -64.955017 2667.168701
30.572376 315.859772 2755.056152
134.734741 73.750244 2717.366211
163.985580 -403.065491 2791.753418
136.346619 -854.585205 2676.821533
-85.206360 76.104431 2754.871582
-42.008846 -404.097992 2781.499756
-14.264786 -869.873291 2741.041748
-6.270172 19.380890 -30.243652
1.906525 0.843323 -0.052246
39.530064 790.594727 2785.117188
36.157833 557.534241 2773.618164
210.105667 555.809448 2745.277832
278.846619 231.384460 2794.851318
244.785980 61.356918 2538.775879
-137.789993 559.259033 2801.958496
-191.978973 218.392242 2800.826660
-208.800858 -68.967102 2665.315918
30.730042 316.570068 2754.968750
135.408142 74.514130 2718.380371
162.590546 -402.419922 2792.854004
135.860916 -850.498535 2677.868652
-84.803635 76.697662 2754.258301
-43.857422 -403.984406 2781.309814
-16.151333 -868.782104 2753.373535
-9.873108 43.099808 -17.940430
-0.485703 4.086670 1.047119
39.858833 793.588257 2786.031006
36.454079 560.792236 2774.217773
210.377563 559.597778 2745.659668
273.369598 249.731140 2800.416016
234.806229 126.511719 2521.514648
-137.469391 561.986694 2802.775879
-193.538391 215.156982 2798.935303
-208.973053 -73.395905 2665.279785
31.722054 319.820679 2755.477783
137.079712 78.093079 2718.661133
166.086578 -398.244873 2796.171875
136.269135 -847.551514 2675.221924
-83.099655 79.605164 2754.814453
-39.003784 -401.222717 2775.428711
-21.735823 -866.015503 2765.264160
-9.979752 65.154800 -17.261230
0.408218 2.947021 -2.646729
41.667290 790.777100 2786.501709
38.419815 557.874268 2772.973633
212.501099 556.998230 2745.373779
271.185425 261.870148 2800.739990
213.774261 204.433807 2510.327393
-135.661469 558.750305 2800.573486
-190.095367 223.162476 2799.239014
-209.865616 -67.069275 2669.704346
34.027435 317.005554 2752.915039
139.828049 75.582306 2715.385742
163.282593 -402.192383 2784.981934
138.094391 -853.051086 2672.679688
-80.557938 76.691376 2750.327148
-38.586441 -404.442780 2770.586426
-23.112705 -869.129639 2760.260254
-21.031967 77.922089 -11.187256
1.825256 -5.499573 -2.542236
42.214279 790.007141 2796.205811
39.622871 557.869995 2775.962402
213.992661 557.365295 2750.290771
267.617310 259.951904 2794.377441
201.443527 283.418640 2516.159424
-134.746933 558.374695 2801.634033
-190.963013 226.754791 2803.626709
-209.868713 -63.441315 2673.661621
35.298126 317.468445 2751.313721
141.354614 76.747391 2710.414307
160.049454 -401.163147 2780.731445
137.203491 -849.598511 2669.494385
-79.407837 77.386368 2742.915771
-42.790546 -404.069580 2766.099854
-20.192314 -868.374756 2758.481201
-12.330734 78.984833 5.832031
-0.890900 3.452576 -3.185303
43.099754 787.394775 2790.052002
39.728706 555.491150 2772.816406
212.879425 555.104309 2740.558350
282.868805 254.017334 2777.687988
190.691772 363.264740 2538.205322
-133.421997 555.877930 2805.074463
-191.032684 229.472931 2805.670654
-210.341614 -62.049438 2678.694580
35.190102 314.786957 2751.341064
140.330780 73.837753 2709.432373
158.184860 -402.923279 2787.232178
134.795074 -853.277466 2674.242432
-79.027779 74.327805 2750.299072
-48.367996 -403.842773 2805.601807
-15.320980 -873.103271 2727.322510
-10.751755 79.846100 22.045898
-2.408417 -3.678955 4.748047
41.934982 788.672180 2796.802979
38.748882 557.430298 2774.649902
210.579514 558.401978 2736.216797
294.887756 252.480072 2750.828369
184.730835 432.361023 2571.432129
-133.081772 556.458679 2813.083008
-187.059341 219.766815 2806.334961
-209.682480 -70.539886 2681.564209
34.761616 316.936584 2750.743164
139.575195 77.058090 2702.501221
157.102570 -400.405396 2776.150879
134.165344 -847.934814 2664.164062
-78.026482 75.827621 2751.171631
-44.077816 -404.018860 2790.206787
-14.859301 -870.400208 2738.287354
-5.960938 69.096283 33.226807
-0.629730 5.342651 -10.078369
42.478237 788.027588 2800.994873
36.350727 557.707397 2776.514893
207.537704 556.815308 2735.068115
299.935608 260.718475 2715.951660
180.678177 486.993927 2590.023926
-134.836227 558.599609 2817.961670
-193.540771 213.397980 2801.691650
-209.734131 -77.498383 2682.061768
28.873390 317.497864 2750.802002
129.723190 76.723755 2698.861572
150.409760 -398.367950 2785.022217
125.646561 -852.931091 2668.411377
-86.931099 77.852844 2751.316650
-56.019650 -403.288513 2778.696045
-25.160339 -868.299866 2758.045166
-4.052658 54.632904 18.591797
-8.518784 -4.996277 4.247314
42.794842 783.986084 2792.340820
35.912445 553.836426 2772.964600
206.156418 552.189453 2727.742432
298.012207 270.888977 2677.968262
172.420776 521.840088 2592.471191
-134.331528 555.483459 2818.186768
-193.721802 207.665344 2802.855957
-209.635147 -81.171478 2685.590332
27.886766 313.239929 2751.513672
127.613388 71.600967 2701.440430
154.189713 -403.339111 2787.213135
133.599670 -855.928955 2678.589355
-87.891220 73.685867 2758.685059
-47.066673 -406.992981 2784.486328
-17.878887 -871.458313 2767.951660
-8.257401 34.846161 2.447266
7.953110 -2.997864 10.177979
44.127312 782.396606 2799.989014
34.531883 553.185547 2776.986572
204.139420 551.463013 2729.301270
295.983948 285.924255 2642.996338
159.755478 547.408203 2586.888428
-135.075638 554.908081 2824.671875
-198.880600 206.349609 2801.946777
-209.950241 -82.961761 2687.419434
25.145142 312.945831 2752.277832
123.098152 71.615997 2697.390381
154.134628 -403.878296 2778.639160
131.296478 -851.366089 2673.447266
-91.581360 73.796234 2757.747803
-48.730824 -407.221832 2774.188477
-22.309381 -871.602722 2765.292725
-12.665298 25.568115 -5.582764
-2.303192 4.562866 -5.142090
44.232204 781.816101 2802.864502
34.809692 553.032410 2778.810303
204.546066 551.183594 2731.455811
296.003540 304.458008 2609.026611
147.277008 565.480774 2561.322266
-134.926682 554.881226 2826.164795
-202.931534 203.671509 2800.491455
-212.177917 -84.192139 2685.553467
24.823391 312.977051 2752.388184
122.258507 71.751617 2695.996826
158.372742 -402.214203 2783.724609
134.570465 -849.564819 2675.342285
-92.584328 74.091766 2755.935303
-47.697540 -405.114807 2794.408447
-15.774963 -871.047852 2718.784912
-12.478470 18.072571 -25.566162
3.273987 1.801270 1.895020
44.361332 786.424683 2804.348145
34.196190 557.036804 2781.667969
203.951630 554.873352 2734.327393
294.007446 326.219788 2572.468750
131.392395 577.832703 2510.195312
-135.559235 559.200256 2829.008545
-206.459747 206.852905 2799.200684
-214.889526 -82.888306 2684.880127
24.065672 316.856201 2756.317871
121.379585 75.306290 2701.004150
156.696014 -398.964966 2787.746094
135.305893 -846.791992 2682.358154
-93.509270 78.044937 2760.931396
-47.405788 -399.812805 2813.592773
-12.811035 -867.714661 2698.264648
-15.884613 12.351929 -51.126953
0.735428 2.772827 7.015869
44.388992 790.665405 2815.909424
34.215080 562.098450 2787.708496
204.786163 559.282043 2743.520752
283.044342 349.635132 2547.236084
119.953171 587.190491 2452.531494
-136.356018 564.914795 2831.896240
-205.493195 222.288116 2806.340332
-216.593674 -67.197693 2685.745361
22.702477 322.438141 2758.543457
119.175110 80.994858 2701.404053
157.011414 -392.495605 2791.373779
132.381912 -844.997192 2677.120361
-96.795357 84.560837 2757.352783
-48.237404 -394.759521 2785.571533
-20.129627 -860.849731 2733.159912
-11.439224 9.357788 -57.663818
-2.923981 1.794800 -5.237793
44.304768 786.772766 2810.263184
33.789120 558.332581 2787.985352
205.542191 554.843628 2748.969238
268.974915 376.283752 2519.125244
109.057709 595.718811 2386.201172
-137.963943 561.821533 2827.001465
-204.246368 232.766022 2810.433594
-217.109528 -56.969421 2687.617432
22.968147 318.292236 2761.815918
120.904785 76.042572 2710.940674
158.971588 -397.985535 2798.024902
137.505722 -856.277344 2687.406006
-96.610428 80.461212 2760.352295
-42.554817 -399.040802 2780.068115
-19.757387 -864.220825 2762.230469
-10.895462 8.528320 -66.330322
5.123810 -11.280151 10.285645
43.501846 786.939880 2809.083740
34.970837 557.397888 2788.320068
206.902832 554.652222 2749.817383
246.465897 412.655457 2489.561279
97.858322 594.267700 2313.115723
-136.961182 560.143616 2826.822754
-204.890747 231.513794 2811.092529
-217.767426 -57.129547 2684.324463
25.448887 317.202515 2762.929199
124.730293 75.269577 2713.172607
160.082123 -401.277832 2784.993408
139.790054 -850.458496 2679.651123
-92.876427 78.744675 2761.904053
-38.006279 -400.012390 2795.066650
-11.221106 -864.755249 2718.666260
-11.199387 -1.451111 -73.085449
2.284332 5.818848 -7.754883
45.697128 783.856445 2797.023926
38.417622 554.279175 2783.818604
210.906052 550.805237 2747.930908
224.189590 456.298676 2474.273682
93.410721 580.656494 2244.758789
-134.070816 557.753113 2819.706299
-208.985229 220.287750 2809.548584
-217.984421 -68.464966 2682.909424
29.388988 313.610413 2763.721191
129.543015 70.742722 2720.907227
166.180283 -404.486145 2800.805420
141.272018 -855.362732 2686.474365
-88.822289 75.140610 2766.340332
-36.285416 -404.679077 2783.257812
-15.656324 -869.377686 2747.260254
-4.447601 -13.611206 -68.356934
1.481964 -4.904236 6.823242
47.345329 779.778198 2790.974854
41.125519 549.837830 2781.553711
212.954483 546.527344 2742.630615
196.622391 492.670044 2461.122803
99.618813 563.182495 2195.853760
-130.703445 553.148315 2820.476807
-210.964172 212.621155 2808.267334
-217.082764 -76.412109 2682.327393
32.674648 308.883667 2764.740723
132.993835 65.833923 2723.288818
165.565033 -410.339996 2799.685791
139.733063 -855.346680 2679.747803
-84.546272 70.025085 2772.566650
-38.063992 -410.784302 2779.992920
-14.119253 -875.151611 2758.124756
6.208092 -17.473999 -48.905029
-1.538956 0.016052 -6.726562
49.111641 781.891235 2797.968506
41.012245 552.105957 2783.916504
211.150223 549.042297 2738.536621
177.252625 524.290222 2454.582031
105.796570 548.285095 2168.477783
-129.125717 555.169617 2829.296387
-211.036713 207.854797 2807.662354
-212.996826 -81.000885 2683.846680
31.385368 311.418884 2764.072754
129.517807 68.791397 2715.487061
157.949539 -409.092285 2781.831787
132.640228 -846.746887 2670.388428
-86.000832 72.672195 2772.970947
-46.698044 -407.991211 2798.130615
-15.683372 -867.383484 2711.366699
6.177757 -14.897400 -27.375977
-7.092834 8.599792 -9.359375
49.210060 788.975830 2812.419922
40.584877 559.136169 2790.580078
210.120392 557.593872 2742.735352
170.072632 531.614868 2452.776367
109.116913 540.559448 2156.932129
-128.950623 560.678467 2838.424805
-206.149750 222.194122 2812.403809
-203.863922 -68.089020 2689.664551
31.030575 319.103027 2764.462891
128.761200 78.093872 2708.068848
160.443375 -398.449768 2782.259766
134.917526 -839.578674 2669.633789
-85.808647 80.045898 2768.622559
-47.222889 -399.693573 2808.908447
-11.925037 -862.612061 2690.626953
3.320343 -7.725647 -11.545654
2.277298 7.168213 -0.754639
48.398262 784.572632 2808.175537
40.720058 555.079163 2788.536621
210.900818 553.647583 2742.898926
165.526688 532.800171 2449.897217
103.805145 538.638611 2150.335693
-129.460693 556.510742 2834.174316
-200.400299 233.915314 2819.861816
-202.457550 -52.386108 2687.438965
32.053955 314.821594 2763.757812
131.090790 73.658020 2710.096191
165.123459 -400.074097 2798.860840
138.148651 -853.395447 2678.552734
-84.315094 75.470032 2767.861816
-45.237514 -405.327332 2790.165039
-13.791414 -868.794067 2734.933105
-5.311768 -1.920837 -6.596436
3.231125 -13.816772 8.918945
47.514431 783.410767 2806.983887
40.923355 553.276611 2787.263916
211.183960 551.967102 2741.795166
161.231415 537.919495 2449.408936
98.959686 538.814941 2147.016846
-129.337250 554.586060 2832.732666
-198.981567 232.895721 2822.028076
-208.345825 -49.211792 2680.940674
32.604649 312.921265 2763.036133
132.041397 71.737183 2710.031982
162.349792 -404.099792 2788.449707
134.867325 -853.904541 2677.204590
-83.469528 73.394714 2767.584717
-42.373974 -407.783722 2780.358154
-17.707094 -871.769226 2756.213623
-4.845459 0.176331 -3.318848
-3.281326 -0.509094 -1.348145
46.929970 785.931519 2805.441895
40.681553 555.701965 2787.289551
210.227768 554.943542 2739.231201
160.620087 538.967957 2446.189209
96.122360 536.211243 2145.494873
-128.864639 556.460327 2835.347900
-203.982819 220.939240 2817.511719
-208.912796 -64.253265 2681.344971
33.043175 315.206360 2764.137207
132.730820 74.230698 2710.562988
161.801010 -401.768677 2789.345215
135.179092 -849.996826 2678.238281
-81.921219 75.190842 2771.406738
-42.027340 -406.371216 2777.762695
-16.763628 -870.250122 2775.422607
-2.837326 -2.603699 -1.521973
0.311768 3.907715 1.033691
47.033489 790.771729 2806.164795
40.723385 560.475586 2787.414307
209.563431 560.193604 2736.925781
159.305313 545.485291 2445.083496
94.714157 538.187988 2143.557861
-128.116653 560.757568 2837.902832
-202.526077 229.663208 2820.653320
-211.815704 -57.721588 2688.756592
33.367416 319.971985 2764.158203
132.887527 79.289917 2708.942871
162.997726 -396.106903 2791.254639
134.407104 -848.680420 2676.734375
-80.864632 79.646851 2772.861328
-44.339569 -400.712311 2803.782227
-14.117260 -865.572144 2728.770996
-1.408203 1.976746 -1.937012
-0.771988 1.316406 -1.503906
45.561382 792.571045 2807.033936
39.177452 562.422974 2788.511475
207.264847 562.469604 2735.571045
158.150055 551.244568 2444.030273
92.229813 540.300598 2143.303223
-128.909927 562.376343 2841.451904
-194.805573 234.863373 2824.071045
-211.083572 -52.863464 2693.306152
31.971230 321.894287 2765.419678
131.164810 81.395111 2708.816406
162.697388 -392.884491 2796.877197
132.901062 -847.263123 2678.547363
-81.634789 81.336090 2775.839355
-42.910858 -399.654144 2785.488281
-20.384766 -864.355713 2753.272949
-2.484344 2.112610 -0.254639
-1.506042 1.417297 1.812988
46.123306 793.064514 2806.979492
38.382652 563.028442 2788.655518
206.113129 562.647888 2734.550049
160.581726 549.613342 2445.002686
89.946205 544.505188 2144.687744
-129.347839 563.409058 2842.760986
-194.921799 239.453888 2825.201172
-210.942154 -48.474762 2694.507812
30.340046 322.539581 2765.414551
128.462631 81.809814 2707.927490
157.162399 -394.745544 2782.863525
133.107285 -847.267456 2677.943604
-83.867760 82.291565 2776.419678
-47.200592 -398.493195 2801.334229
-15.538986 -867.067993 2713.235840
-2.283607 4.204590 1.384521
0.206223 -0.004333 -0.603760
45.373817 788.093689 2795.963623
38.959747 557.326538 2784.333252
206.960266 555.780334 2731.074463
160.276031 551.796936 2443.483643
89.096947 546.451294 2142.064209
-129.040741 558.872681 2837.592041
-192.603210 240.967194 2826.223389
-208.217758 -44.883270 2690.927002
30.790749 316.491791 2765.556641
128.962997 74.678360 2713.068115
159.097107 -401.701172 2789.273682
136.380478 -853.975830 2681.043945
-83.719505 76.635757 2780.491943
-42.422684 -404.333008 2786.791504
-18.351973 -870.900757 2746.056396
-0.849258 1.946106 -2.623535
3.273193 -6.708374 3.100342
43.732807 782.209473 2791.426270
37.663837 551.315186 2781.256592
205.656357 550.089111 2727.936035
162.621933 546.906250 2440.715820
88.366219 548.176086 2141.551758
-130.328659 552.541260 2834.577148
-190.580414 235.039612 2824.119629
-209.383942 -48.282288 2684.012451
30.387323 310.331177 2763.872559
129.445267 68.571045 2712.738037
159.109634 -409.129547 2780.229248
136.433807 -852.036499 2675.626709
-83.223648 70.123230 2780.239014
-42.258209 -411.192963 2777.963623
-18.371298 -876.619751 2756.088623
-0.730728 1.724792 -0.512451
0.053329 1.939331 -5.417236
43.094620 778.515808 2787.655273
37.500771 548.013489 2778.883545
205.373169 546.876465 2725.170898
163.799927 539.957336 2437.323242
87.139725 549.463257 2142.014160
-130.371613 549.150452 2832.596191
-192.761734 229.480560 2825.489258
-212.670135 -50.414825 2678.863770
30.738888 306.911316 2762.854004
130.238098 65.089462 2712.824951
160.944000 -412.362122 2782.061768
137.281143 -850.944092 2680.091797
-82.284103 66.528854 2780.823975
-45.676983 -414.216492 2802.931152
-12.974548 -874.653564 2716.280518
-1.226494 1.287170 0.462402
0.847336 1.092407 4.465088
42.836704 780.248108 2785.772461
37.873779 549.418579 2777.760742
205.533783 548.280151 2723.384766
165.389069 533.480652 2438.116699
86.932289 551.505676 2144.030029
-129.786224 550.556885 2832.136719
-197.378677 218.240112 2819.739258
-214.834641 -65.206573 2676.244873
31.306316 308.249908 2762.560059
130.867249 66.360687 2712.939453
161.188660 -411.690887 2778.238525
137.380402 -845.959412 2678.639404
-81.389542 67.801849 2781.779297
-46.648426 -412.954102 2812.528076
-11.052464 -868.759766 2693.334961
-0.207436 2.042419 2.015869
0.099258 4.984680 -1.452393
42.553154 783.042664 2785.823975
37.687897 551.680908 2778.390869
205.222565 550.600525 2723.623535
168.161575 528.250000 2434.474121
87.921135 553.025085 2150.172852
-129.846771 552.761230 2833.158203
-195.380081 223.374329 2820.575439
-208.469604 -61.489502 2677.656006
31.246967 310.487671 2763.445801
130.854874 68.610580 2713.833252
161.077133 -408.498169 2785.621826
136.363968 -846.865662 2677.168945
-81.242790 69.978317 2783.168213
-46.296841 -410.704834 2818.208252
-11.318771 -867.341492 2684.616943
0.988846 1.519409 6.142822
-1.016434 -0.906250 -1.470459
42.187153 784.398865 2795.880615
37.552124 553.433960 2782.902100
205.896881 553.849243 2730.756104
189.605255 511.143890 2441.248291
87.750488 556.266174 2160.908447
-130.792664 553.018738 2835.048096
-194.043549 227.389984 2821.200195
-204.120453 -59.491119 2681.215332
32.353905 312.502197 2764.201904
133.733948 71.833282 2712.488281
164.619965 -404.227448 2790.621094
139.572464 -847.332214 2672.793945
-79.422569 71.307526 2778.515137
-42.247482 -409.885132 2789.343750
-12.282005 -870.309937 2720.540039
-0.170647 3.241089 10.735596
3.208496 -0.466553 -4.375000
42.017632 782.825134 2800.404785
37.831577 551.994446 2783.730225
207.203781 553.283264 2735.135742
202.333160 496.091797 2448.635986
87.439171 558.913879 2178.294678
-131.540634 550.705566 2832.324707
-191.219528 228.175781 2820.496826
-201.913376 -58.696198 2680.011963
33.412754 311.309937 2761.945312
136.222916 71.441422 2709.395508
167.209991 -404.567688 2788.043213
138.825531 -849.654053 2673.452393
-78.235062 69.809464 2770.925293
-43.428646 -411.949646 2771.905762
-17.793976 -874.333252 2741.523926
-0.311317 2.647705 17.386230
-0.746933 -2.321838 0.658447
43.303471 784.275757 2813.079590
38.047794 554.765076 2788.022949
208.363602 556.590454 2742.904541
211.228287 469.590302 2454.814209
87.274895 563.496033 2196.005127
-132.268021 552.939697 2833.141357
-194.258636 228.728302 2818.953125
-200.122177 -59.066132 2679.905762
33.192223 314.800720 2759.985596
136.153030 75.991882 2703.386475
162.380692 -400.522705 2780.656738
134.576187 -842.564453 2670.749268
-79.479729 73.680847 2760.510010
-46.803505 -408.457245 2762.802246
-19.214024 -871.571533 2752.796143
-0.164276 4.582153 17.710449
-4.249344 7.089600 -2.703125
43.150364 784.868042 2819.886230
37.255238 555.605957 2790.798828
208.434692 557.108643 2749.074219
221.652863 440.820557 2460.410156
86.670853 570.770813 2227.139648
-133.924225 554.103210 2832.523438
-195.249710 232.070007 2819.143555
-202.866837 -57.577484 2683.979492
31.637589 316.089142 2759.125488
134.378372 77.523590 2701.040039
161.979935 -397.297089 2787.320312
132.982422 -847.494324 2674.530518
-82.338486 75.621124 2753.864258
-48.074348 -406.327332 2764.908203
-20.910137 -869.946655 2761.127441
-0.604042 7.274780 31.134521
-1.593765 -4.929871 3.781250
41.730965 786.051208 2823.367432
36.987576 556.872742 2791.855713
208.350510 559.519775 2750.827637
235.824463 412.916870 2477.218262
88.981461 572.529663 2263.957764
-134.375381 554.225708 2832.883789
-198.125000 220.023041 2815.089111
-204.075668 -70.238831 2680.122559
32.439613 317.691406 2757.428711
136.347321 80.185379 2697.035156
161.187012 -395.892761 2777.026855
137.309540 -846.333252 2675.941406
-80.564018 76.834732 2748.968262
-42.743248 -404.802795 2764.253662
-18.195492 -868.771973 2766.214111
2.310608 1.758850 36.818115
4.327118 1.161072 1.410889
41.055199 787.910278 2815.164795
36.501774 558.866272 2788.364746
208.334900 561.023376 2749.288818
247.890564 386.442932 2499.105225
92.132507 567.067505 2301.509521
-135.331360 556.709106 2827.440674
-195.631500 225.703308 2818.862549
-207.319504 -62.574036 2679.750244
32.492416 319.187347 2757.502686
137.249130 80.873856 2701.906494
161.201889 -393.948120 2789.262939
136.054428 -849.800781 2681.832520
-80.283012 78.143021 2751.374756
-42.757900 -400.115845 2800.465088
-14.684187 -868.687439 2723.443115
3.151047 -5.462158 37.551758
-1.255112 -3.467529 5.891113
38.200775 788.965576 2809.497070
35.553185 560.388489 2785.228516
206.490479 563.957031 2742.612305
258.971863 360.248169 2522.532471
97.720230 555.900391 2346.039062
-135.384125 556.819946 2827.844727
-195.290146 218.329010 2817.901855
-206.740601 -73.292206 2681.199219
33.529068 320.353851 2757.009766
139.725586 82.578445 2701.810547
161.250519 -393.177795 2784.764893
139.079056 -850.050659 2677.388428
-76.715675 78.059952 2755.771484
-39.743469 -402.065918 2785.913574
-13.361235 -868.433960 2751.703613
5.587723 -11.167114 44.529541
3.024628 -0.249878 -4.444092
35.907578 793.174072 2807.199463
33.855232 561.932983 2783.462158
203.996201 564.500000 2737.713379
267.500244 326.127258 2555.267578
110.786285 536.056030 2385.073242
-136.285721 559.365967 2829.210938
-193.933304 225.588165 2819.312988
-208.603500 -66.829498 2682.277100
30.301132 321.726318 2756.766113
134.448212 83.144592 2701.110596
155.325531 -392.058777 2787.494629
130.517426 -850.797485 2676.064697
-80.954155 79.894714 2759.029541
-44.478485 -401.246094 2773.910156
-28.030558 -866.526733 2769.202148
13.066055 -19.844360 39.034180
-8.561630 -0.746826 -1.323730
36.091690 798.837402 2808.078125
32.234501 565.203552 2783.606445
201.898041 566.277832 2736.007080
277.760590 298.554657 2594.634766
119.790207 505.314514 2418.667969
-137.429047 564.129333 2831.205811
-200.951874 219.799133 2818.172607
-207.234787 -76.416809 2685.968994
26.405367 324.980164 2757.407715
127.964798 85.436722 2701.080811
153.814056 -389.711670 2786.419189
128.889008 -848.384338 2675.339111
-86.812325 84.076797 2761.337158
-49.693695 -395.918274 2796.373291
-23.762491 -863.999695 2725.273193
9.003922 -30.741516 33.594727
-1.628418 2.413147 -0.725586
35.827042 787.781250 2795.979248
31.906427 554.651428 2776.804688
202.360977 554.685059 2732.127930
295.846069 276.753662 2637.308105
137.415253 459.170807 2448.151855
-138.548111 554.617798 2821.481445
-202.145706 230.236572 2812.463867
-200.865860 -70.666260 2689.853027
26.078243 314.061005 2754.387451
128.151321 73.491882 2703.688965
161.921539 -401.376617 2787.578125
135.349136 -861.785522 2678.781982
-87.651199 73.449280 2760.251465
-45.136101 -406.882874 2788.142090
-19.002094 -872.232788 2733.730469
17.625046 -46.143707 29.483887
6.460129 -13.401184 3.442871
35.877132 786.125366 2789.450439
31.776997 552.401306 2774.238770
202.730408 551.291504 2731.477539
307.906952 270.863403 2691.641357
149.317444 412.812317 2472.681152
-139.176392 553.511108 2817.000000
-204.849335 223.005157 2808.468750
-199.560379 -78.553650 2686.302246
25.347681 311.565186 2754.786133
127.125160 70.026581 2708.267334
159.016968 -406.122314 2785.316406
134.095703 -852.901855 2683.167236
-89.288429 71.431549 2762.399658
-46.980968 -408.186188 2802.074219
-15.192472 -864.805786 2712.566162
11.902191 -46.358490 24.529297
-1.253433 8.883667 4.385254
36.552052 788.917664 2786.186035
32.245251 554.607178 2772.816650
203.621033 553.242126 2731.737549
303.951294 273.926575 2733.826416
168.419525 355.470032 2475.710693
-139.130524 555.972168 2813.895752
-205.391541 222.049683 2806.421631
-199.557510 -80.847382 2686.950439
25.881226 313.678833 2754.272949
127.991074 71.886490 2709.727783
158.584457 -405.214722 2781.326172
136.433609 -848.868164 2678.768311
-88.956680 73.614517 2761.730713
-45.677551 -406.907959 2784.666748
-14.729595 -867.154419 2743.363770
19.102081 -57.342285 3.029541
2.337906 4.033691 -4.398926
34.846020 794.489990 2785.540039
30.807274 559.282959 2773.390137
202.360641 557.732727 2733.008545
282.982239 273.956512 2768.416992
181.604767 290.940765 2488.739014
-140.746109 560.833191 2813.771729
-202.701462 216.033752 2808.161133
-205.736404 -81.936920 2685.941162
24.402960 318.300690 2755.434082
126.584198 76.337173 2711.918213
156.011032 -400.796509 2784.057861
133.379822 -846.416382 2681.859375
-90.586906 78.299637 2763.037842
-49.869442 -400.874146 2806.113770
-13.653912 -867.980408 2709.321777
13.185242 -64.529266 13.028320
-3.053787 2.451782 3.091064
33.752197 790.054871 2775.747070
31.194729 554.838806 2768.668457
203.372513 552.697083 2731.149414
274.961975 271.957245 2790.205566
201.355682 213.235016 2505.925293
-140.983078 556.980530 2806.187500
-198.852402 225.302032 2810.828613
-207.855331 -72.314850 2692.612793
25.016880 313.640930 2754.086426
127.838753 71.087234 2715.752441
158.924362 -406.333862 2785.330566
136.146927 -855.689453 2681.209473
-90.160698 73.798904 2763.256348
-49.625847 -405.379089 2809.917969
-11.085552 -873.329590 2693.730713
19.750916 -77.705750 17.186279
2.767105 -9.273071 -0.649902
34.861309 789.846436 2779.350830
31.581007 555.665894 2770.052490
204.113770 553.114990 2734.187988
268.994873 263.480591 2801.119873
218.247269 141.086853 2530.471436
-140.951752 558.216797 2805.916992
-195.568222 227.235077 2812.637451
-210.202133 -69.370636 2694.692871
24.672668 314.574097 2753.966797
126.972839 71.867661 2715.179932
154.415405 -406.630005 2778.301270
134.623596 -848.953003 2677.116455
-91.444183 75.096970 2760.582275
-46.131447 -404.917725 2787.148682
-18.681950 -871.184448 2731.684326
16.891586 -72.148163 24.546143
-1.523331 6.736450 -4.093018
36.175186 791.489746 2781.161377
31.803665 557.635681 2770.415283
204.549835 554.900574 2735.558594
269.716156 265.279297 2812.400391
236.199707 84.578354 2572.117432
-140.942474 560.370789 2805.271973
-191.397095 229.786224 2813.536377
-211.828461 -66.734100 2697.397461
24.503075 316.630310 2753.145508
126.545174 73.893692 2713.812500
157.449860 -403.695862 2781.988037
136.296310 -849.337402 2673.480957
-92.140213 77.356155 2757.938965
-45.319950 -403.164490 2774.633789
-18.744974 -868.310974 2753.057129
17.952438 -56.508499 41.645996
1.672714 -0.384399 -3.635498
36.854939 790.140137 2783.084961
31.946501 557.152588 2770.744141
204.640732 554.084229 2735.621094
268.812531 261.744843 2812.637695
248.154388 41.551331 2600.357666
-140.747726 560.220947 2805.867188
-188.974350 232.099274 2813.590332
-212.326004 -63.963654 2697.295410
23.996284 316.219543 2752.702637
125.357231 73.344299 2712.429199
158.232590 -403.925507 2782.130371
134.663513 -849.229126 2674.535156
-93.265099 77.228699 2756.893066
-43.483479 -403.262543 2771.227539
-21.267418 -868.094788 2763.456055
11.954681 -43.027023 28.240234
-1.632797 0.108276 1.054199
37.471756 790.001892 2783.477295
31.832775 558.082031 2771.322266
204.639282 554.977112 2736.741455
265.932007 255.970184 2809.410156
254.630386 7.204132 2624.951660
-140.973724 561.186890 2805.903076
-188.075562 232.382111 2813.471924
-212.932571 -63.771851 2697.927246
23.968666 317.114014 2753.659668
125.489265 74.180649 2714.107910
161.029999 -401.971924 2789.733643
136.523346 -849.009521 2677.093018
-93.280159 78.111374 2757.886230
-43.626385 -402.446838 2773.933594
-19.088144 -866.863525 2764.715820
6.475998 -34.347198 24.593994
1.859833 0.219604 2.557861
36.913342 790.557983 2783.696289
30.472801 557.386169 2771.634033
203.023468 553.717590 2735.863525
264.628967 253.691895 2807.318359
258.719818 -15.385376 2648.550293
-142.077850 561.054749 2807.404541
-187.589569 233.189880 2813.311768
-212.639923 -62.578949 2696.919678
21.786819 316.411346 2754.448730
122.327202 73.114243 2714.620361
155.851349 -403.979858 2785.060303
134.045212 -852.492798 2678.271240
-96.125534 77.758774 2759.906494
-43.975597 -402.640747 2774.082031
-25.031927 -867.182190 2772.618408
4.089432 -22.589508 23.598633
-2.478134 -3.483276 1.178223
37.070671 790.308228 2783.798096
30.607693 557.036194 2772.110352
203.320465 553.180481 2737.142334
263.229736 252.517761 2805.780518
262.532837 -29.812439 2667.096680
-142.105072 560.891907 2807.078369
-188.834412 230.520691 2814.224365
-212.155075 -64.668304 2696.084717
21.835079 316.032593 2755.355469
122.388885 72.588333 2716.465820
160.943848 -404.199951 2786.447998
135.651840 -852.243286 2680.217529
-96.263962 77.469681 2760.735352
-40.596848 -402.648010 2770.249512
-21.457165 -867.067017 2776.362305
3.813019 -14.427063 18.546387
1.606628 0.249512 1.946289
35.256111 788.146851 2772.871338
30.080130 554.039978 2768.958984
202.906784 549.595947 2734.626465
263.153961 249.577484 2801.947021
265.496796 -42.264252 2681.095947
-142.746536 558.484009 2803.291504
-190.187500 231.473022 2814.005371
-210.831970 -64.108124 2696.389160
21.687592 312.759888 2757.943359
122.694328 68.666748 2725.195312
162.874756 -406.822601 2802.508057
138.600006 -854.285278 2688.949951
-96.104225 74.292847 2768.660156
-41.925640 -406.028839 2778.093262
-19.864130 -870.350891 2780.249023
2.963959 -12.451813 13.999268
2.948166 -2.041992 8.732422
36.062984 785.533508 2777.917969
30.039072 552.362305 2770.336182
202.511627 547.569824 2734.340576
263.727142 247.331879 2794.864014
270.024963 -51.472687 2690.119141
-142.433472 557.154907 2806.331787
-195.027328 230.771484 2807.391113
-208.982697 -66.634460 2693.715088
20.568972 311.213287 2757.067871
120.278008 67.030426 2721.013428
161.166489 -409.326630 2792.438232
134.741882 -850.823547 2675.933350
-98.080269 73.098053 2766.585693
-48.238060 -406.779816 2792.756104
-16.975573 -869.276367 2719.099609
4.528168 -9.208435 9.023193
-3.858124 3.461731 -13.016602
36.925987 786.813721 2780.951416
29.748276 554.061096 2771.493896
202.309174 548.979065 2735.941162
263.446899 244.781219 2791.094971
269.606049 -57.174438 2693.090332
-142.812622 559.143066 2807.046631
-199.941666 228.607483 2802.532959
-208.865433 -69.221069 2689.425781
19.666698 312.985870 2757.021729
118.813599 68.693832 2720.045166
162.257782 -406.752991 2795.968994
135.623596 -844.435547 2679.570068
-99.643341 75.127487 2765.053955
-46.770725 -403.794067 2801.553711
-15.059723 -865.503906 2698.545410
-0.418915 -5.701752 2.971191
0.881714 6.388000 3.636719
36.033157 790.143433 2782.434082
29.545261 556.811646 2773.112061
201.879959 552.579956 2736.384033
264.688110 248.913483 2792.795898
269.790649 -54.708527 2698.411133
-142.789413 561.043335 2809.840088
-203.981430 219.792542 2801.275635
-207.255600 -77.183411 2689.649658
20.562830 315.675171 2758.748047
120.670326 71.860016 2721.134766
161.451630 -404.435181 2793.191406
138.880966 -845.883850 2678.838623
-97.509529 77.217377 2767.633301
-44.092113 -402.478394 2787.054199
-14.709038 -865.340881 2740.307373
0.184601 2.465912 5.320801
3.257370 -1.448303 -0.731445
36.360966 792.775269 2783.272217
29.501808 558.794556 2773.752686
201.813904 554.658447 2736.886719
265.257202 254.912659 2791.313721
269.184082 -50.120850 2700.706055
-142.810303 562.930664 2810.618652
-201.479233 226.237488 2799.013672
-208.416199 -70.062500 2687.447754
20.526382 317.682678 2758.853027
120.622108 73.952698 2720.617676
161.621719 -402.406647 2792.320312
136.978729 -847.425537 2675.853027
-97.520203 79.188904 2767.289062
-46.121147 -400.193665 2798.347412
-13.420128 -867.251221 2708.034668
-0.606567 4.587677 2.294922
-1.902237 -1.541687 -2.985596
36.994083 786.912109 2774.100098
30.148460 552.925903 2769.776855
202.627975 547.673828 2733.866211
269.529266 260.858765 2793.078125
268.148438 -43.740662 2700.619629
-142.331039 558.178101 2805.687500
-202.009232 230.273712 2797.642578
-207.301712 -66.493683 2688.059814
20.597084 311.642334 2759.190918
120.227890 67.034058 2725.873047
159.309174 -409.962433 2794.334717
136.614014 -857.161072 2681.834961
-98.136482 73.683411 2771.336914
-44.678288 -406.156860 2787.233398
-18.918404 -871.945312 2742.008301
-1.035645 6.380188 -0.086426
-0.364716 -9.735535 5.981934
37.914948 783.728821 2780.023682
30.809891 551.586609 2771.591064
203.599579 546.315613 2737.220215
267.148071 250.695435 2793.000977
268.441254 -51.602997 2693.289551
-141.979767 556.857544 2805.961914
-205.989471 216.623962 2795.823730
-205.360855 -75.932007 2678.695801
20.684410 310.499207 2757.660645
119.936775 66.075241 2721.973145
160.622772 -411.675476 2783.650635
136.726685 -851.588257 2673.897705
-98.818916 72.748398 2765.487305
-46.816616 -406.756287 2793.502930
-14.325039 -869.648987 2697.148193
0.292816 -7.862335 -7.330078
0.112671 5.572815 -7.937256
36.065697 784.116089 2771.976074
30.322416 550.923584 2768.863770
202.996414 545.681274 2733.889893
265.593140 244.915405 2791.093994
262.038177 -54.785583 2683.978760
-142.351578 556.165955 2803.837646
-207.990372 210.307037 2794.899658
-204.334518 -82.770172 2678.850830
20.935541 309.626099 2758.687988
120.848892 65.010254 2726.374268
160.466522 -412.572083 2790.222900
137.405884 -851.870789 2682.295654
-97.751556 71.646912 2770.650146
-42.904209 -408.106476 2787.754150
-15.375679 -871.611206 2746.973145
-6.403076 -3.182587 -9.310791
0.679199 -0.282532 8.397949
35.754601 785.468506 2767.447754
30.128420 551.518311 2768.622803
202.868225 546.026917 2734.000000
266.255920 245.633301 2792.423340
257.233826 -52.419464 2681.008057
-142.611389 557.009705 2803.245605
-206.999878 205.157135 2792.433594
-204.414474 -86.863495 2680.328369
21.050768 310.090515 2761.625000
121.315994 65.186707 2732.711182
160.492615 -412.649139 2795.044678
137.206177 -850.723267 2685.797363
-97.369766 72.138733 2776.543213
-48.304279 -407.121155 2810.970459
-12.839954 -871.266357 2711.312744
-4.804352 2.366119 -2.970703
-0.199707 1.147522 3.501709
35.269638 787.274414 2776.205811
29.736313 553.366211 2772.186279
202.683563 548.247009 2738.563477
265.906281 246.452789 2791.075684
254.461761 -50.451508 2676.648682
-143.210938 558.485413 2805.809082
-205.913727 216.236877 2795.144287
-203.189240 -78.004822 2684.225586
20.556240 312.069641 2761.704834
120.852974 67.532608 2729.939941
157.731155 -411.285461 2785.420410
136.410873 -848.106140 2675.975098
-98.100655 74.013565 2772.506836
-51.097340 -405.794800 2805.583008
-11.836449 -870.001953 2685.688965
-2.772064 1.967957 -4.359375
-0.795303 2.617126 -9.822266
35.466316 792.231079 2780.582520
29.786669 557.889404 2774.715088
203.077820 553.154663 2742.893066
265.803436 248.723724 2790.396729
251.333313 -47.352661 2674.069092
-143.504486 562.624268 2806.537109
-204.990112 223.298157 2796.766113
-202.709259 -70.448120 2682.272217
20.936434 316.649170 2762.414551
121.784332 72.411652 2729.969727
160.902054 -406.225159 2785.722168
137.360123 -845.840210 2677.890869
-97.611938 78.406158 2770.258301
-48.621941 -400.397614 2813.621338
-10.076252 -866.049805 2677.601562
-3.128448 3.098846 -2.579590
0.949249 2.265930 1.915771
35.086544 794.835876 2782.262207
29.062824 560.715149 2775.582520
201.996475 556.495605 2741.830566
264.135803 250.806274 2788.056396
251.613739 -45.755859 2672.651123
-143.870804 564.934692 2809.334473
-204.499603 214.648041 2794.399658
-203.698547 -77.148560 2683.413574
20.613964 319.490479 2762.450684
121.635674 75.594742 2727.953125
161.164337 -402.736023 2786.103027
135.063492 -850.169800 2672.907227
-97.305473 80.936844 2770.684570
-48.240906 -398.960022 2793.201172
-14.013016 -863.737793 2727.995850
0.280426 1.596802 -1.417969
-2.296631 -4.329590 -4.983643
34.801880 795.954224 2782.603027
29.703503 561.947449 2775.915039
202.323990 557.989502 2740.560059
264.850250 256.460449 2788.059326
250.103699 -40.116394 2672.908936
-142.917007 565.905396 2811.270020
-203.889603 225.532471 2798.276123
-206.337341 -68.526672 2687.781738
21.478338 320.707520 2762.762451
122.521492 76.962234 2727.230225
162.627350 -400.300842 2792.882568
136.998428 -849.308105 2674.226807
-96.015144 81.972977 2771.989502
-46.884064 -398.466614 2782.195068
-15.275646 -862.743469 2756.731201
-1.510040 5.639465 0.257812
1.934937 0.861694 1.319580
34.206635 796.620667 2783.358643
29.723940 562.426941 2776.069336
202.357834 558.663147 2740.717773
263.664490 255.790771 2787.344482
250.835815 -41.531952 2673.886230
-142.909958 566.190735 2811.420898
-201.334457 231.367004 2800.079834
-207.954453 -63.260956 2688.525391
21.639141 321.214722 2762.270020
122.826805 77.620102 2726.094238
158.889038 -400.834290 2784.821289
135.859436 -850.177490 2675.829346
-95.718117 82.384872 2770.847168
-46.195724 -398.288696 2774.802490
-18.674604 -862.568481 2759.584473
0.732117 -1.415558 0.977295
-1.138992 -0.869385 1.602539
33.091835 797.602661 2784.167480
28.296890 563.538940 2776.087646
201.043671 560.293884 2741.225586
263.332977 256.245667 2789.381836
249.634995 -39.331696 2671.607422
-144.449890 566.783997 2810.949707
-202.179169 233.742035 2800.346191
-208.748520 -62.328430 2691.223145
20.897867 322.327209 2761.877197
122.846123 79.061386 2725.599365
159.988708 -398.994080 2787.180908
134.310242 -850.955566 2678.905518
-95.848434 83.169601 2769.734131
-46.260090 -397.635742 2770.910645
-19.218300 -861.759277 2769.650879
-1.200821 2.200256 -2.278809
-1.549194 -0.778076 3.076172
33.070889 799.526978 2785.054688
27.900471 564.974060 2776.645508
200.507004 562.324768 2741.044922
262.893677 257.820221 2788.224609
249.490936 -39.033173 2673.653809
-144.706070 567.623413 2812.246094
-206.606369 222.853210 2801.702637
-207.466217 -73.096985 2691.337402
21.200394 323.760620 2762.111572
123.760406 80.870163 2725.042480
161.911652 -397.563171 2783.105957
135.600677 -848.870972 2677.636475
-94.759758 84.224167 2770.112793
-46.783154 -395.379517 2796.925049
-13.923168 -864.734497 2727.721191
-0.144058 0.298523 2.046387
1.290436 2.084595 -1.269043
34.331852 797.904480 2785.507812
28.466501 562.977844 2775.974365
200.916260 559.850891 2739.657227
262.655823 259.407837 2788.781982
255.697418 -38.792236 2677.350830
-143.983276 566.104797 2812.291504
-204.947205 229.157928 2801.760010
-202.519775 -68.958130 2697.097168
20.901833 321.828918 2760.817627
122.497864 78.700623 2722.672119
157.429810 -400.046783 2780.266357
133.599701 -849.997803 2675.704834
-95.823540 82.659363 2768.649658
-50.870220 -396.038544 2812.573486
-13.546558 -869.469543 2698.713867
6.206482 0.240936 3.697021
-2.000977 -1.126831 -1.931641
34.303425 800.148071 2795.704102
27.505089 565.861816 2780.241455
199.453384 563.057678 2741.655762
262.622162 257.009033 2790.743652
260.712646 -41.435272 2679.731445
-144.443192 568.666016 2818.827148
-204.175095 230.249634 2799.589355
-195.687302 -68.811829 2697.812500
19.257582 325.062073 2760.988525
119.861946 82.487137 2717.309082
159.418320 -394.918640 2782.091309
132.271378 -845.633667 2673.645996
-97.841789 86.037491 2766.162109
-52.301544 -392.591736 2813.721680
-13.277866 -866.063354 2683.594727
5.015228 -2.643036 2.380615
-1.328323 4.364136 -2.058838
34.749870 799.415283 2789.300781
27.582485 565.228943 2777.305176
199.653519 561.792358 2739.290283
261.525208 258.367004 2789.001709
261.877991 -40.827362 2679.918213
-144.488541 568.665527 2815.320068
-203.558548 235.087189 2799.966553
-194.453629 -64.270447 2698.808350
18.974489 324.274933 2760.124512
119.283493 81.145615 2718.881348
160.676788 -395.575806 2787.634521
134.908295 -851.063049 2683.059082
-98.550507 85.496201 2767.006348
-48.112854 -393.957520 2793.941650
-17.783712 -862.888672 2730.059814
1.165344 0.607910 0.186768
2.636917 -5.429382 9.413086
33.808517 798.198364 2786.593018
27.739704 563.914062 2775.600830
199.954666 560.856140 2738.190918
261.029480 256.672058 2787.246826
264.036285 -43.492798 2680.885742
-144.475266 566.971985 2813.010742
-203.433701 236.678864 2802.610352
-202.067886 -61.518463 2697.893799
19.897610 322.867737 2759.203613
121.065346 79.885803 2719.126465
160.792374 -397.941498 2780.627930
137.517044 -850.626953 2678.513916
-96.954323 83.757019 2766.486328
-47.684338 -394.931366 2807.542480
-11.433250 -865.908569 2704.105225
2.158295 -2.665436 0.967529
2.608749 0.436096 -4.545166
34.049313 799.583130 2786.264893
26.885677 565.280029 2776.018799
199.014343 561.064819 2738.327148
261.031433 255.298218 2787.667725
264.802887 -45.425751 2682.855225
-145.242981 569.495117 2813.710449
-208.685028 224.359558 2802.807373
-203.839828 -72.322327 2694.597900
17.433048 324.276123 2759.803223
116.938423 80.604034 2719.728760
151.702393 -397.644867 2781.119873
131.266876 -850.460571 2677.770752
-100.977592 85.940460 2767.446533
-52.756451 -393.928864 2793.766846
-19.461796 -861.365112 2740.239014
0.766602 -1.932953 1.969482
-6.250168 0.166382 -0.743164
33.638462 798.245117 2785.040527
25.932961 564.454346 2774.959229
198.019592 559.906616 2737.098877
260.903687 255.801514 2787.107910
265.386108 -44.512970 2681.115967
-146.153687 569.002014 2812.819580
-205.939178 231.128693 2802.255127
-200.626312 -66.127106 2695.226807
16.058228 323.442200 2759.025879
115.112549 79.551453 2719.127197
155.771088 -398.490051 2778.442139
132.841339 -851.654175 2675.481689
-102.745560 85.308716 2767.057861
-49.764229 -394.631134 2782.713867
-15.671478 -860.110962 2759.859863
0.583221 0.912781 -1.739258
1.574463 -1.193604 -2.289062
33.731136 803.637451 2795.481201
26.598282 569.769531 2779.468506
198.758148 566.343445 2741.830566
260.202118 256.882294 2786.081543
267.134003 -44.609741 2683.692383
-145.561584 573.195679 2817.106445
-204.657166 233.067108 2800.120361
-202.532822 -63.690247 2691.449463
17.412848 329.075195 2759.363770
117.205849 86.212082 2715.433838
157.460983 -391.587463 2777.182129
136.836060 -843.181030 2673.383301
-100.751015 90.549606 2763.084229
-50.945347 -388.797119 2795.354004
-8.532112 -858.957275 2717.726807
1.747894 -0.096771 2.576416
3.994720 8.473145 -2.098389
32.750015 804.133301 2790.197510
26.824615 569.492004 2776.900146
199.216400 566.107239 2740.338135
259.733459 261.516388 2785.624268
266.697357 -40.603424 2685.057373
-145.567169 572.876770 2813.462158
-202.813202 240.702820 2801.517090
-203.390411 -57.222168 2696.013916
18.291332 328.592804 2758.967041
118.882729 85.551041 2717.889893
158.838852 -391.370117 2786.112061
136.049484 -850.077881 2676.976807
-99.366646 89.836197 2764.177979
-51.640774 -388.006348 2814.907227
-9.379711 -866.314636 2699.437988
-0.436646 4.006317 1.364990
-0.786575 -6.896851 3.593506
32.564232 803.411316 2786.546387
27.133629 568.957214 2775.177246
199.703857 565.658325 2739.454102
260.030609 260.910431 2786.072998
265.989899 -39.699371 2681.084961
-145.436615 572.256104 2810.900391
-202.362488 241.873413 2800.494629
-203.588989 -55.207947 2692.562988
19.068085 327.941895 2758.471680
120.239220 84.838364 2719.153320
154.764542 -393.307556 2781.220215
137.054840 -849.924744 2676.041504
-98.234138 89.014755 2764.378906
-50.315670 -388.883789 2817.191895
-8.739262 -869.619751 2682.380859
-0.707458 0.904053 -3.972412
1.005356 0.153137 -0.935303
32.849648 803.356201 2785.181641
27.835918 568.432007 2774.453857
200.447235 565.367676 2738.896973
263.276642 263.297363 2791.083496
263.738007 -33.695038 2676.618896
-144.775391 571.496338 2810.010742
-202.152542 241.778168 2798.586670
-203.571762 -55.935272 2692.354736
20.214909 327.360413 2758.233643
121.855751 84.349106 2719.506104
156.180557 -394.244690 2778.483154
138.477554 -850.096802 2676.771240
-96.667961 88.228500 2764.520752
-50.370716 -390.107056 2816.173584
-7.359970 -871.686035 2674.242432
-2.251892 6.004333 -4.466064
1.422714 -0.172058 0.729736
33.022560 800.680664 2785.053955
27.335213 566.338379 2773.508057
200.153656 563.352295 2738.973633
261.899384 261.072021 2787.156738
263.012390 -34.771332 2669.493164
-145.483246 569.324463 2808.042480
-202.277176 243.150330 2798.517578
-206.855743 -54.445099 2692.046875
19.867264 325.278076 2756.980713
121.794746 82.327530 2718.592773
153.367157 -396.125427 2780.314453
135.924591 -850.312622 2675.366699
-96.996124 86.107986 2762.313965
-51.765522 -391.911255 2818.217041
-11.239677 -869.093018 2671.888672
-0.725616 -1.076294 -7.125732
-2.552963 -0.215820 -1.404541
