34.988647 790.022095 2808.041260
31.625870 556.673767 2790.355957
205.992233 554.219482 2764.874023
265.671661 241.502350 2800.644531
242.184647 -45.996735 2671.347412
-142.740494 559.128052 2815.837891
-142.739395 242.995605 2815.837891
-142.745636 -73.136383 2815.837891
25.135424 316.107849 2769.113525
129.026337 73.988266 2731.739990
160.446869 -405.748718 2782.504150
134.284988 -840.113647 2670.689453
-91.736382 77.095566 2764.002197
-49.804729 -403.027161 2789.507080
-20.229649 -869.285156 2710.044189
1.811646 -4.503601 1.060791
-2.334793 10.853394 -11.060303
62.868069 758.778381 2809.824707
43.689087 530.554199 2786.051270
217.900436 516.475769 2767.967041
267.610901 247.591034 2805.460693
242.191528 -39.309906 2675.195557
-130.522263 544.632629 2804.135498
-130.521164 228.500183 2804.135498
-130.527405 -87.631805 2804.135498
21.688770 291.873596 2759.926758
108.494110 44.400131 2722.507568
150.645859 -421.370789 2787.899902
120.405594 -865.401245 2672.094238
-109.117203 61.985825 2745.096924
-66.368698 -412.799500 2800.704102
-30.475620 -881.551514 2684.133057
0.006882 6.686829 3.848145
-13.879395 -25.287598 1.404785
69.735245 739.080017 2806.290039
48.525261 512.442566 2781.133301
223.202103 496.897217 2766.991699
268.774902 213.091888 2794.409180
244.463074 -73.503143 2663.246826
-126.151596 527.987915 2795.274902
-126.150505 211.855469 2795.274902
-126.156738 -104.276520 2795.274902
25.077307 273.703918 2753.942383
111.284988 25.206497 2717.873779
165.721268 -445.247314 2780.412354
138.675690 -860.944702 2676.160889
-108.026291 44.724075 2735.629150
-48.068233 -426.519043 2811.050781
-8.126556 -887.193298 2671.166992
2.271545 -34.193237 -11.948730
18.270096 4.456543 4.066650
64.682007 725.216309 2802.198975
49.146835 498.804138 2777.002686
224.472153 487.486389 2766.361816
270.197571 192.974182 2792.992188
233.532181 -90.933746 2659.492676
-126.178505 510.121887 2787.643555
-126.177414 193.989441 2787.643555
-126.183647 -122.142548 2787.643555
32.046806 259.444275 2749.839844
125.493523 12.948288 2715.967529
175.974823 -460.359131 2782.146973
150.458481 -856.605835 2679.006836
-95.599968 27.220505 2729.386475
-35.982349 -447.047546 2791.828613
0.306183 -909.252686 2719.871094
-10.930893 -17.430603 -3.754150
11.782791 4.338867 2.845947
51.003239 756.199951 2804.475098
43.042053 527.459900 2782.370361
218.284195 522.093445 2767.197754
270.450317 184.846130 2789.593018
230.663498 -98.156464 2654.800049
-132.200089 532.826355 2797.542969
-132.198990 216.693909 2797.542969
-132.205231 -99.438080 2797.542969
33.545238 287.430359 2757.580566
134.729614 44.011398 2723.208008
173.515259 -443.511597 2792.944336
145.122223 -828.402222 2682.888672
-86.632751 50.790207 2742.373535
-42.538486 -431.478638 2822.781738
-3.960976 -864.295593 2708.553711
-2.868683 -7.222717 -4.692627
-5.336258 28.203613 3.881836
43.876007 774.010315 2794.735596
39.876308 542.320679 2782.509033
215.317490 539.551147 2767.514893
267.543152 215.055023 2797.257080
231.142700 -70.524902 2666.981689
-135.564865 545.090149 2797.503174
-135.563766 228.957703 2797.503174
-135.570007 -87.174286 2797.503174
34.524536 301.572174 2764.357666
140.041550 59.073532 2736.730713
169.929916 -422.679749 2812.732178
140.692413 -836.670898 2690.990234
-81.696030 62.573837 2755.681885
-49.345200 -419.255310 2815.937256
-9.915684 -866.063110 2735.508057
0.479202 27.631561 12.181641
-4.429810 -8.268677 8.101562
38.767967 779.580322 2800.835938
37.264824 547.767639 2785.712158
212.607239 546.630615 2768.741943
263.926544 232.853302 2797.100830
241.925171 -57.686279 2675.922852
-138.077576 548.904663 2802.682373
-138.076477 232.772217 2802.682373
-138.082718 -83.359772 2802.682373
33.699261 307.084137 2764.997559
141.034256 65.681503 2733.549561
160.383942 -416.510437 2785.325195
136.622314 -840.259399 2677.082764
-80.766861 67.119797 2755.016357
-52.122383 -414.893677 2797.715576
-19.344719 -869.174927 2733.876709
10.782471 12.838623 8.941162
-4.070099 -3.588501 -13.907471
35.822960 785.570190 2802.890625
35.956364 553.758362 2786.811035
211.184006 553.755249 2768.280762
263.993988 239.209808 2798.408203
246.946411 -51.999542 2677.403809
-139.271286 553.761536 2805.341309
-139.270187 237.629089 2805.341309
-139.276428 -78.502899 2805.341309
33.688541 313.049713 2765.406738
142.291794 72.339066 2732.277832
159.571655 -408.586731 2787.593750
137.591583 -841.281982 2678.859619
-79.450363 72.343033 2755.727051
-54.142448 -409.846924 2789.413330
-16.525738 -868.391052 2751.582275
5.021240 5.686737 1.480957
0.969269 -1.022583 1.776855
35.256680 784.463440 2795.413086
34.402012 551.334961 2784.329834
209.522705 551.144775 2764.584229
261.090302 246.663300 2799.597656
249.928299 -44.812012 2678.270264
-140.718689 551.525146 2804.075439
-140.717590 235.392700 2804.075439
-140.723831 -80.739288 2804.075439
32.156292 310.308838 2766.734131
140.735229 69.162384 2736.642578
158.945847 -411.569946 2789.224121
133.617432 -853.643799 2683.927246
-80.914085 69.403046 2761.634277
-53.967777 -412.384552 2795.940918
-20.150749 -872.635620 2755.658203
2.981888 7.187531 0.866455
-3.974152 -12.361816 5.067627
35.515541 780.499146 2789.668457
34.467598 547.435120 2780.583252
209.467575 547.141663 2759.683350
263.053131 244.679077 2802.633301
257.429962 -46.426025 2679.895508
-140.532394 547.728577 2801.483154
-140.531296 231.596130 2801.483154
-140.537537 -84.535858 2801.483154
32.212299 306.239441 2765.085938
140.718719 64.858017 2736.360596
158.424301 -416.356201 2781.636719
135.554352 -852.531982 2679.005615
-80.804726 65.229477 2762.816650
-51.320702 -416.874512 2781.836182
-22.039936 -879.119019 2762.593506
7.501663 -1.614014 1.625244
1.936920 1.111816 -4.921631
35.060478 788.081116 2799.312256
34.121639 555.688599 2785.092529
209.178680 555.725098 2764.590088
264.702698 242.345581 2800.659180
261.515411 -48.816132 2677.786133
-140.935394 555.652039 2805.594971
-140.934296 239.519592 2805.594971
-140.940536 -76.612396 2805.594971
31.904034 314.781006 2765.728760
140.489258 73.896530 2733.387939
156.680298 -407.420959 2777.165771
135.048477 -841.572937 2673.179199
-81.116409 73.850327 2759.342041
-50.208458 -408.268921 2777.067139
-27.659048 -871.564453 2759.314697
4.085449 -2.390106 -2.109375
-0.505875 10.959045 -5.826416
35.595646 796.205994 2813.642578
31.341644 563.693604 2791.991211
206.077332 561.880310 2769.135010
262.310852 250.439056 2800.023438
262.909698 -41.035370 2677.799072
-143.394043 565.506836 2814.847412
-143.392944 249.374390 2814.847412
-143.399185 -66.757599 2814.847412
25.514587 323.497437 2766.499023
130.306885 82.153381 2726.537354
148.696945 -397.918304 2780.326904
124.450577 -843.545227 2669.714600
-90.931824 84.449219 2755.476318
-60.933212 -397.254791 2782.253418
-32.289742 -860.271118 2759.232178
1.394287 7.780762 0.012939
-10.597900 -1.972290 -3.464600
32.515518 798.059875 2809.286865
28.351061 565.158386 2790.578857
202.916702 563.345215 2766.381104
260.891602 256.147705 2798.605713
263.050262 -35.075226 2675.724854
-146.214584 566.971558 2814.776611
-146.213486 250.839111 2814.776611
-146.219727 -65.292877 2814.776611
22.601357 324.695618 2767.118164
127.344810 83.085190 2728.341309
156.110428 -395.617798 2788.360107
131.907867 -847.488281 2680.073242
-93.641495 85.380539 2758.973633
-56.117027 -393.875977 2805.499512
-18.427902 -866.979858 2726.007812
0.140564 5.960144 -2.074219
7.457291 -3.943054 10.358643
32.636055 796.802368 2797.126709
28.563305 563.464966 2786.015869
202.761200 561.007202 2759.401855
261.593872 257.467072 2800.391113
261.564148 -28.886353 2667.010742
-145.634583 565.922729 2812.629883
-145.633484 249.790283 2812.629883
-145.639725 -66.341705 2812.629883
22.357100 322.588562 2767.638672
126.423065 80.156357 2732.414062
158.089676 -398.709656 2790.284424
133.992432 -852.135742 2680.715332
-94.121277 83.267990 2766.108887
-49.276363 -396.694580 2790.511475
-23.337370 -865.537231 2755.644043
-1.486115 6.188873 -8.714111
2.084564 -4.647461 0.642090
32.216511 796.574707 2801.041260
28.126308 563.610046 2787.341797
201.973846 561.694336 2758.493408
262.458954 255.367981 2801.150391
257.633270 -24.402252 2655.062744
-145.721222 565.525757 2816.190186
-145.720123 249.393311 2816.190186
-145.726364 -66.738678 2816.190186
22.129652 322.830688 2767.193848
126.179382 80.838699 2728.784668
158.480667 -398.940491 2777.836426
134.186096 -849.904663 2671.686768
-93.913399 83.263992 2765.307129
-49.092781 -397.419678 2779.202393
-20.956966 -863.713745 2755.591797
-3.930878 4.484100 -11.947998
0.193665 2.231079 -9.028564
32.067348 794.588745 2803.503662
29.131508 562.444214 2787.647461
203.210510 561.039124 2760.142334
266.326660 259.223083 2804.920166
249.884857 -10.880249 2643.381592
-144.947479 563.849304 2815.152588
-144.946381 247.716858 2815.152588
-144.952621 -68.415131 2815.152588
23.850624 321.708649 2766.522949
128.756454 80.083710 2727.988525
159.718796 -399.468292 2780.527832
137.801270 -851.052185 2676.853271
-91.616974 81.862457 2762.808350
-47.576660 -399.181000 2775.846680
-19.955963 -864.046753 2751.558350
-7.748413 13.522003 -11.681152
3.615173 -1.147522 5.166504
33.335087 798.118286 2803.727295
30.402292 565.135986 2788.330078
204.936264 563.373840 2764.045166
267.054993 261.125275 2806.781250
243.930817 13.607986 2615.947021
-144.131668 566.898071 2812.614990
-144.130569 250.765625 2812.614990
-144.136810 -65.366364 2812.614990
25.023132 324.393860 2767.138672
130.136795 82.536224 2730.572998
158.116806 -396.960999 2785.472656
136.989975 -848.190552 2682.406006
-90.848854 84.767303 2761.321533
-53.731926 -395.136261 2798.017090
-15.850792 -861.420776 2718.023438
-5.954041 24.488235 -27.434570
-0.811295 2.861633 5.552734
34.208843 798.158020 2804.353027
31.054415 564.997986 2787.944092
205.690475 562.945068 2764.285889
267.045044 256.050568 2818.928467
234.655838 65.612183 2577.675049
-143.581619 567.050903 2811.602295
-143.580521 250.918457 2811.602295
-143.586761 -65.213531 2811.602295
25.296379 324.295776 2766.327393
130.071365 82.294205 2729.736816
156.932098 -397.915894 2778.512451
136.754318 -850.063354 2680.076904
-90.994682 84.892960 2759.684570
-51.747475 -395.588623 2790.665771
-17.507984 -860.041504 2733.510742
-9.274979 52.004196 -38.271973
-0.235657 -1.872803 -2.329102
33.709553 795.877991 2795.150635
30.301165 562.444458 2783.942139
204.775909 559.740356 2759.142822
270.033020 258.030670 2825.949707
219.790634 145.251343 2552.261719
-144.173553 565.148560 2808.741455
-144.172455 249.016113 2808.741455
-144.178696 -67.115875 2808.741455
23.944420 321.511353 2765.490723
128.026825 78.866638 2731.341797
154.307419 -401.129791 2782.733398
134.334396 -852.842407 2678.564209
-92.851471 82.289917 2762.736816
-54.547695 -396.625214 2811.810547
-16.536171 -865.178345 2711.093750
-14.865204 79.639160 -25.413330
-2.419922 -2.779053 -1.512695
34.605228 794.470947 2789.535645
30.458517 560.776855 2780.929443
204.869308 557.817627 2755.663574
270.019745 266.014130 2818.446045
206.712250 233.267517 2544.470459
-143.952286 563.736023 2806.195312
-143.951187 247.603577 2806.195312
-143.957428 -68.528412 2806.195312
23.920519 319.727112 2764.029785
127.780495 76.804291 2731.137451
155.399292 -403.207825 2781.851318
136.433289 -851.766357 2679.277588
-93.015465 80.550507 2763.122803
-53.856800 -399.825897 2787.551758
-16.650578 -865.822571 2739.957031
-13.078384 88.016174 -7.791260
2.098892 1.076050 0.713379
35.544132 796.686279 2787.745361
31.376312 562.847290 2779.842529
205.510803 559.509521 2752.814697
284.015503 254.506927 2804.709717
192.600082 323.217316 2562.028076
-142.758179 566.185059 2806.870361
-142.757080 250.052612 2806.870361
-142.763321 -66.079376 2806.870361
24.258795 321.751343 2763.759766
127.371925 78.542572 2730.567871
153.787857 -401.050201 2785.614746
135.923523 -847.115967 2680.188477
-93.089363 82.768280 2764.786133
-49.773689 -397.887634 2784.353027
-21.528765 -863.079041 2755.407959
-14.112167 89.949799 17.557617
-0.509766 4.650391 0.910889
35.680336 796.457031 2785.348877
31.515097 562.953979 2777.793213
203.907196 559.945190 2742.253174
291.052460 254.283905 2786.353271
180.815216 404.957764 2587.947998
-140.877014 565.962891 2813.333252
-140.875916 249.830444 2813.333252
-140.882156 -66.301544 2813.333252
24.363420 321.746460 2763.523926
126.465240 78.632050 2726.731201
152.938919 -400.934448 2782.120605
134.756088 -849.337036 2676.036621
-92.041748 82.445770 2771.778076
-50.075371 -398.764740 2783.879150
-18.612177 -863.154785 2767.466553
-11.784866 81.740448 25.919922
-1.167435 -2.221069 -4.151855
33.929661 796.221863 2785.192383
27.305862 563.394409 2777.863770
197.785980 559.479553 2734.448730
299.542145 258.141754 2754.220947
175.424957 464.206146 2613.131592
-143.174255 567.309265 2821.278809
-143.173157 251.176819 2821.278809
-143.179398 -64.955170 2821.278809
18.290617 322.215576 2764.210938
117.237556 78.557541 2723.063965
144.473938 -400.656555 2781.075195
125.686264 -851.267822 2672.743408
-98.686806 83.515976 2778.052246
-58.017399 -396.979919 2806.623535
-23.147049 -864.362305 2727.039307
-5.390259 59.248383 25.183594
-9.069824 -1.930786 -3.293213
32.497334 796.082275 2795.073975
25.143055 563.518677 2781.359375
194.916138 559.888367 2734.778564
301.735626 267.544464 2715.619873
173.757294 503.438507 2616.998779
-144.630035 567.148926 2827.940186
-144.628937 251.016479 2827.940186
-144.635178 -65.115509 2827.940186
15.207616 322.645081 2763.920410
112.665726 79.475082 2717.015625
149.271027 -398.875488 2776.275391
131.853394 -848.673462 2672.117188
-102.121368 84.067917 2775.947266
-53.160843 -396.055176 2781.140869
-20.906746 -861.550903 2750.301514
-1.667664 39.232361 3.867188
6.167130 2.594360 -0.626221
33.321182 788.744385 2789.110840
21.193737 556.793762 2778.953369
188.259552 549.560364 2724.286865
302.966522 278.308899 2677.901123
168.755127 529.692566 2604.115723
-145.872070 564.027222 2833.619873
-145.870972 247.894775 2833.619873
-145.877213 -68.237213 2833.619873
6.458466 315.960144 2765.788086
97.568604 70.543747 2717.988525
138.279465 -406.162354 2786.595215
121.051224 -858.240967 2678.566650
-114.122223 79.709274 2787.257080
-61.080742 -399.349365 2812.367188
-26.104961 -868.895386 2726.975830
-5.002167 26.254059 -12.883057
-10.802170 -9.567505 6.449463
33.460381 784.601685 2786.544434
22.851002 552.461426 2778.693359
191.283615 545.228699 2727.986328
304.469727 294.643982 2640.459473
157.109940 548.470764 2578.752441
-145.581619 559.694153 2829.400391
-145.580521 243.561707 2829.400391
-145.586761 -72.570282 2829.400391
8.862097 311.477875 2766.600098
101.420288 65.919052 2722.430664
158.506287 -409.409485 2787.323242
139.449493 -854.241211 2680.578613
-111.673904 75.069565 2786.583008
-49.253674 -403.013916 2814.801270
-9.832935 -873.921875 2687.101562
-11.645187 18.778198 -25.363281
18.398270 3.999756 2.011963
34.489666 789.541077 2807.251465
24.149857 559.360291 2788.537109
193.991959 554.206360 2742.370605
304.352966 316.902527 2604.203857
142.124588 557.813843 2529.062500
-145.692245 564.514221 2834.703613
-145.691147 248.381775 2834.703613
-145.697388 -67.750214 2834.703613
10.931237 319.191162 2766.719238
105.203568 75.760147 2715.683105
161.049545 -399.753845 2781.659180
138.978455 -841.469360 2668.350342
-109.778336 82.283890 2774.119629
-48.245983 -396.029053 2804.723145
-9.114220 -858.925415 2673.379639
-14.985352 9.343079 -49.689941
-0.471039 12.771851 -12.228271
34.777470 786.966431 2805.604248
24.363182 558.989441 2790.744873
195.202927 554.130371 2748.163818
292.652405 343.432129 2569.619873
122.398148 567.430237 2464.589600
-146.476578 563.848572 2833.325928
-146.475479 247.716125 2833.325928
-146.481720 -68.415863 2833.325928
12.642550 318.449982 2771.169434
109.031174 74.835617 2724.648193
162.361771 -398.684326 2804.673584
139.310471 -851.513611 2683.971680
-107.187347 80.985397 2778.539795
-45.689766 -397.461853 2809.259033
-14.582277 -860.001221 2721.299561
-19.726440 9.616394 -64.472900
0.332016 -10.044250 15.621338
36.267715 784.711853 2805.797119
28.247898 555.625488 2791.072266
200.096161 551.929626 2752.580322
280.326355 367.711426 2541.838623
113.591019 575.542847 2400.801514
-143.600342 559.321289 2829.564209
-143.599243 243.188843 2829.564209
-143.605484 -72.943146 2829.564209
18.659554 314.946442 2771.374023
117.844223 71.928085 2727.311768
168.424438 -403.342224 2798.678955
145.556915 -853.714050 2680.161377
-99.701797 76.606735 2776.039795
-42.295799 -401.607544 2816.199463
-6.553814 -870.218628 2691.917969
-8.807129 8.112610 -63.788086
6.246445 -2.200439 -3.810303
37.694870 782.301147 2794.386719
31.146446 552.528381 2787.818115
203.672241 548.256836 2752.397705
264.106567 405.318115 2515.917725
105.146393 574.600037 2328.212646
-141.379364 556.799927 2823.238525
-141.378265 240.667480 2823.238525
-141.384506 -75.464508 2823.238525
22.361727 311.442261 2774.103516
122.767006 67.652710 2737.971680
159.685883 -411.097260 2786.717773
152.989746 -868.681946 2726.229736
-95.612999 73.059570 2782.806152
-42.518822 -406.492828 2808.660889
-13.414970 -872.411133 2730.320557
-8.444626 -0.942810 -72.588867
7.432831 -14.967896 46.068359
39.409801 782.443970 2791.656006
33.593750 551.946777 2787.661865
206.055695 547.897522 2751.692871
235.048950 455.163879 2497.936768
103.317993 563.512390 2262.655518
-138.868195 555.995972 2823.630859
-138.867096 239.863525 2823.630859
-138.873337 -76.268463 2823.630859
25.426697 310.698303 2775.661865
126.401489 66.887314 2740.898926
160.173279 -412.508606 2789.719238
146.205612 -860.995239 2702.208496
-91.882195 72.012375 2786.424805
-41.527428 -408.251526 2792.944580
-11.987652 -873.156555 2750.673340
-1.828400 -11.087646 -65.557129
-6.784134 7.686707 -24.021240
40.961880 783.391357 2787.802490
35.404091 552.731995 2786.743896
207.505539 548.642029 2749.028076
205.530106 496.587280 2479.452881
110.334862 550.337402 2211.057861
-136.697372 556.821960 2824.459717
-136.696274 240.689514 2824.459717
-136.702515 -75.442474 2824.459717
27.391378 311.377747 2776.354004
128.310730 67.434753 2742.091797
163.834213 -411.271362 2797.645508
141.680313 -855.564941 2690.352051
-89.553391 72.612244 2789.836426
-42.144604 -408.142639 2786.125977
-16.508080 -872.781494 2762.866211
7.016869 -13.174988 -51.597656
-4.525299 5.430298 -11.856445
44.476665 780.940491 2787.882568
38.157387 549.667236 2785.845459
209.656540 545.675537 2745.490967
187.759537 530.290527 2467.721680
119.217743 536.142578 2183.066895
-133.341782 553.658997 2826.199951
-133.340683 237.526550 2826.199951
-133.346924 -78.605438 2826.199951
29.970844 308.324310 2774.927246
130.346603 64.454514 2738.463867
168.403458 -413.741211 2797.616455
139.417953 -857.032471 2679.453369
-86.778008 69.508224 2789.554199
-43.084137 -411.734680 2782.560547
-14.939314 -875.860229 2762.923828
8.882881 -14.194824 -27.990967
-2.262360 -1.467529 -10.898682
46.938156 783.328552 2787.416504
40.027679 551.963989 2785.583496
210.793762 547.827759 2742.277588
175.888733 546.151428 2460.353271
116.860840 537.300110 2166.579346
-130.738403 556.100281 2828.889404
-130.737305 239.967834 2828.889404
-130.743546 -76.164154 2828.889404
31.716309 310.567505 2775.866211
131.505066 66.552612 2738.735107
165.881012 -411.710236 2800.041016
138.859039 -847.429688 2682.302979
-84.695183 71.789368 2793.562744
-42.896595 -408.943634 2809.828857
-11.276989 -870.594666 2717.615234
-2.356903 1.157532 -16.487549
-0.558914 9.602783 2.849609
45.283581 783.704895 2787.191406
38.937202 552.280029 2785.508301
209.076263 547.949158 2739.800781
171.443085 556.573425 2457.172607
114.687027 544.612671 2160.708984
-131.201874 556.610962 2831.215820
-131.200775 240.478516 2831.215820
-131.207016 -75.653473 2831.215820
30.160343 310.897614 2775.709473
129.078934 66.773773 2736.978516
163.659454 -413.108276 2781.004883
135.520630 -862.482544 2707.297363
-86.311951 72.256561 2794.842773
-46.702393 -408.619293 2818.704834
-13.809555 -868.474365 2695.089111
-2.173813 7.312561 -5.870361
-3.338409 -15.052856 24.994385
45.019371 785.461060 2786.070557
37.993050 553.671082 2785.782715
207.444183 549.502563 2737.570557
169.224976 565.291626 2457.574951
114.376457 551.263611 2159.934326
-131.458069 557.839539 2833.994873
-131.456970 241.707092 2833.994873
-131.463211 -74.424896 2833.994873
29.509590 312.243164 2776.840332
128.288574 68.176620 2737.379639
169.050186 -410.846252 2786.432617
137.175232 -853.949219 2696.421143
-86.236320 73.453903 2798.416260
-42.379768 -407.382019 2801.832275
-15.519793 -869.414673 2732.824463
-0.310570 6.650940 -0.774658
1.654602 8.533325 -10.876221
44.581722 790.657227 2795.519287
38.016087 559.190918 2789.451660
207.664261 556.549438 2741.783691
166.613907 566.652283 2457.285645
111.918968 548.228027 2157.943604
-131.632065 561.832397 2837.119629
-131.630966 245.699951 2837.119629
-131.637207 -70.432037 2837.119629
30.489159 317.979645 2776.030273
130.342484 75.096436 2732.437012
171.858139 -402.336060 2794.233887
140.031036 -844.252441 2681.067383
-84.418037 78.440308 2792.780762
-41.964581 -402.374115 2809.668701
-11.484608 -865.822571 2696.999023
-2.457489 -3.035583 -1.990723
2.855804 9.696777 -15.353760
45.239796 788.443848 2800.743896
37.927464 557.226501 2791.667236
207.830872 554.669434 2744.869873
162.316208 570.829102 2456.660400
111.280075 545.430664 2156.227295
-131.975922 559.783569 2838.464600
-131.974823 243.651123 2838.464600
-131.981064 -72.480865 2838.464600
30.015102 316.142395 2776.113770
129.645035 73.439743 2730.939453
167.489532 -403.309875 2800.443115
137.277405 -851.737061 2679.993164
-85.439568 76.676804 2790.181152
-45.539795 -403.853455 2819.468506
-11.668404 -873.171814 2681.713623
-0.638893 -2.797363 -1.716309
-2.753632 -7.484619 -1.074219
45.847553 788.645142 2802.857666
38.018120 557.767090 2793.133301
208.215561 555.183594 2747.400879
166.666580 571.914856 2457.355225
113.286667 543.772461 2157.321045
-132.179306 560.350647 2838.865723
-172.389679 54.474548 2827.521240
-184.586487 -102.012817 2808.870605
29.940712 316.732971 2776.689209
129.595825 74.063477 2731.297119
165.872269 -403.058685 2799.824463
136.928101 -849.411987 2679.594971
-85.869217 77.334167 2789.193115
-48.135025 -403.273315 2822.849121
-10.758606 -865.548157 2680.652100
2.006592 -1.658203 1.093750
-0.349304 2.325073 -0.398193
44.882370 794.364563 2814.910889
37.582275 562.846252 2800.276855
207.835098 561.486572 2754.692871
170.330276 573.959839 2461.675537
116.975578 540.451050 2158.986328
-132.670547 564.205933 2845.860840
-188.002563 136.369568 2824.874756
-208.707001 -96.492386 2777.413086
30.017078 322.192780 2779.199707
130.221436 80.678619 2729.268066
168.264954 -396.371338 2797.722412
137.112427 -844.400269 2675.587158
-85.317673 82.399994 2786.977051
-46.861664 -398.485809 2817.175537
-9.620708 -861.536499 2677.584473
3.688911 -3.321411 1.665283
0.184326 5.011719 -4.007812
45.981701 788.763550 2810.431885
39.037628 557.955444 2797.202148
210.193832 556.131592 2755.307373
180.157593 565.973328 2461.840820
119.715454 537.119324 2158.553223
-132.118576 559.779297 2839.096924
-191.457825 190.676575 2815.896973
-215.502701 -78.330719 2746.492676
31.501654 317.208740 2776.895508
132.330246 75.307312 2730.063965
168.943375 -401.457520 2801.365723
138.851166 -854.875366 2678.589355
-84.398888 77.616760 2783.113770
-46.223282 -402.976562 2818.485107
-9.665947 -873.085449 2672.035889
2.739876 -3.331726 -0.433105
1.738739 -10.475098 3.002197
45.908882 790.581055 2818.684814
39.927124 559.743103 2800.027588
210.778595 559.969543 2756.843262
185.053528 566.479553 2462.402832
124.671425 537.453918 2159.164062
-130.924347 559.516663 2843.211914
-196.956711 200.449249 2815.294434
-222.595520 -83.942078 2731.147217
34.033493 319.378479 2775.450195
136.285294 79.157166 2723.537842
168.611618 -398.446503 2791.108154
139.857941 -845.906616 2670.868164
-80.005577 78.870544 2778.207764
-40.359066 -402.263397 2791.774902
-13.433298 -869.600830 2716.829834
4.955971 0.334595 0.610840
1.006775 8.968750 -7.721191
46.866680 792.559448 2822.822754
41.400673 561.910278 2801.995117
212.062164 563.212524 2758.024902
187.514328 557.741272 2464.702881
125.620102 536.316772 2162.927734
-129.260834 560.608032 2845.965332
-201.357666 202.142670 2813.375000
-227.974854 -89.777496 2719.965088
36.345325 321.739014 2775.260742
139.309891 82.392014 2720.695557
167.711868 -393.567871 2799.740723
138.979019 -847.648010 2673.848145
-76.729935 80.743515 2776.357178
-41.527489 -399.796692 2808.010986
-9.598976 -869.049927 2699.025391
0.948677 -1.137146 3.763672
-0.878922 -1.741394 2.979980
46.793274 795.672485 2825.423584
42.120953 565.145264 2804.017578
212.763580 566.825195 2759.938477
192.240448 553.884094 2465.885498
134.471359 540.595276 2166.711426
-128.521667 563.465332 2848.096680
-212.410080 210.510529 2800.722900
-233.733032 -80.228943 2685.603271
37.367672 325.041687 2776.465576
140.624069 86.001419 2721.013184
166.427155 -389.737061 2802.707520
138.292892 -845.328979 2679.149902
-75.395294 83.874771 2776.813965
-46.400063 -396.381836 2819.452393
-10.583847 -866.830566 2688.888428
8.851257 4.278503 3.783691
-0.686127 2.319031 5.301758
48.045994 797.178528 2826.207764
43.011002 566.747742 2804.294434
213.808304 568.261230 2760.790039
193.635422 550.934753 2467.981445
131.785889 537.604797 2169.316895
-127.786301 565.234192 2847.798828
-212.698654 210.256073 2798.865479
-232.848282 -79.849091 2672.127930
37.934357 326.726105 2776.013184
140.969376 87.662521 2720.194580
164.971603 -388.865112 2797.935059
137.345673 -848.791870 2681.555176
-75.253952 85.746445 2775.269287
-45.522331 -395.647827 2795.669434
-16.652426 -863.044312 2727.376709
-2.685471 -2.990479 2.605469
-0.947220 -3.462891 2.405273
49.498207 797.659180 2827.109375
44.015785 567.863342 2804.844727
214.719940 569.311584 2760.960449
194.831055 549.456604 2470.992188
135.874298 541.665344 2172.131348
-126.688377 566.415100 2848.729004
-212.819458 213.128967 2799.498047
-226.218170 -81.047028 2673.623047
38.680634 327.888153 2776.172119
141.399475 88.829681 2719.721191
166.091034 -385.908112 2807.183594
137.422607 -850.058716 2679.203613
-74.708511 86.996246 2775.277832
-45.281967 -393.706940 2810.523682
-12.365383 -865.202454 2704.937012
4.088409 4.060547 2.814453
0.076935 -1.266846 -2.351562
48.713104 798.989624 2827.027832
43.633007 568.666504 2805.489502
214.749756 570.109192 2763.267822
196.413406 549.226318 2475.005859
135.824524 543.858521 2176.472168
-127.483734 567.223816 2847.711182
-207.002258 232.348907 2804.194336
-217.629211 -64.018616 2679.159424
38.696529 328.625183 2777.281006
142.080994 89.497101 2722.345215
166.765274 -385.000336 2811.463867
137.650543 -849.944214 2682.408691
-74.560898 87.670624 2775.799805
-45.089500 -392.835968 2816.874756
-11.323792 -865.543091 2690.972900
-0.049774 2.193176 4.340820
0.227936 0.114502 3.205078
49.966427 799.276123 2827.486328
44.948479 569.484436 2806.268555
216.405685 570.727356 2765.448486
200.708725 541.610657 2478.013428
137.229904 548.384888 2181.585205
-126.508736 568.241455 2847.088623
-206.681366 240.641296 2806.207275
-211.865051 -55.523743 2678.441162
40.019943 329.417908 2778.257324
143.624664 90.138199 2724.406738
168.411118 -384.077209 2815.162842
138.539612 -850.165955 2681.461182
-73.441841 88.564590 2776.085449
-46.251259 -391.929932 2820.523193
-9.118252 -865.713501 2684.506592
1.405380 4.526367 5.113037
0.889069 -0.221741 -0.947510
50.538090 799.298218 2837.213379
44.989998 570.103455 2810.348389
216.743622 571.791260 2770.810303
200.369965 543.816284 2480.011719
134.963867 551.485962 2188.308105
-126.763634 568.415588 2849.886475
-204.270111 243.880066 2808.156494
-210.010742 -52.946106 2680.859863
39.863712 330.648010 2777.857666
143.457809 92.260971 2720.339355
167.051224 -382.373108 2809.283203
136.832474 -848.282104 2675.642334
-73.982948 90.124191 2770.394531
-42.788113 -391.198364 2788.721680
-17.992605 -860.447571 2722.799561
-2.266037 3.101074 6.722900
-1.707138 1.883850 -5.818848
50.462612 797.781128 2842.070312
45.037514 569.669312 2812.109863
217.320923 571.523010 2775.014404
216.700851 515.417786 2482.017822
127.404350 559.285522 2197.769287
-127.245888 567.815552 2849.205322
-200.421600 246.908539 2810.839355
-207.227219 -46.376984 2675.411133
40.135010 330.510986 2777.389893
144.295853 92.526169 2719.186768
168.129684 -381.275635 2812.364502
138.320786 -849.427246 2678.194580
-73.830841 90.179184 2766.153076
-42.002533 -391.656677 2778.999756
-20.938360 -858.530029 2741.738525
-7.559517 7.799561 9.461182
1.488312 -1.145142 2.552246
48.992165 800.388428 2834.501953
45.268219 571.160645 2809.189697
217.583481 573.113464 2772.192383
231.846954 488.209564 2477.999756
123.557953 574.238037 2216.169434
-127.047043 569.207764 2846.187012
-205.214493 230.455872 2806.408691
-205.423203 -61.276703 2665.177246
41.279709 331.515228 2777.963867
146.359970 93.105911 2723.320312
166.430466 -381.764893 2811.695068
139.298660 -850.257385 2683.302002
-71.777565 90.633743 2770.155762
-42.627655 -390.203735 2803.142334
-12.515110 -864.343506 2716.484131
-3.846397 14.952515 18.400146
0.977875 -0.830139 5.107422
48.255936 800.129211 2840.722412
43.622749 571.192810 2811.259033
216.010712 573.568115 2774.603027
245.925720 457.106506 2488.011230
113.436707 577.854919 2247.723145
-128.765228 568.817505 2847.915039
-207.604156 221.221710 2800.217773
-200.522675 -69.078491 2653.925537
39.608498 331.979034 2776.879883
144.713104 94.268768 2719.298096
165.551590 -380.344849 2809.004639
134.963135 -847.757263 2674.075439
-73.524612 91.261749 2765.703369
-43.458992 -390.403107 2783.793701
-18.250311 -859.683044 2737.549072
-10.121246 3.616882 31.553711
-4.335526 2.500122 -9.226562
48.168484 790.039978 2822.874023
44.439556 561.819580 2803.516602
218.326157 562.803650 2776.395752
254.766830 423.410950 2507.013672
108.691238 573.701599 2287.411621
-129.447037 560.835571 2830.637451
-208.494476 220.251923 2798.649902
-199.507385 -73.057526 2660.523926
41.518417 321.777527 2776.078125
148.834503 82.359283 2731.446045
169.847229 -394.591858 2806.309082
142.777771 -859.674377 2719.885010
-71.639954 81.111603 2765.833252
-43.984192 -399.451508 2803.375732
-10.369877 -871.806030 2714.119141
-4.745468 -4.153320 39.688477
7.814636 -11.917114 45.809570
47.323669 783.691589 2814.420654
45.320396 554.896606 2797.322754
219.800934 556.260498 2773.571777
262.353577 393.681030 2526.021973
106.325043 569.933411 2330.704102
-129.160126 553.532776 2821.073730
-204.511719 224.132904 2798.716309
-195.700684 -69.960571 2662.971680
43.879082 314.474548 2772.928711
152.819458 74.915298 2733.509033
169.136932 -404.156311 2793.787842
142.674408 -856.914551 2695.869873
-67.943932 73.189651 2763.560303
-39.967865 -408.400574 2785.818604
-12.497370 -876.768433 2738.564209
-2.366196 -3.768188 43.292480
-0.103363 2.759827 -24.015137
45.648399 779.573059 2799.165039
45.539009 550.683899 2788.970459
219.558334 553.043518 2761.799805
269.744263 362.391235 2554.001709
106.555542 563.254822 2379.070557
-128.480316 548.324280 2816.141113
-199.558075 224.382050 2801.446533
-195.179169 -67.270508 2660.825195
46.040123 309.731598 2771.254395
156.665451 70.272507 2736.343994
173.175293 -408.625610 2799.318359
142.573914 -855.891724 2689.252441
-63.582970 67.286057 2770.732666
-39.509010 -414.603943 2796.480957
-11.954628 -879.921387 2752.373047
0.230499 -6.678589 48.366455
-0.100494 1.022827 -6.617432
45.234974 781.197266 2802.081543
44.250080 550.510376 2787.782715
217.023819 552.369019 2753.913818
279.332733 329.158356 2588.037842
120.011887 535.428650 2413.617432
-128.523666 548.651733 2821.651611
-194.157990 223.326752 2805.428223
-197.136749 -68.016815 2664.398193
42.948280 309.671967 2767.925049
151.057068 70.010559 2726.619629
161.821960 -408.938385 2790.904541
132.192596 -851.356323 2673.515625
-67.764114 67.656555 2769.515137
-42.948555 -414.654633 2777.780518
-25.261988 -879.563965 2764.528564
13.456345 -27.826172 34.546875
-10.381317 4.535400 -15.736816
44.354858 783.300049 2803.511719
41.639145 551.251099 2786.694580
214.177612 551.818604 2751.183594
293.668732 300.567932 2634.531738
130.212448 493.185303 2455.246582
-130.899323 550.683594 2822.205566
-190.868713 226.126190 2810.052246
-196.677002 -63.884552 2666.387939
38.092583 310.508240 2765.615723
143.711182 70.124420 2722.069092
160.113800 -407.190643 2796.075684
131.154953 -849.451233 2675.523926
-74.619148 69.406342 2767.004639
-48.068039 -411.285278 2800.542236
-22.915428 -871.693359 2718.837158
10.200562 -42.243347 41.629150
-1.037643 1.905090 2.008301
41.848259 781.012207 2794.735840
38.321438 548.892578 2782.970703
210.210663 548.883911 2744.323730
306.864136 284.804565 2686.758789
136.773224 447.234894 2490.319824
-133.567810 548.901245 2821.617676
-188.999390 228.327942 2811.669189
-196.212036 -64.041107 2672.989258
34.350609 307.874054 2765.363770
139.170898 66.850006 2723.296631
165.779831 -408.179047 2807.542725
132.632950 -853.061951 2679.265381
-78.411339 66.860992 2772.217041
-45.167221 -414.132538 2800.481201
-20.986280 -875.696777 2740.369385
6.560776 -45.950409 35.073242
1.477997 -3.610718 3.741455
39.653042 785.517578 2799.840820
36.510433 552.350220 2785.574219
208.866684 552.529480 2748.920410
302.944672 285.909973 2741.891357
146.845856 376.644348 2508.083252
-135.845810 552.170898 2822.228027
-188.228439 227.322845 2811.115479
-198.775986 -67.029785 2676.958008
32.582310 311.470520 2765.924805
137.737198 70.704315 2723.077637
167.538651 -405.840637 2797.364014
135.631271 -844.025024 2682.293945
-80.428825 70.477386 2769.473145
-44.346973 -410.983002 2783.420166
-21.275280 -873.949890 2751.713867
10.072632 -70.590546 17.763428
2.998322 9.036926 3.028564
38.791466 784.963318 2793.401855
36.758427 551.910583 2782.939697
209.954742 551.521606 2750.650635
286.944458 285.934723 2774.445801
164.405487 299.894958 2513.404297
-136.437897 552.299561 2815.228760
-185.142151 217.681946 2812.556396
-201.202179 -76.126099 2678.140869
32.961426 310.852478 2765.476807
138.816574 69.548141 2727.571533
172.026016 -406.761841 2802.729248
138.089752 -850.088928 2685.249268
-80.487717 70.040634 2768.456299
-46.405777 -410.161987 2804.375488
-14.688705 -871.724304 2715.699463
17.559631 -76.749390 5.321045
2.458481 -6.063904 2.955322
39.263077 787.592163 2788.677002
37.295273 552.928345 2781.637451
210.895096 552.190491 2751.430664
300.007385 253.131409 2802.049561
175.190491 243.753143 2511.752441
-136.304550 553.666138 2811.844238
-185.010605 224.145905 2813.216553
-199.519577 -72.881500 2686.239258
33.504242 311.752930 2765.741211
139.584183 70.110550 2730.727295
168.466705 -407.300659 2800.677490
137.828659 -846.917053 2685.029053
-80.157761 71.044510 2768.962646
-42.969830 -409.872070 2793.578857
-17.323502 -872.150391 2730.628662
10.785004 -56.141815 -1.651855
-0.261093 3.171875 -0.220215
39.701374 788.363281 2796.819092
37.743919 555.461609 2784.238037
211.655716 555.383179 2755.764404
294.193298 272.055023 2819.844238
202.620453 177.529297 2555.561035
-136.167862 555.540039 2812.711670
-184.346649 224.448303 2811.481689
-202.995163 -74.450287 2689.632324
34.491676 314.532654 2765.037598
141.314987 73.554047 2727.815186
167.981888 -404.948975 2790.896729
138.743988 -845.301270 2676.538330
-78.836121 73.653351 2763.859131
-43.609882 -407.947327 2780.156006
-16.204861 -871.078857 2748.736328
27.429962 -66.223846 43.808594
0.915329 1.615784 -8.490723
37.433701 790.331360 2790.386230
36.789825 556.200500 2781.491699
210.906647 556.656006 2754.214355
282.505798 272.218750 2819.379883
218.542053 96.666992 2596.704102
-137.326996 555.744934 2808.769043
-183.504700 229.198822 2813.643066
-207.992584 -69.857666 2693.227295
34.803936 315.071594 2764.788330
143.025711 74.231033 2730.819580
166.061966 -404.283020 2795.549072
138.700562 -848.185791 2682.219238
-77.389610 73.654373 2765.350342
-44.404243 -408.381287 2776.879639
-16.950287 -871.978027 2763.537598
15.921600 -80.862305 41.143066
-0.043427 -2.884521 5.680908
37.664238 789.640808 2788.171387
37.915192 555.990234 2780.580566
212.793442 555.900635 2759.533203
268.726807 264.922760 2812.907227
224.391418 41.091568 2622.062988
-136.963058 556.079834 2801.627930
-185.031036 229.957550 2810.931152
-210.146759 -70.761322 2694.802734
35.889694 314.786438 2764.777832
144.625839 73.525909 2735.644531
162.680328 -405.663147 2796.854980
138.604980 -852.139587 2683.441406
-76.897453 73.639374 2762.305664
-46.753685 -408.712341 2764.358887
-17.953445 -872.308594 2766.384766
5.849365 -55.575424 25.358887
-0.095581 -3.953796 1.222168
38.046513 790.807495 2786.552490
38.736012 557.300537 2780.399170
213.799896 557.105591 2760.430176
265.545471 258.989441 2806.839355
225.742188 6.810669 2640.705566
-136.327850 557.495605 2800.368164
-186.457184 229.570068 2813.022949
-211.484680 -70.966492 2696.283691
36.789471 316.020386 2765.690674
145.621643 74.616791 2738.345947
166.270020 -405.097839 2794.437012
138.081970 -850.633606 2682.503906
-75.935799 74.863617 2763.618408
-48.197456 -407.721832 2766.425293
-16.246035 -871.215820 2773.925537
1.350769 -34.280899 18.642578
-0.523010 1.505981 -0.937500
38.198677 794.352173 2795.756836
39.300480 560.559082 2783.733887
214.311859 561.168274 2763.063965
263.917908 257.819916 2805.042480
230.935608 -11.719055 2656.891113
-135.710907 559.949890 2804.403809
-185.799072 228.148926 2813.483398
-212.259369 -71.641174 2695.112549
37.907967 319.597717 2764.841797
147.279358 79.021896 2732.867676
167.268692 -400.945312 2787.294922
139.137024 -846.959656 2673.450439
-74.248459 78.250778 2759.031738
-46.714165 -402.065430 2793.950195
-9.844353 -870.330933 2716.216309
5.193420 -18.529724 16.185547
1.055054 3.673950 -9.053467
37.934719 790.113098 2790.339111
39.165951 556.833740 2780.721191
214.115967 557.682861 2759.407959
265.308502 258.658600 2796.010498
236.348633 -23.568939 2666.386963
-135.784058 555.984680 2802.034424
-187.677460 228.871185 2815.796631
-203.331863 -70.801514 2695.683350
38.273132 315.711609 2763.786377
148.113525 75.126877 2733.361572
165.400772 -404.034912 2794.967285
137.583084 -855.079590 2676.946533
-73.352898 74.052048 2760.341553
-44.009644 -405.454590 2807.998291
-9.859570 -873.054077 2701.709717
5.413025 -11.849884 9.495850
-1.553940 -8.119934 3.496094
38.080505 785.598022 2788.140625
39.064201 551.767822 2778.831543
213.755432 552.848877 2755.516602
265.447479 255.364929 2794.642334
247.882477 -35.042603 2677.996582
-135.627045 550.686768 2802.146484
-188.089310 227.064606 2813.473877
-201.259583 -73.058868 2693.947266
38.370090 310.592834 2762.447998
148.257111 70.102203 2731.305908
163.484482 -409.404388 2790.997314
137.517029 -856.614868 2674.685303
-72.905136 68.733551 2760.822998
-47.998322 -411.451172 2807.677002
-9.927692 -875.249817 2687.700928
11.533844 -11.473663 11.609619
-0.066055 -1.535278 -2.261230
37.907429 788.104980 2788.036377
37.649109 554.599915 2779.215576
212.238892 554.871216 2755.079346
261.714996 253.242798 2792.915283
257.981018 -42.485260 2686.614990
-136.940674 554.328552 2803.351807
-188.772644 223.401459 2811.764893
-197.838837 -77.237488 2693.079834
35.856789 313.379272 2763.538818
144.575806 72.330399 2732.584473
159.900604 -406.917114 2794.449463
134.008820 -847.564331 2680.646484
-76.446877 71.986893 2763.139648
-50.142616 -409.444153 2789.011963
-18.851784 -873.427246 2733.493652
10.098541 -7.442657 8.618408
-3.508209 9.050537 5.961182
38.620998 787.167175 2786.504883
37.056541 553.307251 2777.750000
211.556091 553.205322 2752.929688
262.178772 251.698364 2789.813965
267.857025 -47.334808 2691.102051
-137.443024 553.409180 2802.570312
-190.201553 227.308899 2810.900391
-198.095627 -73.566528 2692.625488
34.642365 312.107483 2761.767822
142.683319 70.843170 2730.074951
160.762100 -408.872223 2787.269287
135.428955 -851.390381 2675.674805
-78.226936 70.972198 2761.496338
-50.934109 -409.047821 2805.666992
-14.446415 -871.848083 2702.960449
9.876007 -4.849548 4.487061
1.420135 -3.826050 -4.971680
37.526276 789.950012 2787.255859
36.102085 556.648071 2778.404297
210.543320 556.321289 2753.152832
262.938629 249.565704 2789.995850
274.621735 -50.892609 2694.560547
-138.339127 556.974792 2803.655762
-191.059616 226.792023 2808.691406
-194.459656 -72.900726 2687.312012
33.276176 315.478149 2762.003418
140.869553 74.101410 2729.618652
162.537613 -404.546326 2793.741211
135.324966 -845.199585 2678.612793
-79.969017 74.515106 2761.586426
-49.297813 -406.563599 2789.854980
-18.218571 -870.039551 2735.474121
6.764709 -3.557800 3.458496
-0.103989 6.190796 2.937988
37.759159 792.744141 2786.596924
36.412601 558.957153 2778.590820
210.753357 557.958740 2752.672119
264.639557 254.982910 2793.191650
276.640350 -45.665497 2697.296875
-137.928162 559.955566 2804.509521
-188.720306 229.904266 2808.865967
-197.108902 -67.321655 2681.949463
32.675800 317.762817 2762.746582
139.297089 75.936462 2730.495850
162.623856 -402.914154 2792.774414
134.968918 -848.900391 2676.869385
-81.419098 77.200500 2763.308838
-50.940735 -404.612091 2777.782959
-17.682705 -868.048218 2756.522217
2.018616 5.227112 2.736328
-0.356049 -3.700806 -1.743408
39.310043 791.092896 2786.803223
37.485256 557.695435 2778.246826
211.885956 556.424622 2752.733154
265.569550 258.509491 2795.151855
278.737213 -41.531342 2697.020264
-136.915436 558.966248 2803.760498
-191.841232 218.962921 2806.939209
-199.876495 -75.900696 2675.067627
33.331451 316.542603 2761.864746
139.572449 74.585373 2729.332764
160.582306 -405.507629 2781.302002
138.025604 -849.727173 2677.833740
-81.217155 76.194199 2761.632568
-44.777786 -405.526794 2767.837646
-23.150736 -869.446655 2766.718994
2.096863 4.134155 -0.276611
3.056686 -0.826782 0.964355
38.201458 791.594727 2785.862061
36.721455 557.860413 2777.439209
211.137589 557.203430 2752.003662
263.884338 258.400696 2794.623047
279.929504 -40.700531 2693.882324
-137.694687 558.517395 2802.874756
-193.958755 211.957306 2802.451172
-201.662308 -82.325653 2671.163330
33.476692 316.669678 2761.418945
140.637344 75.063065 2729.298096
162.879868 -404.434937 2786.385742
136.918839 -849.216187 2678.450195
-80.173492 75.894791 2761.499268
-47.499817 -404.696350 2792.214111
-15.155079 -870.508362 2722.523682
1.192291 0.830811 -3.137939
-1.106766 0.510986 0.616455
38.552341 791.096680 2785.426758
37.019184 557.730896 2777.850830
211.460617 557.548096 2752.576660
264.954590 259.196228 2794.274902
279.761932 -37.978912 2687.816406
-137.422226 557.913635 2803.125000
-196.539719 208.434753 2798.227539
-201.307175 -86.328827 2664.295898
34.419125 316.543518 2761.649414
142.240433 75.240463 2729.449463
163.294434 -403.641846 2792.035156
138.068207 -850.654663 2676.411133
-78.602318 75.471848 2761.446533
-45.844803 -404.746277 2801.497314
-11.491302 -870.544434 2700.288330
-0.167572 2.721619 -6.065918
1.149368 -1.438477 -2.039062
39.012699 789.304565 2784.665771
36.688511 556.381470 2776.847900
211.067841 556.109253 2751.145752
268.024475 260.060242 2797.467529
275.462341 -34.003632 2682.419678
-137.690826 556.653809 2802.550049
-195.249603 206.727539 2798.634033
-201.487061 -89.101990 2664.279785
33.958012 315.179077 2760.877441
141.609650 73.804321 2728.637695
161.094482 -405.793121 2786.139160
135.661133 -853.324097 2674.310791
-79.154617 74.148987 2761.176270
-49.494167 -405.878174 2807.755127
-12.526340 -870.409912 2685.374512
-4.299591 3.975281 -5.396729
-2.407074 -2.669434 -2.100342
39.124100 791.363953 2785.319336
36.047531 556.930542 2777.286133
210.344727 556.532776 2751.035889
265.792206 254.358582 2794.415039
269.635773 -38.161896 2675.101562
-138.249664 557.328308 2803.536377
-188.104324 206.370483 2798.860352
-198.860413 -85.901855 2661.998047
33.069748 315.740234 2761.168945
140.422546 74.298172 2728.435303
161.931992 -404.796204 2789.455811
136.440872 -851.456848 2676.854736
-80.238625 74.801712 2761.668213
-50.206253 -405.267883 2809.127930
-12.080433 -867.885986 2679.865723
-5.826569 -4.158264 -7.318115
0.779739 1.867249 2.543945
38.832756 790.684326 2785.096680
36.438061 556.637573 2777.428711
210.734589 555.846985 2751.180176
264.323761 252.545166 2791.353516
260.302917 -38.045349 2667.522217
-137.858490 557.428101 2803.677246
-189.247925 218.620300 2800.396973
-200.252457 -72.706146 2663.836914
32.972385 315.429596 2761.680664
139.836517 73.721222 2729.317139
161.808868 -405.264221 2791.223145
136.709686 -851.556152 2675.879639
-80.823082 74.722076 2762.548096
-49.915401 -404.806915 2815.125977
-11.094795 -870.842712 2674.079346
-9.332855 0.116547 -7.579346
0.268814 -0.099304 -0.975098
39.409237 792.875122 2786.063965
36.815784 558.483765 2777.725098
211.059448 557.923706 2751.121338
263.636230 250.377960 2788.792236
252.201065 -38.021423 2660.413818
-137.427887 559.043701 2804.328857
-187.634064 212.291809 2794.762939
-201.850983 -77.988037 2664.765869
33.546589 317.312317 2761.389648
140.573944 75.786438 2728.214111
162.178848 -403.733673 2785.931885
138.332245 -847.452637 2675.435791
-80.019165 76.495361 2761.894287
-47.545719 -403.369354 2810.641602
-10.003353 -865.082764 2673.485596
-8.101852 0.023926 -7.108398
1.622559 4.103516 -0.443848
39.669071 791.558472 2785.427246
37.301208 557.478577 2777.374268
211.553558 556.702637 2750.829834
263.157928 251.242950 2785.472168
246.660538 -36.883209 2656.832520
-136.951141 558.254517 2803.918701
-189.250412 207.209900 2794.282715
-199.448486 -78.912537 2663.483887
33.783962 316.290283 2761.335449
140.568542 74.610809 2728.493896
160.284851 -404.671173 2788.848389
137.803574 -850.421753 2676.994141
-80.035103 75.593170 2762.099365
-45.558163 -405.387482 2788.761963
-16.069788 -868.401978 2724.766357
-5.540527 1.138214 -3.581299
-0.528671 -2.969116 1.558350
39.532398 793.285828 2795.195801
35.667175 560.456299 2781.658203
209.787491 559.233826 2754.292236
262.958435 250.062225 2785.880615
245.235870 -36.708435 2654.257812
-138.453140 561.678772 2809.024170
-189.271378 218.405029 2792.880127
-198.308243 -70.253601 2666.073975
30.804371 319.641541 2761.475342
136.161514 78.052948 2723.969482
155.045288 -401.712921 2780.619385
132.929810 -846.222961 2673.425537
-84.278397 79.600616 2758.615479
-45.567371 -401.666138 2774.744873
-25.434645 -865.528076 2746.666504
-1.424667 0.174774 -2.574707
-4.873764 4.198792 -3.568604
38.167545 787.781738 2789.559570
35.339767 555.265930 2778.979980
209.431274 553.751526 2751.438965
262.749115 252.557556 2785.862793
247.715195 -34.640839 2654.747314
-138.751770 556.780273 2806.520996
-189.134705 226.279053 2792.937500
-199.920151 -61.891998 2664.302734
30.407173 314.265076 2761.051758
135.674194 72.305649 2725.690430
160.829590 -406.505676 2787.309570
137.189545 -855.084290 2681.686523
-84.725021 74.222824 2760.557129
-43.708195 -407.112000 2774.600830
-20.079227 -871.094727 2761.608643
2.479324 2.067596 0.489502
4.259735 -8.861328 8.260986
39.146694 781.671265 2786.739746
36.560631 549.861572 2777.153320
210.780838 548.144226 2750.458740
262.927765 247.768494 2785.164307
251.462112 -39.324860 2653.434570
-137.659592 551.578979 2803.847900
-197.070877 214.145111 2791.438965
-201.304626 -72.629547 2665.128418
31.584047 308.779022 2760.183838
136.889984 66.609360 2726.316650
161.201721 -412.719910 2784.351074
139.551025 -854.366333 2679.624756
-83.675049 68.783554 2760.112061
-38.563080 -412.349670 2770.744629
-22.474756 -876.734375 2767.106201
3.746918 -4.684021 -1.312744
2.361481 0.717957 -2.061768
40.437969 784.483032 2796.847168
37.270554 552.517334 2781.041748
211.533615 551.411011 2754.593994
263.340698 242.231445 2785.352295
250.755280 -44.431152 2652.735840
-136.992508 553.623657 2807.489502
-201.532211 206.068054 2786.233154
-201.730789 -80.587646 2666.048584
32.454407 311.845276 2759.375977
137.946915 70.472885 2720.968750
162.783707 -408.703613 2780.242188
138.728470 -847.475281 2672.175781
-82.670395 71.873520 2754.451660
-40.068451 -409.608765 2759.630127
-20.518017 -873.696777 2768.997314
-0.706833 -5.106293 -0.698730
-0.822556 6.891052 -7.448975
40.101746 783.711182 2791.383789
36.836025 549.582214 2777.228271
211.008331 547.784241 2750.231445
264.887207 245.230713 2783.707520
249.731995 -43.537781 2656.126221
-137.336273 551.380188 2804.225098
-202.753662 201.041077 2784.608398
-202.075989 -85.055145 2663.094971
31.229065 308.773346 2757.092285
135.874023 66.826370 2719.867188
162.956421 -411.898254 2781.768066
133.759354 -853.812805 2677.648682
-84.629814 69.102615 2754.045410
-47.282398 -410.878906 2787.436035
-17.221981 -874.665527 2728.417480
-1.023285 0.893372 3.390381
-4.969116 -6.337524 5.472900
39.812233 782.108093 2787.648926
36.203014 548.361511 2776.552979
210.370911 546.280273 2749.538086
264.182434 242.203278 2783.654541
254.909088 -47.458710 2657.603027
-137.964874 550.442688 2803.567871
-203.875427 200.024567 2783.284668
-202.344055 -87.714264 2669.130615
30.493799 307.395142 2758.309082
135.032227 65.111374 2722.964844
163.430161 -413.251648 2787.083740
136.563019 -851.302795 2681.983643
-85.463051 67.746201 2757.165527
-44.600151 -412.831238 2782.100830
-18.013281 -876.885986 2751.798584
5.177094 -3.920929 1.476807
2.803665 2.510010 4.334961
39.604752 787.092773 2785.784668
36.317181 552.937439 2776.892090
210.421646 550.912415 2749.464111
264.928772 243.815216 2786.665771
257.567780 -45.745667 2660.152100
-137.787277 554.962463 2804.320068
-204.437866 199.510895 2782.627930
-202.630798 -89.047821 2672.399170
30.939365 311.822327 2760.557129
135.769684 69.425400 2726.860107
163.067047 -409.556824 2786.600586
137.937347 -846.482849 2684.358154
-84.646599 71.989059 2761.584229
-44.527718 -407.617554 2802.008057
-12.773203 -869.520996 2715.279053
2.658691 1.713043 2.549072
1.374329 4.819946 2.374512
40.867840 788.498840 2785.877686
37.703533 554.606262 2777.574707
212.097351 553.187439 2752.086426
263.661499 246.877502 2785.757324
259.102386 -44.292877 2662.884277
-136.690277 556.025085 2803.062988
-205.723480 197.750916 2785.811035
-202.846024 -90.000427 2668.545898
33.307007 313.485718 2760.915527
139.309006 71.466980 2728.121094
169.580688 -407.289886 2788.286621
140.139832 -850.356201 2677.007812
-81.488052 73.263367 2760.391602
-40.349995 -407.346985 2783.739258
-13.248941 -870.424561 2735.402344
1.534607 1.452789 2.732178
2.202484 -3.873352 -7.350342
39.924511 790.065308 2795.412842
37.930927 556.910767 2781.267334
212.142365 556.794922 2754.542969
263.067871 247.472382 2783.440430
255.270691 -44.686432 2663.091797
-136.280518 557.026733 2807.991699
-200.446381 214.757080 2791.510742
-202.783997 -75.176636 2672.564941
34.609070 316.107361 2760.657227
141.565262 75.230560 2723.130127
170.423706 -402.796967 2789.275635
137.567596 -847.932251 2671.380615
-78.990829 75.377289 2756.964111
-42.895916 -406.141174 2772.798096
-6.231091 -868.978027 2748.812988
-3.831696 -0.393555 0.207520
-2.572235 2.423950 -5.627197
39.077660 787.177368 2791.174316
36.896442 554.258240 2780.094727
211.213593 554.723206 2754.034912
262.838196 250.087891 2785.909180
251.178680 -41.215607 2663.810303
-137.420715 553.793274 2806.154541
-196.099609 227.623413 2795.888184
-204.672592 -64.126038 2678.235107
34.690189 313.301270 2761.037598
142.823578 72.638611 2725.485107
169.369690 -405.057831 2794.971191
136.428268 -851.943970 2677.529541
-77.855698 72.049988 2758.475830
-43.052696 -409.851562 2769.831543
-15.242510 -873.348145 2766.949707
-4.092010 3.470825 0.718506
-1.139328 -4.011719 6.148926
