77.550087 673.965881 2576.271729
60.983574 463.602173 2566.252441
227.064545 450.537781 2532.629639
288.466827 176.881073 2480.201660
228.432922 -91.813019 2507.796143
-105.097404 476.666565 2599.875244
-105.096680 199.831085 2599.875244
-105.102142 -77.004028 2599.875244
42.438004 252.995026 2556.479004
119.101341 34.898483 2527.430664
138.823532 -388.023926 2524.080322
72.562241 -788.114136 2488.352295
-71.316483 49.877289 2565.980469
-28.128590 -356.167816 2681.906494
-22.271955 -777.475220 2527.551025
-1.484116 7.463898 -2.544678
-5.313652 -1.420166 1.696289
76.939247 672.454590 2570.986816
62.641846 460.853271 2564.032715
229.053497 449.003052 2531.647705
289.174072 178.317810 2480.522949
225.687042 -89.848358 2505.794922
-103.769806 472.703461 2596.417725
-103.769081 195.867981 2596.417725
-103.774544 -80.967133 2596.417725
46.141174 249.983643 2556.404053
128.279999 32.089874 2529.579346
191.144135 -377.927917 2654.416504
164.261444 -777.853027 2528.314453
-68.999001 46.138153 2567.971436
6.254814 -420.484528 2688.694336
2.183130 -785.138184 2508.516602
-2.745880 1.964661 -2.001221
91.699203 10.261108 39.962158
76.743996 671.294800 2569.847168
63.555592 459.833191 2562.941895
230.234573 448.685059 2531.698486
289.599609 180.109680 2480.275146
244.809128 -90.706970 2475.789307
-103.123383 470.981384 2594.185303
-103.122658 194.145905 2594.185303
-103.128120 -82.689209 2594.185303
48.021400 248.868408 2555.345215
129.789444 31.395645 2529.509521
186.515762 -373.072937 2658.199707
169.667755 -752.442566 2541.407227
-64.815025 44.411575 2565.987549
-8.100891 -390.772095 2687.169434
-13.828522 -769.314087 2543.036133
19.122086 -0.858612 -30.005615
5.406311 25.410461 13.092773
76.069443 669.014282 2569.281006
64.032257 457.458374 2561.840088
230.972092 447.127075 2531.729736
288.797363 182.558044 2477.146484
253.841278 -85.185455 2456.855225
-102.907578 467.789673 2591.950439
-102.906853 190.954193 2591.950439
-102.912315 -85.880920 2591.950439
49.556107 246.417801 2553.991455
132.534332 29.346130 2528.565186
215.642151 -374.170135 2626.193359
182.409103 -764.027893 2513.740234
-62.374424 41.408325 2563.720459
15.065723 -365.907166 2649.514893
-11.293312 -747.758423 2510.828125
9.032150 5.521515 -18.934082
12.741348 -11.585327 -27.666992
76.810501 667.218384 2569.496826
63.700462 455.902740 2562.296387
230.313858 444.498474 2530.814697
288.845459 181.983673 2476.558838
240.910065 -86.720551 2473.625732
-102.912926 467.307007 2593.778076
-102.912201 190.471527 2593.778076
-102.917664 -86.363586 2593.778076
47.761086 244.968719 2554.350098
129.087143 27.377136 2528.025391
219.282898 -380.932190 2594.446533
173.954529 -772.343384 2492.065430
-65.443726 40.692261 2564.782227
18.211449 -370.387207 2622.045166
-24.438606 -754.374023 2493.692627
-12.931213 -1.535095 16.770508
-8.454575 -8.315491 -21.674805
76.292709 668.707031 2569.091309
63.279518 456.777832 2563.020752
229.733597 445.512085 2530.632568
288.303741 175.768829 2474.808838
239.977997 -93.379059 2493.248291
-103.174568 468.043579 2595.408936
-103.173843 191.208099 2595.408936
-103.179306 -85.627014 2595.408936
47.576385 245.798004 2555.703125
129.042572 28.241684 2529.478516
214.296783 -384.419800 2570.779297
160.614243 -777.586304 2479.798584
-65.296066 41.394669 2567.292480
13.440666 -373.189026 2601.708008
-41.081692 -759.665649 2485.939453
-0.932068 -6.658508 19.622559
-13.340286 -5.242920 -12.266846
75.026596 667.617371 2569.912842
62.316833 456.061218 2563.174316
228.756714 445.061523 2530.597412
283.751862 177.366333 2473.556396
238.111862 -92.453766 2502.942139
-104.123047 467.060852 2595.751221
-104.122322 190.225372 2595.751221
-104.127785 -86.609741 2595.751221
46.853382 245.076508 2555.408936
127.796875 27.720474 2528.773926
202.685059 -388.332153 2552.343018
143.921448 -783.288696 2472.999268
-65.017021 40.463150 2566.513184
-18.746883 -405.529236 2674.388184
-18.020397 -791.581299 2550.379639
-1.866135 0.925293 9.693848
-16.692795 -5.702393 -6.799316
75.005089 665.823730 2568.803955
62.161259 454.809875 2562.664062
228.825195 443.502991 2531.376709
280.153046 180.569427 2474.667236
229.446472 -89.249725 2502.825684
-104.502670 466.116760 2593.951416
-104.501945 189.281281 2593.951416
-104.507408 -87.553833 2593.951416
46.478889 243.822876 2555.374268
126.744949 26.326508 2530.072266
189.847336 -392.167175 2542.099854
128.677811 -788.839050 2473.916748
-65.151917 39.345245 2566.096680
-33.218132 -382.242889 2692.833496
-4.759331 -773.950806 2540.647949
-8.665390 3.204041 -0.116455
-15.243637 -5.550354 0.917480
75.523575 664.257141 2568.247070
62.357899 453.540466 2562.507812
229.153183 442.036652 2531.990234
277.972534 180.266266 2475.199707
219.990356 -88.253113 2504.875000
-104.437378 465.044312 2593.025391
-104.436653 188.208832 2593.025391
-104.442116 -88.626282 2593.025391
46.504280 242.559143 2555.390137
126.706131 24.952881 2530.697754
189.382645 -382.785980 2654.603516
163.178955 -773.795410 2571.530029
-65.404816 38.202728 2565.847168
-29.119682 -379.651581 2668.319336
-17.557682 -777.539551 2567.529541
-9.456116 0.996613 2.049316
34.501144 15.043640 97.613281
75.138603 664.670532 2567.975342
62.222328 453.649719 2562.039795
229.306564 441.905273 2533.282471
276.990814 181.764374 2475.968750
228.028778 -89.155273 2481.604248
-104.861900 465.394165 2590.797119
-104.861176 188.558685 2590.797119
-104.866638 -88.276428 2590.797119
46.222961 242.668274 2555.245850
126.366264 24.928894 2531.904541
187.294998 -376.053009 2665.180176
168.367752 -749.743408 2567.650391
-65.919083 38.444763 2564.999268
-26.357304 -378.775391 2647.398682
-22.560957 -781.164185 2603.409912
8.038422 -0.902161 -23.270752
5.188797 24.052002 -3.879639
75.414688 662.148193 2568.343262
61.653889 452.085358 2561.629150
228.827759 439.868225 2533.574219
276.722931 183.672363 2476.808105
235.833374 -88.533051 2465.810547
-105.519981 464.302490 2589.684082
-105.519257 187.467010 2589.684082
-105.524719 -89.368103 2589.684082
45.028378 241.167236 2554.410156
124.646675 23.215576 2531.039551
212.106766 -378.606781 2631.802002
179.003784 -772.944092 2536.190674
-67.840942 37.282654 2563.342773
-25.307461 -400.441101 2656.475830
-22.636673 -796.685913 2576.261230
7.804596 0.622223 -15.793701
10.636032 -23.200684 -31.459717
75.259964 663.668640 2568.023926
61.693813 452.766937 2561.417236
228.990372 441.117065 2533.840820
276.694733 180.672363 2475.603271
228.216553 -90.463654 2481.919189
-105.602737 464.416809 2588.993652
-105.602013 187.581329 2588.993652
-105.607475 -89.253784 2588.993652
45.732826 241.815613 2553.705566
127.216240 24.078644 2529.931641
221.287170 -383.033020 2598.300537
178.433716 -778.563232 2511.936768
-67.672569 37.649933 2562.056152
-38.702461 -378.910034 2683.935547
-4.290955 -775.884644 2552.680664
-7.616821 -1.930603 16.108643
-0.570068 -5.619141 -24.253906
76.948929 664.391907 2567.867188
63.502258 453.496155 2560.909424
231.023193 441.944305 2534.705566
276.174042 177.720520 2476.194336
231.153961 -93.352386 2498.484619
-104.018677 465.048004 2587.113281
-104.017952 188.212524 2587.113281
-104.023415 -88.622589 2587.113281
47.814346 242.508301 2553.629883
129.897202 24.778397 2531.056885
218.434341 -387.068542 2573.563721
169.051620 -783.922852 2497.358398
-65.644333 38.262497 2561.643799
-25.440254 -377.089966 2658.296143
-16.491297 -778.517395 2579.181152
2.937408 -2.888733 16.565430
-9.382095 -5.359619 -14.578369
77.533646 664.662048 2567.281982
63.849625 453.538452 2560.531738
231.485977 441.890839 2535.104004
276.630981 179.431854 2478.976562
226.272430 -91.290558 2500.546387
-103.786728 465.186096 2585.959473
-103.786003 188.350616 2585.959473
-103.791466 -88.484497 2585.959473
48.135181 242.540756 2553.583252
130.257202 24.745209 2531.794434
207.863190 -390.766022 2556.110596
154.718109 -788.956848 2490.088623
-65.415733 38.340881 2561.475098
-57.404255 -373.561493 2659.126465
-36.555862 -773.094971 2583.776611
-4.881531 2.061829 2.061768
-14.333511 -5.033997 -7.269775
76.536789 666.704956 2567.500000
63.792610 455.508362 2560.302490
231.630981 444.104980 2536.141113
278.158325 174.863342 2479.443604
230.667374 -95.807007 2509.019043
-104.045769 466.911804 2584.463867
-104.045044 190.076324 2584.463867
-104.050507 -86.758789 2584.463867
48.445808 244.485443 2553.291260
131.054276 26.807159 2532.178711
196.380035 -391.331696 2544.667725
141.700195 -790.794861 2488.289307
-64.856262 40.117859 2560.381348
-79.329254 -374.271881 2646.027344
-49.079403 -774.294678 2576.702393
4.394943 -4.516449 8.472656
-13.017914 -1.838013 -1.799316
77.691345 666.709656 2569.610352
64.401718 456.502869 2561.137939
232.414078 444.853455 2538.355225
283.223450 177.522522 2481.715332
236.044586 -93.073212 2514.248779
-103.610641 468.152344 2583.920654
-103.609917 191.316864 2583.920654
-103.615379 -85.518250 2583.920654
48.689754 245.544128 2553.138672
131.035416 27.786362 2531.842529
184.740814 -392.156250 2537.087402
130.226715 -792.783813 2489.495605
-65.079834 41.384384 2558.436279
-91.607346 -375.479309 2627.606445
-54.632198 -776.159790 2565.741699
5.377213 2.733795 5.229736
-11.473480 -1.988953 1.206299
78.485001 663.604004 2559.642822
65.061295 453.011414 2557.700195
233.356201 440.497437 2537.810791
293.241730 186.495132 2479.433838
224.310242 -78.353378 2513.594482
-103.233612 465.525391 2577.589600
-103.232887 188.689911 2577.589600
-103.238350 -88.145203 2577.589600
49.011574 242.005249 2554.655273
130.574188 23.740891 2540.074219
174.120239 -397.407776 2541.129883
121.006325 -799.071533 2501.326172
-64.650467 38.257278 2563.146484
-29.745907 -396.491516 2659.005371
-20.470482 -793.557373 2565.924561
-11.734344 14.719833 -0.654297
-9.220390 -6.287720 11.830566
77.336212 662.057007 2563.189697
64.924599 451.782288 2558.031006
233.614822 440.099426 2541.402100
315.141724 202.761978 2510.724854
250.511383 13.024475 2413.604248
-103.765617 463.465149 2574.659912
-103.764893 186.629669 2574.659912
-103.770355 -90.205444 2574.659912
49.795677 240.733261 2552.832520
133.470490 22.841461 2537.894287
168.498260 -399.100677 2536.696533
117.632233 -801.667603 2503.655518
-64.136978 36.527008 2557.373779
-37.865143 -379.880524 2676.884766
-8.019407 -774.416016 2541.346680
26.201141 91.377853 -99.990234
-3.374092 -2.596069 2.329346
78.388222 664.201721 2564.944336
65.343506 453.284424 2558.649658
234.186935 440.720703 2544.300049
317.578857 198.884567 2523.361084
287.693176 95.565727 2341.785889
-103.499924 465.848114 2572.999268
-103.499199 189.012634 2572.999268
-103.504662 -87.822479 2572.999268
49.129135 242.322662 2552.570801
129.539108 24.171066 2538.280029
157.589157 -398.287903 2536.006348
109.512238 -801.629883 2508.747070
-63.709587 38.550766 2554.703857
-32.314613 -376.165955 2657.295166
-19.884804 -776.111511 2570.809814
37.181793 82.541252 -71.818359
-8.119995 0.037720 5.091553
78.824593 667.375366 2574.336426
65.513939 456.978394 2562.084717
234.523102 444.365601 2549.766357
329.815033 212.959549 2513.182373
320.726288 192.546875 2298.542480
-103.495216 469.591125 2574.403076
-103.494492 192.755646 2574.403076
-103.499954 -84.079468 2574.403076
49.049095 246.215698 2551.985352
129.966583 28.185608 2534.788330
152.375824 -394.607819 2532.126709
107.395035 -798.606995 2509.751709
-64.798073 42.720428 2548.983643
-30.194668 -372.474854 2635.807617
-23.193817 -775.994751 2594.219238
33.033112 96.981148 -43.243408
-2.117203 3.022888 1.004639
78.446625 664.606689 2571.028320
66.194717 454.509705 2560.374023
235.418045 442.408508 2550.940186
325.404724 217.978165 2491.100830
343.335785 287.743042 2283.477539
-103.028610 466.610901 2569.807861
-103.027885 189.775421 2569.807861
-103.033348 -87.059692 2569.807861
50.565319 243.648865 2550.496094
133.780930 25.719589 2535.107910
151.663696 -397.289429 2532.440186
109.912842 -801.840637 2514.152588
-63.909081 39.856461 2546.128418
-27.108536 -374.884827 2628.619873
-22.249170 -780.096802 2614.167725
22.609497 95.196167 -15.064941
2.517807 -3.233643 4.400879
79.436752 667.896484 2577.882324
66.929047 457.923645 2563.191406
236.250183 445.994446 2555.109863
335.711853 235.995728 2480.056396
362.153687 379.384338 2297.830322
-102.392090 469.852844 2571.272949
-102.391365 193.017365 2571.272949
-102.396828 -83.817749 2571.272949
51.496567 247.171997 2550.948486
134.121140 29.511932 2534.025391
148.386063 -393.635712 2531.547852
109.874893 -798.647217 2516.655029
-61.992970 43.328766 2543.385742
-30.332846 -358.665497 2666.860840
-20.600906 -775.039673 2555.838867
18.817902 91.641296 14.352783
-0.037949 3.193420 2.502441
79.122559 669.648560 2581.306396
66.996742 460.027771 2564.278564
236.356674 448.012268 2556.925049
355.359192 263.498627 2466.538330
372.319763 458.427795 2323.609375
-102.363197 472.043335 2571.632080
-102.362473 195.207855 2571.632080
-102.367935 -81.627258 2571.632080
51.465195 249.347748 2550.816895
133.391174 31.753433 2533.123779
144.770203 -391.483154 2530.922607
109.422760 -796.876343 2518.832520
-61.523872 45.581985 2541.586670
-28.496445 -360.573608 2652.620850
-24.564182 -771.453369 2578.411621
10.166077 79.043457 25.779053
-0.452133 1.770874 2.177490
78.899986 669.336304 2575.008057
65.739784 460.898560 2561.581543
235.030701 448.209106 2553.671875
370.684509 295.250000 2454.760498
375.842377 526.888916 2363.618896
-103.551140 473.588013 2569.491211
-103.550415 196.752533 2569.491211
-103.555878 -80.082581 2569.491211
49.411316 250.159637 2550.191162
129.035278 32.228455 2534.317627
180.791153 -384.099548 2662.244873
160.708252 -769.229126 2571.323730
-62.869576 46.612976 2543.283936
-29.166084 -363.235352 2640.829102
-28.918280 -772.216187 2605.451172
3.522614 68.461121 40.009521
51.285492 27.647217 52.491211
80.295914 667.075562 2570.860840
66.011818 459.213318 2558.605469
235.225891 445.855927 2550.117432
381.848267 326.622375 2446.369629
377.973633 577.275696 2402.046143
-103.202240 472.570740 2567.093506
-103.201515 195.735260 2567.093506
-103.206978 -81.099854 2567.093506
48.866405 248.471664 2548.440430
128.313599 30.105194 2533.430176
179.672974 -376.793701 2665.738770
165.387634 -751.868408 2562.745117
-64.871620 45.354813 2543.120605
-28.089493 -366.565918 2631.530029
-29.354980 -774.587402 2616.662842
2.131256 50.386780 38.427246
4.679382 17.360718 -8.578613
82.188126 665.895508 2570.293457
66.767418 457.987427 2557.323242
235.876480 444.196381 2547.565918
396.926697 355.809174 2447.180664
377.110504 613.658203 2446.893555
-102.341637 471.778442 2567.080566
-102.340912 194.942963 2567.080566
-102.346375 -81.892151 2567.080566
49.006119 247.283173 2547.303711
127.778297 28.706528 2531.714355
206.982635 -374.615173 2633.310791
177.535492 -767.795898 2531.915283
-65.288658 44.451340 2542.854004
-7.211155 -369.243103 2611.756104
-10.629305 -776.092651 2597.577881
-0.863129 36.382507 44.847412
12.147858 -15.927490 -30.829834
82.332001 667.775452 2569.506348
67.098419 459.605225 2555.482666
235.926147 446.242310 2541.785645
408.457458 376.401367 2451.585449
366.741943 632.068237 2487.434814
-101.729309 472.968170 2569.179688
-101.728584 196.132690 2569.179688
-101.734047 -80.702423 2569.179688
49.572655 248.898621 2545.029785
128.443420 30.562103 2526.756348
216.318146 -377.564484 2597.284912
175.841873 -771.975464 2504.868164
-64.349640 45.821930 2542.397461
0.104324 -370.034729 2589.007080
-5.010612 -776.903564 2575.938232
-10.368561 18.410034 40.541260
-1.693619 -4.179565 -27.047119
80.980095 668.463501 2569.592041
68.049858 460.027740 2552.911377
236.294846 447.996368 2533.206543
414.693909 396.680450 2452.769775
362.625549 644.816284 2522.391357
-100.195145 472.059113 2572.616211
-100.194420 195.223633 2572.616211
-100.199883 -81.611481 2572.616211
51.551380 249.341248 2540.684082
131.153778 31.782486 2517.201416
190.441772 -382.052246 2653.138916
160.193878 -770.234619 2575.988770
-61.047974 45.527008 2539.712158
0.418522 -372.427582 2567.985596
-5.917163 -779.320618 2556.273926
-4.116394 12.748047 34.956543
-15.647995 1.740845 71.120605
78.773094 667.984131 2569.644043
68.449875 459.705719 2551.124512
236.464233 448.942078 2528.576172
418.832855 411.833740 2452.371582
347.946198 646.273254 2551.199219
-99.564499 470.469391 2573.672852
-99.563774 193.633911 2573.672852
-99.569237 -83.201202 2573.672852
53.124733 249.017578 2537.506348
133.049408 32.227356 2511.105225
198.900238 -367.599609 2658.388672
143.377991 -752.781311 2569.735840
-57.450211 44.431519 2536.671143
-3.311455 -375.209198 2551.975586
-10.433870 -782.128174 2541.707275
-14.679352 1.456970 28.807861
-16.815887 17.453308 -6.252930
77.344620 671.053101 2569.684326
67.081688 462.363892 2551.123047
235.351395 452.028076 2530.006348
419.915527 429.918243 2450.193604
323.008759 637.555359 2578.658203
-101.188026 472.699738 2572.239746
-101.187302 195.864258 2572.239746
-101.192764 -80.970856 2572.239746
52.406433 251.635193 2537.326172
134.423203 34.967255 2511.395264
186.712006 -367.644897 2642.952148
157.396790 -763.752197 2602.292480
-58.960846 46.845734 2535.663330
-13.360596 -374.029419 2542.612061
-20.904839 -780.974121 2533.762207
-24.937439 -8.717896 27.458984
14.018799 -10.970886 32.556641
74.728722 673.135315 2569.202393
67.808212 465.013367 2549.550537
236.275681 457.731842 2528.738770
418.454132 442.461670 2451.596191
294.891846 623.643799 2602.172852
-100.659256 472.294861 2570.362305
-100.658531 195.459381 2570.362305
-100.663994 -81.375732 2570.362305
56.886139 254.144363 2534.916016
142.769516 39.091248 2508.322510
219.566895 -364.799500 2609.505371
185.806931 -768.943726 2573.910889
-50.841381 47.459503 2532.240479
-13.409370 -374.273376 2534.185547
-21.086626 -781.242249 2526.661377
-28.116913 -13.911560 23.514648
28.410141 -5.191528 -28.381592
74.619812 677.746155 2577.434570
70.153015 470.418030 2552.065186
238.121140 465.540710 2527.216553
418.168121 453.197144 2442.751465
282.579834 607.522339 2599.427246
-97.815109 475.295349 2576.913818
-97.814384 198.459869 2576.913818
-97.819847 -78.375244 2576.913818
61.239029 259.829529 2533.144531
148.564835 46.446487 2499.986572
195.141708 -376.400269 2644.739502
170.978699 -775.749878 2595.269287
-43.914761 52.035538 2528.461182
-13.639704 -370.275085 2527.629639
-21.232903 -777.265869 2521.301758
-12.312012 -16.121460 -2.745605
-14.828232 -6.806152 21.358398
73.597946 676.312378 2572.052002
71.638214 468.219482 2548.749756
239.068817 465.036743 2520.272949
421.603882 463.117157 2437.359863
274.678802 589.684937 2587.672852
-95.792389 471.402222 2577.226562
-95.791664 194.566742 2577.226562
-95.797127 -82.268372 2577.226562
64.704315 257.389679 2531.545410
152.697906 44.755371 2498.195557
200.452927 -355.858948 2662.354736
153.476257 -760.761230 2582.567139
-37.157074 48.364380 2530.486572
-12.873827 -374.328156 2528.272705
-20.227966 -781.338379 2522.997803
-7.901031 -17.837402 -11.754395
-17.502441 14.988647 -12.702148
73.369873 676.694763 2570.379395
70.993408 468.429138 2547.743408
238.397644 466.184692 2518.763428
417.201080 474.934662 2432.945557
252.609604 605.155640 2587.941650
-96.410828 470.673645 2576.723389
-96.410103 193.838165 2576.723389
-96.415565 -82.996948 2576.723389
65.275208 257.499451 2531.048340
155.302582 45.286026 2497.778320
186.504684 -358.066711 2639.311279
160.091187 -763.775024 2610.036865
-36.188564 47.853470 2530.928223
-16.798056 -375.088501 2528.162598
-23.808846 -782.115540 2523.796875
-22.069199 15.470703 0.268799
6.614929 -3.013794 27.469727
72.650307 675.702393 2570.049561
70.094978 468.100037 2547.797363
237.311752 466.659973 2517.598145
412.145233 489.082825 2427.014648
246.439423 619.538574 2593.575684
-97.121788 469.540161 2577.996582
-97.121063 192.704681 2577.996582
-97.126526 -84.130432 2577.996582
65.176445 257.175507 2530.621094
155.885361 45.427414 2496.174561
218.305344 -357.276794 2611.051270
189.175797 -762.609619 2586.637695
-35.369530 47.074509 2530.715088
-19.919518 -376.029175 2527.867432
-26.522371 -783.070618 2524.275391
-6.170181 14.382935 5.634033
29.084610 1.165405 -23.399170
72.143906 673.693481 2568.415527
69.321594 465.627258 2545.811279
234.767197 463.380676 2507.866699
400.580414 495.708130 2415.148438
249.271500 637.204712 2591.468262
-96.123993 467.873840 2583.755859
-96.123268 191.038361 2583.755859
-96.128731 -85.796753 2583.755859
62.880943 254.623230 2530.221680
151.150528 42.333130 2492.910645
226.132370 -365.542053 2578.228271
195.747314 -771.045166 2558.653320
-38.269955 44.905273 2536.353516
-25.969942 -378.302795 2533.670898
-32.130299 -785.356384 2530.730225
2.832077 17.666138 -2.107422
6.571518 -8.435547 -27.984375
70.244957 672.527832 2568.567139
67.379326 464.964142 2545.377930
231.225571 463.129425 2501.107422
400.291504 497.353760 2409.078857
257.635895 641.484497 2580.375732
-96.466927 466.798859 2589.648438
-96.466202 189.963379 2589.648438
-96.471664 -86.871735 2589.648438
60.816132 253.950562 2529.832520
148.060852 41.886551 2488.940674
222.966217 -370.543579 2548.556885
192.508804 -776.233521 2533.481201
-39.554966 43.987411 2539.633545
-29.763578 -379.287781 2537.230225
-35.468861 -786.351562 2534.833008
8.364395 4.279785 -11.092529
-3.238510 -5.188354 -25.172119
70.024300 672.360413 2567.645020
66.986465 464.498016 2544.029541
228.595230 463.069946 2492.373535
385.153809 502.180359 2392.547119
263.504883 657.563660 2569.957275
-94.622299 465.926086 2595.685547
-94.621574 189.090607 2595.685547
-94.627037 -87.744507 2595.685547
60.247692 253.463516 2528.781250
146.069443 41.611099 2483.947266
214.345276 -374.315857 2524.031006
184.684875 -780.192932 2512.927002
-39.051601 43.246933 2543.118652
-31.254810 -380.071411 2541.032227
-36.508003 -787.143677 2539.084961
5.868988 16.079163 -10.418457
-7.823929 -3.959412 -20.554199
68.956902 671.082764 2569.671143
65.314301 464.826538 2544.515381
224.892166 464.730591 2486.813965
357.546692 500.570984 2369.264404
292.347382 681.391907 2529.077637
-94.263565 464.922485 2602.216797
-94.262840 188.087006 2602.216797
-94.268303 -88.748108 2602.216797
59.108753 253.898254 2527.704102
144.289658 42.915009 2477.848633
203.409531 -375.508362 2504.121338
175.138245 -781.562744 2496.388672
-38.483246 43.024902 2543.937012
-32.271706 -380.321075 2542.163574
-37.086407 -787.400391 2540.587158
28.842499 23.828247 -40.879639
-9.546631 -1.369812 -16.538330
69.008667 671.936096 2577.198486
63.148651 465.957550 2547.911133
221.913986 466.914917 2487.702881
337.738892 500.761780 2354.128906
310.655151 703.976440 2496.645996
-95.616684 465.000183 2608.119385
-95.615959 188.164703 2608.119385
-95.621422 -88.670410 2608.119385
56.553085 255.423798 2527.171387
140.818802 45.437943 2471.974609
190.479233 -374.694580 2488.888184
163.963684 -780.910767 2483.929199
-40.903755 44.342148 2540.888672
-35.952446 -379.021545 2539.403564
-40.349129 -786.106689 2538.131104
18.307770 22.584534 -32.431641
-11.174561 0.651978 -12.459473
68.504326 669.620117 2571.965088
61.637794 463.128326 2546.470215
217.782822 463.635864 2479.909912
321.420593 493.914551 2341.572021
324.173431 719.153931 2447.371338
-94.507240 462.620789 2613.030518
-94.506516 185.785309 2613.030518
-94.511978 -91.049805 2613.030518
54.576317 252.367798 2528.297363
136.908234 41.897842 2472.018555
177.858307 -379.375610 2482.756348
153.292404 -785.735352 2480.017822
-41.878555 41.316696 2548.230469
-37.929657 -382.058350 2547.000244
-41.932911 -789.148193 2545.975830
13.518280 15.177490 -49.274658
-10.671280 -4.824585 -3.911377
67.804642 667.457764 2570.346191
60.175804 460.251068 2546.095947
214.843384 460.601135 2476.008789
310.717834 497.460693 2332.289551
325.864685 736.907959 2375.046387
-94.491783 459.901001 2616.183105
-94.491058 183.065521 2616.183105
-94.496521 -93.769592 2616.183105
52.722813 249.430023 2528.595703
133.782578 38.809311 2470.986328
167.165924 -383.214111 2477.720703
144.617859 -789.698792 2476.715820
-43.242928 38.408646 2551.204590
-40.091938 -384.973694 2550.193359
-43.728477 -792.067444 2549.370850
1.691254 17.754028 -72.324951
-8.674545 -3.963440 -3.302002
67.394966 667.858765 2569.033203
59.461132 460.434937 2547.892578
213.363174 460.256653 2475.987793
293.865601 513.734619 2309.140381
302.012299 751.801758 2276.874268
-94.440903 460.613220 2619.797363
-94.440178 183.777740 2619.797363
-94.445641 -93.057373 2619.797363
51.702404 249.507080 2531.809082
131.984848 38.477234 2474.591797
159.006165 -384.034302 2478.763428
138.456894 -790.626099 2479.077393
-44.097500 38.681213 2556.859375
-41.582092 -384.705780 2556.033203
-44.879349 -791.802734 2555.374512
-23.852386 14.893799 -98.172119
-6.160965 -0.927307 2.361572
66.502388 672.616333 2586.379883
56.770397 465.486298 2556.942627
209.510620 467.352966 2482.601074
257.357086 540.743042 2274.178711
258.244812 745.867065 2149.704834
-95.969833 463.619629 2631.284180
-95.969109 186.784149 2631.284180
-95.974571 -90.050964 2631.284180
48.391396 255.261627 2534.448730
127.383415 46.104736 2469.429688
149.157684 -376.722595 2471.977783
130.530914 -783.405029 2473.267090
-47.358631 43.969177 2554.479980
-45.349834 -379.420776 2553.808105
-48.334995 -786.520325 2553.282227
-43.767487 -5.934692 -127.169434
-7.925980 7.221069 -5.810303
71.625130 670.472961 2594.555664
58.759506 464.591217 2559.643066
210.287949 467.348419 2482.855957
228.643723 551.346985 2245.091553
219.891876 704.705994 2058.272217
-92.768936 461.834045 2636.430176
-92.768211 184.998566 2636.430176
-92.773674 -91.836548 2636.430176
49.281311 254.830292 2533.407227
126.750504 46.651459 2463.110840
144.247604 -376.379333 2464.639648
127.432114 -783.137939 2466.625488
-47.144272 43.487289 2551.231934
7.088974 -393.452393 2623.404785
17.816162 -792.324280 2544.654541
-38.352936 -41.161072 -91.432617
-3.098801 0.267090 -6.641602
65.430733 681.189880 2598.615967
55.639153 474.450623 2564.727539
205.072601 479.061157 2484.096924
207.815475 531.679504 2243.026123
192.007462 625.918701 2013.616455
-93.794304 469.840088 2645.358154
-93.793579 193.004608 2645.358154
-93.799042 -83.830505 2645.358154
47.709312 264.644409 2538.034180
125.542145 57.484238 2465.065430
139.577713 -365.677368 2465.960449
124.443436 -772.499390 2468.420654
-45.983208 52.192123 2557.616211
15.001286 -364.109863 2604.914307
15.145421 -764.009216 2528.627197
-27.884415 -78.787292 -44.655762
-2.988678 10.638550 1.795166
62.969994 672.619141 2583.170898
52.494843 464.917114 2561.581299
202.171616 465.517517 2481.270508
205.358536 502.334045 2259.455566
189.191391 531.233154 2010.129150
-97.181915 464.316742 2641.892090
-97.181190 187.481262 2641.892090
-97.186653 -89.353851 2641.892090
43.313255 254.429016 2542.895752
120.161018 44.285980 2478.050293
131.407623 -378.959595 2478.555664
117.816841 -785.834167 2481.315918
-51.897682 43.595825 2570.370117
-0.547874 -403.054749 2647.093994
0.815878 -798.307007 2552.246094
-2.816071 -94.685547 -3.487305
-6.626595 -13.334778 12.895264
62.143593 668.048462 2583.937500
50.585487 460.273560 2563.593750
201.773285 459.250366 2486.146729
183.172897 468.168030 2263.214355
168.206482 453.425903 2005.892578
-100.602303 461.296753 2641.040771
-100.601578 184.461273 2641.040771
-100.607040 -92.373840 2641.040771
39.973831 249.701874 2545.660156
116.196556 38.542511 2483.244873
125.202316 -384.756866 2483.514160
113.017143 -791.674805 2486.440430
-57.472206 39.717865 2572.208252
-26.943682 -382.324493 2683.397949
2.272512 -777.232544 2536.648438
-20.984909 -77.807251 -4.236572
-4.799698 -5.840637 5.124512
59.575027 673.749023 2593.314941
48.613888 464.800964 2569.356201
197.691788 465.373657 2487.966064
162.561813 428.574585 2269.093506
144.766525 394.097687 2007.313477
-100.464012 464.228271 2650.746338
-100.463287 187.392792 2650.746338
-100.468750 -89.442322 2650.746338
38.750870 254.295181 2549.809570
115.212852 44.121017 2483.133301
122.421288 -379.212891 2483.262207
111.508476 -786.166504 2486.252441
-57.437145 43.457779 2577.392578
-16.104542 -373.869324 2672.663574
-10.195871 -772.842651 2571.919189
-23.439957 -59.328217 1.420898
-1.508667 5.508301 -0.187988
58.076660 673.833374 2598.515625
46.991661 465.881256 2572.097656
194.241196 467.515320 2487.437988
170.763077 388.778320 2273.042725
129.709793 341.721405 2013.870605
-100.257858 464.247192 2656.757324
-100.257133 187.411713 2656.757324
-100.262596 -89.423401 2656.757324
37.293285 255.477203 2551.167969
112.464783 46.014984 2481.443115
118.233154 -377.340973 2481.490967
108.466980 -784.323730 2484.469727
-57.274971 44.131317 2579.033447
-15.246788 -373.983582 2648.798340
-19.379360 -776.894592 2596.664795
-15.056732 -52.376282 6.557129
-3.041496 1.842773 -1.782715
59.698212 677.883301 2609.627441
46.437386 469.993225 2577.892090
191.939224 472.935211 2490.277100
173.332947 350.856964 2285.023193
120.936218 287.518768 2028.241577
-99.064445 467.051239 2665.507080
-99.063721 190.215759 2665.507080
-99.069183 -86.619354 2665.507080
35.642815 260.110168 2552.917969
108.470978 51.917938 2477.589844
113.086281 -371.452179 2477.592529
104.350075 -778.458862 2480.504883
-58.774490 48.536285 2578.297852
-13.897778 -369.990112 2632.395020
-24.336323 -774.686218 2613.940918
-8.773575 -54.202637 14.370972
-4.116905 5.864868 -3.964844
57.521614 675.529968 2606.155273
44.109985 469.616577 2576.978516
187.431076 473.542786 2485.891357
180.177353 318.442871 2296.998535
121.456146 230.814209 2049.326904
-99.211105 465.690430 2668.065674
-99.210381 188.854950 2668.065674
-99.215843 -87.980164 2668.065674
34.526119 259.552643 2552.844238
107.433029 51.748459 2476.283203
111.125450 -371.630676 2476.262695
103.312256 -778.656860 2479.070068
-57.548523 47.228928 2581.136719
-10.700314 -370.557129 2635.355957
-21.440434 -776.385681 2626.107422
0.519928 -56.704559 21.085327
-1.037819 -0.197998 -1.434814
54.978233 674.926880 2604.453125
41.410591 468.686523 2575.647705
182.578949 472.198853 2481.238770
185.088089 300.211517 2303.514648
121.172043 177.334061 2078.111816
-99.757774 465.174194 2670.056641
-99.757050 188.338715 2670.056641
-99.762512 -88.496399 2670.056641
30.430023 258.689331 2551.416016
99.220604 50.676895 2473.835938
102.174538 -372.708069 2473.804932
95.187134 -779.750122 2476.481201
-60.321693 46.707413 2580.532715
-14.732212 -362.117981 2673.609375
-29.226877 -779.072266 2557.613525
-0.284103 -53.480148 28.784912
-8.125122 -1.093262 -2.588867
52.523003 671.368774 2595.079834
41.182945 466.147278 2571.414795
181.192261 468.860779 2475.212402
188.562256 285.125183 2300.741455
132.859222 119.809158 2112.355469
-98.826385 463.433746 2667.617188
-98.825661 186.598267 2667.617188
-98.831123 -90.236847 2667.617188
31.364841 255.699799 2551.189941
101.960205 46.810837 2475.711914
104.323280 -376.577820 2475.677734
98.073868 -783.632812 2478.206787
-58.866722 43.693848 2586.218262
-13.133198 -368.490479 2666.232422
-23.772961 -778.584045 2580.411621
11.687180 -57.524902 34.243652
2.886734 -3.882690 1.725586
51.308319 666.540894 2580.922607
42.985443 461.959595 2563.904297
183.471481 464.264130 2468.336670
192.268036 270.553864 2307.370850
146.824921 68.574081 2154.678955
-97.500595 459.655090 2659.471924
-97.499870 182.819611 2659.471924
-97.505333 -94.015503 2659.471924
35.398445 251.098419 2547.666504
110.663300 41.596313 2475.067627
112.553711 -381.794739 2475.034424
106.963364 -788.860229 2477.407471
-55.040405 38.878143 2587.789795
-11.631943 -377.018860 2647.183594
-23.439499 -785.482788 2600.505127
13.965698 -51.235077 42.323486
8.889496 -5.227417 -0.799316
48.800377 663.030273 2573.837402
42.338299 457.472839 2560.097900
184.016235 458.222412 2466.287109
206.106049 246.761765 2318.176758
164.725494 20.182632 2196.983887
-99.339630 456.723267 2653.908691
-99.338905 179.887787 2653.908691
-99.344368 -96.947327 2653.908691
34.973949 246.357788 2547.289062
108.357956 35.669937 2481.013428
109.870239 -387.722656 2480.983154
104.868263 -794.796753 2483.196777
-53.138760 34.815536 2587.947021
-15.223946 -383.086121 2639.386963
-26.288761 -790.807007 2616.695068
17.900574 -48.391449 42.304932
-2.095100 -5.936523 5.789307
49.059418 662.847595 2579.270264
42.204414 455.299103 2561.822998
185.944901 456.340729 2471.253662
219.074310 230.896271 2339.585693
177.627975 -10.981247 2246.423584
-101.536079 454.257477 2652.392334
-101.535355 177.421997 2652.392334
-101.540817 -99.413116 2652.392334
34.489746 244.293182 2547.152344
109.682968 33.888062 2480.242432
110.892754 -389.505463 2480.215576
106.415962 -796.586548 2482.270264
-56.132812 32.686462 2584.720947
-19.551617 -386.651093 2626.020264
-27.687374 -793.679443 2626.955322
12.902481 -31.163879 49.439697
1.547699 -1.789795 -0.926514
48.924065 662.470581 2573.516357
43.643501 454.218506 2559.165283
189.894547 454.503662 2472.782715
226.986313 217.407455 2362.307129
195.617874 -37.857941 2305.530029
-102.607552 453.933289 2645.547852
-102.606827 177.097809 2645.547852
-102.612289 -99.737305 2645.547852
37.327995 242.973114 2547.775391
115.877724 31.893219 2486.260254
116.845520 -391.500946 2486.237305
112.837532 -798.587646 2488.136963
-53.852745 31.562256 2586.510742
-13.047413 -378.084961 2672.869141
-25.211823 -785.911865 2573.287598
17.989899 -26.876694 59.106445
6.421570 -2.001099 5.866699
49.725578 660.611450 2571.114502
44.471867 451.626404 2557.673340
192.937775 450.873718 2475.180664
232.867081 203.727280 2390.373779
205.562759 -59.504776 2387.228760
-103.994026 452.379120 2640.166016
-103.993301 175.543640 2640.166016
-103.998764 -101.291473 2640.166016
37.959911 240.287476 2547.881836
117.603752 28.511734 2490.219238
118.377968 -394.882812 2490.199951
114.788528 -801.974060 2491.950195
-54.707844 29.385330 2585.961426
7.448757 -384.129822 2652.333984
-18.561125 -779.871216 2560.401855
9.944885 -21.646835 81.698730
1.950996 -3.386414 3.813232
50.197369 665.496704 2578.412598
43.916393 455.889465 2560.665527
194.039413 455.425720 2481.179199
237.964935 188.997223 2417.886719
209.596649 -77.912750 2441.581543
-106.206627 456.353180 2640.151855
-106.205902 179.517700 2640.151855
-106.211365 -97.317413 2640.151855
37.062809 244.652252 2548.953857
116.961800 33.147079 2491.308838
117.581161 -390.247742 2491.292725
114.365509 -797.342712 2492.900635
-56.543354 33.683029 2583.175537
-16.692272 -398.866882 2668.190674
-27.723820 -799.970337 2568.250000
4.033890 -18.407974 54.352783
-0.423019 4.631348 0.950439
50.849628 666.784790 2573.575684
44.884708 456.849854 2558.890137
197.168457 455.623749 2483.688232
242.626007 190.724670 2438.512207
207.784286 -78.397980 2468.443359
-107.399025 458.075958 2634.092041
-107.398300 181.240479 2634.092041
-107.403763 -95.594635 2634.092041
38.779671 245.460739 2549.973877
120.910583 33.361191 2497.484375
121.406059 -390.033813 2497.470947
118.524330 -797.131836 2498.944336
-55.561321 34.782059 2584.630859
-33.266018 -382.827209 2692.520264
-6.528540 -779.543701 2555.490234
-1.812363 -0.485229 26.861816
4.158821 0.210876 6.043701
49.439823 667.288025 2570.153564
44.170731 456.774567 2557.991455
198.480331 454.966614 2487.074463
247.661850 189.799927 2454.173096
210.594894 -80.873505 2484.854248
-110.138870 458.582520 2628.908447
-110.138145 181.747040 2628.908447
-110.143608 -95.088074 2628.908447
38.513412 245.291992 2551.072998
121.359398 32.772491 2503.480469
121.755775 -390.622589 2503.469482
119.172470 -797.723022 2504.816650
-55.647209 34.846344 2584.828613
-25.061123 -382.278229 2671.035645
-18.924469 -782.212952 2575.145020
2.810608 -2.475525 16.410889
0.648140 -0.591187 5.872314
49.260223 670.575562 2569.939209
44.338787 460.234650 2558.037354
200.414642 458.371552 2491.080566
253.708618 192.152008 2467.571777
216.968430 -79.892303 2494.702148
-111.737068 462.097748 2624.994141
-111.736343 185.262268 2624.994141
-111.741806 -91.572845 2624.994141
38.884052 248.730988 2551.207520
123.581490 36.151169 2505.702148
123.898582 -387.243958 2505.693359
121.582092 -794.346313 2506.922852
-56.722858 38.303482 2583.053223
-24.927599 -371.774902 2688.884521
-17.414186 -780.174255 2529.428711
6.373535 0.981201 9.847900
2.409622 3.376709 2.106201
52.209881 670.988159 2572.311035
46.374485 460.393768 2558.090820
204.800247 457.955322 2497.097168
257.409241 196.940887 2474.799316
223.138184 -76.025787 2500.726074
-112.051277 462.832214 2619.084473
-112.050552 185.996735 2619.084473
-112.056015 -90.838379 2619.084473
40.048004 248.952972 2550.111328
125.538963 36.098953 2506.782227
125.792641 -387.296265 2506.774902
123.714798 -794.400269 2507.895264
-58.095928 38.925400 2577.481445
-22.144211 -374.328186 2662.961914
-23.429720 -781.427551 2567.706543
6.169754 3.866516 6.023926
2.132706 -0.053955 0.972412
53.180401 672.211060 2570.003662
47.096848 461.475586 2557.572998
207.492737 458.045410 2502.056152
260.203094 195.666504 2477.275635
231.021240 -77.966675 2504.530518
-113.299042 464.905792 2613.089844
-113.298317 188.070312 2613.089844
-113.303780 -88.764801 2613.089844
39.899529 250.049622 2549.842285
124.614540 36.658020 2510.298584
124.817474 -386.737183 2510.292725
122.953178 -793.842468 2511.312256
-59.210129 40.589264 2573.924561
-23.652367 -374.512726 2648.989014
-25.708008 -781.531006 2595.589111
7.883057 -1.940887 3.804443
-0.761620 0.557800 3.416992
54.689995 671.151245 2568.359863
48.362576 460.837494 2556.675781
210.403900 456.998962 2506.141846
270.271698 194.924866 2480.397217
238.027252 -78.540649 2507.249268
-113.678741 464.676025 2607.209717
-113.678017 187.840546 2607.209717
-113.683479 -88.994568 2607.209717
40.973473 249.410919 2549.041992
127.385414 35.762314 2512.155518
127.547760 -387.632935 2512.150879
125.874626 -794.739258 2513.077393
-60.216679 40.206375 2570.660889
-22.941826 -375.900330 2638.857422
-24.091934 -782.961853 2611.039551
7.006012 -0.573975 2.718750
2.921448 -0.896790 1.765137
55.334717 669.121094 2568.029541
48.611961 458.718201 2556.275635
211.815063 454.061768 2509.558105
276.662598 194.156036 2480.172119
244.082733 -79.303741 2507.538574
-114.591148 463.374634 2602.993164
-114.590424 186.539154 2602.993164
-114.595886 -90.295959 2602.993164
40.426842 247.316528 2548.752686
126.692719 33.220016 2514.192871
126.822594 -390.175232 2514.188965
125.320656 -797.282471 2515.030029
-62.209274 38.609665 2568.266602
-48.569118 -378.290649 2640.872559
-53.971897 -784.476379 2613.980225
6.055481 -0.763092 0.289307
-0.553970 -2.543213 1.952637
56.121548 669.057861 2567.369141
49.144447 458.581055 2556.901123
213.145569 453.087280 2513.002686
282.079620 188.356781 2479.607666
244.158081 -83.802948 2512.007080
-114.856682 464.074829 2600.799561
-114.855957 187.239349 2600.799561
-114.861420 -89.595764 2600.799561
40.166756 247.196594 2549.815430
126.078461 32.633499 2517.330566
126.182365 -390.761719 2517.327393
124.833801 -797.869629 2518.090088
-63.700325 38.990768 2568.128906
-67.998924 -379.292175 2633.584473
-76.836830 -785.537109 2608.560791
0.075348 -4.499207 4.468506
-0.486855 -0.587158 3.060059
57.254539 668.792725 2567.543457
50.116730 458.113434 2557.189941
214.939041 452.177856 2516.479980
284.598846 185.888672 2479.208984
243.811569 -85.550842 2514.404297
-114.705582 464.049011 2597.899902
-114.704857 187.213531 2597.899902
-114.710320 -89.621582 2597.899902
40.785828 246.738556 2550.230957
126.810471 31.929718 2519.719727
126.893593 -391.465546 2519.717285
125.682487 -798.573975 2520.408447
-63.900620 38.797638 2566.824219
-78.631996 -380.879761 2620.837402
-90.006638 -787.204651 2598.255859
-0.346512 -1.747894 2.397217
0.848686 -0.704346 2.318359
59.292000 669.001404 2567.631348
50.203869 458.290466 2558.038086
215.061478 450.831665 2517.583252
286.504456 187.610107 2479.099854
239.091537 -83.053558 2511.515137
-114.653740 465.749268 2598.492920
-114.653015 188.913788 2598.492920
-114.658478 -87.921326 2598.492920
38.844318 247.036819 2550.696289
122.589958 31.480240 2520.016357
122.656456 -391.915039 2520.014404
121.568588 -799.023926 2520.640381
-67.620422 40.086105 2566.692627
-40.388390 -396.353760 2649.499756
-29.862473 -796.839600 2586.566895
-4.720032 2.497284 -2.889160
-4.113899 -0.449951 0.231934
60.511345 667.964661 2557.655273
52.179859 456.877899 2555.132324
217.779327 448.132202 2518.200439
287.242310 188.013397 2479.766846
238.306564 -83.051788 2505.944336
-113.419609 465.623596 2592.064209
-113.418884 188.788116 2592.064209
-113.424347 -88.046997 2592.064209
40.401970 245.582047 2552.357422
124.889893 29.202179 2528.113281
124.943092 -394.193085 2528.111816
123.965744 -801.302368 2528.678223
-67.641739 39.370209 2571.051758
-43.840240 -377.509247 2684.888672
-7.630028 -777.273193 2565.713867
-0.784973 0.001770 -5.570801
2.397156 -2.278442 8.037842
60.803478 665.571472 2553.671387
51.853573 454.910461 2554.073486
217.923218 445.031738 2519.564697
285.913269 184.698547 2479.325439
234.416473 -86.118073 2503.688232
-114.216064 464.789154 2588.582275
-114.215340 187.953674 2588.582275
-114.220802 -88.881439 2588.582275
39.231396 243.634186 2553.812012
121.406479 26.718872 2533.851807
121.449036 -396.676392 2533.850586
120.570847 -803.786011 2534.362793
-68.188034 37.996979 2573.249268
-33.633598 -377.034241 2670.450195
-18.523211 -778.289734 2581.290039
-3.890091 -3.066284 -2.256104
-3.394897 -2.483643 5.684570
61.197025 663.245728 2551.181885
52.517845 452.509216 2553.198975
218.883133 442.177094 2520.179688
284.905457 181.938080 2478.472412
232.492584 -88.797180 2502.276123
-113.847435 462.841370 2586.218262
-113.846710 186.005890 2586.218262
-113.852173 -90.829224 2586.218262
39.470123 241.238220 2553.568359
122.372780 24.008194 2534.894043
122.406822 -399.387085 2534.893066
121.617607 -806.496948 2535.356201
-69.527977 35.926224 2572.981445
-26.764862 -379.452881 2652.551758
-20.814442 -783.187134 2594.557861
-1.923889 -2.679108 -1.412109
1.046761 -2.710938 0.993408
62.967762 664.792236 2558.953125
53.660236 453.913910 2555.126465
220.300888 444.451538 2523.193359
280.070312 181.159760 2478.344971
228.907776 -90.021179 2499.807373
-112.980408 463.376282 2587.059570
-112.979683 186.540802 2587.059570
-112.985146 -90.294312 2587.059570
40.983711 242.674866 2551.568848
124.409653 25.978836 2529.595215
124.436890 -397.416443 2529.594482
123.727531 -804.526489 2530.012939
-67.795288 36.892807 2566.427246
-52.181347 -377.928955 2649.750000
-37.621761 -780.992920 2594.372070
-3.584808 -1.223999 -2.468750
2.109924 1.970459 -5.343262
63.092281 665.145630 2562.844727
54.284458 454.699951 2556.463135
221.354401 446.449036 2526.525146
275.597717 181.648438 2479.801025
230.025131 -89.678650 2508.845459
-112.785484 462.950867 2586.401123
-112.784760 186.115387 2586.401123
-112.790222 -90.719727 2586.401123
42.806374 243.434219 2550.634277
127.680908 27.410004 2527.539551
127.702698 -395.985260 2527.538818
127.065048 -803.095459 2527.916748
-65.024338 36.926971 2562.071289
-69.562469 -379.787048 2636.853516
-48.222435 -783.128967 2585.871826
1.117355 0.342529 9.038086
3.337517 1.431030 -2.096191
63.384045 665.195129 2564.792969
56.339943 454.343994 2556.820312
223.836624 447.377045 2529.047607
272.638428 182.457031 2481.403564
230.161621 -89.028809 2513.926758
-111.156723 461.310974 2584.593018
-111.155998 184.475494 2584.593018
-111.161461 -92.359619 2584.593018
46.413540 243.018707 2549.966797
133.088531 27.675308 2527.095703
133.105957 -395.719971 2527.095215
132.532684 -802.830261 2527.436279
-60.114258 35.711502 2559.130859
-76.313850 -382.853760 2620.809326
-50.115002 -786.556885 2575.239014
0.136490 0.649841 5.081299
5.467636 0.265198 -0.480469
64.142860 663.165955 2556.734863
57.781178 452.299316 2554.516602
225.362579 445.396362 2527.143555
269.399597 183.818848 2481.629883
230.039276 -87.915894 2516.256348
-109.800224 459.202271 2581.889648
-109.799500 182.366791 2581.889648
-109.804962 -94.468323 2581.889648
48.512871 240.875397 2551.091797
135.885498 25.470688 2531.881592
135.899445 -397.924561 2531.881104
135.384003 -805.034973 2532.188965
-57.396381 33.432266 2563.452393
-78.713333 -386.626404 2612.030518
-49.412361 -790.725464 2572.222900
-0.122345 1.112915 2.329590
2.851318 -2.204712 4.752686
63.903973 662.669189 2552.205078
57.895859 451.522339 2553.563232
225.402100 444.971985 2525.604980
265.090424 182.155640 2481.700195
212.052551 -86.596680 2518.718262
-109.610382 458.072632 2581.521484
-109.609657 181.237152 2581.521484
-109.615120 -95.597961 2581.521484
49.369873 240.033356 2552.031250
137.437195 24.767105 2534.376953
137.448349 -398.628174 2534.376709
136.984863 -805.738647 2534.654541
-55.749420 32.321671 2566.621582
-78.066628 -388.832581 2603.965576
-47.140495 -793.328369 2569.819336
-17.986725 1.319214 2.461914
1.600861 -0.703674 2.465576
65.017891 663.055542 2551.441895
58.233063 451.600525 2553.747314
225.830612 444.329163 2526.512207
256.222076 175.092102 2480.401855
211.377838 -95.075256 2518.516602
-109.364487 458.871887 2580.982422
-109.363762 182.036407 2580.982422
-109.369225 -94.798706 2580.982422
48.968540 240.125824 2553.196533
136.348694 24.458115 2536.940674
136.357620 -398.937134 2536.940430
135.940826 -806.047668 2537.190918
-56.940659 32.844131 2568.350830
-78.017769 -389.072266 2596.738525
-46.633286 -793.943970 2567.874023
-0.674713 -8.478577 -0.201660
-1.044037 -0.309021 2.536377
66.134224 661.564880 2550.568115
58.700512 450.344421 2554.182373
226.181030 442.001221 2526.536865
253.170807 172.699554 2483.435791
214.156769 -98.718353 2519.730957
-108.780006 458.687622 2581.827881
-108.779282 181.852142 2581.827881
-108.784744 -94.982971 2581.827881
48.188831 238.922577 2554.306641
134.254074 22.689651 2538.489258
134.261215 -400.705627 2538.489014
133.886368 -807.816223 2538.715088
-58.899784 32.311813 2570.372559
-77.709511 -390.118347 2591.878906
-46.740486 -795.332886 2567.768555
2.778931 -3.643097 1.214355
-2.054459 -1.768555 1.524170
65.625046 661.525085 2550.628662
57.539108 450.187500 2554.295166
224.964111 441.083984 2526.539795
251.368790 170.376465 2487.688721
214.849869 -101.675751 2522.585938
-109.885895 459.291016 2582.050537
-109.885170 182.455536 2582.050537
-109.890633 -94.379578 2582.050537
46.122902 238.808044 2554.761230
131.250183 22.179169 2539.222656
131.255890 -401.216095 2539.222412
130.918747 -808.326782 2539.426025
-61.836784 32.678009 2571.231934
-78.056763 -390.091858 2587.544922
-48.123672 -795.610840 2567.604004
0.693100 -2.957397 2.854980
-2.967621 -0.510559 0.710938
66.187347 658.683777 2551.169922
56.811600 448.081146 2555.469971
223.855560 437.714294 2525.984131
248.990387 168.526550 2489.978271
214.340363 -103.890503 2524.406982
-110.232353 458.447998 2584.955811
-110.231628 181.612518 2584.955811
-110.237091 -95.222595 2584.955811
43.919628 236.791794 2556.720703
127.357536 19.524155 2540.967773
127.362106 -403.871094 2540.967529
127.058853 -810.981812 2541.151123
-65.302223 31.480728 2574.975098
-78.984200 -391.511108 2587.396240
-50.500931 -797.294861 2571.041260
-0.509506 -2.214752 1.821045
-3.859894 -2.655029 1.725098
67.595711 661.152954 2558.943359
56.629345 450.757294 2558.339600
223.615036 439.259705 2528.916016
253.313690 165.328644 2489.146484
217.101883 -106.782562 2524.614502
-110.356346 462.254883 2587.763184
-110.355621 185.419403 2587.763184
-110.361084 -91.415710 2587.763184
41.878540 239.606140 2557.135254
123.421165 21.824814 2538.963623
123.424820 -401.570435 2538.963623
123.152039 -808.681152 2539.129150
-69.165695 35.085159 2572.898193
-80.538155 -388.050598 2582.404297
-53.757298 -794.061279 2569.087402
2.761520 -2.892059 0.207520
-3.906815 2.300659 -2.021973
70.023697 660.570679 2563.330566
57.174683 450.584564 2559.825439
224.362839 438.434357 2531.859375
257.234894 166.553131 2490.501465
220.271255 -105.487701 2525.895020
-110.013489 462.734772 2587.791504
-110.012764 185.899292 2587.791504
-110.018227 -90.935822 2587.791504
41.361519 239.520813 2556.989746
121.842049 21.459030 2538.046631
121.844971 -401.936218 2538.046631
121.599586 -809.046997 2538.195801
-70.745338 35.455093 2570.261475
-29.309433 -401.403564 2657.458984
-25.152700 -798.127197 2569.019775
3.169373 1.294861 1.280518
-1.552452 -0.365845 -0.933350
68.582466 662.233459 2567.028076
55.971794 452.135437 2561.879150
222.933334 440.361328 2532.437256
261.142517 167.610962 2489.816162
215.589401 -103.537933 2520.431885
-110.989754 463.909576 2591.321045
-110.989029 187.074097 2591.321045
-110.994492 -89.761017 2591.321045
40.425694 241.056641 2558.131836
120.888481 23.207291 2537.454346
120.890823 -400.187988 2537.454346
120.670074 -807.298767 2537.588867
-71.129303 36.748367 2571.314697
-38.815128 -381.759338 2683.104492
-8.712049 -776.454468 2554.384521
-4.681854 1.949768 -5.463135
-0.929512 1.748230 -0.606934
68.021416 664.027771 2566.870850
56.012672 454.123657 2562.797363
223.271973 442.744293 2534.939697
264.712433 168.688232 2493.266357
222.854797 -103.089233 2524.197998
-111.246635 465.503052 2590.655029
-111.245911 188.667572 2590.655029
-111.251373 -88.167542 2590.655029
41.075485 242.989975 2559.357910
122.970650 25.268356 2539.790527
122.972519 -398.126892 2539.790527
122.773918 -805.237671 2539.911621
-70.694046 38.444199 2572.046387
-30.403515 -377.935364 2664.443848
-16.739113 -777.043457 2573.147949
7.265396 0.448700 3.766113
2.103844 2.061096 2.322754
67.538879 661.931152 2557.779297
57.446037 451.875305 2560.675781
225.013626 442.016602 2534.152832
267.786865 174.961700 2496.303955
220.588654 -96.563354 2520.264893
-110.121559 461.734009 2587.198730
-110.120834 184.898529 2587.198730
-110.126297 -91.936584 2587.198730
45.102180 240.596375 2561.222656
129.771729 23.609756 2546.414062
129.773224 -399.785522 2546.414062
129.594543 -806.896301 2546.523193
-64.255081 35.025131 2577.125000
-55.150902 -377.656555 2671.329346
-55.945030 -774.573364 2580.799316
-2.266144 6.525879 -3.933105
6.820625 -1.658630 6.611572
68.095680 662.403748 2553.235352
59.284866 451.882080 2559.988770
226.959579 441.991241 2534.107178
269.429688 171.887970 2497.222168
225.033447 -99.762848 2525.367676
-108.389847 461.772919 2585.870361
-108.389122 184.937439 2585.870361
-108.394585 -91.897675 2585.870361
47.220860 240.583450 2562.581055
131.928345 23.576447 2550.236084
131.929550 -399.818817 2550.236084
131.768799 -806.929565 2550.334473
-61.614639 34.993195 2580.110596
-30.046391 -401.592987 2673.003906
-10.334711 -795.569946 2569.465576
4.444794 -3.199493 5.102783
2.174255 -0.033264 3.811279
67.003792 661.522095 2555.469727
59.910660 450.267822 2560.906006
227.734985 441.823303 2535.494141
272.216858 173.657227 2499.990723
221.068466 -97.049500 2525.393311
-107.913666 458.712311 2586.317871
-107.912941 181.876831 2586.317871
-107.918404 -94.958282 2586.317871
49.614220 238.860138 2563.158447
137.630280 22.505630 2550.524414
137.631241 -400.889648 2550.524414
137.486603 -808.000488 2550.613037
-58.994736 32.399307 2580.297363
-42.955467 -385.435242 2697.447998
1.099453 -778.358887 2550.935059
-3.964981 2.713348 0.025635
5.717804 -1.070923 0.278564
66.395897 663.370361 2561.094238
57.235622 452.713867 2563.851562
224.802032 442.801758 2537.319092
272.562561 170.692627 2500.845215
226.835159 -100.727173 2529.014404
-110.330788 462.625946 2590.384033
-110.330063 185.790466 2590.384033
-110.335526 -91.044647 2590.384033
44.871826 241.407837 2564.708252
125.396004 24.607193 2550.856934
125.396767 -398.788086 2550.856934
125.266624 -805.898926 2550.936768
-60.379940 35.596451 2580.272949
-33.327248 -380.222900 2679.408936
-18.270088 -776.042969 2565.624512
5.766693 -3.677673 3.621094
-12.219978 2.101562 0.323730
