62.534523 667.286011 2558.715332
56.807335 455.780731 2558.659180
224.916672 449.235352 2534.557861
282.732361 162.354126 2538.351562
257.061432 -111.941101 2548.064697
-111.302017 462.326111 2582.760498
-111.301292 185.490631 2582.760498
-111.306755 -91.344482 2582.760498
48.582737 244.271042 2558.732910
135.510162 29.056595 2545.165039
212.210693 -383.985107 2597.863770
180.654205 -787.598755 2554.975342
-54.793877 36.466110 2572.448242
-22.151688 -378.747864 2652.990967
-26.400307 -784.003174 2568.524658
-21.584686 1.438965 0.533447
-0.939072 -2.925903 -23.206299
62.824139 670.129517 2562.722900
56.754845 459.018005 2561.408447
224.826324 452.089539 2537.135986
282.741913 160.963898 2540.839844
238.032837 -110.820465 2549.754395
-111.316628 465.946472 2585.680908
-111.315903 189.110992 2585.680908
-111.321365 -87.724121 2585.680908
47.889008 247.526474 2560.387451
134.885834 32.083160 2545.522217
196.308624 -388.933441 2651.390137
160.583511 -784.733154 2588.134766
-56.839508 39.986725 2573.210693
-24.353184 -401.897614 2660.615967
-25.750618 -798.357178 2556.225830
-19.028595 1.120636 1.689697
-20.070694 2.865601 33.159424
63.354755 670.293579 2565.215820
57.029545 459.204468 2562.696533
225.226669 451.696045 2539.511719
282.612915 165.016022 2541.916260
251.757538 -109.025391 2544.958496
-111.167587 466.712891 2585.881348
-111.166862 189.877411 2585.881348
-111.172325 -86.957703 2585.881348
47.249054 247.763489 2560.218262
133.781616 32.023041 2544.463867
188.216278 -378.138245 2663.668457
163.981415 -760.939575 2571.322998
-58.844479 40.621979 2571.016113
-24.749062 -380.488647 2681.274902
-28.349386 -777.303223 2545.524658
13.724701 1.795074 -4.795898
3.397903 23.793579 -16.811768
64.496742 672.690369 2567.457520
55.230770 462.411438 2564.342773
223.387543 452.683472 2541.791260
283.227325 166.312500 2544.035645
271.509430 -109.044525 2548.516113
-112.926003 472.139404 2586.894287
-112.925278 195.303925 2586.894287
-112.930740 -81.531189 2586.894287
42.594913 251.142212 2561.257324
126.415169 34.292923 2545.236084
203.329391 -372.359009 2634.577881
166.532257 -768.190552 2546.813477
-66.497055 45.453018 2571.107666
-31.700901 -401.491638 2673.762695
-23.824139 -794.166626 2545.877197
19.751892 -0.019135 3.557617
2.550842 -7.250977 -24.509521
66.167168 671.604614 2567.578125
56.901695 461.457977 2564.912354
225.142242 451.361603 2543.104736
283.558228 166.150726 2543.875732
253.567169 -107.802032 2548.648682
-111.338844 471.554352 2586.719971
-111.338120 194.718872 2586.719971
-111.343582 -82.116241 2586.719971
43.851608 250.197296 2562.042480
129.666641 33.003571 2546.357666
212.178955 -377.797119 2607.169434
166.919861 -774.702454 2528.702881
-68.063614 44.869659 2571.987549
-43.696159 -372.794861 2707.319092
-6.134060 -777.584717 2540.271484
-17.942261 1.242493 0.132568
0.387604 -6.511902 -18.110596
66.218132 667.019897 2558.131836
57.562443 456.716919 2562.484131
225.798920 446.892151 2540.480469
282.730011 157.811890 2544.093262
245.025391 -115.501221 2553.967285
-110.674042 466.541687 2584.487793
-110.673317 189.706207 2584.487793
-110.678780 -87.128906 2584.487793
45.426819 245.428940 2564.038574
131.054352 28.431717 2552.806641
208.640747 -386.050049 2590.869141
157.967590 -784.136292 2522.321289
-64.471954 39.850174 2578.379395
-39.401245 -400.426453 2690.580322
-13.790138 -795.286743 2541.138428
-8.541779 -7.699188 5.318604
-8.952271 -9.433838 -6.381592
66.407356 666.247559 2562.425537
58.931953 454.861206 2564.155029
227.320526 446.003906 2542.930420
283.582733 154.776245 2544.814697
233.989258 -116.802734 2552.974365
-109.456627 463.718445 2585.379639
-109.455902 186.882965 2585.379639
-109.461365 -89.952148 2585.379639
47.748390 243.500061 2563.632080
135.266968 26.947189 2550.668213
194.567932 -387.241821 2668.311279
154.034149 -778.249146 2591.548584
-62.137321 37.330673 2575.550049
-45.544895 -382.271240 2702.457764
-3.332146 -775.657471 2532.043945
-11.036133 -1.301514 -0.992920
-3.933441 5.887146 69.227295
65.330917 666.003540 2564.575684
60.250992 454.839355 2565.699707
228.911896 448.448975 2545.971191
285.594330 156.164856 2547.073730
249.244598 -117.519348 2547.832520
-108.409912 461.229706 2585.428223
-108.409187 184.394226 2585.428223
-108.414650 -92.440887 2585.428223
52.090744 243.345825 2564.443115
141.843002 28.142517 2551.733643
193.493469 -378.235291 2678.511719
168.859695 -753.752441 2575.729248
-53.982010 35.562103 2574.639404
-27.220177 -382.447968 2671.617432
-8.625648 -781.240417 2562.237061
15.255341 -0.716614 -5.141846
14.825546 24.496704 -15.819336
64.698135 665.418823 2565.638428
60.584393 454.567139 2567.162354
229.435165 448.930359 2548.817627
286.128418 160.687683 2549.178467
270.526031 -114.512634 2546.421387
-108.266380 460.203949 2585.507080
-108.265656 183.368469 2585.507080
-108.271118 -93.466644 2585.507080
53.417542 243.017242 2566.199707
143.782486 28.211395 2554.640625
188.327896 -372.122711 2692.857910
166.084488 -766.888672 2533.732910
-51.281116 34.723267 2575.833496
-27.830956 -381.435791 2666.769043
-18.851496 -780.146973 2570.747559
21.281433 3.006714 -1.411133
-2.775208 -13.136230 -41.996338
65.825790 665.325562 2567.174561
59.549095 454.607788 2568.947754
228.250198 446.834717 2550.047607
286.907288 161.024353 2550.966309
283.388336 -114.847748 2544.898193
-109.152000 462.380829 2587.847900
-109.151276 185.545349 2587.847900
-109.156738 -91.289764 2587.847900
49.713112 243.169464 2568.110840
137.092926 27.251846 2556.382568
180.442688 -371.397156 2696.035889
157.874878 -773.434692 2508.661133
-57.338669 36.210464 2578.165283
-30.063892 -379.724548 2660.648682
-32.484798 -779.025513 2575.102295
12.862305 -0.335114 -1.523193
-8.209610 -6.546021 -25.071777
65.289070 666.739868 2567.439697
57.490002 456.060669 2570.736084
226.029968 447.003967 2550.943115
286.194519 160.719025 2551.065186
288.675568 -115.460632 2542.536865
-111.049973 465.117371 2590.529053
-111.049248 188.281891 2590.529053
-111.054710 -88.553223 2590.529053
46.110451 244.690399 2570.554688
131.850403 28.101318 2558.967773
208.527649 -372.940216 2670.993896
163.474640 -743.420532 2508.347656
-62.388599 38.538971 2581.778809
-61.186413 -376.988861 2663.011230
-50.695076 -775.380798 2579.866699
5.287231 -0.612885 -2.361328
5.599762 30.014160 -0.313477
65.367653 665.789734 2568.063965
57.604965 454.250122 2572.438232
226.059814 445.469421 2551.752930
285.880615 159.950928 2551.751709
259.268311 -113.717865 2546.063721
-110.849884 463.030762 2593.123535
-110.849159 186.195282 2593.123535
-110.854622 -90.639832 2593.123535
46.618664 242.849472 2572.706299
132.698212 26.389297 2561.055176
221.400208 -379.849854 2640.837891
157.564743 -753.353516 2491.978027
-61.433487 36.508377 2584.893555
-77.653320 -380.783203 2654.666016
-56.584133 -779.798767 2576.679443
-29.407257 1.742767 3.526855
-5.909897 -9.932983 -16.369629
66.469078 665.208008 2568.384033
59.296070 453.760498 2573.229248
227.887009 445.392731 2553.476318
287.879761 151.450836 2552.333008
248.241089 -121.164062 2554.939453
-109.294868 462.128265 2592.982178
-109.294144 185.292786 2592.982178
-109.299606 -91.542328 2592.982178
48.836922 242.328140 2573.527832
135.519836 26.074280 2562.444824
222.211975 -385.031281 2614.792236
145.154358 -762.103027 2482.058350
-58.764294 35.717285 2585.208008
-83.733902 -383.277283 2640.738525
-54.672878 -783.085693 2569.689697
-11.027222 -7.446198 8.875732
-12.410385 -8.749512 -9.919678
66.793236 665.717102 2576.545166
59.641758 454.354919 2576.720215
228.236359 446.733887 2556.675293
287.259552 148.019318 2554.961182
244.011047 -124.627136 2560.976318
-108.952827 461.975952 2596.765137
-108.952103 185.140472 2596.765137
-108.957565 -91.694641 2596.765137
49.777431 242.926758 2574.137695
138.683319 27.033844 2559.812012
216.410370 -387.919220 2591.999023
131.085205 -768.717285 2476.017578
-58.857113 35.963348 2583.298340
-35.691605 -401.523315 2668.536621
-29.459732 -795.495361 2566.069580
-4.230042 -3.463074 6.036865
-14.069153 -6.614258 -6.040771
67.659447 666.880981 2590.135742
60.765656 456.406067 2582.170898
229.586029 450.093262 2563.713379
288.751678 150.200317 2558.182617
238.219147 -121.283081 2553.740479
-108.054718 462.718872 2600.628418
-108.053993 185.883392 2600.628418
-108.059456 -90.951721 2600.628418
51.974236 245.136429 2574.018799
144.400177 30.081909 2554.800537
210.794815 -387.663025 2573.360596
121.303139 -772.086670 2473.616455
-58.034538 37.651672 2576.932861
-43.888500 -379.776520 2692.583740
-10.094166 -774.104004 2544.329834
-5.791901 3.344055 -7.235840
-9.782066 -3.369385 -2.401123
66.931160 665.996643 2587.415771
61.747375 454.930725 2582.112305
230.713440 449.861115 2564.625000
290.990875 152.015625 2562.628906
231.594299 -117.345032 2548.552002
-107.218689 460.000305 2599.599609
-107.217964 183.164825 2599.599609
-107.223427 -93.670288 2599.599609
54.793274 243.493546 2576.216309
149.938904 28.993011 2559.753418
205.071350 -390.681732 2569.605469
114.619896 -778.473694 2484.899170
-54.260559 35.119751 2580.887207
-19.461906 -379.689209 2678.362061
-20.537394 -777.782715 2577.050781
-6.624847 3.938049 -5.188477
-6.683243 -6.387024 11.282715
66.093071 668.179932 2586.562012
62.163120 456.872498 2582.877441
231.360519 452.327545 2567.730713
293.086548 157.350098 2561.285400
231.886566 -111.610535 2542.589600
-107.034286 461.417419 2598.024170
-107.033562 184.581940 2598.024170
-107.039024 -92.253174 2598.024170
56.075798 245.349152 2578.348633
149.575912 31.150726 2564.904785
199.831345 -384.032349 2675.519043
172.686996 -782.275146 2540.822266
-49.598957 36.500916 2582.734863
-17.330021 -381.309418 2649.476807
-23.698374 -783.729553 2605.149170
0.292267 5.734497 -5.962402
58.067101 -3.801453 55.923096
66.135597 666.274048 2588.136719
62.847122 454.627625 2583.738770
232.221085 450.233398 2570.668457
297.549316 181.248291 2566.536377
227.190720 -85.194244 2540.156738
-106.526840 459.021851 2596.809082
-106.526115 182.186371 2596.809082
-106.531578 -94.648743 2596.809082
56.958412 243.096039 2578.545898
149.606720 29.008026 2565.749023
199.641144 -378.821777 2685.088867
172.403351 -760.851196 2545.227783
-47.467323 34.120911 2580.957031
-12.972855 -377.114502 2673.836914
-31.374763 -785.943604 2543.816406
-4.695847 26.416290 -2.432861
-0.283646 21.423950 4.405518
68.392197 673.059387 2604.439697
65.020882 462.378204 2590.298828
234.594193 458.541840 2580.134033
309.660217 161.868561 2520.650146
228.569244 -91.958282 2556.959229
-104.552437 466.214569 2600.463623
-104.551712 189.379089 2600.463623
-104.557175 -87.456024 2600.463623
59.481495 251.282822 2577.559570
152.023453 37.968491 2558.940918
201.752151 -363.900940 2689.457520
171.607132 -759.390747 2506.896973
-44.139240 42.406387 2570.699707
-4.665939 -366.451416 2672.052246
-34.936531 -776.498901 2501.021729
1.378525 -6.764038 16.802490
-0.796219 1.460449 -38.330811
69.238281 669.773987 2603.598877
66.485344 459.503235 2590.137695
236.230606 456.564148 2583.459229
312.973206 163.116302 2497.897705
290.303040 41.546768 2481.891113
-103.259926 462.442322 2596.816162
-103.259201 185.606842 2596.816162
-103.264664 -91.228271 2596.816162
62.354256 248.267212 2578.101074
156.092484 35.336594 2562.213867
198.546646 -377.555908 2672.982422
170.897369 -776.009949 2550.198242
-39.646141 38.725754 2569.915039
-14.651819 -391.289490 2663.652832
-28.826767 -793.135376 2526.225098
61.733795 133.505051 -75.068115
-0.709763 -16.619202 43.301270
71.072853 671.109070 2603.187744
69.100655 460.517334 2591.267578
238.944702 458.379913 2588.913574
309.575317 195.630798 2537.805420
266.273712 -75.131073 2499.716064
-100.743385 462.654724 2593.621582
-100.742661 185.819244 2593.621582
-100.748123 -91.015869 2593.621582
66.287262 249.174744 2580.175781
161.281052 36.601303 2567.728516
203.038101 -373.111633 2678.583984
175.598007 -749.425354 2558.471924
-34.333317 39.063034 2570.439453
-9.104952 -381.059814 2668.116943
-23.326817 -770.887878 2536.506348
-24.029327 -116.677841 17.824951
4.700638 26.584595 8.273682
72.023537 675.428284 2611.970215
72.292259 464.723999 2596.321533
242.141083 463.577209 2598.142822
307.847565 196.602661 2565.815186
271.199799 -75.001556 2526.752197
-97.556557 465.870789 2594.500244
-97.555832 189.035309 2594.500244
-97.561295 -87.799805 2594.500244
71.015335 253.534286 2582.423096
167.472244 41.684677 2569.572754
202.455429 -370.010742 2667.833008
178.932404 -734.266296 2557.311768
-27.995432 43.004471 2567.476562
0.614498 -368.681763 2678.824951
-29.993364 -774.165283 2505.006592
4.926086 0.129517 27.036133
3.334396 15.159058 -1.160156
73.580627 676.928589 2616.381836
76.973022 466.413208 2598.663574
246.692184 467.280884 2604.988770
304.008392 197.123444 2585.815186
273.407562 -75.261047 2546.981201
-92.746140 465.545532 2592.338379
-92.745415 188.710052 2592.338379
-92.750877 -88.125061 2592.338379
78.613052 255.304321 2583.616699
177.881516 44.694550 2572.208252
209.226974 -366.052490 2672.721436
184.254166 -727.146606 2559.848389
-17.375360 43.696289 2564.931396
9.541079 -364.044495 2683.008789
-30.586325 -781.376343 2487.920898
2.207764 -0.259491 20.229004
5.321762 7.119690 2.536621
74.367111 674.336731 2620.058838
78.660484 464.879822 2599.679199
248.313034 466.579041 2608.329346
296.494507 194.173492 2597.765625
271.229858 -78.911438 2560.028809
-90.992073 463.180634 2591.029053
-90.991348 186.345154 2591.029053
-90.996811 -90.489960 2591.029053
81.615334 253.880142 2583.174072
182.102005 43.857300 2571.641846
200.429169 -368.902649 2664.321289
177.643967 -728.404724 2556.000977
-12.961645 41.903595 2561.696045
5.259914 -364.610779 2681.796875
-39.717625 -785.332336 2479.461426
-2.177704 -3.650391 13.047607
-6.610199 -1.258118 -3.847412
73.777191 674.286072 2620.390137
78.218758 465.018127 2598.796387
248.008011 466.801392 2604.529541
287.636719 192.866516 2599.327148
266.979004 -80.832855 2563.277588
-91.570488 463.234863 2593.063232
-91.569763 186.399384 2593.063232
-91.575226 -90.435730 2593.063232
81.015320 254.057037 2581.593262
181.426147 44.121185 2567.686279
195.665192 -368.571655 2661.197266
173.999512 -726.013855 2552.816162
-13.802392 42.070709 2561.093994
0.061716 -363.447632 2683.463867
-45.386070 -784.606873 2477.737305
-4.250854 -1.921417 3.248779
-3.644455 2.390869 -3.184814
74.777939 674.844788 2621.057861
79.826424 465.725372 2597.381836
249.690399 467.475647 2599.234863
281.865601 192.523773 2597.222900
265.118805 -81.705444 2563.231201
-90.037560 463.975098 2595.528809
-90.036835 187.139618 2595.528809
-90.042297 -89.695496 2595.528809
82.204292 254.897247 2578.540283
182.247208 45.075470 2560.764160
193.574677 -366.340515 2659.909180
176.169312 -724.186707 2549.460205
-13.082885 43.062775 2558.633301
4.880696 -360.147430 2687.001465
-44.552128 -784.391846 2473.208008
-1.860199 -0.872589 -0.046387
2.169800 1.827148 -3.355957
75.026833 678.581848 2620.877930
82.576111 469.083954 2594.731934
252.199173 471.884644 2588.930664
278.124451 196.265961 2588.721436
264.654022 -78.414154 2556.991455
-87.046951 466.283264 2600.533203
-87.046227 189.447784 2600.533203
-87.051689 -87.387329 2600.533203
85.310379 258.546509 2573.038818
185.639786 49.620483 2548.007812
197.246170 -357.952881 2661.069824
178.595749 -719.033081 2544.428223
-9.550485 46.397644 2554.683594
4.300408 -355.504730 2687.228271
-41.595692 -783.347656 2470.879395
-0.464783 3.291290 -6.239746
2.426437 5.153625 -5.031982
74.835922 677.211792 2612.292480
85.984428 468.435669 2590.903320
255.708145 472.412598 2585.792236
276.505859 196.360565 2586.528809
265.751190 -78.699402 2557.141357
-83.739265 464.458801 2596.014404
-83.738541 187.623322 2596.014404
-83.744003 -89.211792 2596.014404
90.355026 257.665253 2572.040039
192.318817 49.181595 2550.237793
203.363708 -377.019897 2660.340820
169.205765 -756.463135 2566.584473
-2.867577 44.608047 2556.115723
-12.374674 -384.811951 2671.319336
-29.435575 -795.960693 2513.129395
1.097168 -0.285248 0.149902
-9.389984 -37.430054 22.156250
75.505440 674.057739 2607.504883
89.490181 465.731323 2588.607422
259.248840 471.240021 2584.738037
275.892273 194.907898 2585.907471
267.368805 -80.469635 2558.856445
-80.268456 460.222595 2592.476807
-80.267731 183.387115 2592.476807
-80.273193 -93.447998 2592.476807
95.945335 254.855743 2571.595215
200.003677 47.147400 2552.358154
205.304291 -370.341156 2662.559326
175.436264 -743.548401 2564.303467
4.797310 40.812912 2556.807861
-11.190055 -376.613403 2674.374756
-22.869392 -776.877686 2527.035400
1.617615 -1.770233 1.715088
6.230499 12.914734 -2.281006
75.526443 672.494995 2604.602783
90.885269 464.257996 2587.633545
260.635559 470.935242 2583.935791
273.937531 194.422729 2585.242676
267.233612 -81.218597 2560.462402
-78.865021 457.580780 2591.331299
-78.864296 180.745300 2591.331299
-78.869759 -96.089813 2591.331299
98.825706 253.364380 2571.330078
204.357498 46.309555 2552.900635
197.917435 -361.310608 2679.984619
171.739548 -760.596069 2523.634521
9.174779 38.631943 2557.152588
-11.715024 -377.436218 2656.598877
-24.334072 -779.531128 2558.436768
-0.135193 -0.748962 1.605957
-3.696716 -17.047668 -40.668945
73.952286 673.776794 2605.151123
90.045258 465.962952 2587.071777
259.713013 474.099701 2582.262207
270.338135 197.471283 2583.544922
265.108307 -78.388092 2560.931641
-79.622482 457.826233 2591.881348
-79.621758 180.990753 2591.881348
-79.627220 -95.844360 2591.881348
99.687592 255.149429 2570.576416
207.404907 49.039276 2551.301025
196.942062 -353.302246 2687.977783
172.248047 -766.145508 2502.951904
11.254950 39.632523 2556.861084
-36.313797 -372.868958 2639.585205
-33.529087 -768.512817 2543.682129
-2.125305 2.830505 0.469238
0.508499 -5.549438 -20.682617
72.670082 677.269714 2612.417236
89.696487 469.776611 2587.885254
259.145874 480.109497 2580.733154
267.631195 203.406738 2581.911133
263.588654 -72.632172 2561.337646
-79.752899 459.443665 2595.037354
-79.752174 182.608185 2595.037354
-79.757637 -94.226929 2595.037354
101.646652 259.495117 2567.210693
210.447205 55.119522 2542.448242
185.555420 -354.202026 2643.992188
187.108871 -763.045654 2567.816406
16.746441 43.307755 2550.624023
-42.438095 -371.519775 2611.277832
-26.733561 -767.922180 2519.857178
-1.519653 5.755920 0.406006
14.860825 3.099854 64.864502
71.212608 675.380798 2608.116699
85.567657 467.692688 2585.049072
254.565369 476.464966 2571.151611
261.342072 199.714508 2572.190674
258.250519 -76.471832 2553.517822
-83.430038 458.920410 2598.946533
-83.429314 182.084930 2598.946533
-83.434776 -94.750183 2598.946533
94.755280 257.298431 2563.970215
206.712021 52.238663 2534.440186
185.308380 -347.090942 2667.914795
171.499527 -772.503174 2534.860596
1.173784 41.569656 2551.342529
-10.246560 -397.832275 2652.157471
-18.820990 -793.980286 2544.569092
-5.338135 -3.839661 -7.819824
-15.609344 -9.457520 -32.955811
69.725853 675.112000 2613.911377
83.142632 468.053711 2584.975098
251.489990 477.965393 2565.360107
256.902893 201.184387 2566.253174
254.568771 -75.122711 2549.337402
-85.204720 458.142029 2604.590088
-85.203995 181.306549 2604.590088
-85.209457 -95.528564 2604.590088
92.639511 258.061340 2560.371582
201.686676 53.930130 2524.168945
186.778244 -341.462830 2671.458984
171.995499 -771.310913 2502.637207
2.586122 42.207825 2547.367188
-7.238325 -374.540131 2675.049805
-20.602329 -770.280762 2535.869141
-3.681747 1.349121 -4.180420
0.495972 1.192261 -32.223389
68.495827 676.524780 2627.799561
81.515091 471.570923 2587.375244
248.535004 483.815002 2560.105225
252.859329 207.014435 2560.859131
251.125244 -69.391327 2545.558105
-85.504822 459.326843 2614.645264
-85.504097 182.491364 2614.645264
-85.509560 -94.343750 2614.645264
91.617821 262.695923 2555.467773
200.027313 61.027695 2507.509277
193.923172 -366.612549 2662.596191
169.059433 -782.144165 2548.417725
3.413773 46.614136 2539.611328
31.336576 -359.972992 2654.375244
-2.378134 -744.432495 2524.785645
-3.443527 5.731384 -3.779297
-2.936066 -10.833252 45.780518
66.946274 680.538147 2625.207520
80.618912 475.975616 2583.945312
245.056396 490.807434 2545.891113
248.511734 213.994293 2546.519531
247.250259 -62.491943 2532.695557
-83.818588 461.143799 2621.999512
-83.817863 184.308319 2621.999512
-83.823326 -92.526794 2621.999512
92.165176 267.045380 2552.406982
199.721069 66.774963 2498.649902
216.434341 -331.609222 2677.983887
154.134155 -754.856323 2555.455566
7.701809 49.455322 2543.087402
57.101887 -360.730133 2635.667480
6.951466 -746.652710 2516.135254
-3.874985 6.899384 -12.862549
-14.925278 27.287842 7.037842
65.261124 681.803589 2622.954834
78.434113 476.855103 2580.454590
240.482391 492.948090 2533.617432
243.243805 216.126953 2534.136230
242.352280 -60.424866 2521.658691
-83.614166 460.762085 2627.291748
-83.613441 183.926605 2627.291748
-83.618904 -92.908508 2627.291748
90.131790 267.860291 2549.117188
198.008347 68.416992 2489.980957
192.790176 -331.861633 2644.422852
167.812332 -746.890686 2587.949707
5.650578 49.313965 2545.578613
62.741653 -364.483368 2614.686768
0.737011 -752.372070 2507.742676
-4.897980 2.067078 -11.036865
13.678177 7.965637 32.494141
63.306950 678.214905 2612.305664
76.659431 473.084961 2572.412109
234.480652 490.326172 2513.792969
236.687927 213.499908 2514.218262
236.083969 -63.105255 2502.964111
-81.161781 455.843750 2631.031250
-81.161057 179.008270 2631.031250
-81.166519 -97.826843 2631.031250
89.023666 263.697266 2544.114990
194.712997 64.504883 2481.154297
189.362000 -322.869080 2657.125488
160.245209 -764.943970 2538.292480
8.062797 44.114258 2550.481445
64.224640 -372.630188 2599.811523
-5.408981 -762.708130 2506.379150
-6.268311 -2.680389 -18.694580
-7.567123 -18.053284 -49.657227
63.560524 673.040039 2600.018311
75.086288 468.004944 2564.267822
228.624756 484.902466 2495.162842
230.389297 208.072906 2495.509766
230.007050 -68.575684 2485.364990
-78.452179 451.107483 2633.372803
-78.451454 174.272003 2633.372803
-78.456917 -102.563110 2633.372803
87.057755 258.150757 2539.552979
190.746277 58.390366 2473.557861
177.176163 -334.675476 2631.865967
174.144028 -758.576782 2584.623047
7.312158 38.202744 2556.118408
58.213844 -380.716919 2590.453369
-15.476715 -773.008423 2510.351562
-6.076920 -5.470428 -17.599121
13.898819 6.367188 46.330566
63.853127 671.337891 2593.918457
71.349594 467.131714 2564.828857
222.998383 480.885559 2490.443115
224.409271 204.053955 2490.724854
224.196152 -72.629913 2481.584229
-80.299179 453.377869 2639.214600
-80.298454 176.542389 2639.214600
-80.303917 -100.292725 2639.214600
79.924828 256.777100 2543.416748
183.564423 55.044373 2475.374268
180.380737 -318.812531 2670.110107
164.406464 -765.795044 2550.357666
-6.564320 37.800583 2568.635010
37.468128 -382.637573 2592.224365
-37.446583 -777.038940 2524.588623
-5.810898 -4.054230 -3.780762
-9.737564 -7.218262 -34.265381
63.049927 669.615845 2590.835205
67.877304 464.870056 2562.116211
217.815231 477.029785 2483.680908
218.943512 200.196869 2483.908936
218.857910 -76.515656 2475.675781
-82.060623 452.710327 2640.551514
-82.059898 175.874847 2640.551514
-82.065361 -100.960266 2640.551514
74.714478 254.248016 2542.533691
171.851562 50.949173 2475.713623
175.409882 -335.818359 2642.750000
169.726471 -762.718994 2590.232666
-8.748264 36.302811 2570.188721
8.616035 -396.372009 2680.917236
-12.543262 -792.901917 2568.204834
-5.338242 -3.885742 -5.908447
5.320007 3.076050 39.875000
62.520664 673.156006 2597.779785
64.679039 467.870483 2565.013916
214.315628 480.161621 2485.699707
215.218002 203.327820 2485.883789
215.227158 -73.407928 2478.470215
-84.957542 455.579315 2644.328125
-84.956818 178.743835 2644.328125
-84.962280 -98.091278 2644.328125
70.042618 257.492920 2542.531250
163.450256 54.347305 2473.381348
180.049805 -318.235901 2668.630371
169.456146 -761.930786 2538.880859
-12.637873 39.883423 2566.715820
-7.317401 -377.815643 2687.333984
-22.754631 -767.101074 2550.043457
-3.630753 3.107727 2.794434
-0.270325 0.788208 -51.351807
62.339062 676.186401 2600.257080
63.167175 470.154846 2565.802490
211.015915 482.730591 2483.171143
211.737701 205.896210 2483.319580
211.815842 -70.858368 2476.645264
-84.681564 457.579071 2648.433838
-84.680840 180.743591 2648.433838
-84.686302 -96.091522 2648.433838
67.575882 259.916656 2541.694336
157.997513 56.994583 2469.514404
177.389114 -311.057861 2675.101074
169.451462 -769.520020 2509.734375
-14.028345 42.362366 2565.657959
24.249403 -366.283386 2669.614746
-11.098452 -750.771484 2540.546143
-3.411316 2.549561 -1.824951
-0.004684 -7.589233 -29.146484
61.786205 672.954163 2600.990967
61.287216 468.309204 2565.034424
207.333664 480.997498 2479.232666
213.088562 288.968323 2421.618408
213.775986 166.298615 2308.075195
-84.759247 455.620972 2650.836182
-84.758522 178.785492 2650.836182
-84.763985 -98.049622 2650.836182
65.028099 258.112732 2540.318359
153.882523 55.310745 2465.598389
171.684921 -327.891052 2639.660400
176.025436 -759.529663 2576.902100
-16.344549 40.521729 2565.606201
38.885445 -371.385040 2646.513672
-12.208637 -757.483643 2527.953369
1.960144 237.156982 -168.570068
6.573975 9.990356 67.167725
60.315441 675.172974 2593.359863
59.338459 469.607910 2563.093994
204.485703 479.337952 2475.380127
216.957153 322.876648 2351.466553
221.599030 252.556915 2140.968994
-85.808769 459.877899 2650.807861
-85.808044 183.042419 2650.807861
-85.813507 -93.792694 2650.807861
61.250557 258.951874 2542.890137
150.592697 54.156754 2469.851562
183.694519 -305.585388 2683.210449
168.431946 -766.523071 2549.260254
-24.267401 42.434906 2575.520996
35.303482 -372.657532 2633.943115
-27.009045 -760.808838 2528.136963
7.823044 86.258301 -167.106201
-7.593491 -6.993408 -27.641846
60.030682 680.060486 2597.541992
57.675014 474.305145 2565.652588
202.479904 483.664764 2477.253418
223.099792 358.131348 2286.240967
231.368210 360.706177 2037.455688
-87.129868 464.945526 2654.051758
-87.129143 188.110046 2654.051758
-87.134605 -88.725067 2654.051758
58.111828 263.753632 2544.075195
143.613770 58.700378 2470.568115
177.213531 -319.516083 2649.250244
171.770752 -753.437744 2588.351562
-26.516483 47.703857 2574.427490
30.035313 -369.956818 2614.738525
-39.383373 -760.337769 2522.418457
9.769180 108.149261 -103.513306
3.338806 13.085327 39.091309
59.606827 682.110657 2600.626465
56.059025 475.952881 2567.816406
201.377594 484.895447 2480.181396
226.391922 401.691345 2253.038574
233.926697 462.159943 2004.293823
-89.259552 467.010315 2655.451416
-89.258827 190.174835 2655.451416
-89.264290 -86.660278 2655.451416
55.641998 265.444275 2545.643799
140.581451 60.188339 2471.996582
221.525787 -326.850586 2623.365234
208.425278 -730.162415 2569.447021
-30.131510 49.683029 2574.945801
20.019411 -369.861084 2601.986328
-53.062927 -762.463989 2522.858643
2.558487 101.453766 -33.161865
36.654526 23.275330 -18.904541
60.348656 679.352173 2601.658691
55.581814 473.459045 2568.479980
203.169891 481.740479 2484.753418
225.420685 431.143250 2232.195068
229.726822 528.968262 1990.592651
-92.006264 465.177612 2652.206543
-92.005539 188.342133 2652.206543
-92.011002 -88.492981 2652.206543
54.455338 263.010284 2545.678711
139.837219 57.415665 2473.801514
241.196411 -337.955017 2586.370850
221.808960 -741.567505 2536.768799
-33.179501 47.707413 2571.953369
-26.256248 -396.462952 2682.654541
-41.288895 -784.831299 2552.928467
-4.199875 66.808319 -13.701172
13.383682 -11.405090 -32.678223
60.886311 677.724365 2602.182129
54.989006 471.416809 2568.717285
204.014297 479.309448 2487.512451
222.457291 450.821289 2219.913086
221.678101 570.626404 1983.282471
-94.036278 463.524200 2649.922119
-94.035553 186.688721 2649.922119
-94.041016 -90.146393 2649.922119
53.470169 261.011963 2545.479736
139.295639 55.233017 2474.647705
242.286209 -348.034546 2552.312256
218.400909 -752.009521 2507.894043
-35.392990 45.981186 2569.836670
-0.550751 -366.270081 2659.828125
-34.524403 -752.926514 2537.020020
-8.048721 41.658142 -7.310181
-3.408051 -10.442017 -28.874756
61.054089 677.186646 2601.943359
54.696392 470.765198 2569.631592
204.578796 478.001465 2489.912109
202.544128 491.370728 2209.159180
183.833176 637.638672 1987.709717
-95.186028 463.528931 2649.351074
-95.185303 186.693451 2649.351074
-95.190765 -90.141663 2649.351074
52.741280 260.310852 2546.852539
138.576874 54.095016 2477.379395
233.131165 -355.451660 2528.316162
206.364365 -759.809509 2489.361084
-37.004543 45.618027 2570.767578
-24.255531 -409.781250 2671.478760
-38.166470 -799.491089 2550.452393
-37.844925 67.012268 4.427246
-12.036545 -7.799988 -18.532959
60.823429 678.533081 2603.825195
54.449085 471.760284 2570.834473
205.412247 478.632538 2493.137695
192.275726 470.187225 2206.580322
173.487946 591.415283 1971.708496
-96.514084 464.888031 2648.531250
-96.513359 188.052551 2648.531250
-96.518822 -88.782562 2648.531250
52.157608 261.338379 2547.770508
138.205338 54.937927 2479.240723
220.283875 -359.179230 2511.391113
191.987167 -763.912231 2477.780029
-38.473072 46.895020 2570.172363
-42.818100 -377.779358 2697.352295
-13.035017 -776.820251 2542.576660
-10.345230 -46.223389 -16.001221
-14.377197 -4.102722 -11.581055
62.263309 674.829956 2595.253662
54.736969 468.241821 2568.739258
207.129333 472.170898 2493.751465
192.084778 442.570374 2219.254395
177.026505 538.245667 1972.427002
-97.655396 464.312775 2643.727051
-97.654671 187.477295 2643.727051
-97.660133 -89.357819 2643.727051
51.029766 257.448120 2550.160645
134.409973 48.899734 2488.729004
203.362427 -368.382385 2508.343262
174.601944 -773.465698 2479.714355
-39.764847 44.409073 2574.435059
-24.226070 -374.897217 2678.841553
-21.622576 -775.519531 2572.438721
3.538559 -53.169617 0.718506
-17.385223 -9.553467 1.934326
60.216091 675.068298 2590.980225
53.224304 467.115082 2567.942871
206.737717 469.701233 2495.189697
190.517227 420.770203 2229.118164
176.087555 479.314850 1974.164429
-100.289101 464.528931 2640.696045
-100.288376 187.693451 2640.696045
-100.293839 -89.141663 2640.696045
49.344814 256.082581 2552.255371
133.769165 46.537689 2494.718750
190.565842 -372.872070 2506.257324
162.141098 -778.271484 2482.120117
-42.838516 43.562485 2578.416992
-19.676687 -373.967041 2667.584473
-24.639311 -774.798706 2579.928711
-0.938950 -58.930817 1.737427
-12.460846 -4.805786 2.405762
61.467461 674.594116 2587.833008
53.148071 466.329529 2567.826660
207.833664 466.988708 2497.564209
194.744308 404.880157 2238.042725
176.190109 420.795929 1976.054932
-101.537537 465.670349 2638.089111
-101.536812 188.834869 2638.089111
-101.542274 -88.000244 2638.089111
47.674812 255.204468 2553.796387
131.994003 44.462036 2498.979980
178.221603 -376.352203 2505.456055
150.702667 -782.030029 2485.271484
-47.590897 43.696747 2580.552246
-22.645044 -398.717285 2667.320801
-24.427679 -793.546387 2563.178711
0.102554 -58.518921 1.890503
-11.438431 -3.758545 3.151367
61.083893 675.458618 2594.789795
51.597702 467.747620 2569.627930
203.785446 469.041382 2494.261719
198.326050 378.402374 2243.534912
175.753693 364.157410 1978.979614
-100.590042 466.453888 2644.994141
-100.589317 189.618408 2644.994141
-100.594780 -87.216705 2644.994141
45.135284 256.843262 2552.958008
127.433548 46.693436 2492.332031
164.785583 -375.037476 2495.712646
138.555603 -780.956177 2478.943848
-50.087814 45.184341 2580.244141
-19.800671 -409.686584 2665.330078
-26.034204 -802.820801 2557.580322
-0.436417 -56.638519 2.924683
-12.147064 1.073853 -6.327637
61.546886 676.459473 2598.760986
50.918507 468.614655 2570.908691
201.144943 470.295868 2491.694336
198.642883 349.683228 2254.276855
173.364243 318.300140 1988.921875
-99.307930 466.933441 2650.123047
-99.307205 190.097961 2650.123047
-99.312668 -86.737152 2650.123047
43.674294 257.851868 2552.697266
124.084000 48.070038 2488.265869
154.131409 -374.254883 2489.804199
129.427399 -780.379150 2475.946533
-51.223843 46.108124 2580.705811
-33.255199 -380.275940 2695.549072
-8.696980 -779.217651 2544.322998
-2.389450 -45.857269 9.942261
-9.128204 0.577026 -2.997314
61.361286 676.169067 2600.742188
49.706776 468.923523 2571.001465
198.971619 470.475830 2489.890137
192.316833 353.835510 2248.643311
173.478439 270.227692 2002.569458
-99.558075 467.371155 2652.112793
-99.557350 190.535675 2652.112793
-99.562813 -86.299438 2652.112793
41.581757 258.251526 2552.017578
120.100601 48.480637 2485.950928
144.207855 -374.227478 2486.430420
121.156395 -780.525208 2475.027588
-53.187115 46.678452 2580.116455
-24.520302 -374.713989 2670.418457
-20.358633 -776.229126 2571.417236
0.114197 -48.072449 13.647583
-8.271004 -0.146057 -0.918945
61.214638 678.749939 2601.250977
48.221985 471.388123 2570.484375
194.676880 473.284729 2484.521240
183.126495 347.885406 2255.343994
172.851212 222.621033 2025.886963
-98.232910 469.491516 2656.447510
-98.232185 192.656036 2656.447510
-98.237648 -84.179077 2656.447510
38.685089 260.961365 2549.593750
114.188942 51.635910 2478.787598
133.500153 -371.318726 2478.688721
112.146988 -777.761658 2469.338623
-55.892555 49.433334 2578.618652
-56.476513 -364.681030 2666.780518
-67.626167 -760.230408 2571.095459
-0.627228 -47.606659 23.317505
-9.009407 2.763550 -5.688965
60.371140 679.560303 2602.994873
46.377155 472.345093 2570.515137
191.586533 474.262634 2482.375732
186.047974 329.925903 2259.684570
172.699432 173.349762 2050.035889
-98.832230 470.427551 2658.654541
-98.831505 193.592072 2658.654541
-98.836967 -83.243042 2658.654541
35.171265 262.231415 2547.482178
108.648865 53.235977 2473.048096
124.104355 -369.876892 2472.659668
104.437927 -776.440552 2465.014648
-60.718121 50.999466 2575.850342
-24.532558 -398.320984 2665.369629
-26.024208 -792.950623 2553.387451
-0.151779 -49.271271 24.148926
-7.709061 1.321106 -4.323975
59.104851 675.719116 2585.854980
45.989250 469.826447 2564.559082
191.876495 468.531158 2477.523193
190.459564 310.943726 2269.298340
179.297485 125.373260 2081.114746
-99.897987 471.121735 2651.594971
-99.897263 194.286255 2651.594971
-99.902725 -82.548859 2651.594971
35.037376 259.120544 2549.337646
107.974792 47.669830 2484.068115
120.338364 -375.544556 2483.559570
102.308006 -782.208130 2477.323486
-59.803787 49.159454 2584.164307
-38.502090 -370.469391 2711.342773
-4.452011 -779.098877 2552.861816
6.598053 -47.976501 31.078857
-2.129921 -5.767578 12.308838
58.900200 673.903809 2585.784180
45.944199 467.047852 2562.678223
192.515289 465.687195 2476.732910
190.737427 286.975220 2277.652832
181.717728 75.304092 2119.655029
-100.626892 468.408508 2648.623535
-100.626167 191.573029 2648.623535
-100.631630 -85.262085 2648.623535
34.383553 256.385681 2546.297852
109.309280 44.920639 2479.204102
119.197052 -378.358826 2478.670410
102.726746 -785.104675 2473.593506
-63.663467 46.526398 2580.630859
-23.835030 -369.980103 2679.475098
-21.858192 -773.020386 2558.803223
2.420242 -50.069168 38.540283
0.418739 -2.896545 -3.729980
58.749981 672.856262 2585.747314
46.272034 465.139832 2561.905518
194.059387 463.651154 2478.062012
197.375641 264.991760 2299.827148
185.144836 35.793167 2165.484375
-101.515320 466.628540 2645.749023
-101.514595 189.793060 2645.749023
-101.520058 -87.042053 2645.749023
34.429867 254.512863 2544.771729
109.634094 43.009064 2478.254395
117.541023 -380.312042 2477.746582
102.539513 -787.125488 2473.620361
-64.458687 44.762726 2577.021484
-21.960957 -371.390808 2659.357910
-22.818291 -776.216431 2589.106445
3.427109 -39.510925 45.829346
-0.187233 -2.020813 0.026855
57.956398 667.684753 2576.258301
47.790195 461.471924 2557.289307
197.704849 459.938293 2477.396729
205.146942 244.456390 2324.441650
189.090790 1.308441 2212.398682
-102.124466 463.005554 2637.181885
-102.123741 186.170074 2637.181885
-102.129204 -90.665039 2637.181885
38.119633 250.520767 2543.192383
115.945267 38.674530 2482.467041
157.658096 -357.164429 2652.034912
123.576736 -776.219360 2609.932861
-59.047123 40.464691 2575.723877
1.254772 -374.110291 2637.000488
-9.679634 -775.502441 2569.888428
3.945953 -34.484726 46.914307
21.037224 10.906128 136.312500
57.864910 665.782410 2571.506348
49.627022 458.180481 2554.344727
201.636520 456.911316 2478.561523
211.555557 223.207031 2347.742676
188.248825 -29.988846 2258.909180
-102.382469 459.449677 2630.127930
-102.381744 182.614197 2630.127930
-102.387207 -94.220917 2630.127930
41.495098 247.062714 2541.569092
120.676979 35.215912 2485.263672
191.187775 -346.512390 2662.593262
132.175201 -754.926575 2589.021240
-53.950623 36.673950 2572.323242
10.387787 -379.914185 2612.052734
-8.638378 -781.759766 2549.623535
-0.841965 -31.297287 46.510498
8.598465 21.292786 -20.911621
58.682739 668.537109 2578.613037
49.549290 460.346252 2557.047363
202.772263 460.094666 2483.676270
221.793884 211.114410 2372.873535
195.100662 -49.505280 2308.584473
-103.673691 460.597839 2630.418457
-103.672966 183.762360 2630.418457
-103.678429 -93.072754 2630.418457
41.966602 249.357574 2541.935791
122.953903 38.223465 2484.412354
184.821121 -351.782532 2639.787109
156.307846 -759.481079 2608.005859
-54.186069 38.514328 2569.236084
5.845795 -379.988403 2591.933594
-19.166342 -782.380127 2535.413330
6.851837 -19.516434 49.675293
24.132645 -4.554504 18.984619
58.933216 671.685303 2581.171143
50.846718 463.659515 2558.339355
205.489380 463.993622 2488.001221
228.983185 208.872284 2398.148682
199.561676 -57.643921 2347.326172
-103.795952 463.325409 2628.677490
-103.795227 186.489929 2628.677490
-103.800690 -90.345184 2628.677490
44.124725 252.677231 2542.558594
126.791130 41.888062 2486.120117
218.496674 -353.595123 2606.314453
187.497055 -758.665649 2579.930176
-51.985657 41.501831 2567.435547
0.156475 -378.525726 2578.463135
-28.892107 -781.494080 2528.343994
4.461014 -8.138641 38.741699
31.189209 0.815430 -28.075684
59.149120 673.066345 2582.453613
52.003506 464.109009 2559.666992
208.477249 464.638519 2493.573242
234.501160 204.939880 2420.016602
199.615646 -63.652588 2415.510742
-104.470230 463.579468 2625.760742
-104.469505 186.743988 2625.760742
-104.474968 -90.091125 2625.760742
46.237656 253.059021 2544.325684
130.932831 42.315186 2490.773926
230.757599 -360.366608 2575.307617
198.597412 -765.647705 2554.043213
-49.989223 41.702911 2567.194824
-6.493225 -379.435455 2570.951904
-37.915062 -782.968628 2527.215576
0.053970 -6.008667 68.184570
11.100357 -6.982056 -25.886963
59.302586 671.276794 2574.576904
52.462139 462.210541 2556.943848
210.492783 460.935974 2494.705566
238.409927 195.475922 2435.855957
206.226807 -74.295807 2457.863770
-105.568520 463.485107 2619.182129
-105.567795 186.649628 2619.182129
-105.573257 -90.185486 2619.182129
46.297947 250.950531 2545.618652
131.500580 38.953613 2498.309814
226.358856 -369.902130 2554.009521
194.230621 -775.406128 2537.470703
-51.233059 40.427429 2570.277100
-15.778515 -381.480560 2569.868164
-48.236542 -785.540894 2532.172607
6.611160 -10.643219 42.353027
-4.366791 -9.758423 -16.572510
59.375431 673.008667 2571.144531
52.919319 463.935791 2556.954590
212.102875 461.858917 2497.683105
245.385529 186.811890 2448.158691
212.566711 -83.597168 2481.814453
-106.264229 466.012665 2616.226074
-106.263504 189.177185 2616.226074
-106.268967 -87.657928 2616.226074
46.816772 252.552216 2547.972168
132.448196 39.971786 2504.833008
216.325165 -373.560425 2539.751709
185.098526 -779.283020 2527.370117
-51.019745 42.365494 2573.146484
-19.161522 -397.687927 2669.161133
-10.926240 -795.506226 2581.028320
6.339905 -9.301361 23.950684
-9.132095 -3.876892 -10.100586
58.686363 672.781677 2571.426514
52.310562 464.192047 2557.320068
212.364532 461.822113 2500.377930
250.969803 189.898315 2458.166992
212.675140 -80.634674 2494.144287
-107.743408 466.561981 2614.262207
-107.742683 189.726501 2614.262207
-107.748146 -87.108612 2614.262207
46.246780 252.760956 2549.075684
132.404755 39.964325 2508.021729
203.578674 -376.881317 2528.938721
173.842331 -782.808105 2520.084229
-52.038757 42.695404 2573.640869
-51.567596 -370.986969 2663.808594
-57.170139 -768.633301 2576.715088
0.108429 2.962494 12.329834
-11.256195 -3.525085 -7.285889
57.816238 672.913147 2569.080811
52.870857 463.659973 2557.265381
214.493515 461.311279 2505.080078
254.938278 191.911469 2467.258301
204.606003 -77.028198 2503.091797
-108.751785 466.008667 2609.450684
-108.751060 189.173187 2609.450684
-108.756523 -87.661926 2609.450684
47.604946 252.152924 2550.475586
135.487900 39.292236 2513.609619
194.427063 -379.811737 2525.508545
166.543152 -785.922974 2519.561279
-50.809837 41.999512 2573.761963
-70.346474 -373.750397 2651.439941
-87.603142 -772.009277 2568.788330
-8.069138 3.606476 8.947510
-7.299179 -3.114868 -0.522949
59.305340 674.809448 2568.898926
54.707268 465.060669 2558.149658
217.346283 462.625641 2509.161377
257.129303 190.050476 2473.883545
213.662781 -80.322998 2510.635254
-107.931740 467.495728 2607.137939
-107.931015 190.660248 2607.137939
-107.936478 -86.174866 2607.137939
49.672882 253.522827 2551.950684
138.362274 40.581726 2517.521240
186.459656 -380.025696 2523.812012
160.617630 -786.299500 2520.201416
-49.085297 43.388214 2573.982178
-78.659447 -374.446991 2635.647949
-104.970703 -773.528198 2559.614014
9.056778 -3.294800 7.543457
-5.925522 -0.376526 0.640137
60.550385 672.517822 2569.296631
55.581940 462.169617 2558.868896
219.782562 459.091888 2515.698242
261.937286 187.650970 2478.636719
221.092834 -83.390289 2515.391602
-108.618675 465.247375 2602.039551
-108.617950 188.411896 2602.039551
-108.623413 -88.423218 2602.039551
50.010357 250.638855 2552.757812
139.098602 37.333786 2521.759277
178.003662 -384.260132 2524.675293
154.267532 -790.674561 2522.900146
-50.221054 40.882370 2571.534180
-82.757706 -378.657898 2618.340820
-115.554977 -778.654236 2550.028809
7.430054 -3.067291 4.756348
-6.350098 -4.375061 2.698730
61.926521 673.322998 2568.997314
56.613373 461.991821 2559.360596
221.832077 458.157043 2520.236084
268.730316 187.879059 2481.441650
214.709183 -81.145416 2514.217041
-108.605316 465.826630 2598.485107
-108.604591 188.991150 2598.485107
-108.610054 -87.843964 2598.485107
50.297997 250.475800 2553.423340
139.216431 36.749344 2524.934326
170.520340 -385.486023 2525.894531
148.867172 -792.020447 2525.528564
-51.251198 41.170181 2570.037842
-82.653526 -379.630005 2604.746094
-119.648460 -780.551392 2544.474365
-6.383652 2.244873 -1.174561
-5.400360 -1.345886 2.628418
61.346622 672.095947 2558.852295
56.421059 460.297607 2557.177490
222.477234 455.315308 2521.842041
274.632568 185.141449 2482.060791
225.383789 -84.717468 2517.054199
-109.635109 465.279907 2592.512939
-109.634384 188.444427 2592.512939
-109.639847 -88.390686 2592.512939
49.930206 248.768250 2556.500000
139.146622 34.367310 2535.456787
164.256332 -388.282715 2535.340332
144.606094 -794.918457 2536.029785
-52.267929 40.110474 2576.188232
-80.557617 -381.569794 2601.663818
-119.847748 -783.372620 2549.223389
10.674606 -3.572052 2.837158
-4.261078 -2.898010 10.501221
62.433563 673.330444 2562.273193
57.340275 461.542236 2559.647461
224.090042 456.053741 2527.722168
280.705566 183.698303 2485.996582
223.385834 -85.450958 2512.183838
-109.409500 467.030731 2591.572754
-109.408775 190.195251 2591.572754
-109.414238 -86.639862 2591.572754
50.065674 250.013275 2558.016846
138.886566 35.321365 2537.988281
158.991959 -387.595764 2537.327393
141.229721 -794.316345 2538.784180
-53.304417 41.647263 2574.784180
-77.781746 -380.627747 2593.444824
-117.867249 -783.237915 2548.306396
-1.997955 -0.733490 -4.870361
-3.376373 0.602112 2.754395
62.659870 674.177979 2564.989746
57.500458 462.413391 2561.503906
224.773026 456.716553 2532.349121
283.948090 185.188446 2490.339844
219.013519 -82.646545 2512.668701
-109.772110 468.110168 2590.658691
-109.771385 191.274689 2590.658691
-109.776848 -85.560425 2590.658691
49.842850 250.891602 2558.900391
138.568802 36.087280 2539.497803
154.651550 -387.001495 2538.605225
138.643478 -793.792603 2540.599121
-54.198311 42.652374 2573.095947
-74.852127 -380.016541 2586.805908
-114.604141 -783.345337 2548.271973
-4.372314 2.804413 0.484863
-2.586243 0.523743 1.814941
63.845409 669.597534 2565.838867
56.388931 458.584778 2561.726074
223.894028 450.939026 2534.319824
287.333649 187.026031 2494.191406
217.683899 -79.943878 2513.956787
-111.116173 466.230530 2589.132324
-111.115448 189.395050 2589.132324
-111.120911 -87.440063 2589.132324
46.315525 247.167297 2559.139160
132.751068 31.344681 2540.761963
145.609680 -391.854248 2539.815186
131.214233 -798.703735 2542.164795
-60.266830 40.154953 2572.342529
-77.414032 -382.771545 2582.476074
-116.021378 -786.727051 2549.785889
-1.329620 2.702667 1.288086
-7.429245 -4.911133 1.565674
64.545334 667.291504 2557.274414
58.282288 455.713379 2559.099609
226.137634 448.434143 2533.720215
286.767151 178.276794 2495.358398
228.281464 -90.679169 2520.964355
-109.573059 462.992615 2584.479004
-109.572334 186.157135 2584.479004
-109.577797 -90.677979 2584.479004
49.309738 244.261169 2560.404785
137.062042 28.614365 2547.085205
171.318878 -367.863403 2691.517334
129.401306 -772.437012 2660.609131
-56.387665 37.003555 2576.334717
-70.470978 -386.090088 2583.882080
-107.381195 -790.583496 2556.279053
10.597565 -10.735291 7.007568
-1.812927 26.266724 118.444336
64.859367 666.872742 2552.995850
59.897423 454.893036 2558.586182
228.311920 447.921936 2537.385742
287.693054 179.464539 2496.702637
251.446838 -92.072754 2491.472656
-108.517082 461.864136 2579.786621
-108.516357 185.028656 2579.786621
-108.521820 -91.806458 2579.786621
51.614227 243.431183 2562.318115
140.096741 27.963943 2553.868896
191.852951 -371.657837 2681.417480
128.224823 -752.520752 2616.906494
-53.434669 35.974716 2578.231201
-64.917084 -387.226868 2583.899170
-99.780640 -792.176514 2560.670898
23.165375 -1.393585 -29.491699
-1.176483 19.916260 -43.702637
67.290970 666.304077 2550.845703
61.812931 454.315857 2558.363037
230.547119 446.966431 2539.899902
290.842224 175.228973 2498.848145
270.342010 -93.473755 2461.630127
-106.921257 461.665283 2576.826172
-106.920532 184.829803 2576.826172
-106.925995 -92.005310 2576.826172
53.070602 242.863617 2562.637695
141.269608 27.188980 2556.304932
215.891510 -377.734680 2654.955811
144.765274 -774.745422 2599.613525
-52.613049 35.633774 2577.519775
-61.927444 -387.637268 2581.811768
-94.549072 -792.970215 2562.311035
18.895172 -1.401001 -29.842529
16.540451 -22.224670 -17.292969
67.494331 666.055176 2559.273193
61.695553 454.360596 2561.522705
230.751816 447.098053 2546.254883
290.172058 174.147583 2500.329102
257.752625 -96.776947 2477.749512
-107.360710 461.623138 2576.790527
-107.359985 184.787659 2576.790527
-107.365448 -92.047455 2576.790527
52.622025 242.909546 2561.636475
140.675003 27.286011 2552.978516
220.972839 -382.543518 2622.660400
148.110901 -780.655151 2578.643555
-53.578007 35.630981 2570.521973
-61.106705 -387.684662 2573.797607
-91.405022 -793.337280 2557.450684
-12.589386 -3.303192 16.119385
3.345627 -5.909729 -20.969971
67.906265 663.828369 2553.981445
61.383728 452.932312 2559.864990
230.455551 445.345367 2544.596680
285.926727 171.535370 2502.249023
246.574677 -99.554321 2506.094971
-107.688095 460.519257 2575.133301
-107.687370 183.683777 2575.133301
-107.692833 -93.151337 2575.133301
52.064110 241.481705 2561.736816
139.718735 25.679474 2554.851074
215.654617 -388.253693 2601.290283
143.528473 -787.501221 2567.548584
-54.229752 34.382721 2572.366211
-37.762703 -412.353271 2680.598145
-31.966881 -807.133667 2586.690918
-11.177948 -2.777374 28.345459
-4.582428 -6.846069 -11.094971
69.524368 661.722656 2551.343018
62.826534 450.572449 2559.432373
232.068985 443.167236 2546.025391
284.228699 170.537476 2505.115723
235.860992 -100.384888 2510.066406
-106.415916 457.977661 2572.839355
-106.415192 181.142181 2572.839355
-106.420654 -95.692932 2572.839355
53.757065 239.099304 2561.749512
143.087143 23.320679 2556.271729
193.709900 -386.609070 2673.442627
141.736359 -775.559875 2600.581787
-53.711948 31.931641 2571.861572
-42.102154 -391.240021 2695.856201
-11.948816 -783.901733 2559.407715
-10.713684 -0.830566 3.971436
-1.792114 11.941345 33.033203
70.576645 662.584534 2559.020020
63.754650 450.876526 2561.185547
233.169144 443.263550 2550.435547
284.039337 171.856384 2509.664551
247.288284 -99.566681 2489.426758
-105.659843 458.489532 2571.935547
-105.659119 181.654053 2571.935547
-105.664581 -95.181061 2571.935547
54.147263 239.450897 2559.506592
142.485718 23.623856 2551.612549
189.360199 -384.005005 2667.453369
153.301697 -752.351807 2574.824951
-53.405979 32.426651 2564.042725
-28.049883 -386.284485 2665.190430
-21.664526 -784.463562 2572.135254
11.427292 0.818207 -20.639648
11.565338 23.208069 -25.756836
71.914940 666.281616 2562.864746
64.600220 453.997131 2563.299072
234.063385 446.130005 2553.285889
281.524536 169.929932 2511.339355
251.572418 -100.483215 2479.157959
-104.862961 461.864288 2573.312256
-104.862236 185.028809 2573.312256
-104.867699 -91.806305 2573.312256
54.590172 242.592636 2559.985107
142.188721 26.656754 2550.903564
195.008270 -386.334351 2658.681396
157.244247 -771.552124 2587.337646
-53.028461 35.719498 2562.438721
-22.897278 -379.498169 2659.186768
-23.417923 -779.327881 2579.127197
4.284134 -0.916534 -10.268799
3.942551 -19.200317 12.512695
71.253525 663.813965 2564.290771
64.716225 451.609375 2564.667236
234.274033 444.366760 2555.771484
281.121704 175.259186 2512.961914
259.166931 -96.748444 2476.965820
-104.841591 458.852051 2573.562988
-104.840866 182.016571 2573.562988
-104.846329 -94.818542 2573.562988
55.450394 240.181641 2560.193604
143.754166 24.586212 2550.601074
194.135223 -381.811096 2669.915771
166.242584 -752.857666 2571.725098
-51.385040 32.921570 2560.838867
-16.340439 -380.150391 2656.134766
-23.337452 -780.323730 2580.244629
7.594513 3.734772 -2.192139
8.998337 18.694458 -15.612549
71.232834 666.042175 2566.506348
64.818726 453.356934 2565.617188
234.380402 446.202698 2556.590820
281.523926 176.230652 2517.677734
264.331116 -95.701294 2474.295166
-104.742950 460.511169 2574.643555
-104.742226 183.675690 2574.643555
-104.747688 -93.159424 2574.643555
55.607628 241.942673 2560.151123
143.203262 26.443878 2549.531738
217.499481 -380.252838 2640.863037
175.132401 -773.752319 2545.456299
-50.410191 34.612915 2559.838379
-14.854912 -379.963531 2642.269287
-27.224239 -783.315552 2598.055908
5.164185 1.047150 -2.670654
8.889816 -20.894653 -26.268799
71.566750 666.044373 2567.113037
65.078720 454.171844 2566.758057
234.616119 446.676788 2557.496826
281.818604 176.236755 2520.907959
250.856079 -96.312164 2497.137939
-104.458694 461.666901 2576.019287
-104.457970 184.831421 2576.019287
-104.463432 -92.003693 2576.019287
55.419502 242.779510 2561.013672
142.096680 27.128250 2550.006592
222.869934 -383.691406 2612.986328
171.346252 -778.474243 2527.950439
-50.576111 35.646103 2560.531982
-15.351341 -379.071716 2640.275879
-23.728813 -784.223816 2612.924561
-13.475037 -0.610870 22.842773
-3.786148 -4.721924 -17.505859
72.389084 668.020386 2575.911133
65.276878 456.214996 2569.852051
234.795441 448.780273 2560.178711
281.919281 174.914429 2524.334717
235.588181 -96.295990 2512.276123
-104.241669 463.649719 2579.525391
-104.240944 186.814240 2579.525391
-104.246407 -90.020874 2579.525391
55.470577 244.995789 2560.342285
142.382095 29.534744 2545.313477
218.902344 -384.954163 2585.402832
161.599182 -781.154907 2511.372070
-51.053555 38.018417 2556.351562
-18.145061 -367.978455 2667.812012
-21.979239 -778.785217 2548.387207
-15.267899 0.016174 15.138184
-9.747070 -2.680664 -16.578369
