-121.736893 970.649231 3038.118164
-134.398605 734.513428 3026.012695
50.205353 723.020630 3025.706543
90.328445 428.904510 3083.964111
109.221268 103.491333 3053.187256
-319.002594 746.006226 3026.318848
-319.001495 425.416290 3026.318848
-319.007812 104.826813 3026.318848
-149.636078 490.000793 3016.985352
-51.946388 238.457672 3007.770752
-42.848213 -232.384277 3143.538818
-45.452087 -668.867798 3086.808594
-277.800690 252.518585 3008.145264
-240.248062 -226.840454 3103.520996
-209.272095 -693.118286 3165.438477
-124.029007 967.802124 3039.730957
-136.447037 731.489868 3025.941895
48.158356 720.011230 3025.151123
89.656731 427.132385 3083.413818
109.178009 101.876648 3050.985107
-321.052429 742.968506 3026.732666
-321.051331 422.378571 3026.732666
-321.057648 101.789093 3026.732666
-151.691040 487.013977 3015.979004
-54.008186 235.516403 3005.532227
-33.332428 -231.327621 3152.695801
-44.522923 -669.243591 3083.712891
-279.861908 249.559799 3006.500000
-241.244614 -229.321945 3104.093262
-204.345123 -696.314453 3155.585449
-124.102333 971.036499 3038.500732
-135.237045 733.498779 3025.841064
49.413177 722.769897 3024.955811
87.628662 421.952942 3082.393311
110.191681 97.083527 3048.071045
-319.887268 744.227722 3026.726318
-319.886169 423.637787 3026.726318
-319.892487 103.048309 3026.726318
-149.491516 488.937317 3016.563477
-50.790611 237.812668 3006.744385
-29.429911 -230.376144 3150.075439
-39.513313 -667.354065 3088.159180
-276.701355 250.939011 3007.827393
-238.872833 -226.045731 3114.345947
-196.599823 -693.231689 3159.819580
-123.131927 972.728149 3038.427002
-132.181061 735.771606 3026.070068
52.542614 727.083740 3027.789062
88.942062 426.702423 3084.597656
110.210419 101.799896 3049.587891
-316.904724 744.459473 3024.351074
-316.903625 423.869537 3024.351074
-316.909943 103.280060 3024.351074
-143.600800 491.084106 3016.574463
-42.003056 241.081177 3008.130615
-23.033262 -226.112427 3155.280762
-38.055660 -667.048462 3088.374268
-268.038025 251.712036 3006.027100
-232.377075 -226.067200 3109.915039
-194.494598 -693.704102 3155.248291
-124.815750 973.149231 3038.860352
-132.998337 735.976379 3026.751953
51.766418 728.089722 3029.144043
89.527008 430.172668 3085.181396
109.063965 105.433136 3047.742188
-317.763123 743.863037 3024.359863
-317.762024 423.273102 3024.359863
-317.768341 102.683624 3024.359863
-143.330933 491.211792 3017.855225
-40.645691 241.623047 3010.421631
-36.224804 -228.836395 3147.023438
-42.044224 -666.114014 3087.767334
-266.681335 251.271362 3007.495361
-241.081482 -217.968567 3142.987305
-192.736633 -705.180115 3093.970947
-125.945633 972.072021 3038.090088
-133.311844 735.582458 3026.113281
51.397751 728.161560 3031.406006
86.336777 426.032959 3084.098389
110.246643 101.386414 3048.634277
-318.021454 743.003296 3020.820557
-318.020355 422.413361 3020.820557
-318.026672 101.823883 3020.820557
-142.880890 490.795715 3016.848633
-39.449509 241.469101 3010.821777
-37.677242 -230.276230 3143.636475
-40.004135 -663.475342 3087.151611
-265.450348 250.548874 3004.346191
-244.278717 -214.884537 3154.292969
-186.782913 -717.600220 3041.602783
-125.819572 971.720520 3037.202637
-133.292923 735.098328 3025.402100
51.352673 727.800171 3032.815430
87.931351 427.657043 3088.604004
107.741402 103.171204 3049.524170
-317.938538 742.396484 3017.988770
-317.937439 421.806549 3017.988770
-317.943756 101.217072 3017.988770
-142.595093 490.299072 3016.097656
-38.947094 241.035416 3011.327881
-44.586437 -230.814621 3143.871338
-40.086758 -665.092468 3086.378418
-264.847412 249.964188 3002.258545
-240.493088 -222.726974 3125.445557
-196.482483 -706.787659 3103.510498
-125.378227 967.634521 3024.199951
-132.968521 731.157532 3022.286621
51.616516 724.447021 3031.604248
87.688919 426.400116 3086.052002
111.332657 101.907806 3049.177246
-317.553589 737.868103 3012.968994
-317.552490 417.278168 3012.968994
-317.558807 96.688690 3012.968994
-141.714020 486.257355 3019.160889
-37.545998 237.252213 3021.734863
-33.942078 -231.934677 3163.169922
-48.899757 -672.111633 3089.346191
-263.373047 245.462112 3010.335449
-238.783752 -228.912766 3129.286621
-199.704758 -705.780640 3129.607422
-127.361298 969.307983 3031.288818
-133.006332 732.535339 3024.437012
51.696644 727.063660 3032.104004
86.243103 422.271179 3084.196777
111.838097 97.664154 3049.531250
-317.709290 738.007019 3016.770020
-317.708191 417.417084 3016.770020
-317.714508 96.827606 3016.770020
-140.003723 487.623383 3018.223633
-34.014050 239.364288 3016.700439
-30.680298 -234.740417 3139.705322
-48.588310 -673.067627 3070.941895
-259.988190 246.058563 3007.320068
-238.022827 -225.259094 3138.847168
-193.171051 -705.529663 3074.246094
-127.513023 974.795166 3046.795166
-133.052887 738.322937 3030.694580
51.644798 732.822388 3038.737549
85.479752 422.853546 3086.113525
109.685158 98.390076 3049.079834
-317.750580 743.823486 3022.651611
-317.749481 423.233551 3022.651611
-317.755798 102.644073 3022.651611
-139.792542 493.694519 3018.161621
-33.554726 245.701447 3010.548584
-35.585945 -227.492096 3137.819824
-45.083611 -665.758118 3075.833008
-259.509644 252.430756 3000.708740
-247.411865 -207.795227 3164.809814
-188.783203 -712.185913 3031.028809
-126.530258 974.909546 3042.053955
-133.537766 738.475098 3028.902100
51.213127 732.433228 3034.978760
84.668800 426.279419 3087.143555
109.536720 102.056580 3048.377441
-318.288635 744.516968 3022.825439
-318.287537 423.927032 3022.825439
-318.293854 103.337555 3022.825439
-141.213531 493.714691 3018.913086
-35.869148 245.258224 3012.641357
-40.987022 -225.526535 3148.672119
-44.598907 -668.487183 3085.581787
-261.909454 252.650375 3005.206787
-249.144318 -218.001144 3134.140137
-200.255035 -701.285583 3109.466309
-127.514481 973.108276 3039.660889
-133.977249 736.820740 3027.965332
50.774792 730.635864 3034.124756
84.090195 427.581390 3086.175049
109.743195 103.049286 3050.701904
-318.729309 743.005615 3021.805908
-318.728210 422.415680 3021.805908
-318.734528 101.826202 3021.805908
-141.887878 491.981995 3019.394043
-36.785992 243.359970 3014.590576
-37.518929 -228.469864 3147.381592
-41.567448 -667.914429 3089.190186
-262.811005 250.926559 3007.054932
-241.912079 -223.138260 3125.325195
-200.625137 -699.182007 3131.421387
-126.605186 973.562134 3038.993652
-133.740845 737.178162 3027.753174
51.018764 730.518311 3033.230225
85.917175 428.209595 3084.470459
109.444260 103.299866 3051.028809
-318.500458 743.838013 3022.276123
-318.499359 423.248077 3022.276123
-318.505676 102.658600 3022.276123
-142.304810 492.350647 3018.945068
-37.847950 243.449173 3013.487305
-39.939987 -225.436356 3156.195801
-39.897297 -662.420532 3089.538574
-263.889587 251.597061 3006.786621
-240.936371 -224.934647 3116.771240
-200.030121 -696.655396 3143.098145
-126.868713 975.208740 3050.650146
-134.274612 739.079346 3031.646484
50.511368 732.251465 3035.812012
85.071960 427.405823 3086.866455
107.582710 103.088989 3047.800537
-319.060608 745.907227 3027.480957
-319.059509 425.317291 3027.480957
-319.065826 104.727814 3027.480957
-142.983170 494.579590 3017.197266
-38.652145 245.903015 3005.296387
-40.051014 -223.392029 3146.979736
-40.236050 -660.807251 3082.613281
-264.731323 254.256653 3000.199707
-241.486450 -224.428314 3101.689941
-201.950287 -693.514648 3143.297363
-127.368576 974.285217 3043.974854
-135.359009 737.313354 3030.386230
49.429001 730.091248 3033.824951
86.409958 430.198120 3088.767822
107.823364 106.537872 3044.173584
-320.147034 744.535400 3026.947510
-320.145935 423.945465 3026.947510
-320.152252 103.355988 3026.947510
-144.711853 492.652863 3019.143066
-41.026176 243.574509 3010.003418
-39.556953 -225.297409 3153.206055
-40.568871 -665.468689 3098.604492
-267.103210 252.410263 3005.796387
-242.542969 -226.937790 3104.830566
-204.820999 -692.403137 3169.453857
-126.355759 973.961670 3040.633789
-134.990936 737.013550 3029.613770
49.759956 729.086304 3033.516113
87.494537 431.268127 3093.323730
107.540710 109.978943 3034.976074
-319.741791 744.940796 3025.711426
-319.740692 424.350861 3025.711426
-319.747009 103.761383 3025.711426
-145.298264 492.285278 3020.460205
-42.589134 242.707764 3013.693848
-35.174011 -228.528168 3148.406250
-40.669708 -661.434448 3100.642822
-268.622070 252.406250 3008.919434
-247.750214 -221.417816 3130.560547
-195.249268 -695.284668 3112.561035
-125.245377 972.227844 3039.974365
-135.095886 735.495178 3029.209229
49.656967 727.219482 3032.166748
92.194038 438.174072 3103.554199
106.956680 123.289978 3019.591309
-319.848724 743.770935 3026.251709
-319.847626 423.181000 3026.251709
-319.853943 102.591522 3026.251709
-145.919342 490.753540 3020.503418
-43.724342 240.949387 3013.606689
-36.847824 -230.993240 3146.097656
-40.690689 -658.545776 3097.400391
-269.761261 251.074387 3009.988525
-240.407013 -224.923050 3121.624268
-199.447357 -696.483032 3129.992432
-123.673378 972.808838 3039.127686
-134.429245 736.257202 3028.635498
50.262520 726.917664 3032.118652
99.609413 432.574677 3115.269775
107.971001 135.368713 2982.626709
-319.120972 745.596680 3025.152344
-319.119873 425.006744 3025.152344
-319.126190 104.417267 3025.152344
-146.655304 491.548035 3020.767090
-45.899712 241.125641 3015.029541
-34.043343 -227.095764 3159.319580
-42.461517 -656.219971 3094.163086
-271.863037 252.552155 3010.767822
-247.668762 -217.224579 3145.897217
-193.765076 -703.594727 3080.755615
-121.896950 973.697021 3038.207275
-133.847931 737.511108 3028.291992
50.798141 727.318420 3031.867920
99.825653 439.769501 3131.124023
102.238853 173.326050 2942.486084
-318.494019 747.703857 3024.716064
-318.492920 427.113922 3024.716064
-318.499237 106.524445 3024.716064
-147.213303 492.838501 3021.017090
-47.626434 241.930771 3015.929688
-37.952450 -229.784348 3148.340820
-42.382835 -659.399719 3088.783203
-273.530884 254.400986 3011.554688
-250.838181 -206.576462 3173.317871
-188.012878 -715.679565 3035.783203
-120.803223 975.241760 3037.756348
-132.623962 739.552612 3027.968018
52.024052 729.138977 3030.766846
100.426552 449.319153 3138.653320
96.539001 230.894669 2897.482910
-317.271973 749.966187 3025.169189
-317.270874 429.376251 3025.169189
-317.277191 108.786774 3025.169189
-146.314865 494.887268 3020.876221
-47.052166 243.851700 3015.496582
-38.715950 -228.872208 3144.821045
-40.277580 -657.190674 3090.020996
-272.959381 256.592163 3012.072266
-249.440765 -202.038574 3181.863770
-183.621277 -721.561707 3016.527344
-118.865051 976.733765 3038.072998
-131.001251 741.156006 3028.000732
53.643513 730.585571 3030.541748
97.241913 452.634552 3158.331787
78.623474 313.081787 2876.055664
-315.646027 751.726440 3025.459717
-315.644928 431.136505 3025.459717
-315.651245 110.547028 3025.459717
-144.905029 496.508606 3020.616699
-45.857830 245.395050 3014.787109
-38.888050 -225.052429 3152.236572
-38.740520 -657.515076 3092.009277
-271.759796 258.327362 3011.678223
-253.532242 -200.074829 3183.632812
-181.405182 -728.137451 3003.626953
-119.517334 980.910217 3049.689209
-130.651016 745.234436 3033.150391
54.026733 735.181335 3035.388672
99.115494 447.814453 3162.165771
61.364136 408.270569 2866.322754
-315.328796 755.287537 3030.912109
-315.327698 434.697601 3030.912109
-315.334015 114.108124 3030.912109
-143.807404 500.796875 3020.792480
-43.991585 250.209549 3009.803711
-39.567764 -222.059311 3141.063477
-37.632168 -657.225098 3084.813232
-269.935974 262.509033 3007.065430
-251.459137 -193.174591 3186.423340
-180.506653 -726.738159 2997.378906
-116.523163 980.977661 3044.488037
-127.758972 744.282410 3031.416992
56.918411 734.111633 3033.095703
107.561966 434.408875 3130.065918
44.026550 504.681519 2868.998779
-312.436371 754.453125 3029.738281
-312.435272 433.863190 3029.738281
-312.441589 113.273712 3029.738281
-141.131805 499.746216 3021.020264
-41.532623 248.988327 3011.650391
-38.838528 -222.454758 3146.065918
-37.784634 -663.241943 3093.735840
-267.476654 261.431763 3009.596680
-253.334076 -188.233765 3203.544922
-179.700974 -731.035217 2999.025391
-116.597748 982.038452 3053.381104
-126.938843 746.144165 3034.196533
57.742001 737.202209 3031.687988
120.730789 436.673187 3092.007080
33.401398 577.821655 2867.421143
-311.619690 755.086182 3036.705078
-311.618591 434.496246 3036.705078
-311.624908 113.906769 3036.705078
-138.968292 501.769165 3019.680664
-37.992580 251.922592 3003.629883
-34.363323 -218.958298 3140.096191
-38.586113 -656.075562 3081.433838
-264.002899 262.865723 3006.699707
-240.048508 -202.125580 3149.941895
-195.496643 -707.858398 3072.099609
-118.413391 982.112610 3057.836914
-128.618271 746.700317 3036.585205
55.994934 738.487427 3030.340820
131.848740 440.327087 3043.992920
19.723587 639.495239 2874.194336
-313.231445 754.913208 3042.829590
-313.230347 434.323273 3042.829590
-313.236664 113.733795 3042.829590
-140.028961 502.365295 3020.592041
-38.498917 253.005920 3000.778809
-39.912411 -213.417877 3151.098389
-40.491760 -661.447144 3083.880615
-264.380402 263.054688 3008.418945
-250.099030 -198.860474 3166.430420
-192.844391 -710.437683 3055.738525
-118.481483 981.154541 3060.071289
-129.299942 746.411682 3038.741943
55.278500 738.405518 3030.732666
136.921341 453.663208 2985.488525
8.869934 685.903198 2868.507812
-313.878418 754.417786 3046.751221
-313.877319 433.827850 3046.751221
-313.883636 113.238373 3046.751221
-140.608551 502.081207 3022.363281
-39.020405 252.853806 3001.085693
-38.934364 -212.812820 3154.130371
-42.506634 -660.924133 3087.674072
-264.813904 262.647705 3010.883545
-251.802094 -193.444397 3186.749268
-186.643097 -721.715271 3023.982422
-117.172600 980.991272 3061.692627
-129.025742 746.715332 3040.856445
55.434891 737.978821 3030.918701
132.966156 469.329102 2934.740479
-3.679749 716.186218 2828.349854
-313.486359 755.451904 3050.794189
-313.485260 434.861969 3050.794189
-313.491577 114.272491 3050.794189
-141.460587 502.411285 3024.819580
-41.061462 252.763107 3002.703857
-41.570126 -213.580826 3153.888184
-42.550415 -659.975891 3089.295166
-266.729401 263.451355 3014.861572
-248.926468 -197.513458 3178.445801
-187.998718 -719.850952 3016.240723
-117.460617 980.924927 3061.987061
-129.833939 746.841187 3042.584961
54.588745 737.844849 3031.929199
129.992401 496.658600 2891.838135
-15.574905 735.770569 2764.109375
-314.256622 755.837585 3053.240723
-314.255524 435.247650 3053.240723
-314.261841 114.658173 3053.240723
-142.648514 502.517944 3027.074219
-42.655670 252.691788 3005.045654
-40.877655 -214.499741 3153.662354
-40.853775 -659.514221 3092.170898
-268.270508 263.697571 3018.081299
-249.596146 -192.880493 3194.145020
-184.090393 -726.579285 3000.851562
-115.673538 981.972473 3064.165039
-128.420349 747.738831 3045.322021
56.016670 738.497803 3034.981201
127.530197 530.799500 2845.972412
-27.180206 748.554565 2696.800781
-312.857361 756.979797 3055.662842
-312.856262 436.389862 3055.662842
-312.862579 115.800385 3055.662842
-141.539886 503.439697 3029.639893
-41.839561 253.487854 3007.632324
-35.771305 -213.884705 3155.584961
-37.831619 -659.929077 3092.503418
-267.479309 264.793274 3020.283203
-243.376282 -196.235016 3183.921387
-181.487305 -727.813721 2998.542480
-115.110886 982.625793 3063.233887
-127.670708 746.955566 3046.483154
56.814663 738.423523 3036.339844
112.740097 565.920349 2808.981201
-36.141098 751.708069 2622.560547
-312.156067 755.487610 3056.626465
-312.154968 434.897675 3056.626465
-312.161285 114.308197 3056.626465
-139.811600 502.579590 3031.222412
-39.099850 252.984436 3009.756836
-34.991508 -214.942505 3156.066162
-35.118126 -660.379211 3095.085449
-264.805145 263.422791 3022.166504
-230.283661 -206.627197 3151.098389
-193.242676 -707.734558 3070.894043
-114.704887 981.697510 3062.280762
-126.554504 746.707153 3047.217773
57.894913 738.787354 3036.000244
88.361534 612.967834 2777.975586
-44.688026 755.568115 2547.816406
-311.003937 754.626892 3058.435303
-311.002838 434.036957 3058.435303
-311.009155 113.447479 3058.435303
-137.971222 502.289307 3032.056152
-36.554665 253.026718 3010.032471
-32.141621 -215.626694 3154.018066
-36.856373 -660.886230 3092.770508
-262.221222 262.716248 3023.756592
-239.138489 -203.072357 3170.782471
-188.349670 -712.901855 3048.602783
-113.559219 982.745483 3061.855713
-124.596443 748.227051 3047.441650
59.668694 740.128052 3033.793945
61.187088 670.487183 2756.980225
-41.888718 747.994873 2490.740234
-308.861603 756.326050 3061.089355
-308.860504 435.736115 3061.089355
-308.866821 115.146637 3061.089355
-136.398361 503.774689 3033.163574
-35.472694 254.367599 3010.536133
-32.277164 -212.090469 3161.370117
-39.109535 -659.619324 3090.747070
-260.927856 264.277039 3027.234863
-239.038025 -210.367371 3140.139160
-194.535034 -699.063904 3102.470459
-112.654625 980.181030 3063.055420
-123.708168 747.090576 3046.688477
60.183796 739.158386 3028.987305
34.591782 703.742554 2740.487549
-32.869385 741.435425 2448.692139
-307.600159 755.022766 3064.389648
-307.599060 434.432831 3064.389648
-307.605377 113.843353 3064.389648
-135.637253 502.649261 3032.299072
-35.053341 253.354706 3007.079346
-34.635372 -212.957123 3158.476074
-42.676212 -661.490601 3084.159912
-260.079315 263.061188 3028.739990
-237.600647 -206.252808 3163.605713
-190.579529 -704.529663 3070.506592
-112.703163 978.680908 3062.159180
-124.107666 745.490906 3045.961426
59.789795 736.954285 3028.322754
21.317085 726.352844 2733.723633
-28.404942 741.083435 2429.552246
-308.005127 754.027527 3063.600098
-308.004028 433.437592 3063.600098
-308.010345 112.848114 3063.600098
-136.767609 501.047119 3032.275146
-36.948601 251.381973 3007.800293
-33.599445 -210.501785 3171.678223
-43.424850 -666.212769 3085.523438
-261.906494 261.824646 3029.377441
-237.864136 -213.578613 3141.298828
-200.519684 -697.280396 3113.623047
-113.309219 978.167480 3061.725098
-124.654091 745.031494 3044.868896
59.104710 736.440491 3025.782227
18.159897 726.676941 2721.346191
-36.867996 745.680603 2419.736816
-308.412872 753.622498 3063.955566
-308.411774 433.032562 3063.955566
-308.418091 112.443085 3063.955566
-137.463135 500.572388 3031.580566
-37.867153 250.858200 3006.616943
-34.842617 -212.475388 3166.620850
-42.232651 -666.653748 3083.242676
-262.677216 261.368408 3029.967529
-239.177307 -208.905914 3162.610107
-193.611771 -704.968140 3079.101318
-113.771568 977.709167 3061.515137
-125.006180 744.014038 3044.355225
58.959106 735.329407 3027.454102
22.579338 723.337280 2726.180664
-45.626877 750.495178 2426.396973
-308.971436 752.698608 3061.256348
-308.970337 432.108673 3061.256348
-308.976654 111.519196 3061.256348
-137.752991 499.542053 3031.229980
-37.961479 249.757401 3007.765625
-35.757820 -215.148849 3163.271240
-39.752209 -668.165344 3085.856934
-263.038147 260.382751 3028.443848
-238.758499 -207.397583 3171.067871
-187.786285 -718.741821 3036.742676
-116.031906 978.361145 3061.922852
-127.224991 744.547302 3044.772461
56.878399 736.374084 3029.090576
34.786598 701.174561 2726.109375
-53.873283 755.045715 2439.255615
-311.328400 752.720581 3060.454346
-311.327301 432.130646 3060.454346
-311.333618 111.541168 3060.454346
-139.260254 500.082642 3030.892578
-38.678608 250.618332 3007.420166
-39.883057 -216.064316 3157.513428
-40.040115 -668.172119 3085.513184
-263.912415 260.617615 3026.605225
-241.570755 -202.453674 3184.368652
-185.090515 -725.642273 3011.290771
-116.199455 975.879395 3061.624756
-127.455322 741.757080 3044.832764
56.893784 734.297180 3032.196777
43.889294 673.085938 2733.570068
-55.427784 761.886292 2456.341064
-311.804413 749.216980 3057.468750
-311.803314 428.627045 3057.468750
-311.809631 108.037567 3057.468750
-138.285614 497.224396 3031.191895
-36.333305 248.127853 3009.820557
-30.034286 -219.211227 3157.663330
-38.316475 -666.502502 3086.827393
-261.898499 257.255615 3025.281494
-239.953537 -207.000946 3180.496582
-181.085754 -731.804077 3006.724854
-117.701591 977.100098 3062.474365
-128.690506 742.838318 3044.113037
55.779728 735.739929 3032.962891
59.947048 635.047974 2749.302002
-52.566090 762.836609 2488.812744
-313.160706 749.936707 3055.263184
-313.159607 429.346771 3055.263184
-313.165924 108.757294 3055.263184
-138.999390 498.358948 3029.200684
-36.469601 249.537582 3007.468018
-31.016678 -217.770065 3155.617676
-40.449612 -663.596802 3083.854248
-262.146973 258.221619 3021.108643
-235.900970 -214.397339 3143.803223
-197.339325 -711.401123 3078.037354
-119.755920 976.427246 3062.392090
-130.691940 742.958008 3043.644531
53.856075 736.093506 3033.538818
69.969162 603.027893 2763.172607
-53.466209 770.628296 2533.031250
-315.239960 749.822632 3053.750244
-315.238861 429.232697 3053.750244
-315.245178 108.643219 3053.750244
-140.618011 498.477844 3028.446777
-37.656475 249.798615 3007.067383
-36.779171 -218.571136 3151.901855
-41.357471 -665.737427 3087.198730
-263.431671 258.196686 3019.430664
-238.563080 -217.760498 3131.106445
-201.441986 -700.144287 3121.645508
-120.948692 976.627808 3062.349609
-131.627411 743.541321 3042.709717
53.053692 736.519653 3036.563721
78.486633 573.515259 2787.092041
-57.745392 767.556885 2585.923096
-316.308502 750.562988 3048.855713
-316.307404 429.973053 3048.855713
-316.313721 109.383575 3048.855713
-141.435608 499.068909 3027.286377
-38.247898 250.300339 3008.102783
-31.735773 -216.693375 3157.103760
-41.172993 -664.494568 3090.339600
-264.239716 258.892639 3015.623291
-233.542725 -218.232971 3122.225830
-207.066223 -694.333008 3135.468506
-123.390594 980.215881 3063.834229
-133.013062 746.025208 3042.143066
51.756603 739.347290 3039.059814
87.758255 537.768677 2826.557373
-52.435226 754.788086 2651.200195
-317.782745 752.703125 3045.226318
-317.781647 432.113190 3045.226318
-317.787964 111.523712 3045.226318
-142.134308 501.663147 3024.791504
-38.226559 253.215988 3005.553711
-34.350014 -215.609787 3148.769775
-40.247616 -662.582092 3089.103271
-264.284546 261.386169 3009.326172
-236.035522 -214.766449 3121.674805
-207.588104 -688.040100 3130.772217
-125.920677 979.470947 3063.079590
-135.824234 746.246216 3040.866211
48.979080 739.496826 3038.703857
95.380615 501.382935 2869.806641
-40.136108 733.461365 2713.702637
-320.627533 752.995605 3043.028564
-320.626434 432.405670 3043.028564
-320.632751 111.816193 3043.028564
-144.956818 501.918732 3022.983398
-41.054405 253.462967 3003.777832
-41.382450 -214.532364 3149.790039
-43.487194 -667.492554 3088.543457
-267.124420 261.719482 3006.423340
-239.542847 -215.093964 3116.684570
-209.823441 -686.128418 3140.859863
-126.703979 976.748047 3049.683350
-137.478043 743.022217 3033.716553
47.336056 736.648315 3030.602051
114.704147 471.702179 2924.399658
-31.233246 700.213013 2769.457031
-322.292145 749.396118 3036.831055
-322.291046 428.806183 3036.831055
-322.297363 108.216705 3036.831055
-146.126114 498.401062 3021.163086
-41.725193 249.881104 3006.704590
-38.101406 -218.436279 3151.695801
-41.516251 -668.950317 3091.087158
-267.823181 257.678772 3010.514648
-237.688614 -220.430481 3114.404785
-207.007843 -688.517334 3161.544922
-127.574272 979.020386 3055.501465
-136.870743 743.673218 3034.510254
47.955814 737.374695 3031.493164
126.852631 453.851196 2991.208496
-27.055573 663.982910 2818.953613
-321.697296 749.971741 3037.527344
-321.696198 429.381805 3037.527344
-321.702515 108.792328 3037.527344
-145.460602 499.239441 3018.579590
-40.992153 250.952866 3000.803467
-35.133808 -218.286942 3142.742432
-40.702694 -663.105896 3083.187744
-267.108795 258.658508 3004.494385
-241.278687 -215.027374 3126.683838
-196.454193 -692.765015 3098.711182
-128.159134 977.772583 3058.910400
-135.597672 741.631653 3033.478516
49.233570 735.491028 3030.195068
128.252533 425.407379 3055.285400
-13.182129 611.816772 2847.010742
-320.428894 747.772278 3036.761963
-320.427795 427.182343 3036.761963
-320.434113 106.592865 3036.761963
-144.045990 497.385834 3014.689941
-39.430485 249.383713 2993.892822
-29.674767 -217.943344 3141.691406
-39.658630 -665.656616 3080.625000
-265.558136 256.896362 2997.909912
-239.169586 -217.577057 3117.759521
-195.574814 -690.475586 3122.455566
-128.409622 978.059570 3049.616211
-134.285126 740.731201 3030.112061
50.580814 735.495789 3029.669434
112.594360 441.181946 3097.160400
-6.942879 549.200195 2848.870361
-319.151062 745.966675 3030.554688
-319.149963 425.376740 3030.554688
-319.156281 104.787262 3030.554688
-141.246338 496.180450 3015.293701
-35.106777 248.426636 3000.204590
-26.094950 -215.619324 3157.822266
-36.283787 -664.000488 3095.567871
-261.308319 254.832703 3000.746094
-238.696625 -210.851929 3149.128418
-187.810242 -705.418823 3084.346680
-128.885696 976.187744 3043.946777
-133.743011 738.475159 3027.172363
51.144585 733.594177 3026.500732
125.541779 444.075500 3116.239746
6.681053 475.512726 2844.808838
-318.630615 743.356140 3027.843994
-318.629517 422.766205 3027.843994
-318.635834 102.176727 3027.843994
-140.249176 493.772125 3014.491211
-33.662361 246.083466 3001.399170
-30.997986 -220.176880 3152.536133
-38.814133 -665.879272 3089.321533
-259.848297 252.054718 3002.220947
-244.201447 -209.697174 3164.067139
-185.552917 -720.942017 3040.716309
-126.722870 978.121460 3041.120361
-132.658493 739.695190 3025.908691
52.217636 734.218018 3026.060059
113.778854 445.528564 3126.118896
25.087822 391.379852 2852.029541
-317.534637 745.172363 3025.757324
-317.533539 424.582428 3025.757324
-317.539856 103.992950 3025.757324
-139.899292 494.959167 3013.948242
-34.048897 246.872681 3002.080322
-32.000340 -220.526306 3149.895020
-41.528694 -660.477051 3087.258545
-260.231262 253.573608 3001.895264
-239.674011 -216.778534 3133.719238
-199.393845 -704.879883 3109.476074
-125.083237 976.528992 3039.700928
-131.853989 738.902466 3024.876709
52.978210 732.210571 3025.885498
104.396515 444.254517 3123.552002
48.925552 304.971619 2869.222168
-316.686157 745.594360 3023.867920
-316.685059 425.004425 3023.867920
-316.691376 104.414948 3023.867920
-140.654999 494.165894 3013.941406
-36.388443 245.335693 3003.623291
-34.028824 -223.487000 3146.936523
-44.417904 -666.676025 3089.349365
-262.523560 253.522949 3002.388916
-245.821335 -214.471863 3144.826172
-195.807220 -701.744507 3083.399902
-126.039780 976.279541 3038.492188
-133.276031 738.839355 3024.445557
51.522926 731.393066 3026.284180
92.708817 419.616028 3105.775879
67.615822 217.245071 2878.799316
-318.074982 746.285645 3022.606934
-318.073883 425.695709 3022.606934
-318.080200 105.106232 3022.606934
-143.034607 494.106140 3014.125732
-39.747932 244.817871 3004.930664
-38.717461 -225.052856 3144.856934
-45.404758 -663.093323 3090.223389
-265.838440 253.927979 3002.681152
-249.943527 -206.661652 3167.178711
-191.081680 -716.935913 3037.254150
-125.699257 976.165771 3038.900635
-133.882690 738.957764 3024.122559
50.859245 731.192261 3028.157471
90.472961 421.102142 3108.767334
78.133743 174.724762 2914.620850
-318.624634 746.723267 3020.087646
-318.623535 426.133331 3020.087646
-318.629852 105.543854 3020.087646
-143.934891 494.248230 3013.406250
-40.970001 244.788086 3005.158447
-36.558979 -224.541534 3146.857422
-42.258030 -659.823853 3088.202148
-267.004150 254.289307 3000.221436
-249.356461 -206.834625 3164.480713
-185.558319 -723.802246 3014.025391
-125.088036 973.756897 3038.599854
-133.981018 737.159424 3023.844727
50.721191 729.392700 3029.473389
86.552414 415.343964 3099.785889
85.599182 139.123260 2938.366455
-318.683228 744.926208 3018.216064
-318.682129 424.336273 3018.216064
-318.688446 103.746796 3018.216064
-143.960419 492.423462 3013.613770
-40.953751 242.936386 3006.825928
-34.079723 -226.380386 3148.517090
-42.499313 -661.248291 3088.660400
-266.925873 252.438583 2999.939697
-251.282562 -205.753098 3172.844482
-182.127289 -728.932312 3006.955811
-125.328140 976.068726 3038.967773
-133.829453 739.694519 3024.755615
50.852829 732.676392 3031.849609
85.586205 411.104736 3093.358643
89.825600 114.463074 2963.333008
-318.511749 746.712646 3017.661621
-318.510651 426.122711 3017.661621
-318.516968 105.533234 3017.661621
-142.718628 494.938599 3014.033691
-38.633041 245.889496 3007.651367
-31.066261 -223.475800 3149.189941
-38.938843 -659.246094 3089.831055
-264.582550 254.475861 2998.972168
-250.089035 -201.912659 3177.051270
-178.252533 -729.002747 2997.147705
-123.133209 979.118103 3040.180420
-135.360367 742.100342 3025.206543
49.201778 731.628174 3028.563965
86.666214 413.883972 3092.156250
94.877480 105.430725 2983.474854
-319.922516 752.572510 3021.849121
-319.921417 431.982574 3021.849121
-319.927734 111.393097 3021.849121
-149.033264 497.619476 3014.263184
-49.766582 246.730316 3005.374512
-44.430542 -220.937744 3152.414551
-52.757874 -663.754517 3085.724121
-275.645721 259.546844 3001.265137
-255.289200 -208.031006 3141.544678
-206.220169 -705.561768 3076.995850
-124.659340 977.517761 3041.259033
-137.445389 740.561890 3025.407959
47.123268 729.384766 3028.031738
88.633362 414.493774 3087.795410
98.177338 98.469543 2996.327393
-322.014069 751.739136 3022.784180
-322.012970 431.149200 3022.784180
-322.019287 110.559723 3022.784180
-152.068146 496.186829 3013.012695
-53.807213 244.975677 3002.222168
-44.178696 -222.046509 3151.086182
-44.815834 -667.053833 3083.301514
-279.574585 258.647797 2999.012695
-251.651367 -201.732239 3161.041016
-195.046570 -713.209290 3054.052979
-124.048256 973.913330 3039.783691
-135.634811 737.949097 3023.613281
48.948864 727.578125 3028.266357
92.989639 412.002258 3093.137939
96.109894 92.703674 3007.775635
-320.218475 748.320068 3018.960205
-320.217377 427.730133 3018.960205
-320.223694 107.140656 3018.960205
-149.078751 493.457031 3011.989746
-49.612728 242.621017 3003.212402
-35.930317 -224.681351 3150.889648
-36.239353 -668.505310 3088.700439
-275.432648 255.308884 2997.520020
-244.720612 -199.608505 3175.068848
-180.880676 -725.490540 3025.649414
-124.125427 975.517273 3038.031982
-135.942825 739.187134 3023.726807
48.675339 728.851624 3027.638428
95.139313 408.776428 3090.833740
98.253082 86.167603 3016.086426
-320.560974 749.522705 3019.815186
-320.559875 428.932770 3019.815186
-320.566193 108.343292 3019.815186
-149.415482 494.631317 3013.419922
-49.961594 243.753479 3005.505615
-41.645164 -224.727722 3149.732910
-40.051464 -666.443481 3092.649902
-275.814697 256.397461 3000.720459
-249.621216 -195.795044 3186.855957
-182.390884 -726.986816 3008.262939
-123.758736 976.346802 3037.666016
-135.220703 740.097900 3023.368408
49.356258 729.820068 3029.029297
90.593872 409.789276 3086.889648
102.371048 84.030457 3028.616699
-319.797668 750.375610 3017.707520
-319.796570 429.785675 3017.707520
-319.802887 109.196198 3017.707520
-148.532074 495.515350 3013.337158
-48.933338 244.645691 3006.768799
-40.840649 -221.410828 3158.555420
-37.332745 -663.394409 3095.952393
-274.753540 257.219971 2999.843018
-241.735901 -208.055298 3142.895264
-190.929047 -707.802795 3074.696045
-124.774185 976.781189 3037.988281
-135.809723 740.295532 3023.255859
48.725948 730.422791 3030.695068
91.020218 413.078339 3088.258301
102.979126 86.062378 3034.447998
-320.345398 750.168274 3015.816650
-320.344299 429.578339 3015.816650
-320.350616 108.988861 3015.816650
-148.493622 495.676025 3013.250000
-48.291920 245.017090 3007.794922
-38.370380 -221.815918 3157.191895
-38.532967 -666.772644 3091.878662
-274.063110 257.095947 2998.693359
-249.037628 -204.329193 3157.887207
-189.306091 -713.436157 3053.131104
