-109.757362 982.651428 3061.681152
-123.433037 746.373291 3041.867676
61.143639 735.045410 3038.275391
93.291595 429.354218 3076.680176
42.620995 108.982269 3021.864502
-308.009735 757.701294 3045.459961
-308.008636 437.111359 3045.459961
-308.014954 116.521881 3045.459961
-138.709320 502.146179 3027.096680
-40.316711 250.942902 3010.113281
-26.453690 -239.172760 3011.548828
-71.463486 -708.225464 2996.250977
-267.654480 264.895172 3014.538086
-278.248993 -214.264069 3183.330811
-146.700897 -694.023438 3077.622559
-110.887581 981.400452 3062.508789
-124.412560 745.473389 3042.493652
60.148846 734.726135 3037.083740
96.533295 427.176819 3085.097412
39.157211 109.509216 3022.580566
-308.973969 756.220703 3047.903564
-308.972870 435.630768 3047.903564
-308.979187 115.041290 3047.903564
-139.080383 501.232819 3027.299805
-40.087032 250.373581 3008.774414
-28.973595 -239.813309 3009.736328
-70.206268 -709.303040 2997.504883
-267.409393 263.610901 3015.437500
-289.429443 -232.971771 3157.901367
-116.655396 -710.851440 3047.047363
-110.590622 980.777222 3062.414062
-123.383347 745.220581 3042.307129
61.233212 734.755798 3038.429932
95.364189 426.985352 3083.334717
38.712982 109.336395 3019.587646
-307.999939 755.685364 3046.184326
-307.998840 435.095428 3046.184326
-308.005157 114.505951 3046.184326
-137.544556 500.934113 3027.348633
-38.086880 250.207306 3010.003906
-29.183872 -240.025208 3010.653809
-66.817490 -709.875549 3000.921631
-265.324646 263.087982 3014.776367
-263.581421 -258.041168 3151.669434
-151.369675 -729.242859 3065.337402
-110.600395 979.155334 3061.862061
-121.849396 744.511353 3042.130127
62.799271 734.776917 3037.704834
97.070503 424.878906 3084.417236
39.624405 108.094055 3017.043701
-306.498077 754.245789 3046.555420
-306.496979 433.655853 3046.555420
-306.503296 113.066376 3046.555420
-135.086853 500.166870 3027.278320
-33.532211 249.770676 3009.675293
-26.403229 -240.491074 3010.118652
-60.651566 -710.637878 3002.413818
-263.116394 261.874084 3015.177734
-256.093262 -236.749420 3141.864990
-167.908752 -705.767578 3106.110352
-110.452629 975.751099 3049.601562
-121.011688 739.626831 3037.343506
63.667286 729.908020 3035.648438
98.103058 428.078766 3084.268066
42.082794 110.963379 3017.090820
-305.690674 749.345642 3039.038574
-305.689575 428.755707 3039.038574
-305.695892 108.166229 3039.038574
-133.973969 495.069153 3027.279297
-32.714954 244.500534 3016.166748
-27.008209 -245.779922 3016.472168
-58.103294 -716.169800 3010.404785
-261.157562 256.522400 3018.263428
-244.192505 -232.680450 3130.322510
-183.410477 -700.626465 3140.662842
-110.887146 974.337280 3055.967285
-120.840271 738.828125 3039.784180
63.836727 729.853149 3035.771240
100.389801 421.912781 3082.341309
43.721973 104.660156 3016.281738
-305.517273 747.803101 3043.797119
-305.516174 427.213165 3043.797119
-305.522491 106.623688 3043.797119
-132.990631 494.319336 3027.466064
-30.722683 244.250015 3012.661621
-26.155340 -246.042465 3012.874512
-54.335197 -716.631104 3008.124756
-259.559296 255.371109 3017.634277
-254.051376 -227.446945 3131.507324
-158.379242 -667.257019 3122.153320
-109.526596 976.230957 3058.672119
-119.777054 740.306641 3041.618408
64.942856 731.504639 3039.107178
103.473320 422.744934 3079.944824
41.993336 106.465485 3013.650879
-304.496948 749.108765 3044.129639
-304.495850 428.518829 3044.129639
-304.502167 107.929352 3044.129639
-131.608398 495.820435 3028.275879
-29.066486 245.884216 3013.378418
-25.411558 -244.415924 3013.528564
-50.911808 -715.166870 3009.835205
-257.813019 256.784180 3016.488281
-278.219604 -218.638062 3142.730469
-123.045868 -657.598389 3106.773926
-110.953110 977.599976 3060.037109
-120.453598 741.813660 3042.136230
64.312149 733.660645 3040.365723
105.269501 424.938965 3079.881104
42.317116 108.964630 3013.412842
-305.219330 749.966675 3043.906738
-305.218231 429.376740 3043.906738
-305.224548 108.787262 3043.906738
-131.378204 497.328369 3027.905762
-28.279766 247.811646 3012.582520
-25.355225 -242.493408 3012.689697
-48.403549 -713.376587 3009.840088
-256.325867 257.874512 3014.768066
-251.380981 -251.448456 3147.039551
-156.109222 -703.484314 3094.816895
-110.303116 977.229370 3061.192627
-118.833199 741.701904 3042.051025
65.944618 733.816772 3042.514893
106.409927 428.248230 3082.878906
44.841980 112.647217 3013.422607
-303.611023 749.587036 3041.587158
-303.609924 428.997101 3041.587158
-303.616241 108.407623 3041.587158
-129.227127 497.243164 3026.919922
-24.697704 247.880249 3012.077393
-22.357710 -242.427948 3012.155029
-43.170372 -713.418823 3009.977051
-254.544403 257.688660 3011.500244
-245.802170 -234.853271 3136.589355
-170.977051 -694.794678 3120.875488
-109.802582 975.810242 3049.260254
-117.568024 739.332458 3037.963379
67.220261 731.683044 3039.512451
108.117493 431.259674 3081.035889
46.867035 115.685425 3011.108887
-302.356323 746.981812 3036.414307
-302.355225 426.391876 3036.414307
-302.361542 105.802399 3036.414307
-127.612289 494.646393 3027.871582
-23.247047 245.224319 3018.738770
-23.697506 -247.762070 3174.411377
-44.737881 -728.193176 3056.607422
-252.066055 254.696365 3016.820801
-235.146423 -229.705704 3136.269043
-185.533035 -694.876587 3138.393066
-109.891876 978.460693 3055.834717
-119.081223 742.098511 3041.341553
65.685883 734.229553 3040.093018
108.073074 430.791290 3083.197021
66.851013 115.451660 3002.139893
-303.848297 749.967529 3042.590088
-303.847198 429.377594 3042.590088
-303.853516 108.788116 3042.590088
-129.580811 497.515137 3029.038086
-26.363750 248.088699 3015.966309
-23.627161 -232.671890 3165.996094
-51.479698 -706.468140 3080.500000
-253.797043 257.774780 3017.502930
-243.396667 -220.903168 3141.855469
-189.145248 -661.342163 3113.219727
-109.513924 978.818237 3058.585449
-117.362640 742.729736 3041.887451
67.388168 735.055054 3044.000977
107.856888 433.881287 3080.682617
81.209747 119.342316 2991.007568
-302.113434 750.404419 3039.773926
-302.112335 429.814484 3039.773926
-302.118652 109.225006 3039.773926
-127.364563 498.184387 3028.197754
-24.015085 248.930359 3015.804688
-20.870289 -223.305054 3170.456055
-41.813896 -676.833374 3087.944824
-250.717896 258.347717 3013.211426
-237.930359 -216.335449 3143.633545
-182.617828 -658.127686 3097.981445
-108.235909 977.686951 3047.938965
-117.280464 741.286804 3037.877930
67.438560 732.374817 3039.180908
106.943237 420.943298 3082.815918
91.615005 113.263214 2967.547363
-301.999481 750.198792 3036.574951
-301.998383 429.608856 3036.574951
-302.004700 109.019379 3036.574951
-129.018555 496.643860 3028.664062
-27.600286 246.541550 3020.248291
-30.838522 -224.857986 3166.285156
-45.687431 -670.717896 3094.500732
-253.912994 257.460327 3018.652100
-244.177246 -213.227234 3158.965576
-190.543640 -657.243164 3098.053955
-108.344101 974.207092 3042.103760
-117.297745 737.633728 3034.618652
67.435150 728.676697 3035.483643
105.975525 417.473694 3085.875732
91.223068 126.388153 2934.350830
-302.030670 746.590820 3033.753662
-302.029572 426.000885 3033.753662
-302.035889 105.411407 3033.753662
-129.134338 492.892700 3028.200928
-27.889303 242.668716 3022.312744
-32.551018 -229.950363 3158.274902
-39.863403 -669.035522 3094.095215
-254.052567 253.634598 3021.253662
-239.728958 -217.545395 3157.695801
-186.320221 -661.504211 3091.929199
-107.851669 976.941650 3051.729248
-117.651810 740.714783 3038.482666
67.041656 730.864075 3038.855957
104.983826 423.228394 3094.461426
91.889633 153.630432 2903.892090
-302.345245 750.565491 3038.109375
-302.344147 429.975555 3038.109375
-302.350464 109.386078 3038.109375
-130.666595 496.258118 3026.899902
-30.660557 245.773438 3015.545410
-34.552204 -226.091858 3151.445312
-42.066536 -659.475403 3084.772461
-256.702209 257.829468 3015.088867
-242.847382 -213.746765 3149.397461
-187.740143 -651.645874 3078.529541
-106.807259 976.943115 3056.558350
-115.326004 741.695923 3040.218750
69.364212 733.028564 3043.849854
103.002815 428.128601 3111.258545
83.034546 208.229660 2874.050537
-300.016205 750.363281 3036.587646
-300.015106 429.773346 3036.587646
-300.021423 109.183868 3036.587646
-126.533546 497.222412 3026.720215
-24.723755 247.445068 3015.443604
-32.654503 -220.334747 3162.847900
-32.707088 -661.622620 3087.656982
-250.758423 258.052673 3010.999756
-241.155792 -208.289551 3161.458252
-178.098938 -655.191467 3076.237793
-107.090111 977.578369 3059.455078
-115.199852 742.637817 3041.129639
69.558006 734.705017 3043.281250
96.485481 442.570282 3113.619141
71.176804 278.681580 2843.201416
-299.957703 750.570679 3038.978027
-299.956604 429.980743 3038.978027
-299.962921 109.391266 3038.978027
-125.526215 498.167419 3026.504883
-22.827469 248.844086 3013.196289
-34.606926 -219.829559 3157.022705
-36.918064 -663.736511 3085.614990
-248.877686 258.549896 3010.563965
-247.104828 -203.851807 3172.661377
-182.669312 -657.717468 3077.701904
-105.438278 979.508240 3062.923340
-114.549934 744.229614 3042.319092
70.224754 736.241516 3043.483643
100.240547 433.278442 3114.322266
55.189697 368.320312 2832.613525
-299.324615 752.217712 3041.154541
-299.323517 431.627777 3041.154541
-299.329834 111.038300 3041.154541
-125.011642 499.860748 3026.023438
-22.442795 250.605392 3010.440186
-43.212421 -215.407120 3161.137207
-38.521168 -660.301331 3085.150635
-248.503922 260.378357 3009.015381
-240.301575 -204.579132 3163.590820
-184.870346 -657.783081 3072.022217
-105.485275 978.349304 3063.135254
-116.180763 742.775513 3041.994385
68.493401 734.304810 3038.547852
107.127670 416.141052 3084.662354
43.596317 479.206482 2838.486328
-300.854919 751.246216 3045.440918
-300.853821 430.656281 3045.440918
-300.860138 110.066803 3045.440918
-127.684547 498.414581 3026.169922
-26.184780 248.870331 3008.236572
-38.603153 -214.524475 3167.364014
-45.196358 -662.766357 3088.708008
-252.191895 259.236969 3012.454346
-246.074463 -207.240173 3162.835449
-188.305054 -660.442322 3079.204590
-104.248360 976.644775 3062.731445
-115.197723 741.392090 3040.947998
69.262894 732.823120 3032.325195
114.071182 418.574188 3066.329834
32.570496 569.946350 2857.876709
-299.658325 749.960938 3049.570801
-299.657227 429.371002 3049.570801
-299.663544 108.781525 3049.570801
-127.265533 497.020325 3025.634766
-26.468391 247.405579 3005.045654
-37.852699 -214.791931 3167.944824
-41.485363 -664.478394 3084.746338
-252.198303 257.891602 3015.597412
-237.445343 -209.822510 3161.402100
-184.356567 -658.494751 3083.521240
-105.275558 975.947632 3062.014160
-116.483337 740.637268 3040.943115
67.949615 731.702393 3031.133789
116.550140 425.277649 3041.618408
26.610527 638.074829 2884.458252
-300.916260 749.572144 3050.752441
-300.915161 428.982208 3050.752441
-300.921478 108.392731 3050.752441
-129.108261 496.257996 3026.165283
-28.939875 246.414444 3005.388428
-40.262878 -217.851089 3162.359131
-42.572239 -664.494080 3088.298584
-254.526505 257.343018 3017.386475
-236.993759 -212.546448 3155.767334
-186.019669 -656.124695 3084.976807
-104.932388 977.037842 3061.597412
-116.790596 742.483154 3042.014404
67.639275 733.293884 3031.861572
118.802460 434.617737 3003.202393
25.887428 687.618103 2894.015625
-301.220490 751.672363 3052.167236
-301.219391 431.082428 3052.167236
-301.225708 110.492950 3052.167236
-129.738144 498.072693 3028.031250
-29.881783 248.041779 3007.838135
-37.965881 -215.796570 3166.377197
-41.052967 -663.127075 3090.422852
-255.489594 259.282745 3020.258057
-231.572235 -212.803284 3149.750977
-184.782379 -650.344360 3088.497070
-104.519653 976.614807 3061.458740
-116.303368 742.523987 3041.329590
67.905128 733.697388 3027.745605
122.895355 442.807739 2965.087891
25.935463 712.567444 2882.104736
-300.511841 751.350586 3054.913574
-300.510742 430.760651 3054.913574
-300.517059 110.171173 3054.913574
-129.072037 498.123505 3026.984375
-29.144260 248.322998 3004.328613
-35.267292 -216.275848 3160.784668
-39.852901 -661.612305 3086.031738
-254.537140 259.123047 3020.949707
-234.859985 -212.093628 3154.512695
-184.483704 -650.789917 3086.598389
-104.226593 974.045532 3063.410156
-116.935158 740.445740 3043.585693
67.216606 731.778381 3028.899170
121.440048 459.907501 2926.520264
15.954735 738.540894 2849.625732
-301.086914 749.113098 3058.272217
-301.085815 428.523163 3058.272217
-301.092133 107.933685 3058.272217
-129.615585 496.065552 3028.810547
-29.657722 246.383881 3005.052246
-34.169792 -217.856354 3162.673340
-39.286167 -662.887329 3093.485352
-254.934296 256.986847 3023.018555
-232.717377 -213.608948 3158.572021
-185.629623 -654.449585 3088.031738
-104.031631 975.206238 3062.353027
-118.287964 741.952698 3044.632812
65.803116 732.298157 3029.669434
120.765778 480.414795 2886.722900
11.392456 753.024170 2787.231201
-302.379059 751.607300 3059.596191
-302.377960 431.017365 3059.596191
-302.384277 110.427887 3059.596191
-132.246902 497.604340 3030.555664
-33.598877 247.350357 3007.325439
-36.267708 -216.069992 3167.387939
-42.343105 -656.002747 3095.116699
-258.812805 259.161560 3025.631592
-241.682632 -210.628693 3164.675293
-189.970535 -655.984619 3085.601807
-103.228020 974.713806 3062.325439
-119.242882 742.597168 3045.993652
64.736763 731.910645 3030.330322
120.415222 507.680298 2845.821777
6.733299 769.847046 2722.255127
-303.222534 753.283691 3061.656982
-303.221436 432.693756 3061.656982
-303.227753 112.104279 3061.656982
-134.557434 498.283875 3032.795898
-37.329033 247.433502 3010.016602
-32.505592 -216.047455 3169.711426
-42.482494 -660.422485 3092.631836
-262.414948 260.507660 3029.179688
-243.221893 -211.144867 3161.430176
-188.194855 -656.209106 3088.075439
-103.143425 976.849060 3061.803955
-119.513527 743.352966 3047.939941
64.402534 732.513062 3031.594238
117.211128 534.839539 2809.354004
2.523712 776.313293 2649.610840
-303.429596 754.192871 3064.285645
-303.428497 433.602936 3064.285645
-303.434814 113.013458 3064.285645
-134.945389 498.965820 3036.375488
-37.873753 247.947754 3014.812256
-31.232006 -215.462402 3174.741943
-39.458172 -661.252197 3093.774414
-262.880737 261.209595 3034.809814
-241.957916 -212.458740 3159.285645
-183.796814 -655.558350 3090.926025
-100.870926 977.884888 3062.129883
-118.735130 745.015503 3049.896484
64.799141 732.730408 3030.779053
103.614639 570.910706 2777.177734
6.157288 772.448792 2571.882568
-302.269379 757.300598 3069.013916
-302.268280 436.710663 3069.013916
-302.274597 116.121185 3069.013916
-136.266891 500.764832 3038.543701
-41.511742 248.998093 3015.494873
-31.001057 -213.069412 3179.026123
-42.103283 -662.334778 3091.201416
-266.085571 264.030212 3038.886963
-240.126831 -208.881134 3165.384521
-187.872925 -654.309570 3086.775146
-96.941299 977.369446 3064.395264
-116.438454 744.641541 3052.082275
66.713844 730.762207 3030.606201
86.313019 628.440186 2750.597412
7.832672 759.113647 2502.718506
-299.590729 758.520935 3073.558350
-299.589630 437.931000 3073.558350
-299.595947 117.341522 3073.558350
-136.344421 500.612152 3040.029297
-44.206955 248.092056 3014.838379
-27.217754 -213.810013 3178.237305
-40.925518 -665.601501 3089.079102
-268.293823 265.073425 3041.114258
-238.802948 -207.272339 3169.056152
-187.067871 -660.014404 3079.072021
-93.825722 975.392517 3064.352783
-112.255035 740.914490 3050.752441
70.647430 727.221191 3027.089111
69.650635 683.719788 2726.281006
18.714890 736.937256 2447.946045
-295.157471 754.607788 3074.415771
-295.156372 434.017853 3074.415771
-295.162689 113.428375 3074.415771
-132.135208 496.893616 3038.299072
-40.132568 244.496460 3011.370605
-21.548096 -218.793304 3170.650879
-35.053696 -666.948853 3086.375977
-263.898193 261.249023 3040.320801
-232.568878 -210.998352 3168.289551
-181.538208 -669.843262 3070.616211
-92.260361 973.368835 3063.364502
-112.936836 739.027588 3049.312256
69.365471 725.098633 3021.699463
59.323647 710.356812 2711.136475
24.255314 720.964172 2417.707764
-295.239136 752.956543 3076.925049
-295.238037 432.366608 3076.925049
-295.244354 111.777130 3076.925049
-133.478241 495.062317 3036.761230
-42.483887 242.575058 3007.316162
-28.362911 -219.347702 3170.924805
-41.420383 -661.597107 3083.350830
-265.555420 259.619019 3041.104248
-235.419159 -212.959961 3168.186768
-185.613861 -665.639404 3075.497070
-92.939194 970.781921 3062.853271
-113.458023 736.699951 3048.850098
68.406006 722.973083 3018.352783
62.662582 723.182129 2706.049561
21.856773 720.952271 2405.820312
-295.322021 750.426819 3079.347412
-295.320923 429.836884 3079.347412
-295.327240 109.247406 3079.347412
-133.889587 492.696045 3036.837402
-43.074043 240.295334 3006.169189
-28.368074 -218.974289 3176.961182
-39.608841 -661.619385 3088.538818
-265.568237 257.088928 3043.480225
-239.813278 -217.521942 3163.507080
-181.508804 -664.031128 3086.235107
-91.532356 967.914856 3062.656494
-112.237869 734.842529 3047.565918
69.748657 720.798950 3017.801758
57.352226 708.080322 2709.581055
14.605675 728.605652 2403.903320
-294.224396 748.886047 3077.330078
-294.223297 428.296112 3077.330078
-294.229614 107.706635 3077.330078
-133.237762 490.957336 3034.238281
-42.926556 238.482513 3002.705566
-26.183043 -220.540405 3174.094727
-38.379341 -663.978394 3083.875977
-265.548767 255.661835 3039.115723
-239.293854 -217.534698 3164.538330
-182.718048 -661.680603 3079.576416
-90.478508 967.845032 3062.497559
-112.466072 735.171021 3049.350830
69.648872 720.171387 3020.817139
60.685520 689.523560 2708.282471
12.547092 740.014526 2411.907959
-294.580994 750.170654 3077.884521
-294.579895 429.580719 3077.884521
-294.586212 108.991241 3077.884521
-134.417969 491.299072 3037.443115
-44.969818 238.251801 3008.081299
-31.283184 -220.204987 3181.284180
-41.836227 -661.812622 3091.525391
-267.769928 256.602448 3042.989502
-237.750763 -215.536407 3171.558105
-183.596909 -658.678955 3086.293701
-91.941681 968.021973 3064.921631
-114.867393 735.353149 3050.883057
67.819679 719.209473 3027.536865
72.854843 659.267517 2718.635254
8.600739 751.880127 2436.753174
-297.554474 751.496826 3074.229248
-297.553375 430.906891 3074.229248
-297.559692 110.317413 3074.229248
-138.005890 491.621124 3038.359863
-49.349297 238.009979 3011.550049
-34.527985 -222.726654 3178.414795
-42.281387 -664.043091 3090.575928
-272.939484 257.768219 3040.123291
-236.040497 -216.441833 3158.368652
-187.369507 -656.633667 3082.358398
-94.437752 971.557068 3063.566650
-116.678421 738.226929 3050.317871
66.089172 722.253052 3027.140625
83.374367 622.676758 2729.742188
2.149849 760.977905 2470.340820
-299.445984 754.200806 3073.495117
-299.444885 433.610870 3073.495117
-299.451202 113.021393 3073.495117
-139.500793 494.432648 3038.373047
-50.545700 240.869003 3012.253418
-29.516964 -224.383743 3164.575195
-40.614754 -660.040710 3090.273438
-274.100647 260.407715 3040.603027
-235.776413 -209.747864 3173.171875
-182.815567 -653.759766 3084.607422
-97.375572 973.319824 3065.031006
-118.738655 740.487671 3051.416260
64.079689 725.375549 3027.905518
89.139618 585.380066 2744.387451
0.087975 765.426941 2511.800049
-301.556976 755.599854 3074.927002
-301.555878 435.009918 3074.927002
-301.562195 114.420441 3074.927002
-140.525787 496.636047 3038.742676
-50.490013 243.540878 3011.688477
-25.405556 -218.159042 3173.959229
-39.136360 -656.764465 3090.854980
-274.135834 262.027954 3040.449707
-237.474701 -210.354675 3165.743164
-179.260162 -656.613770 3079.993164
-97.756294 973.228027 3063.958008
-119.672958 741.366150 3050.052979
63.158325 726.236816 3026.559082
94.116051 550.660889 2766.976318
-3.974884 760.462402 2561.714355
-302.504242 756.495483 3073.546875
-302.503143 435.905548 3073.546875
-302.509460 115.316071 3073.546875
-141.533569 497.541382 3036.947266
-51.558670 244.462204 3009.470703
-26.483116 -217.171066 3172.361084
-38.114571 -660.275208 3088.449463
-275.229706 262.971008 3038.212402
-235.827942 -209.788788 3161.631348
-181.659714 -657.700195 3078.312988
-100.325989 974.698730 3062.666992
-121.530937 742.312500 3047.457520
61.494698 727.294556 3025.451904
95.557266 515.333008 2796.526611
-3.922813 747.046875 2611.099365
-304.556580 757.330383 3069.463135
-304.555481 436.740448 3069.463135
-304.561798 116.150970 3069.463135
-143.144073 498.478241 3034.103027
-52.795578 245.457138 3007.287109
-31.403130 -216.564041 3169.774902
-40.306873 -664.090454 3085.885986
-276.718842 263.830872 3034.209961
-239.682785 -208.881500 3158.755615
-181.316864 -660.436768 3075.994141
-101.727379 975.455750 3062.016113
-123.904907 742.679443 3046.490967
59.189270 727.854614 3024.880371
98.719521 484.223145 2830.893311
-3.568649 721.863281 2654.049316
-306.999054 757.504211 3068.101562
-306.997955 436.914276 3068.101562
-307.004272 116.324799 3068.101562
-145.236160 498.824524 3033.046875
-54.567223 245.901169 3006.383545
-32.247322 -217.337448 3165.325195
-39.796242 -663.596497 3087.144287
-278.567627 264.038086 3032.822021
-237.638550 -208.576416 3156.590088
-183.764008 -660.442139 3076.584717
-101.970001 978.114563 3061.712158
-123.464691 744.149841 3045.068604
59.742695 728.761475 3024.888916
108.376572 455.102783 2882.983887
-2.683693 688.029785 2712.360352
-306.672058 759.538208 3065.248291
-306.670959 438.948273 3065.248291
-306.677277 118.358795 3065.248291
-145.524643 500.417847 3030.652832
-55.509624 247.272171 3003.892334
-30.381878 -216.538834 3160.782959
-37.872540 -664.622070 3086.573975
-279.659576 266.099487 3028.581787
-234.344910 -201.527710 3167.766846
-184.980698 -657.800049 3071.656738
-103.818581 981.233032 3062.023438
-123.344757 746.167297 3043.603760
60.072315 730.811157 3025.470215
112.693596 424.054047 2944.023193
-0.269402 640.045654 2761.393555
-306.761841 761.523376 3061.737305
-306.760742 440.933441 3061.737305
-306.767059 120.343964 3061.737305
-145.267487 502.482361 3028.220215
-54.984943 249.403351 3001.743652
-28.235521 -213.141907 3162.079102
-37.951099 -662.866699 3087.385498
-279.395508 268.191498 3023.929688
-229.797150 -198.763824 3164.381348
-183.200348 -660.332031 3069.769043
-105.052505 981.631775 3061.732666
-120.573669 746.194397 3043.037109
63.348049 733.870605 3028.660889
105.345993 422.533905 2998.058838
6.654922 568.759583 2776.252197
-304.495392 758.518127 3057.413330
-304.494293 437.928192 3057.413330
-304.500610 117.338715 3057.413330
-138.192978 502.258057 3026.735107
-43.268368 250.780670 3001.636230
-15.946882 -209.899841 3167.123291
-27.521002 -666.117676 3088.161865
-268.356201 265.862762 3019.229980
-218.131546 -201.147858 3159.582764
-173.700729 -666.541504 3073.488037
-104.448441 981.408508 3062.559570
-119.028343 746.934082 3042.146240
65.121696 735.388428 3029.926758
97.175148 428.777191 3043.060303
15.246605 474.574921 2783.185303
-303.178406 758.479736 3054.365723
-303.177307 437.889801 3054.365723
-303.183624 117.300323 3054.365723
-135.513031 503.022980 3024.179199
-39.361549 252.049896 2998.738037
-23.205812 -212.666473 3153.339111
-35.679344 -663.470703 3084.693848
-264.633881 266.173798 3013.686279
-229.530579 -200.402100 3159.229980
-181.178955 -657.296265 3078.007080
-106.004150 983.910767 3062.949463
-120.695694 749.393066 3041.735596
63.300293 737.605835 3027.404297
90.589600 432.883453 3065.014648
29.567661 369.289001 2802.574219
-304.691711 761.180298 3056.066895
-304.690613 440.590363 3056.066895
-304.696930 120.000885 3056.066895
-137.741608 505.529663 3023.459961
-42.240456 254.456268 2996.418213
-26.345184 -209.890808 3152.598145
-41.202793 -661.452026 3087.467529
-267.334564 268.876312 3013.950439
-237.140320 -197.845184 3160.552002
-186.122650 -652.108521 3083.511230
-107.308754 982.277100 3062.625977
-122.795334 748.147949 3040.572754
61.272549 736.047607 3027.258545
87.307495 430.428223 3074.035645
43.627777 270.013062 2844.596924
-306.863220 760.248291 3053.886963
-306.862122 439.658356 3053.886963
-306.868439 119.068878 3053.886963
-140.127258 504.274902 3022.598633
-44.869511 253.000397 2996.480713
-33.171120 -210.245331 3156.384521
-40.297871 -663.886047 3093.937256
-270.048828 267.803314 3012.768311
-239.741699 -198.401825 3161.262695
-185.926514 -655.474976 3078.947998
-107.519638 985.074707 3061.958008
-122.394104 749.836731 3040.156982
61.750885 737.713013 3027.857422
87.100273 432.579468 3079.256592
54.651051 201.210068 2906.224121
-306.539093 761.960449 3052.456543
-306.537994 441.370514 3052.456543
-306.544312 120.781036 3052.456543
-139.623627 505.920227 3022.631348
-44.211601 254.587631 2997.582031
-25.552145 -204.817886 3167.271729
-37.691788 -656.635315 3093.077637
-269.494690 269.419800 3012.629395
-237.298187 -197.267944 3159.329590
-183.558517 -658.076538 3078.413574
-107.471550 982.805359 3062.701660
-122.299881 747.978699 3040.288330
61.893108 736.329407 3028.157715
88.112053 433.115479 3080.041504
69.901154 159.370117 2956.434570
-306.492889 759.627991 3052.418945
-306.491791 439.038055 3052.418945
-306.498108 118.448578 3052.418945
-138.905548 504.043701 3022.401855
-42.839161 252.982742 2997.094971
-27.345682 -208.509781 3161.547607
-36.795769 -661.218384 3088.044678
-268.183258 267.234619 3011.935791
-237.751495 -199.843811 3157.843506
-183.740845 -662.531860 3074.575439
-107.339180 981.587891 3062.014648
-121.436111 746.348083 3040.584717
62.893711 734.481079 3031.417480
89.291367 433.297455 3079.160156
86.278259 134.920868 3001.793213
-305.765930 758.215088 3049.751953
-305.764832 437.625153 3049.751953
-305.771149 117.035675 3049.751953
-138.007019 502.372620 3023.211914
-41.805927 251.136993 3000.230713
-30.900429 -208.914551 3169.123047
-37.450317 -660.608704 3093.861328
-267.349945 265.657318 3011.447510
-233.984863 -201.843750 3155.354736
-184.097153 -663.298523 3080.573242
-106.353676 980.642273 3062.137207
-120.762711 745.482971 3040.697510
63.578918 733.355286 3031.839111
95.004433 429.768738 3077.077881
97.861633 118.387726 3032.284424
-305.104309 757.610657 3049.555908
-305.103210 437.020721 3049.555908
-305.109528 116.431244 3049.555908
-137.642944 501.520813 3023.422607
-41.764763 250.140335 3000.729248
-31.298748 -212.875046 3161.284668
-37.682079 -662.381653 3091.872314
-267.281616 264.976929 3011.566162
-231.203354 -203.204865 3152.568604
-184.906860 -658.537476 3078.642822
-105.034721 978.499817 3062.236816
-119.196594 743.348755 3039.799805
65.164520 732.160522 3030.081787
97.794861 432.577209 3074.421387
106.188560 114.673248 3050.958496
-303.557709 754.537048 3049.517822
-303.556610 433.947113 3049.517822
-303.562927 113.357635 3049.517822
-134.927246 499.326874 3022.312500
-37.881317 248.460938 2998.880615
-29.289204 -214.373108 3160.267578
-34.102737 -659.421570 3089.440674
-263.434479 262.148987 3010.769775
-230.387238 -206.612610 3150.598877
-181.234604 -659.695679 3079.432861
-104.466438 979.287354 3061.785645
-118.229370 744.067749 3039.027100
66.188248 733.307983 3029.828613
102.444427 431.363373 3074.941650
113.809937 110.203522 3062.982910
-302.646973 754.827454 3048.225586
-302.645874 434.237518 3048.225586
-302.652191 113.648041 3048.225586
-133.342407 500.007751 3021.513916
-35.644901 249.365921 2998.374023
-28.428860 -211.056778 3166.530273
-35.219723 -657.450989 3089.118652
-261.265991 262.529602 3009.627441
-227.725632 -204.370544 3155.351562
-182.840179 -657.571655 3081.984619
-103.385994 980.230835 3061.509033
-117.162148 745.031738 3039.132324
67.256340 733.885864 3030.373291
105.149071 431.985931 3076.881104
118.341705 109.236084 3073.614502
-301.580627 756.177612 3047.891357
-301.579529 435.587677 3047.891357
-301.585846 114.998199 3047.891357
-132.725403 500.971069 3022.020020
-35.476402 250.092285 2999.549561
-28.667038 -212.324768 3162.190918
-37.986549 -662.924927 3091.521484
-261.100922 263.728577 3010.265869
-230.653046 -202.840668 3157.762207
-185.269760 -658.311157 3085.661621
-103.435181 981.275391 3061.398438
-117.386742 745.791931 3039.613281
66.962257 734.468384 3029.717041
106.291328 432.890015 3078.439209
116.023643 109.463013 3067.207275
-301.735718 757.115540 3049.509521
-301.734619 436.525604 3049.509521
-301.740936 115.936127 3049.509521
-133.264542 501.708740 3023.125977
-36.370438 250.698563 3000.584717
-26.763557 -210.818710 3165.698486
-40.025455 -657.747192 3091.288330
-261.914246 264.552490 3012.692627
-233.828979 -202.524017 3159.089600
-185.583527 -656.402466 3089.454834
-103.996399 982.151978 3061.350830
-117.828522 746.225586 3039.964600
66.584381 734.921265 3031.352783
106.902199 434.707642 3081.017578
115.916512 110.997772 3065.262451
-302.241394 757.529846 3048.576416
-302.240295 436.939911 3048.576416
-302.246613 116.350433 3048.576416
-133.540665 502.099426 3023.956787
-36.441441 251.058075 3002.680908
-28.016417 -204.493011 3182.998291
-39.148441 -661.319946 3093.219238
-262.064178 264.888458 3013.217041
-231.868835 -202.314667 3158.815674
-184.546783 -657.774414 3082.080078
-104.270836 982.216980 3061.214844
-117.796738 746.589783 3040.174316
66.629105 735.418640 3031.593750
107.311974 434.199219 3082.130615
119.007797 110.489838 3063.562500
-302.222595 757.760864 3048.754883
-302.221497 437.170929 3048.754883
-302.227814 116.581451 3048.754883
-133.299377 502.404816 3024.876221
-35.985840 251.386307 3004.329346
-30.257408 -195.283218 3204.873779
-39.575500 -690.512634 3059.744385
-261.618195 265.053406 3014.826904
-230.208466 -200.439697 3165.486084
-184.247772 -658.390442 3080.878662
-103.062843 979.417236 3048.781494
-117.259323 743.229004 3034.921875
67.212921 731.219055 3030.356934
107.376320 434.189667 3081.621826
120.122711 110.457581 3061.803955
-301.731567 755.238953 3039.486816
-301.730469 434.649017 3039.486816
-301.736786 114.059540 3039.486816
-133.439316 498.896362 3023.894531
-36.745934 247.215195 3010.073975
-13.082691 -265.972046 3202.481689
-59.395779 -744.506592 3107.364990
-262.492676 261.912292 3015.660400
-232.419922 -206.865875 3155.677979
-187.683884 -659.442200 3089.085205
-105.408142 979.412415 3055.058105
-118.609398 743.309326 3037.667969
65.838539 732.276367 3030.394531
108.370575 428.827362 3080.096924
122.422485 105.351807 3056.541504
-303.057343 754.342285 3044.941406
-303.056244 433.752350 3044.941406
-303.062561 113.162872 3044.941406
-133.756836 499.034760 3024.078613
-36.073494 248.011063 3006.040039
-19.068928 -246.740585 3160.173828
-50.833916 -720.988647 3129.274414
-261.735046 261.509277 3014.938477
-234.013107 -209.020874 3149.587646
-184.627747 -652.031738 3087.919922
-105.248405 978.634888 3058.723145
-117.863319 744.105469 3039.010986
66.600075 733.461060 3031.040771
107.829651 431.416870 3081.007568
122.290955 108.679688 3049.563721
-302.326721 754.749878 3046.981201
-302.325623 434.159943 3046.981201
-302.331940 113.570465 3046.981201
-132.572662 499.821472 3024.823242
-34.453827 249.026764 3005.760498
-23.180088 -236.940613 3139.115479
-45.376999 -708.144287 3150.766357
-260.110199 262.048187 3015.510498
-228.339783 -208.626984 3148.890137
-183.029541 -650.771484 3086.899170
-104.636360 977.165405 3061.043701
-117.395401 743.087158 3040.042969
67.131622 732.505371 3033.388916
107.516388 431.712524 3077.911621
118.807236 108.466125 3050.274902
-301.922394 753.668945 3046.697021
-301.921295 433.079010 3046.697021
-301.927612 112.489532 3046.697021
-131.947479 498.843323 3024.906250
-33.624241 248.126587 3005.699219
-29.872663 -233.233459 3129.604736
-43.018467 -702.968384 3162.725830
-259.374878 261.072327 3013.839844
-235.976791 -207.387085 3156.025879
-183.550858 -654.145203 3081.982910
