-104.580513 978.027771 3061.186523
-117.613815 743.588684 3040.316406
66.869415 732.417236 3033.229004
107.501511 431.303711 3077.986328
115.405342 108.433807 3045.266846
-302.097076 754.760071 3047.403809
-302.095978 434.170135 3047.403809
-302.102295 113.580658 3047.403809
-132.983185 499.391083 3025.167969
-35.503544 248.359909 3005.684082
-34.703972 -230.582748 3125.357178
-48.347286 -699.702087 3167.288330
-261.201538 262.027100 3014.354980
-241.631165 -206.179871 3158.211914
-186.471710 -657.130249 3081.302979
-104.856911 977.452271 3061.271484
-119.187370 743.425171 3040.948242
65.133141 731.339050 3031.717285
107.543617 431.938354 3079.895996
110.639809 109.562866 3042.083008
-303.507874 755.511353 3050.179199
-303.506775 434.921417 3050.179199
-303.513092 114.331940 3050.179199
-135.970032 499.346252 3025.412598
-39.992714 247.873489 3004.229736
-31.121828 -229.466629 3122.791016
-52.208237 -698.209473 3166.612061
-265.512665 262.661133 3015.524170
-249.131180 -203.380981 3166.591064
-182.207214 -660.868286 3080.586670
-105.457901 977.691284 3061.282715
-119.955597 743.372681 3040.757080
64.403000 730.978821 3032.629395
107.536636 431.890656 3079.611084
108.043533 109.736267 3039.456299
-304.314178 755.766602 3048.884766
-304.313080 435.176666 3048.884766
-304.319397 114.587189 3048.884766
-137.032898 499.286804 3025.602051
-41.337112 247.619476 3005.475342
-29.074158 -229.347931 3121.808838
-48.415165 -697.213379 3174.875732
-266.883301 262.782318 3015.418701
-242.898071 -204.848053 3160.312744
-182.836243 -662.621033 3079.603760
-105.166519 980.835876 3061.300293
-119.387741 746.126160 3041.591797
65.060257 734.171082 3034.976807
107.407730 431.556946 3078.965088
109.551468 109.362762 3038.872803
-303.835724 758.081177 3048.206787
-303.834625 437.491241 3048.206787
-303.840942 116.901764 3048.206787
-135.738129 501.957489 3026.966309
-39.256699 250.475601 3008.294189
-22.193937 -223.849045 3132.502197
-43.739792 -692.867493 3171.734131
-264.920349 265.102051 3016.387451
-239.398575 -201.713715 3163.865234
-180.273102 -656.544128 3080.312744
-104.331116 979.072266 3062.831787
-119.421272 744.321350 3042.374756
64.894371 731.873047 3033.546143
107.229340 433.560150 3075.129639
109.938011 111.545227 3033.505615
-303.736908 756.769653 3051.203369
-303.735809 436.179718 3051.203369
-303.742126 115.590240 3051.203369
-136.660248 500.290710 3026.558105
-41.144157 248.644791 3005.340576
-27.067875 -226.507431 3126.027344
-49.338341 -695.476501 3167.183350
-266.654297 263.875305 3016.142334
-239.701782 -202.849396 3163.798340
-183.838501 -661.163940 3079.416260
-104.662376 978.500610 3062.059326
-119.217384 743.890137 3041.924316
65.152916 732.215637 3032.999756
108.406265 430.221741 3075.873047
107.934486 109.189850 3027.644287
-303.587677 755.564636 3050.848877
-303.586578 434.974701 3050.848877
-303.592896 114.385223 3050.848877
-135.424347 499.765381 3026.456055
-38.852318 248.499359 3005.528564
-21.024519 -225.837830 3128.559082
-47.130478 -694.960205 3166.124023
-264.410309 262.781891 3016.447021
-237.300629 -204.959473 3160.862061
-180.812103 -661.554443 3082.630859
-104.291672 976.753540 3062.704102
-118.452850 741.980591 3042.029541
65.836502 730.725342 3031.192383
107.804390 431.384888 3075.062012
109.796188 109.467651 3033.411865
-302.742218 753.235779 3052.866699
-302.741119 432.645844 3052.866699
-302.747437 112.056366 3052.866699
-134.311462 497.876404 3025.869141
-37.432602 246.886963 3003.079346
-24.447594 -229.401733 3118.510254
-44.728447 -697.647095 3167.409424
-262.907562 260.657532 3016.338135
-236.873444 -207.996552 3157.992920
-182.442047 -661.397339 3080.584717
-103.831863 975.994385 3062.036621
-117.319954 741.132324 3041.254883
67.094948 730.593018 3031.927490
107.494606 430.116882 3074.377686
109.219681 109.422455 3024.452881
-301.734863 751.671631 3050.582275
-301.733765 431.081696 3050.582275
-301.740082 110.492218 3050.582275
-132.113586 496.993561 3024.625488
-34.096115 246.407639 3002.290283
-18.114769 -226.283524 3130.714111
-42.725868 -695.635437 3160.204834
-259.718323 259.302002 3013.701904
-233.377899 -210.353271 3151.946289
-178.779633 -658.492920 3083.718750
-103.356712 976.175903 3061.631104
-116.828583 741.657959 3042.270996
67.619217 731.122681 3033.467041
107.351616 429.218750 3072.640381
110.990067 110.184387 3013.421387
-301.276367 752.193237 3051.074951
-301.275269 431.603302 3051.074951
-301.281586 111.013824 3051.074951
-131.522308 497.445160 3026.666992
-33.388596 246.787872 3005.677490
-20.223587 -225.835327 3135.066406
-46.287445 -695.278931 3166.010010
-259.043457 259.676788 3016.448486
-236.236633 -207.751801 3162.420166
-182.291687 -654.702148 3088.895752
-103.461037 977.613892 3062.021240
-114.198402 742.298218 3042.412598
70.404823 733.119629 3039.967041
107.355507 429.794495 3074.983643
113.905357 111.547852 3011.530029
-298.801605 751.476807 3044.858154
-298.800507 430.886871 3044.858154
-298.806824 110.297394 3044.858154
-126.552185 497.956787 3026.939209
-25.911619 247.997253 3009.968994
-13.723928 -224.209961 3141.174805
-41.743111 -694.180298 3157.695557
-251.900314 259.233521 3012.962646
-225.689178 -209.237030 3155.029053
-174.329407 -655.485474 3079.631592
-103.670174 978.385498 3061.685791
-115.104103 742.978271 3042.552002
69.496803 733.795959 3037.727783
107.344566 430.456299 3071.604004
109.979462 113.200928 3003.043701
-299.705017 752.160583 3047.376221
-299.703918 431.570648 3047.376221
-299.710236 110.981171 3047.376221
-127.658356 498.629944 3027.244629
-27.314543 248.665939 3008.986816
-22.176395 -226.385818 3129.405762
-48.505692 -695.818176 3158.886963
-253.110672 259.897339 3014.887695
-236.462509 -208.425568 3158.669678
-185.009872 -656.350464 3083.940674
-104.513260 977.187500 3062.554932
-116.590126 741.969849 3043.406006
68.015190 732.042236 3038.867432
107.194397 431.251617 3070.517334
107.033401 116.005676 2993.442139
-301.195435 751.897461 3047.944580
-301.194336 431.307526 3047.944580
-301.200653 110.718048 3047.944580
-130.116272 497.708801 3027.525879
-30.736189 247.375946 3008.869873
-21.778818 -225.448914 3137.603027
-54.563560 -694.909119 3161.166260
-256.548645 259.519562 3014.421631
-242.345245 -208.680878 3159.066406
-183.779083 -659.887756 3077.553711
-103.198174 976.739380 3062.452637
-117.525223 742.770203 3043.234619
66.941116 730.996216 3037.410889
108.695435 427.557007 3069.441162
110.018402 115.489777 2980.824951
-301.991577 754.544250 3049.058350
-301.990479 433.954315 3049.058350
-301.996796 113.364838 3049.058350
-133.600616 498.660278 3027.571777
-36.836479 247.348068 3008.346680
-26.520552 -226.941177 3131.725586
-59.500854 -696.284180 3159.293457
-262.515564 261.752625 3015.471191
-236.730377 -208.602417 3150.535156
-187.189377 -657.487915 3082.512939
-104.178017 978.371704 3062.383545
-118.578568 744.579468 3044.111328
65.857773 732.792664 3037.082275
115.350906 411.279938 3069.164062
105.993713 110.078125 2957.202393
-303.014923 756.366333 3051.140381
-303.013824 435.776398 3051.140381
-303.020142 115.186920 3051.140381
-134.754990 500.430084 3029.063721
-38.114563 249.070831 3009.716553
-21.198908 -224.446075 3135.373047
-49.718910 -694.158569 3162.520996
-263.748260 263.490509 3018.315674
-233.160782 -207.874878 3149.125488
-180.875854 -655.608521 3087.578613
-104.985100 977.883911 3062.367676
-118.927414 743.520630 3043.190918
65.593674 731.888611 3038.979248
114.677475 402.143005 3074.605713
98.735573 123.912628 2927.089111
-303.448517 755.152649 3047.402588
-303.447418 434.562714 3047.402588
-303.453735 113.973236 3047.402588
-134.674332 499.374756 3027.584473
-37.538109 248.112869 3009.401611
-22.821754 -226.917557 3129.581543
-49.971161 -695.765564 3168.638184
-263.304382 262.344910 3014.554443
-233.932892 -210.412659 3140.780762
-181.375473 -655.820251 3078.647705
-103.378067 976.712036 3063.356689
-116.657799 742.581848 3043.310303
67.884300 731.750000 3037.718506
111.318596 409.086487 3088.780273
96.431152 152.887207 2902.372559
-301.199890 753.413635 3048.902100
-301.198792 432.823700 3048.902100
-301.205109 112.234222 3048.902100
-131.475754 498.404785 3027.276855
-33.409801 247.601944 3007.822998
-18.503155 -228.496841 3123.795166
-45.617722 -696.918640 3168.409912
-259.177612 260.853516 3014.663818
-237.222321 -202.153259 3170.990723
-174.295227 -658.829468 3078.796875
-103.930923 975.766541 3063.879883
-116.539566 741.953369 3042.931152
68.054291 731.481812 3038.102783
108.632103 416.063324 3105.467773
87.289795 211.946289 2875.634521
-301.133423 752.424927 3047.759521
-301.132324 431.834991 3047.759521
-301.138641 111.245514 3047.759521
-130.825714 497.783386 3026.299805
-32.196602 247.208008 3006.714844
-28.360121 -225.020447 3137.150879
-45.038830 -694.875732 3164.894043
-258.027100 260.018799 3012.622070
-239.162476 -195.761505 3189.474854
-178.531708 -695.013672 3034.813232
-102.624527 976.299561 3063.069336
-114.991264 742.201416 3042.477783
69.634651 731.878357 3038.437256
99.298477 435.043335 3104.746826
72.072372 283.287720 2840.190674
-299.617188 752.524536 3046.518311
-299.616089 431.934601 3046.518311
-299.622406 111.345123 3046.518311
-128.997864 497.974731 3026.437256
-30.066765 247.433289 3007.925049
-25.281948 -224.535736 3139.972656
-44.226128 -694.696472 3164.822266
-255.942169 260.062744 3012.868408
-245.076416 -192.313873 3199.812256
-155.225128 -715.557495 3009.613037
-101.928467 976.867737 3062.089355
-114.608986 742.419678 3042.905762
70.012611 732.059448 3038.594238
95.158989 427.521271 3103.700684
55.489658 370.670349 2819.422607
-299.230591 752.779907 3047.217285
-299.229492 432.189972 3047.217285
-299.235809 111.600494 3047.217285
-128.675827 498.154724 3027.502441
-29.807068 247.552277 3009.461670
-28.338428 -225.919342 3136.320312
-48.723183 -695.723389 3167.541016
-255.678253 260.227264 3014.736572
-238.820786 -193.066742 3199.829346
-168.373047 -723.644531 3003.557861
-102.258064 976.466675 3062.199951
-114.555061 742.086182 3041.924561
69.950554 732.113647 3034.263672
115.080360 422.764038 3085.832275
42.473900 471.125641 2826.936279
-299.060669 752.058716 3049.585449
-299.059570 431.468781 3049.585449
-299.065887 110.879303 3049.585449
-128.385742 497.787415 3026.839844
-29.331909 247.387253 3007.068115
-28.702538 -228.904251 3122.602539
-47.421967 -697.542603 3167.576416
-255.100937 259.590088 3016.442139
-236.805099 -206.493011 3160.708252
-177.748428 -706.276855 3065.987061
-101.960426 976.781921 3062.267578
-115.063759 741.928711 3041.049072
69.344612 732.017883 3031.196289
124.537704 421.880432 3062.397461
31.529472 560.154419 2842.930908
-299.472107 751.839539 3050.901855
-299.471008 431.249603 3050.901855
-299.477325 110.660126 3050.901855
-129.016266 497.658081 3025.618164
-30.163353 247.324860 3004.160156
-33.145325 -228.339325 3122.557373
-46.723015 -697.199585 3168.287842
-255.774200 259.450043 3016.214355
-234.984589 -214.295502 3133.380371
-184.870605 -697.381165 3113.669434
-102.292175 978.043945 3062.791504
-115.326523 743.065796 3041.224609
68.906723 733.255005 3028.537842
129.270218 427.442139 3035.179688
26.809586 627.577454 2862.981689
-299.559753 752.876526 3053.911377
-299.558655 432.286591 3053.911377
-299.564972 111.697113 3053.911377
-129.374817 498.779541 3026.127441
-30.718319 248.491577 3003.269043
-29.163750 -225.531342 3128.091553
-45.626808 -694.823120 3168.677490
-256.127930 260.495056 3018.791504
-233.277893 -212.823303 3140.937500
-190.518417 -689.426392 3132.025879
-103.331558 978.379089 3062.553467
-116.108055 744.296143 3043.232666
67.974388 734.103821 3028.674072
130.644714 436.218811 2991.555908
24.245026 680.175964 2876.999756
-300.190521 754.488525 3057.791260
-300.189423 433.898590 3057.791260
-300.195740 113.309113 3057.791260
-130.754944 499.991272 3029.069824
-32.798779 249.451721 3006.001465
-32.992729 -224.398926 3131.722656
-45.805656 -693.981262 3170.763184
-258.004883 261.921021 3023.812500
-230.228790 -214.298004 3134.339111
-197.805542 -687.604248 3144.662109
-103.555199 978.548828 3061.960449
-117.800247 744.640625 3043.243164
65.628052 733.794739 3022.986572
128.832367 447.111938 2948.787598
21.948326 708.970642 2869.615967
-301.228546 755.486572 3063.499756
-301.227448 434.896637 3063.499756
-301.233765 114.307159 3063.499756
-133.737915 500.384003 3029.705322
-37.421177 249.489883 3003.770752
-36.041660 -226.399216 3121.367676
-49.233742 -695.190430 3168.555908
-261.929962 262.764832 3028.564209
-231.468872 -214.088013 3137.014893
-199.459717 -685.936890 3143.178711
-102.732071 977.940002 3062.161865
-118.748184 744.652222 3043.835693
64.062378 733.255737 3018.913086
130.417786 457.552887 2910.398682
21.093452 729.233887 2836.675537
-301.558746 756.048584 3068.758301
-301.557648 435.458649 3068.758301
-301.563965 114.869171 3068.758301
-135.804199 500.465881 3030.387207
-41.024895 249.307770 3001.692139
-36.545311 -223.186646 3131.721680
-45.937126 -692.962952 3167.791992
-264.695526 263.251373 3032.185303
-227.979248 -214.637634 3134.347412
-204.149002 -685.929565 3147.844482
-103.366531 978.251709 3061.760010
-120.180527 745.747803 3045.705078
62.430252 733.760071 3019.273438
132.721329 476.265381 2869.165771
13.172119 746.279175 2793.383301
-302.791321 757.735474 3072.136719
-302.790222 437.145538 3072.136719
-302.796539 116.556061 3072.136719
-138.082336 501.594116 3032.757812
-44.306183 250.109222 3003.645752
-29.343971 -218.675140 3145.253662
-53.467930 -688.443665 3167.912598
-267.662109 264.771698 3035.975342
-229.438324 -212.100769 3142.712158
-197.355377 -682.562866 3154.174316
-104.497124 979.563965 3062.020508
-121.962631 747.324463 3047.563721
60.566654 735.142578 3020.453125
130.365631 507.124054 2830.495117
-5.487518 764.078125 2733.627930
-304.491913 759.506226 3074.674316
-304.490814 438.916290 3074.674316
-304.497131 118.326813 3074.674316
-140.050110 503.138000 3035.507324
-46.497982 251.500854 3006.869385
-32.615612 -220.842560 3136.325928
-43.756153 -689.793518 3175.575684
-269.777222 266.402283 3040.032471
-227.037933 -211.058563 3142.501953
-199.011810 -681.701355 3150.517578
-101.342102 978.693359 3061.145020
-119.289482 746.120422 3048.091064
63.195168 733.323730 3020.857422
125.708252 535.034912 2792.684326
-17.044800 773.404175 2659.736816
-301.774139 758.917053 3075.324707
-301.773041 438.327118 3075.324707
-301.779358 117.737640 3075.324707
-138.020081 501.924225 3037.326904
-45.129326 249.900620 3009.904541
-26.076881 -210.732773 3172.470215
-41.432831 -698.699707 3120.238281
-268.372040 265.555481 3043.220947
-220.209808 -212.866150 3138.412109
-203.358734 -683.372925 3158.148682
-99.245140 975.652161 3061.779541
-117.621368 743.098267 3048.690430
64.759964 729.819092 3020.948730
120.911392 568.463623 2766.309570
-16.957504 778.401367 2594.120605
-300.002716 756.377319 3076.432129
-300.001617 435.787384 3076.432129
-300.007935 115.197906 3076.432129
-137.059143 498.962585 3037.761719
-44.933960 246.704071 3009.863525
-23.228125 -205.846252 3193.936279
-42.736179 -715.262207 3067.113525
-268.059875 262.949799 3043.802490
-221.989441 -209.329803 3164.180908
-194.596313 -694.352051 3102.622559
-97.779900 972.880798 3062.598145
-117.214180 739.053955 3049.554199
65.108070 725.240967 3021.656738
104.569092 618.130005 2739.639893
-18.094109 780.379028 2521.495850
-299.536407 752.866943 3077.451660
-299.535309 432.277008 3077.451660
-299.541626 111.687531 3077.451660
-137.387787 494.979858 3038.560547
-46.032600 242.456177 3010.501709
-23.605776 -204.248535 3209.209229
-44.139801 -722.802856 3041.668701
-269.090179 259.355347 3044.632080
-226.709564 -217.570679 3146.649658
-198.013794 -695.206665 3123.547607
-98.522209 972.486572 3062.460449
-117.416252 738.167847 3049.051758
64.746071 725.223450 3019.756348
76.263000 672.083557 2717.785645
-13.088051 769.278809 2460.435791
-299.578583 751.112183 3078.347168
-299.577484 430.522247 3078.347168
-299.583801 109.932770 3078.347168
-136.481384 493.990662 3038.393799
-44.110397 241.894913 3009.814697
-21.985096 -220.556564 3162.219482
-44.006310 -712.610168 3113.727051
-266.982635 257.732056 3045.656982
-223.437332 -220.542053 3142.412842
-197.018066 -694.330933 3145.372559
-100.156242 978.264771 3075.371338
-118.035431 744.652954 3055.997070
62.840210 733.614258 3019.689941
51.532017 717.988403 2701.855225
-3.973907 747.628967 2417.010254
-298.911072 755.691589 3092.304199
-298.909973 435.101654 3092.304199
-298.916290 114.512177 3092.304199
-135.981018 500.676208 3040.772949
-43.194595 249.941605 3003.321533
-20.778189 -215.255264 3151.845947
-47.871338 -696.415100 3132.228760
-264.658600 263.457336 3047.776123
-222.577957 -216.612549 3136.661621
-193.211182 -688.171387 3153.605469
-100.679680 977.789124 3068.854736
-116.255035 744.193604 3051.877441
63.863220 734.338013 3011.548584
41.776501 734.510498 2695.901611
-0.974934 736.265198 2398.423584
-296.373291 754.049255 3092.206299
-296.372192 433.459320 3092.206299
-296.378510 112.869843 3092.206299
-132.713257 500.014618 3038.043945
-39.004593 249.807556 2999.543701
-19.549961 -214.158264 3154.447021
-38.712860 -690.384888 3142.052490
-259.338379 261.863647 3048.877197
-220.712402 -220.044983 3129.233154
-188.819977 -690.040894 3158.054932
-103.302742 983.093811 3077.590576
-118.197792 749.711487 3055.745605
61.084038 741.441833 3011.471680
44.334503 730.229126 2691.932617
-3.357262 735.778076 2391.979248
-297.479614 757.981140 3100.019531
-297.478516 437.391205 3100.019531
-297.484833 116.801727 3100.019531
-133.884277 505.769775 3037.789551
-39.906342 256.769653 2992.751709
-26.019485 -204.675507 3156.410645
-47.256077 -676.969238 3125.896973
-259.235199 266.886536 3046.915283
-220.084061 -213.935425 3133.696533
-201.250397 -684.610107 3144.144531
-105.066338 981.536438 3069.461914
-120.390320 747.671082 3052.913086
59.625565 737.788696 3012.000488
46.619850 718.084045 2697.942383
-6.936005 742.535217 2395.940430
-300.406189 757.553467 3093.825684
-300.405090 436.963531 3093.825684
-300.411407 116.374054 3093.825684
-136.804382 503.496552 3039.670898
-43.108681 253.277313 3001.403809
-26.984749 -211.061646 3156.996338
-45.580383 -682.243164 3157.945801
-263.328217 265.366730 3051.453613
-234.214813 -197.320435 3197.821289
-195.219559 -710.321350 3077.103027
-105.594360 981.125122 3065.409180
-121.789581 746.874878 3051.650879
58.583679 735.853821 3012.477783
60.311062 687.526917 2703.961914
-17.947674 747.961731 2414.243164
-302.162842 757.895935 3090.823975
-302.161743 437.306000 3090.823975
-302.168060 116.716522 3090.823975
-139.189758 502.648560 3040.242676
-46.272224 251.681671 3004.875977
-29.197983 -218.083099 3142.414551
-45.760910 -688.549194 3161.553223
-266.907654 265.162811 3052.792969
-250.288925 -196.445862 3210.093506
-163.089539 -722.087708 3029.641113
-108.420715 981.895203 3064.404541
-123.770485 747.459656 3051.560303
56.872765 736.547180 3013.490967
74.654526 648.767883 2705.524170
-22.950165 759.110413 2442.771240
-304.413727 758.372131 3089.629639
-304.412628 437.782196 3089.629639
-304.418945 117.192719 3089.629639
-140.919647 503.190857 3040.204590
-47.580399 252.247543 3005.564209
-27.678450 -219.511948 3136.478760
-37.476673 -689.895691 3162.461670
-268.557220 265.596558 3052.133545
-240.709717 -196.741302 3208.965332
-171.389221 -725.000000 3007.501709
-109.255455 981.949402 3076.375488
-126.082359 747.900391 3055.611572
54.408714 737.325073 3016.666260
81.312546 607.373413 2722.272461
-34.137337 764.034851 2491.301025
-306.573456 758.475708 3094.556885
-306.572357 437.885773 3094.556885
-306.578674 117.296295 3094.556885
-144.110718 504.111450 3038.258789
-51.736343 253.853806 2997.083984
-31.735889 -221.150162 3115.649658
-41.824875 -689.316772 3164.185303
-272.541809 266.791260 3044.728027
-238.331406 -196.381897 3199.723145
-179.344604 -726.525146 2992.148438
-109.900299 982.171753 3069.371826
-125.242264 748.110046 3051.443359
55.598526 738.981934 3013.779541
87.635712 570.190430 2745.146729
-39.651817 767.117126 2552.745850
-306.083069 757.238098 3089.107178
-306.081970 436.648163 3089.107178
-306.088287 116.058685 3089.107178
-140.724503 503.980682 3036.272461
-45.581062 254.267410 2998.061523
-21.098364 -219.561447 3120.919434
-35.980118 -687.287598 3174.883057
-266.832428 265.435242 3044.141602
-221.619736 -206.130585 3163.134033
-181.161743 -706.225586 3073.885498
-111.107208 982.997864 3065.302002
-126.436409 749.649658 3048.626221
54.319374 740.229553 3010.582275
94.824951 529.580322 2784.979492
-36.501389 752.614868 2620.125244
-307.192200 759.069824 3086.670166
-307.191101 438.479889 3086.670166
-307.197418 117.890411 3086.670166
-142.120926 505.435425 3034.575684
-47.237885 255.458893 2997.253906
-26.953617 -218.116760 3122.154541
-48.176544 -686.515930 3168.383545
-268.372986 266.983429 3043.796387
-232.291565 -197.493286 3190.582031
-188.959122 -710.389099 3049.387939
-114.067238 980.221924 3064.321289
-130.830948 746.570129 3046.670898
50.200241 737.758972 3009.805908
99.898163 498.308167 2826.541260
-30.570145 730.469849 2662.565674
-311.862122 755.381287 3083.535889
-311.861023 434.791351 3083.535889
-311.867340 114.201874 3083.535889
-145.696503 502.322327 3032.049316
-49.820816 252.684509 2994.876465
-23.504484 -219.573395 3123.615234
-51.487724 -688.601807 3157.739746
-271.303284 263.464539 3039.979004
-224.930313 -208.389160 3156.773682
-203.425781 -700.448242 3093.592773
-115.961472 979.715393 3063.349365
-133.651917 745.171509 3044.454346
47.041737 736.090454 3006.040283
117.449966 466.143738 2883.770264
-25.382004 693.213501 2719.967529
-314.345551 754.252563 3082.868408
-314.344452 433.662628 3082.868408
-314.350769 113.073151 3082.868408
-149.297104 501.045563 3028.573242
-54.406132 251.364410 2989.193115
-26.596020 -220.896393 3117.819580
-49.696228 -690.349182 3151.867432
-275.478455 262.474823 3036.191162
-227.937958 -213.663300 3137.101074
-201.145279 -693.411255 3131.702393
-117.008957 981.947327 3063.375000
-132.304337 745.954285 3043.144043
48.588314 737.100098 3005.605469
129.217209 444.085175 2942.959717
-22.576065 657.249146 2771.789307
-313.196991 754.808472 3080.682617
-313.195892 434.218536 3080.682617
-313.202209 113.629059 3080.682617
-147.622330 501.824036 3026.911621
-52.285725 252.277557 2987.716309
-18.720299 -218.786499 3119.271973
-44.181129 -687.544617 3160.855957
-273.594910 263.110016 3033.642090
-228.861694 -202.744812 3172.279297
-189.105591 -700.568237 3087.688232
-116.492348 983.867798 3063.870117
-129.964462 747.189514 3042.720459
52.301067 738.114441 3013.921143
139.620163 433.547913 2999.498779
-21.286346 614.854797 2803.101318
-312.230011 756.264587 3071.519775
-312.228912 435.674652 3071.519775
-312.235229 115.085175 3071.519775
-144.767517 503.060364 3025.962891
-47.947865 253.373520 2991.568115
-17.747524 -218.333328 3121.714111
-45.426697 -686.027832 3172.639893
-271.193268 264.488953 3026.842529
-220.049988 -207.379456 3142.862549
-197.895493 -691.567383 3114.970459
-117.669533 982.931580 3063.120361
-129.867477 746.870605 3041.853516
52.933590 738.146240 3015.941895
132.315536 437.279388 3045.274414
-14.598328 551.145386 2811.167969
-312.668579 755.594971 3067.765137
-312.667480 435.005035 3067.765137
-312.673798 114.415558 3067.765137
-144.030579 502.772644 3024.122803
-46.420567 253.340195 2990.548584
-21.414623 -221.004257 3111.530518
-47.294785 -687.156738 3175.162842
-269.966766 264.009155 3022.235596
-224.343719 -195.491486 3178.825195
-192.060852 -706.449158 3072.781494
-116.753708 981.950989 3063.742188
-128.234512 746.808228 3041.520752
55.221901 738.099609 3020.823242
105.675354 441.650330 3072.153809
-1.814087 475.895599 2810.218994
-311.690918 755.516785 3062.218262
-311.689819 434.926849 3062.218262
-311.696136 114.337372 3062.218262
-141.961166 502.781403 3022.527344
-43.457207 253.427048 2990.872070
-20.415972 -221.536880 3110.065430
-45.824509 -686.820190 3180.508301
-267.918457 264.082153 3016.195801
-227.968613 -187.313385 3197.842285
-185.485931 -719.419922 3027.617676
-118.036133 981.202332 3062.540527
-128.548935 745.918579 3040.109863
54.992020 737.989136 3019.233643
92.753136 441.394318 3083.560791
17.424911 389.592407 2814.988281
-312.089905 753.848022 3060.986084
-312.088806 433.258087 3060.986084
-312.095123 112.668610 3060.986084
-141.252182 501.833466 3021.135986
-41.720398 252.899506 2989.396240
-18.059958 -221.329559 3111.485352
-53.469154 -687.348206 3170.940186
-266.190460 262.597198 3014.927979
-230.544708 -191.082733 3194.522949
-183.087463 -726.735474 3012.551758
-118.620163 978.942017 3062.421875
-128.769104 744.066223 3039.544434
54.956814 736.281799 3020.007324
88.867813 444.200500 3091.803223
37.908047 313.923676 2836.143311
-312.495026 751.850708 3059.081543
-312.493927 431.260773 3059.081543
-312.500244 110.671295 3059.081543
-141.075562 499.919128 3021.094238
-41.010937 251.010880 2990.694580
-18.026148 -221.578781 3119.036621
-54.134575 -688.984497 3165.710449
-265.753082 260.533142 3014.593506
-232.511368 -194.396423 3192.930908
-183.340881 -729.235168 3006.081299
-116.972687 976.668518 3049.379639
-127.563400 740.488159 3034.326660
56.261963 731.648621 3016.097168
85.412163 435.083862 3091.875977
59.287361 240.245377 2861.809082
-311.388794 749.327698 3052.556152
-311.387695 428.737762 3052.556152
-311.394012 108.148285 3052.556152
-140.573547 496.077148 3021.648438
-41.140526 246.259109 2997.819580
-18.430248 -226.051407 3127.356201
-56.492313 -693.709351 3171.485352
-266.026855 257.073120 3020.120850
-231.774506 -209.736511 3159.340332
-196.094788 -711.304932 3090.790039
-117.660950 977.027710 3044.323486
-127.396957 739.767822 3033.121582
56.569824 731.014221 3016.233643
86.816483 433.785400 3085.661865
78.009064 185.940536 2902.592041
-311.363739 748.521484 3050.009521
-311.362640 427.931549 3050.009521
-311.368958 107.342072 3050.009521
-139.981140 495.199768 3022.805420
-40.033485 245.277145 3002.158936
-23.951218 -229.127487 3124.519043
-48.660065 -697.429565 3170.199707
-265.097168 255.986252 3022.819580
-224.769257 -216.787766 3140.031738
-202.552124 -702.645752 3122.748291
-117.406677 978.730469 3053.363281
-127.642006 741.363831 3037.485352
56.590813 732.666138 3024.089600
90.360001 431.786255 3080.830078
89.259003 150.436859 2939.488037
-311.874847 750.061523 3050.881104
-311.873749 429.471588 3050.881104
-311.880066 108.882111 3050.881104
-140.171707 496.953918 3023.854736
-39.986786 247.222748 3002.028564
-27.286900 -224.659424 3133.958496
-51.171097 -694.255066 3157.506348
-265.416016 257.865265 3018.419678
-227.413635 -217.091675 3130.580322
-197.731018 -694.990845 3125.342285
-117.025040 982.709412 3058.867676
-127.132042 745.545410 3039.186035
57.314396 737.230957 3028.940430
90.171249 432.805664 3075.908203
101.129738 130.112305 2975.364014
-311.578491 753.859924 3049.431641
-311.577393 433.269989 3049.431641
-311.583710 112.680511 3049.431641
-139.042328 501.250000 3023.020996
-38.118092 251.868195 3000.588135
-23.810364 -220.745300 3129.994141
-49.398407 -689.899536 3163.179688
-263.787140 262.040924 3013.123779
-231.535065 -213.374420 3126.757080
-194.118622 -686.653076 3136.297607
-116.134315 981.264160 3060.619385
-127.269119 744.468994 3040.183105
57.202545 735.036804 3031.111084
92.674988 435.317413 3070.736084
104.631714 120.550018 2997.515625
-311.740784 753.901245 3049.255127
-311.739685 433.311310 3049.255127
-311.746002 112.721832 3049.255127
-140.596268 500.300415 3023.050293
-41.087814 250.362396 3000.368408
-26.544031 -222.607635 3128.614746
-52.424957 -692.115051 3159.492920
-266.759003 261.901215 3011.466553
-235.421631 -215.065369 3119.524902
-202.446472 -685.291443 3152.602051
-115.916183 979.664368 3061.474121
-127.055847 742.840942 3040.193115
57.338093 733.412964 3029.500000
92.961075 434.079254 3066.159668
114.498131 112.495270 3021.116699
-311.449768 752.268921 3050.886230
-311.448669 431.678986 3050.886230
-311.454987 111.089508 3050.886230
-140.533752 498.668396 3023.061523
-41.218380 248.728760 2999.388916
-27.254509 -226.341980 3119.493896
-48.996414 -694.109131 3169.500244
-266.804932 260.262939 3012.470947
-235.009338 -216.262482 3122.871582
-194.735153 -685.528442 3152.609375
-115.174164 979.155090 3061.392090
-126.617416 743.142761 3039.955078
57.731506 733.808838 3028.295166
91.624268 431.851135 3066.688721
120.707550 107.103516 3036.547363
-310.966339 752.476685 3051.614990
-310.965240 431.886749 3051.614990
-310.971558 111.297272 3051.614990
-140.050049 498.945068 3023.061768
-40.716873 249.037857 2999.036133
-19.053663 -223.497147 3127.364258
-53.454826 -691.167908 3171.273926
-266.248505 260.456909 3013.300781
-231.964569 -217.236664 3117.864014
-198.951859 -685.299072 3162.940674
-113.527252 979.272949 3062.376221
-124.523651 743.695312 3038.921875
59.934750 734.964966 3028.575684
95.880013 430.184387 3064.755371
122.725990 103.153778 3046.268555
-308.982086 752.425598 3049.268066
-308.980988 431.835663 3049.268066
-308.987305 111.246185 3049.268066
-137.068130 499.499146 3021.328613
-36.775372 249.962448 2997.406250
-21.908094 -224.294144 3120.279785
-46.129112 -692.318848 3168.189941
-262.449829 260.643555 3010.064453
-228.739471 -217.563049 3112.687500
-198.735321 -686.232910 3153.394043
-111.853172 976.431091 3049.868408
-122.149323 740.184814 3033.508057
62.467411 731.819702 3027.025879
101.274689 432.497864 3066.753662
121.544777 104.161926 3049.624023
-306.766052 748.549805 3039.990234
-306.764954 427.959869 3039.990234
-306.771271 107.370392 3039.990234
-133.650040 495.661896 3021.509521
-32.194576 246.020905 3005.544922
-23.525894 -227.901428 3130.456055
-45.741161 -696.286377 3177.540527
-258.106964 256.257111 3013.477051
-228.562164 -223.293579 3110.896240
-196.276871 -688.421814 3176.007812
-112.542702 976.539551 3055.614746
-121.614059 740.971375 3036.109131
63.003445 733.619995 3028.159180
107.032715 428.653076 3072.097900
123.802971 99.888947 3051.742920
-306.231567 748.322754 3044.059082
-306.230469 427.732819 3044.059082
-306.236786 107.143341 3044.059082
-131.974060 496.516602 3021.572754
-29.407719 247.565170 3002.173584
-25.946415 -228.663376 3118.035889
-44.217762 -696.916565 3168.631104
-255.260391 256.558533 3011.899170
-227.523926 -220.089050 3122.458252
-191.924240 -688.190796 3122.212158
-111.561646 973.120239 3045.995850
-119.467163 736.638062 3032.506348
65.242447 729.303528 3029.914062
108.180099 430.201324 3072.920898
124.627022 101.887604 3044.403320
-304.176788 743.972595 3035.098633
-304.175690 423.382660 3035.098633
-304.182007 102.793182 3035.098633
-129.329742 491.963928 3022.035645
-26.162968 242.801559 3009.978516
-25.804729 -232.751266 3128.925537
-42.912804 -701.276855 3177.912109
-252.221680 251.778000 3013.151367
-235.930527 -210.733109 3167.607666
-184.807419 -714.526978 3061.641357
