-114.450020 974.564697 3037.432617
-124.206932 737.507019 3027.839111
60.555729 729.199341 3030.010010
108.149490 431.346069 3089.103027
105.170624 117.947662 3022.061279
-308.969574 745.814697 3025.668213
-308.968475 425.224762 3025.668213
-308.974792 104.635284 3025.668213
-135.144577 492.679016 3021.815918
-33.057079 242.768951 3017.120850
-25.699432 -206.045654 3213.816406
-48.921913 -731.104492 3003.917480
-259.107361 252.933075 3014.464600
-245.500488 -219.304626 3145.516113
-183.442780 -642.868042 3091.549561
-114.444931 979.295898 3049.382324
-122.981255 742.757812 3032.375732
61.742393 734.764587 3036.826904
107.777145 431.806915 3084.711426
105.259132 117.091583 3024.277832
-307.704895 750.751099 3027.924561
-307.703796 430.161163 3027.924561
-307.710114 109.571686 3027.924561
-133.299988 498.127228 3021.305420
-30.611320 248.606628 3012.958252
-0.562750 -242.216980 3210.223145
-78.066811 -719.678528 3034.351807
-256.626129 258.386597 3007.511963
-242.386108 -213.647675 3139.298828
-182.868179 -642.869141 3085.165771
-114.021645 977.438110 3043.339844
-123.559837 740.904053 3030.724121
61.148628 732.186523 3034.674316
108.073357 436.765228 3083.455078
105.121628 122.212219 3021.914062
-308.268311 749.621582 3026.773926
-308.267212 429.031647 3026.773926
-308.273529 108.442169 3026.773926
-134.950409 496.183746 3023.277344
-35.489830 246.231705 3018.201172
37.168655 -213.605148 3172.079102
-53.864723 -652.944885 3027.290039
-257.192139 256.695190 3013.459961
-246.943268 -215.330994 3145.624512
-187.276703 -639.364502 3108.487793
-113.351341 977.468750 3039.765625
-122.703918 741.009033 3028.913086
61.998367 732.111572 3032.981445
107.957130 432.503021 3081.388672
82.603485 119.521912 3020.946777
-307.406219 749.906494 3024.844727
-307.405121 429.316559 3024.844727
-307.411438 108.727081 3024.844727
-134.358734 496.240295 3022.730957
-33.372200 246.045410 3019.030029
-20.741228 -259.534607 3207.628662
-69.615288 -730.357910 3077.194580
-258.654907 256.897705 3014.067627
-238.966034 -220.432404 3120.842529
-193.945923 -665.500977 3134.271729
-113.439476 979.894287 3051.057861
-122.637016 743.991150 3033.158936
62.095970 735.371948 3036.353271
107.391678 431.965942 3084.080078
80.895981 119.787598 3018.294922
-307.370026 752.610352 3029.964600
-307.368927 432.020416 3029.964600
-307.375244 111.430939 3029.964600
-133.845856 499.444092 3021.526367
-32.224022 249.632614 3011.844727
-21.217232 -222.416061 3215.714111
-57.010254 -703.039856 3069.092773
-257.885376 260.161438 3007.942871
-240.711411 -215.748199 3122.675293
-191.710754 -649.547974 3112.763672
-113.207001 982.918823 3056.231445
-122.123901 747.275208 3035.168213
62.621464 738.862122 3038.329834
107.426056 435.030151 3080.510986
87.868324 121.968689 3015.770020
-306.869263 755.688293 3032.006592
-306.868164 435.098358 3032.006592
-306.874481 114.508881 3032.006592
-133.018280 502.806702 3021.236816
-30.991497 253.195908 3009.237793
11.561214 -252.944016 3197.824219
-47.835300 -714.755920 3039.513672
-256.833832 263.480530 3005.373047
-240.932220 -210.166809 3129.802246
-189.171509 -649.081543 3104.361816
-112.631912 980.277527 3046.275391
-122.125351 743.949585 3031.601807
62.563786 735.305725 3036.520752
107.519409 438.468140 3082.198975
97.761307 124.866577 3017.840576
-306.814484 752.593384 3026.682861
-306.813385 432.003448 3026.682861
-306.819702 111.413971 3026.682861
-133.313553 499.304810 3021.777100
-31.881786 249.389206 3014.951904
-11.044041 -275.643372 3194.031250
-48.088139 -736.630920 3064.120361
-257.121735 259.930908 3008.952881
-241.591980 -211.944275 3140.415527
-185.388474 -655.749695 3101.005127
-112.858162 977.329773 3041.793213
-120.993530 740.404968 3029.787354
63.769547 732.961853 3033.750244
107.643982 436.209961 3082.576416
99.750305 124.399506 3009.686523
-305.756622 747.848022 3025.824463
-305.755524 427.258087 3025.824463
-305.761841 106.668610 3025.824463
-130.678741 495.617004 3021.584961
-27.526337 246.283463 3015.802734
-15.956083 -246.622574 3189.134766
-45.110962 -709.209778 3084.339111
-253.201569 255.374649 3010.962402
-236.085159 -211.361649 3158.830322
-180.798187 -657.162659 3088.246338
-113.261047 981.185059 3051.579834
-120.300400 744.731934 3033.557861
64.476593 738.060303 3038.282715
107.595634 434.620514 3082.454102
98.131630 125.304138 2999.867676
-305.077393 751.403625 3028.833008
-305.076294 430.813690 3028.833008
-305.082611 110.224213 3028.833008
-128.804520 500.124817 3020.739258
-24.386574 251.440460 3010.808105
-21.598438 -234.417145 3150.184082
-45.587921 -700.519226 3116.332520
-250.230713 259.594879 3005.033203
-240.229126 -209.493683 3146.315186
-179.364059 -656.595459 3074.221680
-112.141747 980.030640 3043.965088
-121.254959 743.450623 3030.387695
63.458218 734.747803 3033.477295
107.629150 438.678436 3082.743896
100.841682 131.821991 2991.192383
-305.968140 752.153381 3027.298096
-305.967041 431.563446 3027.298096
-305.973358 110.973969 3027.298096
-132.618805 498.819092 3020.701172
-31.036160 248.866074 3012.903809
-28.943668 -231.757584 3142.613037
-54.742813 -699.189697 3146.723389
-256.929138 259.509094 3009.125488
-255.626724 -205.830078 3162.361572
-189.852722 -660.998535 3084.650635
-112.909157 980.846130 3040.117920
-121.533714 744.275757 3029.308105
63.211857 735.987549 3032.237061
107.652740 436.383667 3081.457275
102.054932 132.648407 2980.027100
-306.279297 752.563904 3026.379150
-306.278198 431.973969 3026.379150
-306.284515 111.384491 3026.379150
-132.395874 499.519226 3021.848145
-30.279079 249.694168 3016.179443
-23.195751 -228.854965 3138.553467
-49.529915 -697.158813 3159.468018
-256.236969 259.831238 3012.596924
-248.219452 -207.974060 3158.199219
-183.918259 -663.133789 3085.264404
-111.592285 978.771118 3038.745605
-122.294037 741.813232 3029.365479
62.368771 731.716187 3031.387207
107.918228 439.077026 3082.972168
95.282196 145.514557 2957.958740
-306.956848 751.910339 3027.343750
-306.955750 431.320404 3027.343750
-306.962067 110.730927 3027.343750
-135.588745 497.167572 3021.861572
-35.931843 246.345856 3015.594238
-31.843380 -231.387085 3133.695557
-58.060295 -700.799805 3151.199951
-261.835052 258.697906 3013.121094
-251.983154 -212.022491 3149.049805
-189.883575 -661.868103 3082.964355
-111.798584 975.888306 3039.161133
-122.878479 739.001709 3029.321045
61.819881 729.377380 3031.100830
106.878311 434.103516 3089.523193
84.616768 167.207397 2914.636475
-307.576843 748.625977 3027.541260
-307.575745 428.036041 3027.541260
-307.582062 107.446564 3027.541260
-135.550903 494.323364 3021.297852
-35.250271 243.758240 3014.363281
-28.400000 -233.882965 3128.780273
-50.341167 -703.226440 3158.388428
-261.196381 255.531860 3012.186035
-245.246918 -214.900543 3148.863281
-183.541992 -664.015564 3080.786621
-110.934380 978.883972 3051.261475
-122.217987 742.569092 3034.443604
62.480225 733.025940 3036.892334
103.447968 430.056549 3101.780762
79.950554 202.263885 2884.127197
-306.916199 752.112244 3031.994873
-306.915100 431.522308 3031.994873
-306.921417 110.932831 3031.994873
-134.668884 498.163300 3021.072266
-34.140610 247.919998 3009.198730
-29.337433 -228.762589 3125.750732
-48.633034 -698.179382 3160.379395
-260.098938 259.595032 3006.203125
-245.229782 -209.503326 3147.709717
-179.404724 -660.902283 3071.828613
-109.941841 983.091736 3056.344482
-121.189392 746.748291 3037.153320
63.495514 737.064758 3040.146729
100.228462 426.024109 3111.443115
71.678856 260.151001 2854.993164
-305.874298 756.431885 3034.159912
-305.873199 435.841949 3034.159912
-305.879517 115.252472 3034.159912
-133.747681 502.448212 3021.662598
-33.332268 252.224564 3008.002930
-25.321201 -219.371292 3141.530029
-50.301765 -689.304321 3157.489258
-259.279663 264.071655 3004.340820
-243.315735 -201.499176 3156.691406
-183.940796 -661.507935 3073.024658
-110.205772 983.916687 3058.879883
-120.647110 747.895874 3037.818604
64.022156 738.150574 3041.529053
91.114090 429.504120 3107.324707
56.569798 340.811890 2828.573242
-305.316376 757.641235 3034.108154
-305.315277 437.051300 3034.108154
-305.321594 116.461823 3034.108154
-133.215164 503.613678 3021.735352
-32.817310 253.370071 3007.921875
-23.581902 -220.497299 3132.973389
-51.893837 -689.737915 3161.759766
-258.749115 265.292847 3003.382324
-246.562073 -201.102570 3153.791260
-185.354004 -666.267090 3074.436768
-108.989502 982.140991 3060.627197
-120.321419 745.853577 3038.621826
64.372780 736.193848 3040.661133
97.053696 416.248993 3084.648682
40.592381 438.542511 2818.095703
-305.015594 755.513306 3036.582520
-305.014496 434.923370 3036.582520
-305.020813 114.333893 3036.582520
-132.907684 501.622375 3021.658936
-32.508564 251.481903 3005.943604
-30.789846 -224.728973 3121.760254
-47.904247 -692.195068 3172.782471
-258.479340 263.300446 3003.448486
-238.804474 -201.655945 3157.426758
-185.673248 -664.230225 3078.682617
-109.054771 982.723145 3061.976318
-120.937859 746.616882 3038.766113
63.685020 737.518005 3035.296143
111.585716 405.219910 3074.742920
32.600883 530.823181 2841.375732
-305.560730 755.715759 3042.236084
-305.559631 435.125824 3042.236084
-305.565948 114.536346 3042.236084
-133.299240 502.391785 3021.467285
-32.674210 252.598328 3002.044922
-31.586283 -224.436310 3114.859619
-49.436661 -691.475647 3172.764648
-258.647034 263.735046 3006.291992
-243.358856 -200.204742 3163.889648
-183.139404 -661.681580 3079.654297
-109.419930 980.434204 3062.135010
-121.320770 744.578369 3038.381592
63.360779 735.644775 3035.328125
115.211990 415.669342 3048.492188
28.385422 611.692566 2869.949463
-306.002319 753.511902 3041.435059
-306.001221 432.921967 3041.435059
-306.007538 112.332489 3041.435059
-133.420792 500.333496 3021.129883
-32.572693 250.625015 3002.010742
-34.372620 -225.850815 3117.343262
-45.375263 -692.793457 3179.113281
-258.468933 261.552246 3005.745605
-243.521729 -206.252167 3151.107910
-183.847992 -665.236816 3077.869141
-107.422867 980.117798 3062.238770
-120.030113 745.099548 3038.290039
64.559761 735.959351 3032.108398
124.108231 422.831543 3014.234375
26.618919 659.028015 2885.123047
-304.619995 754.239685 3044.471680
-304.618896 433.649750 3044.471680
-304.625214 113.060272 3044.471680
-132.704498 500.892090 3020.905518
-32.458355 251.093246 2999.739502
-36.264393 -225.254990 3115.688721
-41.717136 -692.925232 3173.377686
-258.299408 262.276062 3007.302490
-241.940979 -207.476929 3146.296387
-185.210541 -659.843750 3082.695801
-108.676064 981.351562 3061.771240
-122.311310 746.726868 3039.415771
62.200043 736.672180 3031.933594
127.078308 432.901825 2968.577393
27.520294 698.003723 2887.479492
-306.822662 756.781555 3046.897949
-306.821564 436.191620 3046.897949
-306.827881 115.602142 3046.897949
-136.278137 502.516296 3023.166504
-37.384933 252.155594 3002.340576
-45.482033 -210.227951 3159.278076
-44.329147 -703.635376 3113.909424
-263.105011 264.455872 3011.493896
-251.148132 -203.855408 3155.796143
-191.513046 -657.600830 3085.266113
-107.944580 981.275940 3063.575439
-123.481407 747.600830 3040.535156
60.822136 736.564209 3030.140381
130.536041 450.935913 2929.295654
23.298317 724.963013 2861.436279
-307.784943 758.637329 3050.929932
-307.783844 438.047394 3050.929932
-307.790161 117.457916 3050.929932
-139.082901 503.583832 3022.997070
-41.934639 252.815125 2999.099854
-43.524208 -204.473755 3172.310303
-43.789570 -715.695679 3058.414795
-267.434143 266.318604 3011.818115
-248.804443 -203.718079 3149.558594
-190.196289 -656.519409 3083.891846
-107.060837 979.682129 3062.965088
-122.877930 746.769775 3041.842529
61.287552 735.736328 3029.145752
132.270889 474.969421 2887.120117
13.882973 749.902222 2827.242432
-307.043427 757.803223 3054.539307
-307.042328 437.213287 3054.539307
-307.048645 116.623810 3054.539307
-138.675949 502.726990 3024.766113
-41.818695 251.934998 2999.922852
-34.714432 -202.511749 3181.674316
-37.992218 -725.064453 3038.123779
-267.129242 265.433472 3015.456543
-244.764694 -205.032471 3151.379150
-185.137848 -655.565674 3088.411377
-105.584892 976.687073 3062.113281
-121.909721 744.067932 3042.582520
62.299461 732.678528 3030.629639
130.646973 506.470764 2847.542236
2.220032 774.006592 2763.682373
-306.118927 755.457336 3054.535400
-306.117828 434.867401 3054.535400
-306.124146 114.277924 3054.535400
-138.035126 499.967834 3026.662598
-41.484299 248.901123 3003.431396
-35.862297 -202.617584 3193.247559
-36.732582 -731.123657 3024.147949
-266.836761 262.834351 3018.053955
-246.132172 -209.307434 3148.348633
-185.425674 -659.940430 3087.001953
-103.869644 977.990479 3061.719971
-120.975929 745.140198 3044.420410
63.175209 733.558228 3031.664307
128.340240 535.222473 2812.677979
0.546143 784.952148 2689.062500
-305.127045 756.722168 3057.176514
-305.125946 436.132233 3057.176514
-305.132263 115.542755 3057.176514
-137.397034 501.025085 3029.005859
-41.172707 249.825256 3005.788330
-30.589321 -204.425415 3189.201904
-38.740028 -725.631653 3019.241943
-266.463562 263.994690 3021.394287
-243.543884 -208.098114 3151.638672
-184.989532 -654.002930 3088.071289
-101.104698 974.808228 3063.534180
-118.979988 742.029968 3046.168945
65.270500 729.532959 3036.315430
118.174377 574.104370 2781.847168
-3.174599 797.529175 2610.319824
-303.230469 754.526978 3056.022461
-303.229370 433.937042 3056.022461
-303.235687 113.347565 3056.022461
-136.345734 497.965637 3030.988525
-40.988998 246.255798 3009.779785
-25.788929 -198.304474 3214.295410
-38.867134 -732.355225 3019.434570
-266.433960 261.546814 3021.836426
-245.605087 -210.057037 3154.240234
-184.170486 -657.021545 3081.878418
-97.440781 971.987915 3062.441895
-116.969620 739.703918 3045.852783
67.184555 725.620300 3036.186523
103.625397 626.516846 2758.908203
-3.129898 795.195374 2536.976318
-301.123810 753.787537 3055.519043
-301.122711 433.197601 3055.519043
-301.129028 112.608124 3055.519043
-136.382446 495.754639 3031.445801
-43.148254 243.190414 3011.125977
-33.165604 -207.930191 3201.294434
-40.174263 -733.962708 3013.586182
-268.442291 260.420288 3022.951660
-246.683929 -212.687256 3149.645508
-186.626343 -657.908142 3083.332764
-98.084946 966.961548 3049.670410
-115.921997 734.090027 3040.512207
68.298813 720.638367 3031.030762
81.307159 676.758240 2734.946045
6.488182 779.792725 2472.937012
-300.142822 747.541626 3049.993652
-300.141724 426.951691 3049.993652
-300.148041 106.362213 3049.993652
-134.207230 489.847900 3031.751465
-39.805599 237.377487 3017.190918
-31.734848 -214.851608 3205.622070
-35.718376 -733.777649 3022.703857
-265.179321 253.834091 3028.790527
-241.534332 -218.228531 3159.029297
-182.074554 -663.955017 3089.963379
-97.938080 967.257996 3056.401611
-114.379028 734.435852 3043.740967
69.162003 721.619141 3026.487305
66.607704 721.350830 2716.461914
11.151859 762.643921 2431.848389
-297.920074 747.252502 3060.994629
-297.918976 426.662567 3060.994629
-297.925293 106.073090 3060.994629
-132.445038 490.229431 3032.964111
-38.137302 238.175980 3011.623779
-28.156549 -227.989914 3155.255127
-41.589252 -721.058960 3093.206787
-262.884796 253.870071 3032.750732
-241.720093 -220.808548 3153.205811
-182.865219 -654.648560 3091.033447
-97.916916 962.933105 3047.404053
-114.448456 730.955566 3039.726318
68.965012 717.500000 3020.850342
56.322350 738.683655 2713.702637
8.376854 754.005615 2413.955811
-297.861908 744.411072 3058.602295
-297.860809 423.821136 3058.602295
-297.867126 103.231659 3058.602295
-133.070923 486.658203 3032.920898
-39.541382 234.133194 3014.573242
-30.808487 -234.522781 3154.162598
-44.613796 -716.465332 3133.157715
-263.845398 250.588516 3037.657715
-243.568573 -224.703537 3156.078125
-186.595612 -658.600708 3090.460205
-95.494148 961.350220 3041.949707
-113.647697 728.500916 3037.507324
69.464973 713.856201 3016.431641
53.183224 731.845825 2709.326660
2.171070 760.736572 2410.750000
-296.760376 743.145630 3058.583008
-296.759277 422.555695 3058.583008
-296.765594 101.966217 3058.583008
-133.624390 484.240051 3033.670898
-41.604248 231.022079 3016.944092
-34.724060 -240.160995 3149.946777
-44.610909 -716.734680 3146.532715
-265.597900 248.936325 3042.724854
-243.453430 -224.693924 3167.274170
-186.993561 -659.322937 3086.858154
-93.294899 964.778442 3051.700928
-114.254280 731.467407 3042.075928
69.024544 715.516846 3023.430664
53.129776 723.438599 2708.179443
0.881279 769.291443 2415.849121
-297.533081 747.418091 3060.721191
-297.531982 426.828156 3060.721191
-297.538300 106.238678 3060.721191
-136.324585 487.520447 3033.821289
-46.285378 233.816650 3014.161621
-34.406609 -239.875793 3138.444092
-47.983662 -713.245361 3151.874512
-270.504395 253.330261 3036.971680
-243.820602 -219.969696 3161.960938
-191.055176 -657.442627 3074.160156
-99.111214 974.423157 3071.979492
-119.202057 741.366211 3051.684814
64.167435 727.516357 3032.153564
58.534550 697.708862 2717.556641
-3.977631 772.751465 2433.043213
-302.571533 755.216064 3071.216064
-302.570435 434.626129 3071.216064
-302.576752 114.036652 3071.216064
-139.393524 497.822388 3034.816895
-47.420284 245.806793 3006.001953
-30.414871 -229.666016 3123.250244
-46.116856 -700.999756 3150.653564
-271.749695 262.750336 3029.895996
-234.406128 -204.528046 3171.991699
-186.858490 -653.006226 3072.372314
-97.683113 972.600281 3067.234131
-118.386253 739.499756 3051.239258
65.350334 724.723267 3037.219727
66.240318 661.335938 2729.272705
-7.629471 773.834229 2452.570068
-302.122833 754.276245 3065.258789
-302.121735 433.686310 3065.258789
-302.128052 113.096832 3065.258789
-139.137329 495.795868 3036.143066
-47.452950 243.049652 3012.467773
-26.465855 -232.279175 3130.218018
-43.945305 -701.834045 3171.691406
-272.323853 261.134247 3029.625977
-231.330597 -205.559601 3173.400879
-186.848663 -665.823792 3077.472168
-98.875595 972.597778 3064.805420
-117.871529 739.305908 3049.503662
66.063332 725.932983 3036.080078
79.585114 626.195557 2736.637451
-11.680817 780.440186 2486.023926
-301.806366 752.678833 3062.927246
-301.805267 432.088898 3062.927246
-301.811584 111.499420 3062.927246
-136.649384 495.348816 3035.238281
-42.937401 243.213226 3012.763428
-23.776356 -233.174835 3126.754639
-38.048149 -702.709106 3168.136230
-267.917084 259.570221 3029.182373
-224.549789 -209.572693 3164.149902
-181.746475 -667.654114 3076.438477
-101.137024 973.423889 3063.085449
-119.447189 739.956482 3047.975830
64.402084 727.402710 3032.517578
84.782242 593.608643 2749.789062
-27.029999 784.070740 2538.995605
-303.296478 752.510193 3063.434082
-303.295380 431.920258 3063.434082
-303.301697 111.330780 3063.434082
-137.289490 495.884430 3033.984863
-42.676220 244.133621 3010.538574
-24.384199 -230.690872 3131.032715
-48.252186 -700.511841 3157.829346
-267.587341 259.491150 3029.449219
-233.574570 -209.080231 3169.001953
-186.163391 -663.645874 3076.208984
-102.869949 974.914307 3062.712402
-121.140739 741.130981 3046.671631
62.640694 728.950928 3029.961182
89.875290 562.316406 2768.355713
-25.425842 785.232422 2590.263672
-304.922180 753.311035 3063.382080
-304.921082 432.721100 3063.382080
-304.927399 112.131622 3063.382080
-138.597504 497.018860 3032.612549
-43.640266 245.456528 3008.332275
-19.610117 -224.563309 3144.566650
-52.822968 -693.875061 3144.893799
-268.468262 260.356934 3028.774658
-233.044220 -210.276337 3161.021240
-187.121796 -664.924072 3079.818359
-105.594124 975.937622 3062.076172
-122.529739 742.817993 3044.621338
61.384705 731.189941 3028.906250
94.920792 524.175537 2806.239258
-22.118088 770.727661 2655.896729
-306.444183 754.446045 3060.336426
-306.443085 433.856110 3060.336426
-306.449402 113.266632 3060.336426
-139.248932 498.707397 3029.579834
-43.468468 247.483978 3004.925537
-24.238823 -226.263672 3128.307373
-50.743698 -695.003296 3154.440186
-268.467804 261.709625 3024.151123
-234.939468 -209.547699 3154.956299
-185.600388 -661.050049 3075.145752
-106.020760 978.094849 3062.714355
-121.211891 745.107178 3043.396484
62.527672 734.225464 3025.364990
103.446236 492.589966 2848.102295
-18.307243 750.624146 2720.313721
-304.951447 755.988892 3061.427979
-304.950348 435.398956 3061.427979
-304.956665 114.809479 3061.427979
-137.236084 501.006470 3027.421875
-40.857079 250.248810 3000.416504
-18.852758 -220.715088 3133.872314
-49.381195 -690.111572 3141.318115
-265.663483 263.562653 3022.478027
-227.381042 -206.263428 3157.093262
-182.477234 -657.858459 3078.161621
-107.793083 978.011841 3063.043701
-122.112556 744.243652 3041.978760
61.557014 734.627075 3022.545166
107.698196 463.806366 2900.043945
-7.752632 726.537537 2787.856689
-305.782104 753.860229 3061.412354
-305.781006 433.270294 3061.412354
-305.787323 112.680817 3061.412354
-136.742126 500.163147 3024.493652
-39.017540 250.199997 2995.120605
-21.587246 -222.933762 3121.700195
-47.146278 -691.618225 3152.107178
-263.725861 261.965271 3018.896484
-222.388092 -205.782379 3159.670410
-183.697556 -660.453979 3076.845703
-106.749352 977.583740 3063.741699
-120.753159 743.539551 3041.189453
63.009689 733.924377 3022.567139
120.355362 441.400574 2958.601318
-1.378265 698.332275 2843.252686
-304.515991 753.154785 3059.811768
-304.514893 432.564850 3059.811768
-304.521210 111.975372 3059.811768
-135.406097 499.539673 3022.579590
-37.651932 249.658188 2992.578613
-23.659698 -224.387894 3116.512207
-45.486588 -692.978271 3156.486084
-262.466156 261.421387 3015.360840
-225.721329 -203.717682 3165.496338
-184.529907 -661.979187 3074.177246
-107.280006 976.479492 3063.037109
-121.074387 741.864014 3040.475830
62.980717 731.925964 3025.610107
133.172638 426.695038 3012.812500
-0.485962 672.742798 2884.581299
-305.129486 751.802124 3055.341553
-305.128387 431.212189 3055.341553
-305.134705 110.622711 3055.341553
-135.712769 497.820435 3022.384033
-37.739994 247.696396 2995.196777
-25.743340 -224.628250 3125.793457
-46.185669 -693.833374 3162.930664
-262.962311 259.857300 3013.387695
-225.595657 -204.587219 3165.754395
-186.891159 -665.278748 3071.816895
-107.218788 979.358398 3063.187500
-120.655304 744.197632 3040.331787
63.518066 734.218384 3026.797119
130.959641 410.164429 3052.286377
-1.834106 639.097534 2887.541016
-304.828674 754.176819 3053.866455
-304.827576 433.586884 3053.866455
-304.833893 112.997406 3053.866455
-135.204102 500.141479 3022.303223
-37.099945 249.981384 2995.995850
-27.857838 -224.254730 3119.708252
-43.311932 -692.210693 3171.236572
-262.405853 262.189331 3012.553467
-222.906387 -202.163483 3164.789307
-185.158356 -662.020813 3074.056396
-106.159187 981.982178 3062.756592
-118.819489 746.353577 3039.637451
65.511887 736.213135 3028.685059
129.354370 403.315643 3058.307617
-12.270386 577.792664 2847.740234
-303.150879 756.494019 3050.589844
-303.149780 435.904083 3050.589844
-303.156097 115.314606 3050.589844
-133.305771 502.277802 3021.810059
-35.028706 251.998718 2997.282715
-24.505573 -220.473694 3127.516113
-47.252029 -689.387268 3165.416016
-260.555389 264.405334 3010.682617
-226.415985 -198.899445 3167.264893
-184.984772 -661.460449 3075.049316
-104.639725 979.935059 3062.540527
-117.482109 744.298279 3039.512695
66.889229 733.933960 3029.211914
128.510193 411.352112 3063.453613
-7.418396 476.368988 2813.392334
-301.853455 754.662598 3049.813477
-301.852356 434.072662 3049.813477
-301.858673 113.483185 3049.813477
-132.195099 500.231445 3021.740234
-34.132225 249.824997 2997.666992
-25.379782 -222.575027 3128.482422
-47.411507 -692.494446 3144.065918
-259.683960 262.504272 3010.268555
-230.421844 -203.753174 3158.657471
-186.552811 -666.237061 3077.535156
-102.766846 978.027649 3062.436035
-115.239891 742.634827 3039.077148
69.244804 732.278748 3031.244873
111.751450 408.174927 3090.749512
15.926704 380.121185 2820.314697
-299.724579 752.990906 3046.909424
-299.723480 432.400970 3046.909424
-299.729797 111.811493 3046.909424
-129.689697 498.540161 3021.469971
-31.280128 248.110107 2999.071289
-34.783768 -226.301239 3121.882324
-39.104610 -695.362183 3156.495117
-256.998871 260.780884 3008.654297
-232.314056 -206.864655 3153.578369
-183.545502 -659.373596 3077.318359
-103.396599 979.994141 3063.872070
-115.713509 745.973145 3040.046631
68.773262 735.823486 3031.718750
105.825378 414.633942 3101.261719
41.011719 302.249451 2844.957520
-300.200287 756.122803 3048.374512
-300.199188 435.532867 3048.374512
-300.205505 114.943390 3048.374512
-129.936386 501.862000 3022.480225
-31.311253 251.542450 2999.819824
-28.419645 -210.561493 3158.699219
-41.996368 -697.391846 3108.806885
-257.007263 263.959259 3010.007812
-228.497833 -199.754211 3166.080811
-185.129730 -651.145264 3080.306396
-101.895340 978.750610 3063.102539
-113.878197 744.748352 3039.968262
70.682228 734.580994 3033.592041
107.738327 430.273438 3106.429443
65.108734 242.416962 2887.423096
-298.438629 754.915710 3046.344482
-298.437531 434.325775 3046.344482
-298.443848 113.736298 3046.344482
-127.931824 500.623169 3022.459473
-29.082985 250.278244 3001.050049
-17.102240 -201.915207 3185.786377
-50.718140 -719.651855 3051.704834
-254.887909 262.717773 3008.851318
-225.179688 -203.783264 3156.207031
-184.881882 -657.933350 3079.891846
-102.601357 978.158752 3061.722656
-114.134315 743.748596 3039.627686
70.498466 733.830261 3035.526855
108.170578 429.165466 3099.392822
83.885963 188.763855 2924.842041
-298.767090 753.666992 3043.728516
-298.765991 433.077057 3043.728516
-298.772308 112.487579 3043.728516
-127.632477 499.567444 3022.478027
-28.182308 249.318741 3002.819824
1.744501 -266.785156 3189.065186
-47.063446 -724.653442 3032.024414
-254.078979 261.453796 3007.836914
-231.467026 -206.196655 3152.917725
-186.195099 -660.608765 3082.492920
-102.860649 978.001892 3061.476318
-113.355919 743.732971 3039.071777
71.285637 734.125610 3034.256592
108.312820 427.772369 3094.820557
93.743813 155.894928 2955.749756
-297.997467 753.340332 3043.886963
-297.996368 432.750397 3043.886963
-298.002686 112.160919 3043.886963
-126.492355 499.480469 3022.683594
-26.401089 249.336441 3003.342529
42.058018 -215.500534 3143.512207
-25.366970 -660.674805 3003.711914
-252.856506 261.119507 3009.248291
-231.209747 -206.864899 3153.652832
-188.774292 -653.006897 3087.151123
-103.623672 979.783325 3062.342773
-115.207016 745.308594 3040.480713
69.413574 735.323425 3035.411133
107.858551 423.559357 3082.907227
79.084900 131.887390 2982.069824
-299.827576 755.293701 3045.550293
-299.826477 434.703766 3045.550293
-299.832794 114.114288 3045.550293
-128.860138 501.068054 3024.330566
-31.533470 250.825211 3005.133057
55.387726 -220.041458 3110.664551
-26.401558 -667.429321 2986.467285
-253.493057 262.829834 3011.227783
-231.823822 -209.513245 3139.760498
-200.830048 -668.043579 3112.068604
-103.671173 980.493896 3062.345459
-115.554832 745.738403 3040.610352
68.983009 735.373352 3033.794678
107.407936 422.406189 3073.973389
64.607628 121.583832 2994.120361
-300.092682 756.103455 3047.426025
-300.091583 435.513519 3047.426025
-300.097900 114.924042 3047.426025
-129.873810 501.549072 3024.270996
-32.682388 251.096481 3003.813232
56.288811 -225.331833 3078.027588
-34.531960 -675.305420 2970.576660
-255.703186 263.623047 3012.050049
-251.508041 -205.819153 3151.433350
-169.843124 -660.631470 3104.413818
-103.282990 978.508179 3062.396729
-115.713272 743.854553 3040.479004
68.788528 733.110535 3033.156494
107.113213 421.059204 3067.776855
59.546036 114.748291 3001.298584
-300.215057 754.598572 3047.801514
-300.213959 434.008636 3047.801514
-300.220276 113.419159 3047.801514
-130.598419 499.735168 3023.610840
-33.689396 249.105698 3002.305664
48.442463 -231.688889 3052.291016
-46.909061 -684.348145 2961.307373
-257.277740 262.125854 3011.179688
-296.581726 -198.622528 3166.308105
-130.502716 -665.727539 3091.913330
-103.110573 975.865295 3062.876465
-115.961365 741.783813 3039.380859
68.497665 730.916870 3031.178955
106.946312 418.498596 3066.398682
53.116631 110.278137 3005.836670
-300.420410 752.650757 3047.582764
-300.419312 432.060822 3047.582764
-300.425629 111.471344 3047.582764
-131.101562 497.695740 3022.280029
-34.181080 247.005890 3000.196533
37.440548 -236.944733 3032.903320
-58.891926 -692.208008 2957.234619
-258.302429 260.209442 3010.161865
-262.758911 -240.857025 3156.616699
-156.392029 -706.776245 3087.338623
-101.180359 977.575378 3063.558350
-114.274734 743.313782 3040.072998
70.216705 732.400635 3032.665527
106.537987 411.466675 3067.141846
52.896107 102.057983 3007.492432
-298.766174 754.226990 3047.480469
-298.765076 433.637054 3047.480469
-298.771393 113.047577 3047.480469
-129.378143 499.181793 3023.577148
-31.312904 248.355545 3002.537354
29.091370 -237.771683 3023.495605
-65.579872 -695.448486 2961.530518
-257.650177 261.744019 3011.625244
-248.966492 -225.134705 3149.068115
-174.437225 -692.853516 3114.663818
-100.788010 978.437195 3062.870850
-114.114151 744.317017 3041.084473
70.360519 733.406006 3033.227295
107.222107 415.684113 3070.515869
50.537167 106.236359 3011.415527
-298.588837 755.227905 3048.941650
-298.587738 434.637970 3048.941650
-298.594055 114.048492 3048.941650
-129.242859 500.163208 3024.931396
-32.012463 249.363831 3003.992676
17.911098 -238.222961 3017.197510
-73.243408 -698.067078 2967.151611
-256.730652 262.655029 3013.563965
-238.729553 -220.054474 3133.910156
-185.549957 -687.722290 3142.162842
-100.325714 979.671814 3061.548096
-113.937683 745.063354 3040.706055
70.519440 734.341553 3032.203369
107.598915 417.856934 3072.546875
53.393993 107.445221 3014.945312
-298.394836 755.785278 3049.208740
-298.393738 435.195343 3049.208740
-298.400055 114.605865 3049.208740
-128.843399 500.848694 3025.294678
-31.127922 250.087738 3004.692139
9.622688 -238.461029 3012.882568
-76.799675 -700.207153 2972.982422
-256.370300 263.180267 3015.074463
-251.662415 -211.699860 3149.741943
-158.733368 -662.334229 3124.240967
-100.155785 978.618774 3061.882324
-113.126717 744.258240 3041.036621
71.369774 733.880371 3032.956055
109.169029 417.034363 3072.166992
54.172836 106.182892 3017.082520
-297.623199 754.636108 3049.117188
-297.622101 434.046173 3049.117188
-297.628418 113.456696 3049.117188
-127.525726 499.990326 3025.989502
-28.626503 249.349442 3005.980225
4.380367 -239.826614 3010.975342
-76.591537 -703.213379 2979.565430
-255.222977 262.095398 3015.904541
-278.220154 -205.353363 3164.202637
-121.410141 -662.026306 3106.785156
-98.356125 975.664246 3049.613770
-109.636673 741.181335 3036.535156
74.968567 731.283081 3031.436279
112.076004 415.634674 3076.744873
52.235275 106.542236 3017.032471
-294.241913 751.079590 3041.634033
-294.240814 430.489655 3041.634033
-294.247131 109.900177 3041.634033
-122.976608 496.626984 3028.304688
-21.005405 245.889816 3016.889404
5.600819 -243.692459 3019.873535
-69.573547 -708.475891 2995.469727
-251.627686 258.255432 3023.259033
-271.845093 -275.143860 3187.280518
-83.149796 -693.821411 3073.872803
-99.189796 978.328796 3055.508545
-109.503052 742.893250 3039.850098
75.145157 733.863892 3034.333496
110.196121 415.290283 3075.993164
51.320992 105.741974 3017.320068
-294.151276 751.922607 3045.366699
-294.150177 431.332672 3045.366699
-294.156494 110.743195 3045.366699
-121.790298 498.362122 3028.816650
-18.746962 248.191299 3014.337646
2.635630 -241.652939 3016.071289
-66.661461 -707.613220 2997.381836
-249.408127 259.470703 3021.228760
-295.418060 -213.794739 3140.855225
-103.809372 -636.284180 3056.836670
